oldConfig/MapLayerFiles/1kmfullextentclimatology.ASC
ncols         301
nrows         183
xllcorner     140269.02203585
yllcorner     1451820.7226907
cellsize      1000
NODATA_value  -9999
[rows 56 to 83 of 183, columns 126 to 188 of 301]
2126.651 2132.172 2132.782 2131.688 2130.063 2128.37 2126.337 2124.365 2122.548 2121.26 2119.973 2119.033 2118.297 2117.756 2117.406 2117.178 2117.052 2116.932 2116.765 2116.349 2113.395 2108.254 2102.516 2096.35 2090.519 2085.896 2082.317 2079.254 2076.211 2072.013 2067.763 2063.596 2059.28 2054.965 2050.727 2046.908 2043.584 2040.587 2038.015 2035.618 2033.314 2031.679 2031.705 2031.921 2032.179 2032.915 2034.837 2037.979 2041.598 2045.477 2049.504 2053.859 2058.469 2063.115 2067.884 2072.547 2077.06 2080.371 2082.97 2085.388 2087.701 2090.012 2091.365
2096.233 2103.345 2107.324 2109.102 2109.598 2109.782 2109.238 2108.671 2108.131 2108.026 2107.77 2107.754 2107.925 2108.186 2108.595 2109.084 2109.591 2110.083 2110.459 2110.525 2109.322 2105.287 2099.905 2093.467 2087.92 2083.573 2080.245 2077.421 2074.505 2070.311 2066.052 2061.988 2058.003 2054.229 2050.523 2046.736 2043.064 2039.504 2036.295 2033.549 2031.083 2029.356 2029.261 2029.329 2029.425 2030.047 2031.974 2035.267 2039.094 2043.221 2047.557 2052.245 2057.435 2063.002 2068.867 2074.659 2080.336 2085.68 2089.873 2093.606 2097.295 2101.078 2104.07
2067.031 2074.992 2080.76 2084.614 2087.008 2088.963 2089.809 2090.643 2091.442 2092.814 2093.723 2094.856 2096.196 2097.552 2098.999 2100.49 2101.819 2103.01 2103.95 2104.489 2104.091 2101.484 2096.223 2090.333 2085.282 2081.242 2078.184 2075.57 2072.76 2068.823 2065.376 2062.263 2058.866 2055.158 2051.191 2047.051 2042.861 2038.603 2034.683 2031.264 2028.449 2026.62 2026.351 2026.221 2026.094 2026.551 2028.466 2031.936 2036.014 2040.439 2045.149 2050.231 2056.124 2062.836 2069.988 2076.975 2083.807 2090.325 2096.202 2102.313 2109.403 2115.277 2119.234
2037.919 2046.381 2053.065 2058.067 2061.815 2065.093 2067.326 2069.58 2071.775 2074.433 2076.586 2078.745 2081.033 2083.307 2085.701 2088.243 2090.682 2093.182 2095.334 2096.796 2096.96 2094.917 2091.042 2086.682 2082.558 2078.978 2076.236 2074.282 2072.723 2070.137 2067.167 2063.888 2060.125 2056.074 2051.777 2047.298 2042.755 2037.938 2033.333 2029.224 2025.775 2023.731 2023.176 2022.78 2022.346 2022.551 2024.393 2028.005 2032.322 2037.048 2042.17 2047.908 2054.862 2062.683 2071.156 2079.675 2087.769 2095.652 2104.513 2114.744 2123.365 2130.273 2134.8
2008.488 2017.218 2024.763 2030.904 2036.011 2040.625 2044.228 2047.921 2051.516 2055.468 2058.847 2062.021 2065.224 2068.393 2071.656 2074.979 2078.109 2081.294 2084.153 2086.401 2087.344 2086.292 2084.447 2082.215 2079.877 2078.07 2077.072 2076.583 2075.498 2072.619 2069.178 2065.508 2061.365 2056.946 2052.279 2047.422 2042.566 2037.411 2032.251 2027.466 2023.378 2021.062 2019.636 2018.768 2017.931 2017.788 2019.511 2023.271 2027.853 2032.938 2038.821 2045.653 2053.773 2062.737 2072.412 2082.452 2092.024 2102.325 2115.345 2127.137 2137.09 2145.069 2150.858
1979.95 1988.694 1996.794 2003.902 2010.276 2016.204 2021.297 2026.462 2031.518 2036.761 2041.42 2045.666 2049.994 2054.253 2058.469 2062.636 2066.493 2070.36 2073.911 2076.818 2078.528 2078.722 2079.376 2081.527 2082.488 2081.716 2080.885 2080.076 2078.472 2075.085 2071.185 2067.136 2062.592 2057.761 2052.673 2047.436 2042.26 2036.816 2031.358 2025.971 2021.461 2018.556 2015.912 2013.899 2012.476 2011.828 2013.347 2017.254 2022.157 2028.032 2035.253 2043.366 2052.784 2063.088 2074.081 2085.49 2096.577 2110.682 2125.621 2138.681 2149.785 2158.876 2166.136
1952.092 1961.038 1969.788 1977.783 1985.29 1992.452 1998.943 2005.507 2011.931 2018.426 2024.422 2029.984 2035.595 2041.007 2046.232 2051.263 2055.863 2060.492 2064.677 2068.558 2073.524 2078.908 2083.64 2087.338 2088.02 2086.656 2085.244 2083.679 2081.359 2077.481 2073.14 2068.692 2063.712 2058.431 2052.945 2047.336 2041.873 2036.181 2030.477 2024.842 2020.235 2016.327 2012.34 2008.518 2005.828 2004.378 2005.45 2009.355 2014.98 2022.287 2031.038 2040.618 2051.623 2063.518 2075.999 2088.754 2101.727 2118.718 2135.173 2149.609 2161.969 2172.097 2180.873
1924.112 1933.147 1942.422 1951.119 1959.37 1967.38 1975.017 1982.964 1991.233 1999.671 2007.724 2014.9 2021.899 2028.532 2034.803 2040.703 2046.13 2051.625 2058.178 2066.808 2075.944 2083.986 2090.632 2094.75 2094.83 2092.493 2089.988 2087.362 2084.291 2079.929 2075.119 2070.202 2064.733 2059.009 2053.12 2047.158 2041.445 2035.49 2029.521 2023.945 2019.345 2014.4 2008.864 2003.193 1999.037 1997.052 1997.574 2000.659 2007.014 2015.848 2026.205 2037.375 2050.019 2063.538 2077.5 2091.564 2106.655 2125.104 2143.101 2159.542 2173.797 2185.297 2195.318
1895.975 1904.58 1914.186 1923.618 1932.703 1941.518 1949.998 1958.608 1967.617 1977.759 1988.897 1999.818 2009.024 2016.902 2024.183 2031.088 2038.059 2047.196 2057.766 2068.669 2079.396 2089.115 2097.836 2103.367 2103.096 2099.315 2095.293 2091.529 2087.486 2082.535 2077.17 2071.684 2065.718 2059.527 2053.245 2046.959 2040.963 2034.716 2028.483 2023.265 2018.366 2012.626 2005.464 1998.555 1993.786 1990.872 1991.267 1994.333 1999.249 2008.443 2020.571 2033.584 2047.928 2063.064 2078.372 2093.698 2110.754 2130.23 2149.598 2167.756 2183.916 2197.841 2211.976
1870.372 1879.109 1888.553 1897.943 1907.295 1916.637 1925.902 1935.318 1945.217 1956.405 1968.522 1981.497 1995.692 2006.807 2015.436 2024.46 2034.652 2046.161 2058.306 2070.794 2083.002 2094.178 2103.838 2110.57 2110.977 2106.133 2100.682 2095.633 2090.661 2085.13 2079.172 2073.178 2066.746 2060.158 2053.565 2046.976 2040.668 2034.138 2027.861 2023.01 2017.559 2010.991 2002.627 1995.168 1989.319 1984.993 1985.322 1988.835 1993.645 2000.821 2014.03 2029.172 2045.278 2061.925 2078.562 2095.253 2114.228 2134.715 2155.622 2175.791 2194.3 2212.761 2230.603
1844.647 1853.66 1863.326 1873.101 1882.864 1892.6 1902.386 1912.676 1923.696 1935.682 1948.622 1962.567 1978.547 1995.704 2008.535 2019.976 2032.004 2045.359 2059.253 2073.224 2087.053 2099.347 2109.28 2116.723 2118.082 2112.795 2106.645 2099.857 2093.942 2087.84 2081.4 2074.968 2068.208 2061.377 2054.548 2047.722 2041.157 2034.426 2028.71 2023.934 2018.044 2010.758 2001.473 1993.607 1986.987 1981.027 1980.149 1983.838 1988.811 1995.396 2007.24 2024.343 2041.911 2059.939 2077.948 2096.12 2117.115 2139.052 2161.659 2184.092 2206.129 2229.075 2248.712
1818.108 1827.353 1837.154 1847.174 1857.168 1867.196 1877.929 1889.571 1901.712 1914.588 1928.423 1943.359 1960.739 1980.113 1999.832 2014.699 2029.07 2044.765 2060.572 2076.345 2091.953 2104.581 2114.981 2122.775 2125.054 2119.502 2112.892 2105.006 2097.331 2090.714 2083.865 2077.141 2070.221 2063.226 2056.231 2049.239 2042.49 2035.885 2031.136 2026.292 2020.17 2012.401 2002.255 1993.545 1986.449 1980.226 1976.496 1979.047 1984.181 1991.122 2001.604 2019.174 2037.875 2057.203 2076.513 2096.025 2118.99 2142.77 2167.432 2192.024 2217.808 2243.938 2266.04
1793.24 1802.031 1811.546 1821.785 1832.074 1842.563 1853.875 1866.126 1879.434 1894.011 1909.327 1925.552 1944.138 1965.03 1988.352 2008.808 2025.976 2043.985 2061.96 2079.896 2097.102 2109.788 2120.785 2128.699 2131.637 2126.045 2118.977 2110.418 2100.938 2093.521 2086.481 2079.681 2072.72 2065.666 2058.613 2051.56 2044.723 2039.021 2035.15 2030.486 2024.484 2016.672 2005.958 1995.537 1988.203 1982.178 1977.186 1975.245 1980.088 1987.359 1997.328 2014.296 2033.778 2054.075 2074.361 2094.823 2119.409 2145.062 2171.821 2198.582 2227.02 2255.648 2281.12
1769.693 1778.773 1788.127 1797.73 1807.808 1818.551 1830.197 1842.859 1856.767 1872.203 1889.434 1908.053 1928.238 1950.713 1976.307 2001.98 2022.103 2042.745 2063.339 2083.879 2102.352 2115.43 2126.882 2134.696 2138.115 2132.61 2125.067 2115.821 2105.008 2096.069 2089.035 2082.233 2075.292 2068.247 2061.201 2054.155 2047.333 2042.936 2040.083 2035.862 2030.287 2022.913 2012.972 2000.648 1992.192 1985.822 1980.55 1976.142 1976.663 1983.686 1993.711 2009.93 2029.772 2050.634 2071.41 2092.365 2118.081 2145.586 2174.326 2203.42 2234.461 2265.733 2294.765
1745.761 1755.043 1764.57 1774.623 1784.973 1795.171 1806.073 1818.818 1833.144 1849.252 1867.372 1888.833 1912.555 1937.546 1965.506 1994.059 2017.877 2041.57 2065.212 2088.66 2108.013 2121.826 2133.826 2141.338 2144.807 2139.315 2131.051 2121.065 2109.286 2098.382 2091.01 2084.438 2077.613 2070.602 2063.59 2056.577 2049.796 2046.325 2045.001 2041.88 2037.007 2030.692 2022.592 2011.559 1999.255 1991.612 1985.757 1980.72 1976.322 1979.535 1989.736 2005.279 2025.177 2045.519 2065.864 2087.693 2114.403 2144.128 2174.762 2206.467 2240.609 2274.867 2307.61
1721.257 1730.939 1741.157 1751.874 1762.791 1773.443 1784.498 1795.838 1808.956 1825.269 1844.572 1867.95 1896.503 1925.511 1955.811 1986.496 2013.836 2040.708 2067.538 2093.805 2114.293 2129.231 2141.9 2148.96 2151.852 2146.135 2137.469 2126.187 2113.448 2101.277 2092.63 2085.845 2079.597 2072.957 2066 2059.026 2052.299 2049.404 2049.2 2048.205 2045.3 2040.855 2035.508 2028.141 2016.602 2003.618 1994.655 1987.965 1980.684 1975.395 1983.508 1998.294 2016.645 2036.067 2056.94 2080.392 2108.185 2139.892 2172.307 2206.16 2243.085 2280.277 2316.695
1698.651 1708.505 1719.419 1730.676 1742.309 1753.766 1765.651 1777.498 1789.204 1802.184 1821.368 1847.776 1880.773 1913.746 1946.762 1979.493 2009.835 2039.794 2069.7 2098.644 2121.377 2137.825 2151.288 2157.586 2159.55 2153.703 2143.386 2130.684 2117.739 2104.939 2094.688 2087.012 2080.365 2074.397 2068.266 2061.453 2054.779 2052.388 2052.809 2053.597 2054.16 2053.169 2051.046 2048.206 2041.116 2028.454 2014.406 2000.231 1986.896 1973.944 1974.505 1987.37 2003.801 2022.904 2044.775 2069.92 2099.198 2132.58 2166.876 2202.611 2241.621 2281.353 2321.562
1677.615 1687.835 1698.749 1710.693 1723.317 1735.639 1748.371 1761.287 1773.919 1786.48 1801.531 1831.27 1867.52 1903.187 1937.949 1972.499 2005.379 2038.209 2070.978 2102.56 2129.304 2148.708 2163.166 2168.087 2168.219 2160.079 2147.693 2134.68 2121.551 2108.433 2096.696 2087.95 2080.544 2074.059 2068.393 2062.946 2057.01 2055.373 2056.507 2058.465 2061.806 2065.792 2068.458 2070.522 2067.538 2056.025 2039.843 2017.954 1992.803 1973.773 1964.301 1973.043 1988.028 2006.835 2029.535 2056.122 2087.109 2121.583 2157.724 2195.354 2235.787 2277.513 2319.776
1656.028 1666.95 1679 1691.912 1705.492 1718.775 1732.903 1746.988 1761.359 1776.928 1793.647 1821.694 1858.058 1894.226 1929.956 1965.537 1999.973 2034.923 2069.966 2103.999 2134.896 2161.922 2180.435 2181.952 2174.577 2162.585 2150.443 2137.495 2124.014 2110.417 2097.594 2087.738 2079.595 2072.568 2066.523 2061.263 2057.07 2058.088 2060.501 2063.617 2068.446 2076.043 2085.479 2093.381 2093.66 2082.391 2057.061 2025.05 1993.23 1968.997 1952.864 1955.523 1969.712 1988.266 2012.013 2039.998 2072.771 2108.503 2145.563 2184.993 2225.832 2268.489 2310.93
1635.734 1648.014 1661.466 1675.661 1690.313 1705.106 1720.653 1737.238 1755.368 1773.862 1791.803 1818.511 1853.278 1888.024 1923.252 1958.9 1993.714 2029.716 2066.146 2102.119 2137.442 2171.022 2196.729 2192.174 2175.271 2161.164 2148.181 2135.511 2122.559 2108.836 2095.663 2085.093 2076.508 2069.188 2062.962 2057.592 2054.224 2057.122 2061.517 2066.501 2072.662 2081.779 2094.887 2099.988 2100 2097.109 2062.776 2020.712 1982.928 1954.691 1936.395 1934.448 1947.603 1966.351 1991.785 2021.957 2056.108 2093.347 2130.89 2171.462 2212.28 2254.629 2296.627
1617.209 1631.15 1646.138 1661.811 1678.216 1694.332 1712.33 1732.017 1751.948 1771.852 1791.091 1817.477 1850.231 1883.001 1916.737 1951.686 1986.059 2021.368 2057.643 2093.543 2128.823 2162.176 2187.486 2182.834 2166.649 2152.687 2139.782 2127.375 2115.093 2102.604 2090.386 2079.724 2071.114 2063.836 2057.7 2052.44 2049.528 2052.55 2056.778 2061.942 2068.15 2077.175 2090.538 2099.335 2099.973 2093.269 2050.777 2003.479 1962.002 1930.015 1911.886 1908.429 1920.09 1939.947 1968.289 2001.475 2037.459 2076.235 2114.226 2154.87 2195.998 2236.914 2277.868
1600.203 1616.229 1632.954 1650.54 1668.405 1686.337 1705.729 1726.79 1748.064 1769.308 1789.799 1815.646 1846.796 1877.967 1909.691 1943.052 1976.151 2009.876 2044.575 2078.118 2109.683 2136.201 2154.708 2155.766 2148.796 2138.011 2126.686 2115.297 2104.28 2093.083 2082.272 2072.639 2064.369 2057.309 2051.409 2046.381 2043.599 2046.245 2049.931 2054.508 2060.108 2067.147 2074.228 2080.686 2079.662 2060.004 2020.912 1976.264 1933.303 1898.166 1875.103 1872.066 1888.741 1913.711 1944.994 1981.185 2018.83 2058.754 2097.427 2137.162 2177.564 2216.916 2255.714
1584.283 1604.05 1623.182 1642.789 1662.472 1681.55 1701.626 1723.274 1745.277 1767.274 1788.426 1813.464 1842.945 1872.463 1902.156 1933.585 1965.05 1996.499 2028.293 2058.956 2085.818 2106.851 2122.619 2126.563 2124.321 2118.556 2109.876 2100.379 2090.387 2080.637 2071.668 2063.633 2056.408 2049.768 2044.191 2039.469 2036.813 2038.921 2041.832 2045.417 2049.399 2051.771 2051.975 2050.502 2041.462 2019.169 1985.402 1943.095 1900.272 1859.17 1830.994 1831.121 1855.575 1887.586 1923.546 1962.375 2001.553 2041.668 2080.94 2119.277 2158.943 2196.658 2232.805
1571.726 1595.431 1616.875 1637.816 1658.507 1678.621 1699.645 1721.522 1743.599 1765.673 1786.896 1810.925 1838.726 1866.599 1894.437 1923.738 1953.556 1982.164 2009.633 2037.119 2060.662 2078.431 2091.859 2098.125 2098.619 2095.234 2089.014 2081.421 2073.718 2066.186 2059.164 2052.742 2046.962 2041.355 2036.32 2032.012 2029.502 2030.933 2032.839 2034.782 2035.437 2033.682 2029.799 2023.027 2008.854 1985.889 1952.985 1911.935 1870.863 1824.769 1801.316 1802.724 1829.096 1866.864 1905.356 1945.403 1985.58 2025.206 2064.458 2101.787 2140 2176.072 2209.646
1565.557 1591.469 1614.441 1636.018 1657.284 1678.087 1699.623 1721.186 1742.787 1764.377 1785.141 1807.821 1833.734 1859.822 1885.862 1912.2 1940.118 1966.388 1990.172 2013.41 2033.985 2049.753 2062.871 2069.69 2071.593 2069.952 2065.517 2060.26 2055.138 2050.006 2044.852 2040.069 2035.724 2031.434 2027.367 2023.662 2021.321 2021.884 2022.304 2021.642 2019.273 2014.986 2008.245 1998.083 1981.859 1958.833 1927.197 1890.016 1852.478 1812.309 1800 1800.349 1819.203 1856.426 1894.125 1932.935 1972.344 2010.944 2048.949 2084.405 2120.342 2155.157 2186.639
1565.725 1593.422 1616.38 1637.913 1659.085 1679.928 1701.192 1721.896 1742.614 1763.313 1783.235 1804.508 1828.543 1852.884 1876.908 1899.831 1924.735 1949.162 1970.932 1989.925 2007.055 2021.404 2033.363 2040.423 2043.512 2043.5 2041.068 2037.837 2034.671 2031.501 2028.275 2025.133 2022.283 2019.365 2016.534 2013.814 2011.732 2011.097 2009.543 2006.765 2002.539 1996.473 1987.823 1976.116 1959.601 1937.284 1908.031 1877.493 1847.584 1816.69 1801.179 1803.244 1825.689 1857.751 1890.152 1925.799 1962.809 1999.478 2035.678 2069.339 2102.854 2135.789 2165.625
1578.043 1602.135 1622.922 1643.526 1663.929 1684.253 1704.43 1723.809 1743.229 1762.629 1781.313 1801.083 1823.537 1846.376 1868.451 1888.596 1909.212 1931.63 1951.563 1968.906 1983.666 1995.42 2005.188 2012.334 2016.559 2018.172 2017.686 2016.415 2014.917 2013.208 2011.431 2009.69 2008.067 2006.349 2004.595 2002.868 2001.105 1999.314 1996.439 1992.286 1986.623 1979.132 1969.5 1957.564 1941.363 1920.047 1895.075 1870.817 1847.616 1827.837 1816.117 1820.47 1837.595 1862.816 1890.812 1923.058 1956.896 1990.664 2024.4 2056.175 2087.267 2117.358 2145.715
1595.509 1614.52 1633.244 1652.5 1671.358 1690.662 1708.987 1726.744 1744.577 1762.375 1779.543 1797.566 1818.316 1839.772 1860.117 1878.415 1894.896 1913.304 1931.697 1947.535 1960.908 1971.616 1980.252 1986.479 1990.658 1993.17 1994.239 1994.629 1994.641 1994.347 1993.836 1993.378 1992.92 1992.295 1991.52 1990.711 1989.741 1988.292 1984.679 1979.602 1972.964 1964.614 1954.63 1942.903 1927.246 1907.448 1887.043 1867.092 1850.258 1837.635 1830.209 1836.701 1850.658 1869.768 1893.693 1922.704 1953.181 1983.687 2014.403 2044.3 2072.947 2100.116 2126.603
