oldConfig/MapLayerFiles/1kmfullextentclimatology.ASC
ncols         301
nrows         183
xllcorner     140269.02203585
yllcorner     1451820.7226907
cellsize      1000
NODATA_value  -9999
[rows 112 to 139 of 183, columns 63 to 125 of 301]
2024.901 2002.663 1986.91 1971.053 1947.066 1938.76 1938.994 1940.928 1943.008 1943.722 1942.649 1938.755 1931.428 1918.918 1902.277 1884.25 1862.198 1835.651 1805.972 1779.55 1754.288 1729.554 1705.95 1694.43 1688.562 1683.773 1680.497 1678.867 1676.852 1674.31 1672.139 1670.702 1669.726 1670.414 1672.708 1674.265 1674.363 1674.079 1673.951 1677.197 1682.301 1688.533 1696.49 1720.269 1757.328 1795.336 1843.509 1893.378 1944.198 1983.951 2005.501 2007.979 1998.312 1979.18 1949.444 1910.17 1867.019 1824.522 1785.674 1753.924 1725.061 1700.389 1683.866
1959.525 1934.645 1917.969 1905.406 1894.826 1891.53 1894.756 1899.316 1903.789 1906.676 1907.737 1906.032 1901.406 1894.172 1883.922 1870.087 1851.553 1829.044 1803.65 1780.12 1757.456 1736.471 1716.009 1700.166 1693.825 1689.769 1687.511 1686.074 1684.115 1681.547 1679.187 1677.432 1676.156 1676.721 1679.052 1680.555 1680.54 1680.309 1679.566 1679.164 1682.656 1688.443 1695.432 1715.951 1754.955 1796.428 1851.182 1910.49 1974.135 2025.72 2049.46 2044.641 2028.049 2008.705 1978.051 1927.822 1879.524 1836.36 1796.111 1766.422 1739.124 1714.162 1694.431
1890.043 1861.85 1844.906 1837.442 1837.52 1843.071 1851.816 1860.776 1868.255 1874.132 1878.398 1880.171 1879.725 1877.074 1871.737 1860.883 1846.141 1828.021 1807.281 1786.726 1767.815 1750.813 1733.53 1716.074 1702.194 1696.777 1694.737 1693.479 1691.637 1689.093 1686.534 1684.322 1682.739 1683.133 1685.471 1686.841 1686.656 1686.422 1685.696 1684.226 1683.413 1687.294 1693.494 1705.218 1742.226 1788.342 1847.862 1916.262 1991.883 2064.134 2088.702 2065.562 2036.509 2009.333 1972.282 1923.175 1877.661 1836.697 1798.287 1772.138 1747.975 1725.349 1704.662
1816.614 1774.5 1759.494 1768.612 1783.094 1797.057 1810.757 1824.028 1835.44 1845.068 1852.553 1857.497 1860.199 1860.685 1860.442 1854.802 1843.352 1829.238 1813.948 1799.774 1785.984 1772.106 1757.624 1742.897 1728.837 1716.996 1710.099 1705.575 1700.759 1696.536 1693.49 1690.892 1689.08 1688.668 1691.631 1692.969 1692.651 1692.442 1691.766 1690.321 1688.195 1687.228 1691.344 1697.059 1720.008 1770.534 1833.682 1907.285 1985.11 2060.264 2083.151 2053.146 2018.928 1985.198 1942.995 1899.96 1858.548 1822.915 1789.461 1768.516 1751.715 1732.678 1714.416
1759.147 1705.739 1700.506 1716.751 1743.276 1763.682 1779.598 1792.618 1804.917 1817.126 1827.743 1835.873 1841.646 1845.097 1847.61 1848.375 1840.986 1830.706 1821.251 1813.701 1806.501 1797.047 1785.468 1772.899 1760.992 1750.093 1741.679 1733.895 1724.553 1713.364 1703.259 1697.631 1695.431 1693.525 1696.527 1700.612 1700.297 1700.092 1698.713 1696.634 1694.381 1691.769 1690.432 1693.612 1701.169 1744.77 1813.084 1886.37 1955.268 2006.612 2024.735 2012.023 1984.922 1949.079 1908.875 1866.251 1825.39 1792.769 1766.159 1752.367 1745.86 1736.385 1721.063
1741.864 1701.741 1694.256 1697.828 1716.505 1738.902 1755.525 1768.778 1780.883 1792.392 1804.112 1815.389 1824.508 1831.165 1836.266 1840.67 1839.842 1835.847 1832.535 1828.956 1825.066 1819.579 1811.189 1802.015 1792.598 1783.4 1774.67 1764.807 1753.682 1741.198 1728.544 1716.219 1703.26 1696.399 1697.77 1717.219 1728.952 1729.566 1725.748 1716.722 1704.757 1697.388 1694.008 1692.711 1696.288 1726.377 1800.627 1866.511 1924.256 1958.868 1969.869 1965.02 1942.545 1910.301 1871.064 1827.033 1784.054 1746.948 1727.314 1728.672 1733.729 1736.178 1727.582
1745.323 1715.253 1698.206 1693.982 1701.049 1718.125 1734.383 1748.058 1761.116 1773.637 1785.897 1798.231 1810.261 1819.471 1827.009 1833.666 1841.513 1844.513 1845.632 1845.261 1844.382 1842.04 1834.569 1826.444 1819.16 1812.724 1805.769 1795.136 1782.112 1768.83 1755.177 1735.395 1707.901 1697.708 1705.752 1737.718 1762.31 1766.989 1763.499 1753.977 1736.51 1716.012 1702.297 1697.948 1702.362 1745.05 1815.948 1866.839 1900.756 1912.849 1920.285 1919.865 1902.24 1873.944 1834.699 1790.451 1743.782 1706.714 1700.127 1707.083 1723.73 1734.72 1737.61
1748.565 1726.295 1703.967 1693.262 1694.309 1702.25 1715.796 1730.036 1743.808 1757.188 1770.476 1784.096 1798.198 1810.01 1819.815 1830.28 1841.854 1851.727 1857.061 1861.557 1864.463 1864.934 1857.995 1850.007 1843.022 1836.958 1830.552 1820.614 1808.483 1795.283 1780.363 1760.872 1741.074 1731.602 1750.82 1780.563 1802.398 1809.353 1804.794 1792.85 1775.288 1756.016 1740.452 1734.419 1753.942 1801.917 1865.009 1918.071 1916.244 1887.381 1887.627 1884.362 1870.433 1844.862 1806.963 1762.084 1715.629 1700.016 1700 1702.603 1720.658 1738.599 1748.976
1737.056 1718.829 1700.805 1691.257 1689.348 1694.599 1701.215 1713.918 1728.327 1742.57 1757.002 1772.071 1787.75 1802.734 1815.474 1828.345 1841.195 1854.012 1865.324 1873.315 1882.349 1887.059 1880.823 1873.163 1866.651 1861.097 1854.865 1846.332 1836.401 1825.299 1813.296 1801.025 1793.43 1795.675 1816.464 1846.249 1870.465 1874.122 1867.744 1848.734 1822.23 1801.429 1791.133 1794.074 1817.644 1861.25 1924.896 1997.543 2003.04 1913.6 1898.12 1882.316 1859.256 1829.458 1792.78 1745.813 1705.452 1700 1700 1705.574 1728.247 1749.063 1763.263
1716.367 1702.902 1693.823 1687.37 1684.431 1689.104 1694.275 1701.223 1714.553 1730.032 1745.983 1762.935 1780.085 1797.637 1812.472 1826.668 1840.834 1854.972 1868.906 1881.471 1894.245 1904.203 1901.367 1895.787 1890.49 1885.769 1880.424 1874.128 1867.224 1859.866 1852.363 1845.674 1844.565 1853.764 1879.612 1914.336 1953.34 1975.495 1952.91 1904.531 1866.149 1843.492 1834.044 1841.363 1866.924 1905.831 1962.069 2049.849 2134.946 2021.978 1948.997 1905.583 1869.891 1832.63 1793.688 1749.369 1710.563 1701.139 1703.603 1719.003 1742.658 1764.528 1781.333
1696.418 1690.772 1686.363 1682.469 1679.893 1684.127 1689.677 1695.385 1704.074 1720.213 1738.233 1756.825 1774.977 1793.676 1810.209 1825.756 1841.28 1856.8 1871.898 1887.029 1901.715 1914.248 1916.506 1913.597 1910.831 1908.146 1905.046 1901.419 1897.192 1892.953 1889.957 1888.503 1892.43 1904.817 1931.258 1971.266 2016.519 2058.011 2021.922 1953.946 1906.117 1884.1 1875.139 1882.02 1902.754 1930.111 1968.153 2021.709 2070.146 2037.133 1974.43 1926.022 1883.331 1844.27 1805.74 1767.422 1738.049 1723.482 1727.384 1742.05 1761.774 1782.81 1801.607
1683.223 1680.929 1678.944 1676.949 1675.45 1679.692 1685.55 1691.575 1698.283 1712.775 1732.387 1751.587 1770.895 1790.592 1808.676 1825.515 1842.331 1859.114 1875.162 1891.783 1907.051 1920.999 1929.598 1929.182 1928.287 1927.624 1927.068 1926.33 1924.872 1923.332 1923.275 1924.689 1931.695 1947.078 1973.529 2005.906 2033.929 2050.96 2029.822 1985.773 1945.085 1921.118 1910.858 1912.326 1924.187 1942.621 1968.364 2000.391 2027.732 2008.011 1970.407 1931.693 1893.243 1856.373 1821.665 1791.356 1767.535 1754.102 1756.377 1767.952 1784.491 1803.304 1822.724
1671.885 1671.849 1671.658 1671.097 1670.865 1675.672 1681.863 1688.447 1695.345 1706.959 1727.177 1747.144 1767.752 1788.498 1807.897 1825.807 1843.703 1861.351 1878.552 1896.138 1911.955 1926.732 1939.404 1944.205 1945.599 1947.212 1949.341 1951.597 1952.923 1953.86 1955.843 1959.287 1967.968 1984.028 2003.199 2020.759 2036.436 2043.891 2027.296 1999.29 1967.188 1944.439 1931.811 1928.417 1936.029 1949.337 1967.004 1984.479 1992.975 1983.198 1960.89 1932.091 1899.84 1866.84 1836.916 1813.038 1795.231 1784.807 1785.573 1794.309 1807.31 1823.961 1843.237
1662.112 1663.429 1664.411 1665.045 1666.517 1672.75 1679.772 1686.861 1693.947 1704.147 1724.03 1744.628 1766.01 1787.391 1807.664 1826.515 1845.344 1863.618 1882.037 1900.214 1916.54 1932.298 1946.857 1957.753 1962.751 1967.292 1972.16 1977.167 1980.946 1983.877 1987.276 1991.828 1998.897 2007.357 2016.963 2027.174 2037.336 2038.809 2024.835 2004.451 1979.401 1959.053 1946.078 1940.272 1943.492 1953.76 1964.413 1973.194 1976.244 1967.217 1951.89 1931.266 1905.182 1876.586 1850.9 1831.236 1817.346 1809.617 1809.77 1816.873 1828.566 1844.113 1863.109
1653.617 1656.05 1657.922 1659.619 1664.43 1671.653 1678.903 1686.148 1693.392 1703.308 1722.825 1744.156 1765.896 1787.633 1808.376 1827.982 1847.507 1866.293 1885.695 1904.101 1920.826 1937.455 1953.386 1967.517 1977.073 1985.256 1993.155 1998.653 2001.784 2003.966 2005.988 2008.557 2012.826 2018.632 2024.583 2031.165 2037.774 2035.422 2023.633 2007.765 1988.147 1970.209 1958.211 1951.789 1949.979 1955.307 1961.012 1965.961 1965.407 1956.835 1944.679 1929.526 1909.395 1885.544 1863.226 1846.331 1833.495 1825.247 1826.469 1834.922 1846.946 1861.935 1880.348
1646.406 1649.609 1652.195 1656.626 1663.88 1671.393 1678.904 1686.413 1693.922 1704.75 1724.311 1745.801 1767.334 1788.871 1809.656 1829.761 1849.622 1868.972 1889.015 1907.615 1924.914 1942.184 1959.365 1975.16 1988.676 1998.954 2004.248 2007.712 2010.091 2012.203 2014.458 2017.428 2021.352 2025.577 2029.87 2034.4 2037.944 2033.917 2024.06 2011.54 1996.85 1981.496 1969.755 1962.207 1957.492 1955.62 1958.814 1961.137 1958.556 1950.724 1940.435 1928.127 1912.571 1893.391 1873.752 1858.231 1845.827 1837.714 1840.242 1849.601 1862.062 1877.103 1894.954
1640.269 1644.229 1649.346 1656.393 1664.024 1671.797 1679.624 1687.455 1695.31 1707.717 1727.794 1748.874 1769.968 1791.055 1811.6 1831.989 1851.819 1871.744 1892.033 1910.866 1928.919 1946.975 1965.028 1982.277 1997.385 2004.711 2009.464 2013.617 2016.427 2018.685 2021.049 2023.71 2026.516 2029.892 2033.387 2036.898 2037.712 2033.108 2024.747 2014.805 2004.1 1991.436 1979.576 1970.909 1964.836 1959.972 1957.855 1956.89 1953.852 1946.789 1938.008 1927.643 1915.184 1900.169 1883.117 1868.609 1856.871 1848.953 1852.014 1862.102 1874.736 1889.75 1905.95
1637.756 1644.361 1651.668 1659.077 1666.577 1674.15 1681.831 1689.683 1697.941 1712.647 1732.679 1753 1773.339 1793.667 1813.979 1834.465 1854.094 1874.472 1894.884 1914.15 1933.078 1951.969 1970.711 1988.774 2002.005 2007.969 2013.163 2017.805 2021.347 2023.711 2025.782 2027.65 2030 2032.889 2035.871 2038.542 2036.943 2032.531 2025.547 2017.634 2009.175 1999.436 1987.723 1978.149 1971.118 1965.697 1960.325 1954.231 1950.449 1944.099 1936.529 1927.677 1917.411 1905.618 1891.708 1878.208 1867.082 1859.099 1862.085 1872.548 1885.342 1899.54 1913.605
1640.561 1648.243 1655.523 1662.994 1670.417 1677.819 1685.322 1692.888 1702.069 1719.07 1738.503 1757.945 1777.403 1796.825 1816.855 1836.91 1856.56 1876.925 1897.151 1916.645 1936.026 1955.402 1974.397 1992.964 2003.695 2009.558 2015.318 2020.662 2025.101 2027.487 2028.909 2030.512 2032.599 2035.132 2037.739 2038.967 2036.133 2032.307 2026.577 2020.045 2012.902 2004.64 1994.185 1984.21 1976.671 1970.749 1963.778 1955.603 1948.447 1942.137 1935.482 1927.736 1919.073 1909.46 1898.634 1886.556 1875.995 1867.88 1870.107 1880.943 1893.621 1906.489 1919.02
1644.851 1652.362 1659.729 1667.193 1674.553 1681.883 1689.218 1696.731 1708.56 1726.011 1744.404 1762.933 1781.483 1800.103 1819.819 1839.193 1858.914 1878.972 1898.927 1918.415 1937.838 1957.262 1976.046 1994.71 2004.256 2009.962 2015.668 2021.368 2026.614 2029.931 2031.355 2032.802 2034.665 2036.9 2039.087 2038.378 2035.654 2032.438 2027.499 2021.543 2014.721 2006.918 1997.754 1988.338 1980.694 1974.21 1966.377 1958.225 1950.07 1942.1 1934.954 1927.869 1920.471 1912.509 1904.044 1894.232 1884.132 1875.706 1876.9 1887.664 1899.982 1911.68 1923.141
1649.527 1656.923 1664.389 1671.72 1678.982 1686.153 1693.325 1701.809 1715.826 1732.518 1749.916 1767.644 1785.459 1803.484 1822.733 1841.481 1860.956 1880.541 1900.034 1919.136 1938.209 1957.234 1975.497 1994.125 2003.931 2009.529 2015.121 2020.461 2025.187 2029.397 2032.658 2034.486 2036.238 2038.211 2039.265 2037.606 2035.225 2032.032 2026.927 2020.907 2014.334 2007.122 1998.97 1990.277 1982.954 1975.876 1967.938 1959.976 1952.016 1944.156 1936.561 1928.948 1921.872 1915.183 1908.332 1900.821 1891.562 1882.26 1881.614 1891.825 1903.27 1914.274 1924.158
1654.581 1661.762 1669.141 1676.385 1683.508 1690.594 1697.836 1708.744 1723.135 1738.827 1755.271 1772.195 1789.332 1806.971 1825.576 1843.985 1862.999 1882.012 1900.922 1919.367 1937.755 1955.85 1973.667 1991.926 2003.05 2008.598 2013.943 2018.804 2023.078 2026.817 2030.258 2033.343 2035.983 2037.204 2036.211 2034.542 2032.473 2029.509 2024.759 2019.07 2012.852 2006.068 1998.562 1990.553 1983.531 1976.137 1968.525 1960.882 1953.216 1945.75 1938.482 1931.193 1924.204 1917.711 1911.612 1905.034 1896.847 1887.224 1883.082 1891.635 1901.279 1909.539 1916.338
1660.667 1667.051 1674.231 1681.334 1688.346 1695.295 1704.053 1716.381 1730.292 1745.128 1760.633 1776.715 1793.137 1810.416 1828.029 1846.031 1864.329 1882.646 1900.812 1918.428 1935.993 1952.975 1970.302 1987.888 2001.133 2006.928 2011.798 2016.127 2019.883 2023.355 2026.581 2029.541 2031.917 2032.71 2031.895 2030.275 2028.194 2025.47 2021.305 2016.335 2010.57 2004.107 1997.073 1989.437 1981.877 1974.429 1967.153 1959.999 1952.937 1946.143 1939.388 1932.636 1926.073 1919.591 1912.865 1905.939 1898.367 1889.405 1883.3 1888.545 1894.974 1900.539 1905.516
1667.882 1673.448 1679.921 1686.881 1693.759 1701.268 1711.908 1723.721 1736.888 1750.899 1765.626 1780.933 1796.714 1813.501 1830.24 1847.737 1865.279 1882.84 1900.224 1916.917 1933.426 1949.307 1965.887 1982.496 1997.486 2004.437 2008.898 2012.923 2016.444 2019.777 2022.845 2025.628 2027.408 2028.036 2027.67 2026.083 2024.002 2021.256 2017.302 2012.64 2007.445 2001.459 1994.459 1986.581 1978.838 1971.314 1963.981 1956.835 1949.834 1943.24 1936.646 1930.061 1923.552 1917.085 1910.565 1903.856 1896.701 1888.556 1882.03 1883.646 1887.424 1890.945 1894.438
1675.432 1680.624 1686.342 1692.722 1699.695 1708.742 1719.16 1730.543 1743.014 1756.298 1770.337 1784.985 1800.19 1816.158 1832.45 1849.181 1865.915 1882.666 1899.244 1915.075 1930.52 1945.782 1961.534 1977.077 1991.787 2001.631 2005.973 2009.735 2013.06 2016.225 2019.1 2021.579 2022.802 2023.315 2023.245 2021.823 2019.691 2017.008 2013.217 2008.838 2003.919 1998.052 1990.854 1982.996 1975.198 1967.613 1960.231 1953.042 1946.045 1939.454 1932.781 1926.215 1919.739 1913.337 1906.968 1900.443 1893.133 1885.184 1877.879 1876.52 1878.783 1881.15 1883.789
1682.628 1687.634 1693.101 1699.257 1707.164 1716.27 1725.956 1736.933 1748.822 1761.469 1774.877 1788.92 1803.56 1818.619 1834.4 1850.313 1866.243 1882.19 1898.026 1913.173 1927.697 1942.495 1957.377 1971.666 1984.999 1996.739 2002.922 2006.432 2009.599 2012.537 2015.19 2017.174 2018.077 2018.469 2018.386 2017.279 2015.137 2012.437 2008.892 2004.767 2000.015 1993.644 1986.664 1979.149 1971.448 1963.848 1956.444 1949.24 1942.242 1935.685 1928.953 1922.373 1915.938 1909.581 1903.268 1896.314 1888.797 1881.005 1873.42 1869.125 1870.015 1871.512 1873.271
1689.845 1694.601 1700.062 1706.839 1714.867 1723.403 1732.661 1743.056 1754.295 1766.297 1779.026 1792.412 1806.37 1820.868 1835.962 1851.085 1866.226 1881.384 1896.463 1910.919 1924.777 1939.059 1952.948 1966.078 1978.245 1989.336 1998.41 2002.847 2005.827 2008.542 2010.948 2012.475 2013.303 2013.621 2013.448 2012.572 2010.581 2007.929 2004.58 2000.578 1995.091 1988.789 1982.119 1974.947 1967.544 1960.002 1952.578 1945.346 1938.39 1931.764 1925.041 1918.437 1911.983 1905.674 1899.168 1891.482 1883.936 1876.252 1868.788 1862.343 1861.332 1861.924 1862.68
1697.381 1702.087 1707.803 1714.386 1721.807 1729.782 1738.74 1748.52 1759.17 1770.596 1782.758 1795.546 1808.782 1822.816 1837.149 1851.494 1865.849 1880.21 1894.536 1908.249 1921.666 1935.239 1948.198 1960.385 1971.622 1981.842 1990.726 1997.74 2001.978 2004.523 2006.596 2007.902 2008.668 2008.891 2008.601 2007.691 2005.863 2003.302 1999.922 1995.129 1989.366 1983.519 1977.144 1970.305 1963.201 1955.894 1948.503 1941.246 1934.318 1927.606 1920.85 1914.257 1907.767 1901.391 1893.996 1886.147 1878.573 1870.931 1863.547 1856.47 1852.734 1852.358 1852.062
