oldConfig/MapLayerFiles/1kmfullextentclimatology.ASC
ncols         301
nrows         183
xllcorner     140269.02203585
yllcorner     1451820.7226907
cellsize      1000
NODATA_value  -9999
[rows 112 to 139 of 183, columns 0 to 62 of 301]
1500 1279.056 1279.542 1281.812 1284.782 1287.966 1291.254 1294.639 1298.134 1302.535 1308.214 1314.028 1319.894 1326.033 1332.098 1338.042 1344.333 1350.75 1357.249 1363.822 1370.505 1377.062 1383.685 1390.442 1397.278 1406.497 1418.529 1431.035 1443.801 1457.497 1471.441 1485.189 1499.942 1526.106 1557.8 1592.421 1631.356 1672.221 1713.858 1756.757 1798.469 1841.218 1885.123 1928.683 1972.887 2015.833 2058.068 2096.4 2134.654 2169.18 2198.368 2221.493 2238.35 2248.991 2251.478 2243.882 2227.458 2205.031 2178.149 2148.392 2116.908 2084.707 2052.803
1500 1305.715 1294.141 1294.356 1294.995 1295.951 1297.133 1298.884 1302.881 1308.296 1314 1319.816 1325.641 1331.547 1337.591 1343.603 1349.879 1356.36 1362.908 1369.504 1376.039 1382.442 1389.093 1395.76 1404.043 1415.114 1426.947 1438.991 1451.891 1465.428 1479.251 1493.116 1512.165 1538.943 1567.86 1599.844 1636.528 1674.595 1713.601 1753.839 1792.727 1833.387 1874.684 1915.283 1956.672 1995.576 2032.873 2068.912 2102.057 2132.071 2157.532 2177.22 2190.529 2197.781 2197.201 2188.574 2172.634 2149.646 2122.418 2093.153 2059.807 2024.696 1990.588
1500 1315.76 1314.588 1311.777 1308.393 1304.861 1301.824 1303.404 1308.464 1314.012 1319.576 1325.369 1331.272 1337.151 1343.004 1349.338 1355.667 1362.007 1368.46 1374.972 1381.306 1387.815 1394.484 1401.978 1412.328 1423.679 1435.356 1447.285 1460.179 1473.421 1487.047 1502.106 1524.746 1549.34 1576.683 1606.702 1641.504 1676.812 1712.944 1749.496 1786.391 1824.118 1862.695 1900.469 1938.531 1974.118 2006.513 2039.583 2068.676 2093.504 2114.297 2129.948 2139.72 2144.14 2141.553 2132.303 2116.589 2095.536 2070.079 2039.44 2004.832 1966.742 1926.845
1500 1313.299 1311.912 1308.664 1304.949 1301.762 1303.645 1308.668 1314.072 1319.535 1325.209 1330.98 1336.935 1342.744 1348.717 1354.823 1361.142 1367.473 1373.885 1380.251 1386.634 1393.299 1400.496 1410.027 1420.785 1431.909 1443.131 1455.287 1467.913 1481.148 1494.804 1512.951 1535.228 1558.81 1584.328 1612.905 1645.208 1677.614 1710.679 1744.365 1779.58 1814.647 1850.568 1884.936 1918.862 1950.871 1980.211 2007.457 2032.746 2054.184 2070.851 2083.215 2090.393 2093.036 2089.325 2079.956 2064.717 2043.295 2018.831 1989.02 1953.795 1912.824 1866.7
1500 1311.323 1308.856 1305.002 1301.839 1304.038 1308.916 1314.189 1319.631 1325.23 1330.883 1336.632 1342.273 1348.094 1354.166 1360.273 1366.486 1372.882 1379.305 1385.619 1392.234 1399.036 1407.847 1417.94 1428.514 1439.309 1450.671 1462.809 1475.509 1488.59 1503.585 1523.567 1544.459 1566.984 1590.69 1618.06 1648.017 1678.012 1707.608 1739.421 1771.981 1804.391 1837.837 1869.349 1897.565 1925.761 1953.104 1976.724 1997.184 2014.781 2028.857 2038.574 2043.654 2044.135 2039.195 2028.781 2013.335 1993.74 1970.469 1941.065 1907.08 1868.836 1819.456
1500 1310.684 1306.493 1302.005 1304.362 1309.304 1314.466 1319.797 1325.175 1330.661 1336.282 1341.911 1347.533 1353.412 1359.496 1365.726 1372.013 1378.382 1384.651 1391.031 1397.667 1405.679 1415.262 1425.347 1435.784 1446.417 1458.042 1470.177 1482.921 1496.236 1513.065 1532.144 1552.291 1573.542 1595.852 1622.019 1649.784 1677.294 1704.322 1733.755 1763.49 1793.117 1823.485 1852.679 1877.883 1901.676 1925.696 1946.974 1964.659 1978.296 1988.615 1994.931 1997.152 1995.439 1989.274 1978.735 1964.63 1946.488 1924.431 1899.298 1872.855 1838.877 1793.156
1500 1312.298 1308.698 1306.779 1309.935 1314.681 1319.833 1325.084 1330.469 1335.954 1341.523 1347.054 1352.862 1358.882 1364.966 1371.13 1377.375 1383.582 1389.765 1396.279 1403.751 1412.772 1422.382 1432.519 1442.753 1453.657 1465.16 1477.172 1489.675 1503.656 1521.349 1539.557 1558.884 1578.916 1600.081 1624.892 1650.585 1675.375 1700.827 1728.025 1755.585 1782.333 1808.78 1835.427 1858.759 1879.785 1898.453 1916.056 1930.743 1941.514 1948.797 1952.704 1952.822 1949.725 1942.9 1932.203 1918.551 1902.578 1884.604 1864.416 1841.591 1813.673 1780.344
1500 1315.632 1314.239 1313.49 1316.128 1320.002 1325.024 1330.291 1335.672 1341.238 1346.758 1352.37 1358.217 1364.131 1370.162 1376.277 1382.495 1388.572 1394.954 1401.965 1410.589 1419.82 1429.418 1439.204 1449.341 1460.264 1471.702 1483.628 1496.128 1511.409 1528.397 1546.179 1564.584 1583.444 1603.597 1626.89 1650.263 1673.248 1697.064 1722.346 1747.848 1772.173 1794.781 1817.211 1839.084 1858.135 1874.249 1887.174 1897.594 1905.504 1910.601 1912.569 1910.826 1906.206 1898.593 1888.422 1876.637 1862.386 1846.273 1828.047 1808.283 1789.619 1770.093
1500 1320.953 1320.058 1319.709 1322.552 1326.059 1330.32 1335.552 1341.004 1346.417 1351.798 1357.482 1363.279 1369.212 1375.239 1381.37 1387.463 1393.76 1400.483 1408.525 1417.228 1426.321 1435.788 1445.287 1455.624 1466.498 1477.87 1489.81 1502.837 1518.604 1534.929 1551.981 1569.303 1587.061 1606.255 1627.961 1649.11 1670.938 1692.977 1716.249 1739.989 1762.114 1781.827 1799.386 1818.789 1836.463 1851.038 1862.202 1870.103 1875.007 1877.072 1876.345 1872.639 1866.375 1857.234 1846.205 1834.063 1820.379 1806.327 1792.431 1779.179 1766.463 1752.849
1500 1326.196 1325.618 1325.758 1328.856 1332.483 1336.302 1340.716 1345.981 1351.25 1356.784 1362.469 1368.281 1374.248 1380.357 1386.479 1392.516 1398.918 1406.394 1414.709 1423.402 1432.445 1441.614 1451.344 1461.694 1472.559 1483.962 1495.782 1509.545 1524.64 1540.547 1556.716 1573.176 1589.943 1608.215 1628.056 1647.797 1668.118 1688.46 1709.596 1731.854 1752.391 1770.059 1785.701 1800.226 1814.831 1827.794 1836.984 1842.828 1845.46 1844.824 1841.027 1834.459 1825.689 1815.633 1805.001 1793.982 1782.861 1771.771 1760.93 1750.637 1740.341 1729.59
1500 1330.594 1331.117 1331.588 1334.72 1338.346 1342.187 1346.257 1350.808 1356.118 1361.755 1367.518 1373.385 1379.303 1385.3 1391.191 1397.412 1404.395 1412.341 1420.617 1429.309 1438.296 1447.448 1457.299 1467.586 1478.274 1489.468 1501.404 1515.329 1530.151 1545.359 1560.743 1576.357 1592.24 1609.554 1627.531 1646.218 1665.058 1683.933 1703.181 1723.912 1742.854 1759.259 1773.913 1785.981 1795.757 1804.24 1810.82 1814.408 1815.069 1812.208 1806.463 1798.592 1789.084 1778.682 1768.003 1757.036 1746.828 1737.505 1728.786 1720.406 1712.155 1704.04
1500 1337.19 1336.149 1336.944 1340.184 1343.871 1347.776 1351.894 1356.212 1361.166 1366.719 1372.414 1378.202 1384.092 1389.924 1395.928 1402.526 1410.138 1418.153 1426.501 1435.125 1443.736 1453.027 1462.776 1472.958 1483.601 1494.658 1506.915 1520.681 1535.135 1549.693 1564.337 1579.12 1594.138 1610.016 1626.979 1644.368 1661.791 1679.248 1696.735 1715.561 1732.897 1748.512 1761.775 1772.716 1781.42 1788.189 1791.178 1791.344 1789.565 1784.785 1777.021 1766.976 1755.296 1743.172 1730.868 1719.488 1710.226 1703.043 1697.552 1693.372 1689.797 1686.333
1500 1341.675 1340.925 1342.047 1345.435 1349.251 1353.265 1357.269 1361.646 1366.305 1371.455 1377.102 1382.91 1388.718 1394.554 1400.929 1408.201 1415.814 1423.754 1431.971 1440.276 1448.977 1458.259 1467.955 1478.073 1488.676 1499.727 1512.207 1525.83 1539.558 1553.37 1567.286 1581.324 1595.442 1610.207 1626.266 1642.393 1658.533 1674.656 1690.651 1706.641 1723.071 1737.885 1750.325 1760.593 1769.056 1776.005 1777.597 1775.146 1770.207 1762.257 1751.252 1737.826 1722.723 1707.875 1694.048 1683.483 1677.731 1675.639 1674.602 1673.684 1672.872 1672.231
1500 1346.114 1345.621 1347.083 1350.537 1354.315 1358.148 1362.276 1366.696 1371.366 1376.34 1381.782 1387.588 1393.331 1399.38 1406.16 1413.544 1421.13 1428.974 1437.07 1445.253 1454.092 1463.338 1473.025 1483.131 1493.595 1504.525 1517.11 1530.197 1543.351 1556.522 1569.791 1583.155 1596.262 1610.5 1625.483 1640.482 1655.499 1670.47 1685.086 1698.928 1714.146 1728.068 1739.768 1749.639 1758.16 1765.234 1766.059 1761.677 1754.327 1743.318 1729.41 1713.06 1694.86 1676.392 1660.626 1649.964 1647.307 1649.699 1652.42 1654.921 1657.615 1660.21
1500 1350.314 1350.08 1351.734 1355.217 1358.931 1362.834 1367.045 1371.532 1376.301 1381.329 1386.604 1392.04 1397.828 1404.252 1411.288 1418.601 1426.209 1434.054 1441.908 1450.343 1459.16 1468.304 1477.814 1487.743 1497.986 1509.116 1521.592 1534.149 1546.737 1559.39 1572.072 1584.659 1597.086 1610.768 1624.809 1638.866 1652.891 1666.693 1679.839 1692.611 1705.865 1718.934 1730.022 1739.656 1748.123 1755.201 1755.957 1750.479 1742.138 1729.834 1713.487 1693.844 1671.707 1647.685 1627.775 1616.654 1616.861 1623.746 1631.177 1638.196 1644.995 1650.189
1500 1354.269 1354.256 1356.135 1359.622 1363.359 1367.444 1371.74 1376.226 1380.923 1385.88 1391.021 1396.389 1402.414 1409.19 1416.287 1423.623 1431.241 1438.904 1446.797 1455.146 1463.856 1472.899 1482.325 1492.143 1502.058 1513.626 1525.731 1537.793 1549.854 1561.92 1573.997 1585.671 1597.865 1610.831 1624.07 1637.292 1650.352 1663.065 1674.998 1686.916 1698.521 1710.374 1721.281 1730.913 1739.385 1746.659 1747.662 1741.451 1732.496 1719.931 1702.661 1678.841 1653.93 1626.606 1603.737 1600.258 1600.358 1603.24 1613.765 1626.095 1635.65 1642.032
1500 1358.071 1358.29 1360.43 1363.94 1367.775 1371.813 1376.051 1380.519 1385.208 1390.122 1395.133 1400.777 1407.304 1414.176 1421.234 1428.507 1435.901 1443.375 1451.406 1459.712 1468.329 1477.312 1486.682 1496.239 1506.379 1517.924 1529.479 1541.023 1552.557 1564.113 1575.429 1586.758 1598.49 1610.807 1623.311 1635.697 1647.841 1659.381 1670.653 1681.814 1692.525 1703.196 1713.772 1723.28 1731.595 1739.255 1741.681 1735.546 1726.753 1714.987 1698.591 1673.818 1647.316 1620.199 1600.917 1600 1600 1600.006 1604.528 1618.224 1628.326 1635.295
1500 1361.874 1362.269 1364.446 1367.99 1371.836 1375.875 1380.115 1384.584 1389.303 1394.109 1399.372 1405.479 1412.063 1418.849 1425.843 1433.037 1440.21 1447.829 1455.809 1464.128 1472.751 1481.667 1490.868 1499.972 1510.529 1521.605 1532.692 1543.792 1554.895 1565.941 1576.635 1587.74 1598.982 1610.706 1622.492 1634.126 1645.413 1656.09 1666.866 1677.271 1687.373 1697.19 1707.088 1716.374 1724.657 1732.472 1737.685 1733.377 1725.603 1715.551 1703.385 1684.145 1660.763 1634.097 1608.235 1600.282 1600 1600.299 1605.887 1617.098 1626.029 1632.484
1500 1365.378 1365.894 1368.242 1371.861 1375.717 1379.783 1384.091 1388.599 1393.185 1397.999 1403.641 1410.001 1416.552 1423.307 1430.269 1437.256 1444.559 1452.266 1460.211 1468.405 1476.891 1485.667 1494.491 1503.795 1514.366 1525.05 1535.754 1546.477 1557.206 1567.589 1578.144 1588.863 1599.647 1610.777 1621.889 1632.814 1643.115 1653.384 1663.458 1673.234 1682.687 1691.925 1701.108 1710.002 1718.615 1726.528 1733.295 1732.683 1725.929 1717.725 1709.425 1699.763 1682.228 1657.399 1634.128 1617.442 1610.552 1611.615 1615.732 1620.88 1626.771 1633.063
1500 1368.659 1369.368 1371.946 1375.631 1379.557 1383.635 1387.865 1392.236 1396.733 1401.925 1408.027 1414.37 1420.931 1427.701 1434.599 1441.526 1448.871 1456.448 1464.296 1472.393 1480.79 1489.356 1497.982 1507.622 1517.925 1528.231 1538.524 1548.811 1558.925 1568.879 1579.179 1589.492 1599.851 1610.465 1621.011 1631.182 1640.905 1650.661 1660.159 1669.407 1678.472 1687.42 1696.156 1704.832 1713.474 1721.355 1728.285 1731.411 1726.384 1720.39 1714.713 1708.862 1701.581 1682.987 1659.054 1640.34 1630.024 1627.135 1627.167 1627.942 1630.336 1636.925
1500 1372.033 1372.871 1375.607 1379.257 1383.121 1387.167 1391.361 1395.606 1400.359 1406.149 1412.373 1418.763 1425.297 1431.964 1438.567 1445.596 1452.895 1460.418 1468.188 1476.233 1484.533 1492.831 1501.659 1511.368 1521.277 1531.196 1541.124 1551.028 1560.584 1570.458 1580.418 1590.386 1600.388 1610.475 1620.386 1629.714 1639.131 1648.388 1657.404 1666.232 1674.941 1683.579 1691.964 1700.51 1708.931 1716.716 1723.554 1728.685 1727.515 1723.388 1718.976 1713.884 1707.702 1697.141 1675.22 1656.566 1645.118 1639.727 1637.526 1636.141 1636.141 1641.826
1500 1375.148 1376.153 1378.98 1382.637 1386.494 1390.524 1394.621 1399.044 1404.473 1410.475 1416.601 1422.895 1429.362 1435.769 1442.5 1449.524 1456.774 1464.291 1472.055 1480.042 1488.036 1496.326 1505.142 1514.658 1524.217 1533.786 1543.363 1552.694 1562.09 1571.702 1581.314 1590.925 1600.536 1610.145 1619.351 1628.37 1637.398 1646.206 1654.832 1663.332 1671.77 1680.038 1688.207 1696.617 1704.771 1712.421 1719.144 1724.746 1728.136 1725.888 1721.955 1716.743 1710.123 1702.004 1685.379 1668.261 1656.516 1649.865 1646.285 1643.787 1643.448 1648.25
1500 1378.147 1379.28 1382.219 1385.887 1389.799 1393.756 1397.897 1402.818 1408.576 1414.505 1420.597 1426.853 1433.154 1439.589 1446.41 1453.443 1460.677 1468.091 1475.725 1483.483 1491.329 1499.612 1508.5 1517.766 1527.049 1536.351 1545.554 1554.511 1563.801 1573.096 1582.396 1591.704 1600.993 1610.067 1618.684 1627.429 1635.999 1644.374 1652.621 1660.802 1668.963 1676.796 1684.987 1693.244 1701.217 1708.56 1715.097 1720.605 1725.041 1726.829 1722.912 1717.091 1710.701 1703.704 1691.236 1676.17 1664.582 1657.372 1652.942 1649.803 1650.956 1655.607
1500 1381.066 1382.337 1385.434 1389.13 1392.916 1396.786 1401.251 1406.738 1412.503 1418.42 1424.49 1430.708 1436.913 1443.487 1450.239 1457.157 1464.288 1471.621 1479.143 1486.626 1494.615 1502.831 1511.741 1520.728 1529.708 1538.654 1547.288 1556.167 1565.147 1574.135 1583.13 1592.133 1601.094 1609.545 1617.961 1626.315 1634.497 1642.566 1650.569 1658.565 1666.274 1674.115 1682.13 1690.08 1697.802 1704.886 1711.213 1716.41 1720.811 1724.245 1722.134 1716.672 1710.748 1704.317 1694.547 1681.017 1670.097 1662.865 1658.073 1655.524 1658.574 1663.082
1500 1383.954 1385.312 1388.458 1392.091 1395.767 1399.835 1404.99 1410.609 1416.399 1422.333 1428.391 1434.343 1440.622 1447.129 1453.822 1460.697 1467.763 1475.039 1482.317 1489.936 1497.87 1506.124 1514.809 1523.502 1532.201 1540.705 1549.186 1557.902 1566.626 1575.357 1584.1 1592.839 1601.338 1609.396 1617.536 1625.522 1633.388 1641.175 1648.943 1656.584 1664.044 1671.786 1679.471 1686.977 1694.328 1701.208 1707.209 1712.234 1716.728 1720.472 1721.113 1716.212 1710.668 1704.691 1696.834 1684.507 1674.383 1667.305 1662.607 1662.516 1666.445 1670.71
1500 1396.366 1391.867 1393.46 1395.765 1398.753 1403.371 1408.883 1414.51 1420.224 1426.067 1431.887 1437.905 1444.197 1450.656 1457.302 1464.169 1471.236 1478.347 1485.548 1493.168 1500.897 1509.123 1517.545 1525.972 1534.32 1542.448 1550.899 1559.366 1567.834 1576.3 1584.762 1593.193 1601.233 1609.166 1616.98 1624.669 1632.273 1639.843 1647.355 1654.607 1662.005 1669.452 1676.769 1683.964 1690.941 1697.575 1703.331 1708.33 1712.741 1716.474 1718.984 1715.842 1710.635 1705.157 1698.363 1687.463 1678.056 1671.246 1668.815 1670.636 1674.019 1678.076
1500 1411.662 1409.756 1406.05 1402.301 1402.195 1407.154 1412.584 1418.139 1423.825 1429.536 1435.301 1441.41 1447.708 1454.17 1460.807 1467.581 1474.478 1481.331 1488.652 1496.178 1503.832 1511.982 1520.19 1528.406 1536.345 1544.488 1552.708 1560.925 1569.146 1577.374 1585.606 1593.62 1601.517 1609.155 1616.649 1624.045 1631.392 1638.695 1645.871 1652.932 1660.186 1667.313 1674.328 1681.143 1687.687 1693.855 1699.427 1704.43 1708.742 1712.359 1715.454 1715.456 1710.895 1705.886 1699.905 1690.367 1681.632 1676.712 1677.033 1678.856 1681.639 1685.477
1500 1409.741 1407.651 1403.876 1401.402 1405.465 1410.741 1416.142 1421.668 1427.281 1432.897 1438.854 1444.948 1451.173 1457.546 1464.078 1470.77 1477.412 1484.395 1491.664 1499.081 1506.775 1514.763 1522.747 1530.527 1538.285 1546.256 1554.234 1562.217 1570.207 1578.201 1586.12 1593.826 1601.645 1608.99 1616.214 1623.385 1630.507 1637.597 1644.42 1651.438 1658.387 1665.236 1671.91 1678.331 1684.43 1690.004 1695.33 1700.316 1704.555 1708.266 1711.551 1713.913 1711.704 1707.014 1701.782 1694.399 1687.501 1684.892 1685.485 1687.193 1689.678 1693.291
