oldConfig/MapLayerFiles/1kmfullextentclimatology.ASC
ncols         301
nrows         183
xllcorner     140269.02203585
yllcorner     1451820.7226907
cellsize      1000
NODATA_value  -9999
[rows 140 to 167 of 183, columns 189 to 251 of 301]
1711.292 1731.74 1751.026 1769.692 1785.545 1796.865 1803.766 1807.017 1807.884 1807.883 1808.482 1813.85 1822.026 1829.787 1833.608 1828.382 1813.053 1787.535 1752.05 1706.554 1656.374 1617.153 1610.632 1623.687 1640.742 1651.108 1656.992 1661.957 1666.426 1668.39 1664.485 1658.78 1651.842 1643.962 1635.475 1626.358 1616.749 1606.825 1596.333 1584.562 1572.359 1560.536 1549.766 1540.596 1534.556 1532.368 1533.262 1536.512 1540.639 1544.436 1547.794 1551.022 1553.67 1554.944 1555.255 1555.734 1556.696 1558.578 1561.714 1564.956 1567.946 1569.217 1567.744
1743.368 1765.539 1786.44 1806.703 1824.372 1836.238 1841.35 1842.522 1841.104 1838.877 1837.653 1845.091 1858.059 1870.91 1880.445 1880.906 1869.257 1844.498 1808.533 1765.167 1718.899 1681.25 1663.012 1661.54 1664.256 1667.751 1668.944 1669.241 1668.734 1664.045 1656.176 1648.875 1640.928 1632.03 1622.327 1612.06 1601.018 1588.48 1575.787 1562.777 1549.773 1536.899 1524.979 1515.111 1509.454 1508.363 1510.723 1515.728 1521.631 1527.148 1532.364 1537.022 1540.641 1542.063 1542.761 1543.333 1544.152 1545.633 1548.082 1550.532 1552.427 1552.86 1551.041
1772.48 1796.961 1821.934 1846.78 1867.742 1878.797 1880.934 1879.389 1875.245 1870.369 1866.809 1871.896 1890.728 1916.352 1936.823 1943.55 1934.564 1911.289 1875.603 1832.223 1787.696 1749.746 1722.515 1707.067 1698.026 1691.28 1685.549 1680.926 1676.307 1667.164 1655.723 1643.815 1632.611 1622.21 1611.584 1599.821 1586.099 1571.628 1557.124 1542.888 1528.374 1514.336 1503.42 1498.087 1496.54 1496.451 1497.243 1499.569 1504.446 1511.405 1518.153 1523.872 1527.509 1528.936 1529.719 1530.477 1531.322 1532.553 1534.399 1536.03 1537.112 1536.933 1534.954
1797.284 1825.729 1854.417 1881.859 1905.387 1917.319 1919.622 1916.437 1910.115 1903.883 1899.702 1902.643 1936.543 1977.047 2005.51 2018.286 2011.855 1988.021 1949.641 1903.253 1855.711 1812.72 1778.21 1753.721 1736.365 1721.828 1705.77 1692.764 1683.053 1670.631 1656.805 1642.611 1628.905 1615.263 1602.626 1588.251 1572.724 1557.145 1541.413 1526.016 1510.326 1499.547 1495.115 1492.169 1490.829 1490.834 1491.485 1493.014 1495.613 1499.219 1504.734 1510.737 1514.46 1516.284 1517.234 1517.901 1518.417 1519.08 1520.197 1521.017 1521.442 1520.89 1518.884
1819.469 1851.157 1882.666 1911.624 1936.365 1952.83 1957.41 1953.609 1945.458 1941.22 1946.105 1962.345 2001.031 2047.219 2086.279 2107.494 2102.623 2073.935 2029.353 1975.391 1921.164 1871.473 1828.828 1793.733 1769.143 1750.047 1728.544 1706.141 1689.297 1673.834 1657.665 1641.435 1625.799 1609.949 1594.272 1577.719 1561.263 1544.754 1528.065 1511.484 1499.214 1494.139 1490.265 1487.127 1485.38 1485.466 1485.954 1487.391 1489.795 1492.598 1495.617 1498.906 1501.878 1503.818 1504.878 1505.56 1505.911 1506.156 1506.498 1506.305 1505.722 1504.461 1502.706
1838.89 1872.689 1906.65 1938.985 1968.062 1988.674 1995.601 1990.802 1981.005 1978.644 1992.907 2021.52 2066.039 2119.321 2170.153 2201.516 2197.691 2159.344 2104.293 2041.359 1979.698 1923.454 1874.181 1831.954 1796.263 1771.385 1746.538 1720.115 1696.043 1677.427 1658.978 1640.552 1622.375 1604.837 1587.044 1569.108 1551.648 1534.247 1516.561 1501.186 1494.499 1489.731 1485.519 1482.29 1480.179 1480.151 1480.78 1482.187 1484.213 1486.475 1488.771 1491.082 1492.857 1493.972 1494.586 1495.001 1495.107 1495.013 1494.855 1494.293 1493.679 1492.808 1491.805
1853.612 1888.283 1924.987 1962.193 1996.777 2025.183 2035.457 2027.434 2014.613 2014.458 2033.812 2067.507 2118.417 2182.134 2248.818 2300.007 2296.187 2237.456 2166.159 2093.246 2024.187 1962.38 1907.532 1861.667 1820.193 1787.272 1760.152 1731.393 1703.327 1681.371 1660.623 1639.938 1619.336 1600.021 1581.524 1562.896 1544.29 1525.878 1507.795 1496.426 1490.521 1485.475 1480.868 1477.377 1475.126 1474.694 1475.895 1477.165 1478.547 1480.122 1481.864 1483.738 1485.103 1485.797 1485.971 1485.938 1485.572 1485.14 1484.76 1484.146 1483.604 1482.933 1482.3
1861.721 1897.031 1936.608 1977.027 2016.612 2057.05 2072.969 2056.437 2038.596 2040.126 2061.247 2094.39 2153.276 2223.043 2301.333 2376.671 2372.756 2289.556 2204.48 2126.899 2054.575 1989.392 1932.366 1882.286 1839.428 1799.604 1769.441 1739.25 1709.135 1684.254 1661.596 1638.959 1616.354 1595.491 1576.741 1557.506 1538.298 1519.092 1501.679 1493.141 1486.788 1481.385 1476.507 1472.845 1470.435 1469.344 1471.026 1472.112 1472.724 1473.604 1474.862 1476.371 1477.358 1477.688 1477.521 1477.135 1476.442 1475.577 1474.677 1473.719 1473.134 1472.732 1472.636
1863.942 1898.979 1938.981 1979.949 2020.567 2063.904 2083.938 2067.216 2051.863 2054.72 2073.73 2103.734 2161.906 2228.491 2298.432 2357.167 2352.854 2286.389 2207.965 2135.461 2065.801 2001.664 1945.552 1893.978 1850.446 1808.587 1775.108 1744.279 1712.716 1685.591 1661.523 1637.465 1613.456 1591.511 1572.431 1552.623 1532.731 1512.868 1497.667 1490.16 1483.421 1477.427 1472.218 1468.407 1465.992 1464.445 1466.07 1467.448 1467.334 1467.428 1467.909 1468.71 1469.32 1469.395 1468.993 1468.316 1467.288 1466.103 1464.841 1463.686 1463.03 1462.697 1462.887
1860.656 1894.445 1931.675 1970.309 2005.892 2037.52 2053.066 2050.348 2044.008 2053.398 2072.705 2101.226 2151 2205.567 2257.573 2289.973 2285.719 2244.103 2184.081 2120.89 2059.869 2000.088 1946.842 1896.583 1853.597 1811.973 1776.647 1745.57 1713.356 1685.189 1660.171 1635.157 1610.261 1588.116 1568.134 1548.274 1527.85 1507.674 1494.95 1487.242 1480.235 1473.87 1468.307 1464.111 1461.566 1459.813 1460.821 1462.751 1462.574 1461.944 1461.635 1461.641 1461.507 1461.049 1460.186 1459.146 1457.829 1456.418 1454.918 1453.648 1452.984 1452.831 1453.43
1852.315 1884.158 1917.149 1951.617 1981.281 2005.131 2019.255 2022.557 2024.345 2035.953 2056.171 2084.375 2121.665 2162.996 2197.22 2216.999 2213.148 2185.408 2141.55 2090.593 2039.112 1986.773 1937.586 1891.265 1850.263 1810.003 1775.379 1743.951 1712.303 1684.01 1658.193 1632.4 1606.888 1584.716 1563.941 1543.909 1523.125 1503.389 1492.326 1484.278 1477.008 1470.412 1464.55 1460.396 1457.62 1455.422 1455.303 1457.521 1458.126 1457.075 1455.969 1455.078 1454.101 1452.972 1451.725 1450.281 1448.517 1446.583 1444.679 1443.19 1442.642 1442.83 1443.967
1839.825 1869.251 1897.767 1926.948 1952.695 1972.069 1986.185 1993.476 1999.701 2011.889 2031.466 2056.31 2082.414 2109.883 2132.231 2143.889 2139.937 2119.688 2088.342 2049.222 2006.976 1964.496 1920.237 1879.754 1840.984 1803.165 1770.392 1738.886 1708.481 1680.883 1654.768 1628.653 1603.073 1581.089 1559.796 1539.11 1518.322 1499.74 1489.438 1481.031 1473.493 1466.673 1460.569 1456.538 1454.003 1451.886 1450.584 1452.06 1453.568 1452.511 1450.877 1449.131 1447.212 1445.234 1443.317 1441.474 1439.37 1437.06 1434.767 1433.08 1432.386 1432.607 1434.083
1822.862 1849.81 1875.207 1898.941 1920.967 1938.479 1952.393 1960.855 1968.244 1980.468 1996.675 2015.826 2035.177 2052.643 2067.809 2074.028 2070.91 2056.11 2032.721 2002.056 1969.331 1933.892 1896.723 1862.359 1826.616 1792.693 1762.106 1731.382 1702.489 1676.36 1650.362 1624.354 1599.228 1577.352 1555.746 1534.263 1513.609 1496.491 1486.186 1477.299 1469.41 1462.388 1456.163 1452.25 1450.07 1448.206 1446.682 1447.074 1448.99 1448.498 1446.439 1444.093 1441.113 1437.981 1435.035 1432.468 1430.1 1427.549 1424.858 1423.039 1422.345 1422.748 1424.603
1804.449 1828.115 1850.854 1871.797 1890.51 1905.992 1918.256 1927.182 1934.565 1943.991 1954.958 1967.905 1981.129 1992.725 2002.013 2005.986 2003.084 1992.666 1976.14 1954.721 1928.086 1900.035 1871.778 1841.254 1808.971 1780.37 1751.81 1722.296 1694.853 1670.35 1644.929 1619.479 1595.258 1573.462 1551.693 1529.904 1508.915 1493.387 1482.609 1473.225 1464.962 1457.626 1451.173 1447.34 1445.538 1444.047 1443.682 1445.587 1447.633 1447.894 1444.617 1440.761 1436.633 1432.13 1427.907 1424.094 1420.685 1417.597 1414.646 1412.751 1412.212 1412.874 1415.163
1787.227 1804.301 1824.453 1843.624 1860.703 1875.267 1886.422 1894.915 1901.478 1907.32 1912.987 1919.212 1924.969 1930.356 1933.39 1934.76 1934.157 1928.35 1918.133 1903.554 1885.812 1866.896 1843.589 1816.749 1791.055 1767.192 1740.655 1712.504 1687.03 1663.472 1639.116 1614.555 1591.32 1569.442 1547.578 1525.74 1504.621 1490.119 1478.547 1468.6 1459.943 1452.33 1445.714 1442.131 1440.702 1440.144 1442.272 1445.001 1448.027 1449.6 1446.093 1441.409 1435.887 1429.693 1423.174 1417.334 1412.344 1408.131 1404.668 1402.775 1402.354 1402.974 1405.583
1768.267 1781.947 1797.364 1814.092 1830.223 1844.478 1854.77 1861.881 1866.373 1868.979 1870.346 1870.656 1869.991 1869.251 1867.926 1867.81 1868.854 1867.153 1863.124 1854.802 1843.439 1829.315 1811.207 1792.364 1773.544 1752.14 1727.728 1702.04 1678.806 1656.037 1633.32 1610.002 1587.688 1565.812 1543.932 1522.051 1501.261 1486.638 1473.948 1463.066 1453.996 1446.152 1439.43 1436.244 1435.812 1437.887 1441.115 1445.117 1449.788 1451.729 1447.996 1442.908 1436.623 1429.687 1421.724 1413.329 1405.774 1401.032 1400.03 1400 1400 1400 1400.163
1746.815 1758.858 1772.452 1786.436 1800.302 1812.616 1821.563 1827.143 1829.344 1828.708 1825.929 1821.041 1814.789 1808.311 1803.483 1802.333 1805.85 1809.338 1811.119 1808.862 1803.114 1794.564 1785.124 1772.138 1755.571 1735.727 1713.211 1691.473 1670.753 1649.169 1628.161 1606.272 1584.603 1562.863 1541.121 1519.377 1498.987 1483.634 1469.868 1457.142 1447.036 1438.781 1431.874 1429.388 1431.869 1435.737 1440.572 1446.824 1452.224 1454.304 1450.304 1444.732 1437.672 1429.581 1420.541 1409.952 1401.202 1400.001 1400 1400 1400 1400 1400
1722.993 1733.647 1746.615 1760.81 1774.496 1785.981 1793.227 1795.935 1795.124 1791.158 1784.346 1774.317 1762.059 1748.432 1737.348 1736.177 1745.519 1757.324 1766.349 1771.222 1771.769 1768.276 1762.253 1752.142 1737.462 1719.416 1699.803 1682.164 1663.477 1643.537 1623.519 1603.346 1582.159 1560.672 1539.181 1517.665 1497.55 1481.53 1466.354 1451.891 1439.451 1430.181 1423.174 1422.846 1427.642 1434.193 1442.164 1449.497 1455.394 1458.09 1454.084 1448.086 1440.302 1431.055 1420.709 1408.464 1400.268 1400 1400 1400 1400 1400 1400
1701.166 1708.036 1721.278 1736.901 1751.342 1763.564 1770.65 1771.566 1767.899 1760.557 1749.703 1734.754 1716.849 1703.07 1697.959 1697.569 1700.517 1710.291 1723.923 1735.02 1740.917 1741.589 1738.369 1731.391 1718.846 1703.416 1689.012 1673.891 1657.156 1639.125 1620.337 1601.655 1580.954 1559.854 1538.749 1517.64 1497.551 1480.467 1463.779 1447.768 1432.504 1420.258 1412.763 1414.561 1423.521 1434.812 1444.798 1452.982 1459.508 1463.454 1460.364 1454.271 1445.984 1435.907 1424.131 1410.678 1400.525 1400 1400 1400 1400 1400 1400
1693.223 1696.104 1701.818 1715.289 1730.024 1742.163 1747.639 1747.336 1742.171 1732.366 1718.7 1704.617 1697.595 1694.656 1692.614 1692.08 1692.884 1694.87 1698.214 1704.596 1711.408 1715.072 1714.154 1709.171 1700.497 1690.857 1679.854 1666.79 1652.086 1636 1618.929 1601.598 1581.865 1561.134 1540.398 1519.677 1499.479 1480.871 1462.391 1444.567 1426.906 1410.546 1401.728 1405.156 1421.581 1436.437 1448.448 1457.991 1464.995 1469.683 1468.498 1462.743 1454.487 1444.166 1431.69 1416.829 1402.324 1400 1400 1400 1400 1400 1400
1688.544 1692.009 1695.719 1700.637 1711.14 1721.437 1724.77 1722.872 1716.487 1706.552 1698.975 1695.958 1693.228 1690.416 1687.917 1687.119 1687.614 1689.13 1690.952 1693.058 1695.093 1696.479 1696.257 1693.665 1688.6 1681.458 1672.222 1661.106 1648.365 1634.301 1619.208 1603.409 1585.256 1564.908 1544.914 1525.139 1504.401 1483.678 1463.275 1443.329 1423.463 1403.729 1400 1403.32 1423.942 1442.253 1456.162 1466.853 1473.794 1478.12 1478.251 1473.223 1465.254 1454.967 1442.267 1426.305 1407.835 1400 1400 1400 1400 1400 1400.06
1685.009 1688.676 1692.22 1695.487 1698.707 1702.569 1703.989 1702.316 1699.392 1696.904 1694.757 1692.34 1689.7 1686.89 1684.105 1682.857 1683.111 1684.135 1685.328 1686.736 1687.933 1688.389 1687.494 1684.598 1679.813 1673.838 1666.34 1657.052 1646.263 1634.15 1621.017 1607.126 1591.491 1573.144 1554.684 1535.173 1513.873 1491.583 1469.531 1446.947 1422.734 1401.816 1400 1406.58 1433.205 1454.583 1469.819 1480.85 1487.367 1490.445 1490.134 1485.89 1478.346 1468.267 1455.209 1438.559 1418.294 1401.46 1400 1400 1400 1400.001 1402.228
1682.178 1685.581 1688.853 1691.688 1693.97 1695.699 1696.253 1695.887 1694.84 1693.156 1691.239 1689.033 1686.572 1683.897 1681.081 1679.356 1679.389 1679.993 1680.715 1681.542 1682.093 1681.931 1680.572 1677.549 1672.932 1667.681 1661.459 1653.907 1644.863 1634.576 1623.556 1612.438 1600.042 1584.321 1566.747 1548.128 1527.684 1505.507 1482.839 1458.78 1430.631 1403.497 1400.148 1417.385 1450.675 1474.137 1490.264 1502.523 1510.271 1512.903 1510.369 1504.147 1495.409 1484.943 1471.434 1454.352 1433.488 1410.911 1400.383 1400 1400 1400.931 1411.283
1680.763 1682.846 1685.619 1687.931 1689.997 1691.7 1692.34 1692.161 1691.241 1689.615 1687.831 1685.866 1683.635 1681.156 1678.479 1676.361 1676.135 1676.467 1676.869 1677.313 1677.46 1676.922 1675.307 1672.238 1667.756 1662.863 1657.32 1651.284 1644.626 1637.456 1629.629 1620.685 1610.264 1597.661 1582.084 1564.738 1545.836 1525.552 1503.675 1480.338 1453.245 1422.947 1414.144 1446.703 1480.816 1505.525 1526.536 1541.63 1548.224 1548.759 1544.09 1535.127 1521.959 1506.515 1491.132 1474.284 1454.058 1431.427 1410.83 1402.02 1403.005 1412.772 1427.653
1681.796 1680.646 1682.458 1684.54 1686.569 1688.263 1688.985 1688.939 1688.09 1686.493 1684.715 1682.847 1680.811 1678.523 1676.032 1673.91 1673.358 1673.349 1673.5 1673.683 1673.55 1672.763 1671.009 1668.031 1664.456 1661.367 1658.364 1654.87 1650.486 1645.068 1638.744 1631.519 1623.101 1613.313 1601.588 1586.762 1569.878 1551.991 1533.557 1514.042 1493.723 1477.681 1477.976 1500.439 1529.951 1556.738 1575.945 1586.648 1589.294 1586.216 1579.085 1568.385 1553.735 1536.787 1517.885 1498.578 1479.237 1459.335 1442.062 1431.103 1431.805 1439.615 1449.436
1683.98 1681.202 1680.112 1681.539 1683.496 1685.187 1685.974 1686.046 1685.288 1683.696 1681.967 1680.134 1678.277 1676.769 1676.026 1675.827 1675.185 1674.309 1673.492 1672.82 1672.233 1671.534 1670.579 1669.564 1668.444 1666.93 1664.943 1662.166 1658.543 1654.347 1649.489 1643.99 1637.79 1630.637 1622.568 1612.601 1600.25 1586.312 1572.254 1559.312 1547.553 1542.274 1549.762 1569.302 1593.941 1616.473 1632.025 1638.704 1637.073 1629.257 1617.495 1603.688 1587.421 1569.291 1549.427 1529.136 1509.533 1491.773 1477.311 1467.372 1465.568 1469.571 1475.771
1686.338 1683.567 1681.13 1679.749 1680.698 1682.289 1683.139 1683.331 1682.675 1681.111 1679.621 1678.708 1678.608 1678.912 1679.312 1679.438 1678.961 1678.24 1677.572 1676.979 1676.516 1676.159 1675.87 1675.528 1675.001 1674.099 1672.747 1670.806 1668.302 1665.405 1661.991 1658.318 1654.345 1649.929 1645.039 1639.695 1630.939 1621.202 1612.88 1606.931 1604.562 1609.079 1622.055 1641.891 1665.372 1685.258 1695.547 1695.749 1687.904 1675.222 1659.561 1642.072 1622.967 1602.851 1583.135 1563.26 1543.979 1526.479 1512.166 1502.762 1498.738 1499.277 1502.946
1688.729 1685.997 1683.661 1681.601 1680.12 1680.118 1680.75 1681.079 1680.812 1680.468 1680.903 1681.404 1681.889 1682.425 1683.012 1683.32 1682.999 1682.446 1681.962 1681.625 1681.474 1681.493 1681.656 1681.85 1681.954 1681.808 1681.358 1680.644 1679.548 1678.238 1676.634 1674.826 1672.938 1671.002 1669.278 1667.784 1662.354 1655.946 1652.429 1652.104 1656.772 1668.704 1688.423 1713.225 1739.162 1760.85 1766.6 1757.47 1740.48 1720.975 1699.898 1679.193 1658.377 1637.054 1616.094 1596.514 1578.447 1561.985 1547.545 1537.337 1531.381 1529.328 1530.391
