Location Names,Guajoyo
Location Ids,CEL_01
Time,Discharge
2012-01-01 00:00:00,41.180387
2012-01-01 01:00:00,34.479424
2012-01-01 02:00:00,34.081639
2012-01-01 03:00:00,35.066701
2012-01-01 04:00:00,37.836205
2012-01-01 05:00:00,37.99512
2012-01-01 06:00:00,30.569402
2012-01-01 07:00:00,42.129368
2012-01-01 08:00:00,37.920091
2012-01-01 09:00:00,49.902243
2012-01-01 10:00:00,37.58023
2012-01-01 11:00:00,40.414219
2012-01-01 12:00:00,39.397978
2012-01-01 13:00:00,41.200472
2012-01-01 14:00:00,40.112115
2012-01-01 15:00:00,46.11293
2012-01-01 16:00:00,41.640092
2012-01-01 17:00:00,37.098005
2012-01-01 18:00:00,43.799166
2012-01-01 19:00:00,42.413261
2012-01-01 20:00:00,41.398941
2012-01-01 21:00:00,41.849459
2012-01-01 22:00:00,41.393928
2012-01-01 23:00:00,45.812187
2012-01-02 00:00:00,43.47647
2012-01-02 01:00:00,43.972978
2012-01-02 02:00:00,47.304379
2012-01-02 03:00:00,46.135106
2012-01-02 04:00:00,46.122431
2012-01-02 05:00:00,51.833117
2012-01-02 06:00:00,57.110938
2012-01-02 07:00:00,42.435653
2012-01-02 08:00:00,48.267782
2012-01-02 09:00:00,46.877902
2012-01-02 10:00:00,40.677934
2012-01-02 11:00:00,48.300214
2012-01-02 12:00:00,42.613995
2012-01-02 13:00:00,45.498388
2012-01-02 14:00:00,46.437175
2012-01-02 15:00:00,39.843635
2012-01-02 16:00:00,41.375875
2012-01-02 17:00:00,48.249548
2012-01-02 18:00:00,43.808356
2012-01-02 19:00:00,41.911001
2012-01-02 20:00:00,42.804099
2012-01-02 21:00:00,42.132578
2012-01-02 22:00:00,41.151594
2012-01-02 23:00:00,47.343479
2012-01-03 00:00:00,45.935095
2012-01-03 01:00:00,47.202767
2012-01-03 02:00:00,46.5735
2012-01-03 03:00:00,43.899024
2012-01-03 04:00:00,49.975809
2012-01-03 05:00:00,50.498949
2012-01-03 06:00:00,54.727492
2012-01-03 07:00:00,55.994102
2012-01-03 08:00:00,55.98867
2012-01-03 09:00:00,52.071488
2012-01-03 10:00:00,45.182397
2012-01-03 11:00:00,45.080869
2012-01-03 12:00:00,49.11618
2012-01-03 13:00:00,45.484034
2012-01-03 14:00:00,41.359474
2012-01-03 15:00:00,42.475994
2012-01-03 16:00:00,40.440055
2012-01-03 17:00:00,41.843028
2012-01-03 18:00:00,45.677416
2012-01-03 19:00:00,39.397396
2012-01-03 20:00:00,41.52619
2012-01-03 21:00:00,35.451655
2012-01-03 22:00:00,41.672508
2012-01-03 23:00:00,34.059262
2012-01-04 00:00:00,39.740461
2012-01-04 01:00:00,38.896279
2012-01-04 02:00:00,39.895993
2012-01-04 03:00:00,39.270815
2012-01-04 04:00:00,37.408337
2012-01-04 05:00:00,48.166711
2012-01-04 06:00:00,40.688644
2012-01-04 07:00:00,42.127801
2012-01-04 08:00:00,43.006241
2012-01-04 09:00:00,45.959562
2012-01-04 10:00:00,45.382541
2012-01-04 11:00:00,43.481146
2012-01-04 12:00:00,42.657605
2012-01-04 13:00:00,42.498655
2012-01-04 14:00:00,40.832726
2012-01-04 15:00:00,45.027845
2012-01-04 16:00:00,47.591253
2012-01-04 17:00:00,41.403701
2012-01-04 18:00:00,40.135373
2012-01-04 19:00:00,42.316433
2012-01-04 20:00:00,41.890291
2012-01-04 21:00:00,42.776515
2012-01-04 22:00:00,42.662342
2012-01-04 23:00:00,43.318683
2012-01-05 00:00:00,46.546133
2012-01-05 01:00:00,41.246008
2012-01-05 02:00:00,41.042144
2012-01-05 03:00:00,44.491406
2012-01-05 04:00:00,45.851479
2012-01-05 05:00:00,47.890703
2012-01-05 06:00:00,47.839694
2012-01-05 07:00:00,45.396375
2012-01-05 08:00:00,36.401752
2012-01-05 09:00:00,43.02538
2012-01-05 10:00:00,43.209205
2012-01-05 11:00:00,42.08442
2012-01-05 12:00:00,39.306602
2012-01-05 13:00:00,43.26689
2012-01-05 14:00:00,39.734446
2012-01-05 15:00:00,42.165254
2012-01-05 16:00:00,43.323218
2012-01-05 17:00:00,44.35593
2012-01-05 18:00:00,48.679949
2012-01-05 19:00:00,44.872877
2012-01-05 20:00:00,42.577395
2012-01-05 21:00:00,42.962856
2012-01-05 22:00:00,42.65667
2012-01-05 23:00:00,48.321463
2012-01-06 00:00:00,48.171953
2012-01-06 01:00:00,47.491878
2012-01-06 02:00:00,48.453285
2012-01-06 03:00:00,50.890497
2012-01-06 04:00:00,44.422819
2012-01-06 05:00:00,49.789603
2012-01-06 06:00:00,46.278383
2012-01-06 07:00:00,44.031958
2012-01-06 08:00:00,43.64701
2012-01-06 09:00:00,43.35226
2012-01-06 10:00:00,46.704177
2012-01-06 11:00:00,46.920283
2012-01-06 12:00:00,46.029053
2012-01-06 13:00:00,48.399114
2012-01-06 14:00:00,46.735805
2012-01-06 15:00:00,46.735065
2012-01-06 16:00:00,42.066725
2012-01-06 17:00:00,39.583888
2012-01-06 18:00:00,45.040759
2012-01-06 19:00:00,40.435039
2012-01-06 20:00:00,38.759396
2012-01-06 21:00:00,39.365923
2012-01-06 22:00:00,41.174634
2012-01-06 23:00:00,41.716726
2012-01-07 00:00:00,49.57353
2012-01-07 01:00:00,41.206932
2012-01-07 02:00:00,38.343449
2012-01-07 03:00:00,40.379175
2012-01-07 04:00:00,43.440341
2012-01-07 05:00:00,42.307112
2012-01-07 06:00:00,35.306768
2012-01-07 07:00:00,39.908981
2012-01-07 08:00:00,46.147655
2012-01-07 09:00:00,48.97336
2012-01-07 10:00:00,48.433439
2012-01-07 11:00:00,47.02235
2012-01-07 12:00:00,41.484762
2012-01-07 13:00:00,45.972979
2012-01-07 14:00:00,50.210532
2012-01-07 15:00:00,46.886511
2012-01-07 16:00:00,45.442368
2012-01-07 17:00:00,37.11499
2012-01-07 18:00:00,53.739844
2012-01-07 19:00:00,47.399183
2012-01-07 20:00:00,42.941073
2012-01-07 21:00:00,44.636378
2012-01-07 22:00:00,48.169334
2012-01-07 23:00:00,40.68908
2012-01-08 00:00:00,42.21865
2012-01-08 01:00:00,43.803541
2012-01-08 02:00:00,36.554926
2012-01-08 03:00:00,35.882214
2012-01-08 04:00:00,40.828452
2012-01-08 05:00:00,43.862877
2012-01-08 06:00:00,33.31864
2012-01-08 07:00:00,45.291516
2012-01-08 08:00:00,36.297369
2012-01-08 09:00:00,36.909202
2012-01-08 10:00:00,36.876715
2012-01-08 11:00:00,39.423827
2012-01-08 12:00:00,36.725237
2012-01-08 13:00:00,45.356562
2012-01-08 14:00:00,46.959133
2012-01-08 15:00:00,43.022406
2012-01-08 16:00:00,49.585599
2012-01-08 17:00:00,39.514878
2012-01-08 18:00:00,50.748182
2012-01-08 19:00:00,39.070017
2012-01-08 20:00:00,37.072741
2012-01-08 21:00:00,34.51787
2012-01-08 22:00:00,32.456121
2012-01-08 23:00:00,44.735109
2012-01-09 00:00:00,43.449656
2012-01-09 01:00:00,42.373036
2012-01-09 02:00:00,50.267706
2012-01-09 03:00:00,41.145593
2012-01-09 04:00:00,47.329264
2012-01-09 05:00:00,49.897078
2012-01-09 06:00:00,51.03049
2012-01-09 07:00:00,53.417896
2012-01-09 08:00:00,40.955944
2012-01-09 09:00:00,42.378052
2012-01-09 10:00:00,42.841596
2012-01-09 11:00:00,42.740454
2012-01-09 12:00:00,36.340519
2012-01-09 13:00:00,40.355876
2012-01-09 14:00:00,43.126111
2012-01-09 15:00:00,41.303539
2012-01-09 16:00:00,38.949713
2012-01-09 17:00:00,36.024048
2012-01-09 18:00:00,44.911549
2012-01-09 19:00:00,35.825445
2012-01-09 20:00:00,32.635134
2012-01-09 21:00:00,35.978109
2012-01-09 22:00:00,41.827179
2012-01-09 23:00:00,42.170947
2012-01-10 00:00:00,36.21352
2012-01-10 01:00:00,44.954235
2012-01-10 02:00:00,38.886397
2012-01-10 03:00:00,41.696743
2012-01-10 04:00:00,38.542094
2012-01-10 05:00:00,43.035152
2012-01-10 06:00:00,41.622032
2012-01-10 07:00:00,40.667371
2012-01-10 08:00:00,45.260872
2012-01-10 09:00:00,44.954034
2012-01-10 10:00:00,39.133239
2012-01-10 11:00:00,40.300725
2012-01-10 12:00:00,41.222193
2012-01-10 13:00:00,42.59368
2012-01-10 14:00:00,40.593918
2012-01-10 15:00:00,39.092504
2012-01-10 16:00:00,39.029836
2012-01-10 17:00:00,34.819224
2012-01-10 18:00:00,47.043346
2012-01-10 19:00:00,35.773315
2012-01-10 20:00:00,46.203687
2012-01-10 21:00:00,36.981114
2012-01-10 22:00:00,45.461778
2012-01-10 23:00:00,46.070537
2012-01-11 00:00:00,43.817147
2012-01-11 01:00:00,46.954992
2012-01-11 02:00:00,40.118291
2012-01-11 03:00:00,44.155813
2012-01-11 04:00:00,42.965602
2012-01-11 05:00:00,43.149199
2012-01-11 06:00:00,40.135175
2012-01-11 07:00:00,37.044626
2012-01-11 08:00:00,42.2332
2012-01-11 09:00:00,46.042902
2012-01-11 10:00:00,40.65728
2012-01-11 11:00:00,42.756957
2012-01-11 12:00:00,40.585762
2012-01-11 13:00:00,38.637058
2012-01-11 14:00:00,44.855042
2012-01-11 15:00:00,43.843483
2012-01-11 16:00:00,37.847833
2012-01-11 17:00:00,37.218281
2012-01-11 18:00:00,42.682737
2012-01-11 19:00:00,39.969298
2012-01-11 20:00:00,39.272695
2012-01-11 21:00:00,41.519976
2012-01-11 22:00:00,41.79642
2012-01-11 23:00:00,50.555354
2012-01-12 00:00:00,42.956703
2012-01-12 01:00:00,37.477146
2012-01-12 02:00:00,35.563556
2012-01-12 03:00:00,36.187027
2012-01-12 04:00:00,42.942116
2012-01-12 05:00:00,43.076903
2012-01-12 06:00:00,52.022253
2012-01-12 07:00:00,38.855717
2012-01-12 08:00:00,40.423902
2012-01-12 09:00:00,38.257547
2012-01-12 10:00:00,40.085087
2012-01-12 11:00:00,43.855441
2012-01-12 12:00:00,33.975682
2012-01-12 13:00:00,38.102802
2012-01-12 14:00:00,41.580241
2012-01-12 15:00:00,42.304903
2012-01-12 16:00:00,40.76043
2012-01-12 17:00:00,37.129233
2012-01-12 18:00:00,37.856869
2012-01-12 19:00:00,38.171299
2012-01-12 20:00:00,42.146439
2012-01-12 21:00:00,40.192439
2012-01-12 22:00:00,43.973838
2012-01-12 23:00:00,46.924958
2012-01-13 00:00:00,39.060921
2012-01-13 01:00:00,38.367311
2012-01-13 02:00:00,46.83235
2012-01-13 03:00:00,47.988882
2012-01-13 04:00:00,41.246646
2012-01-13 05:00:00,45.239503
2012-01-13 06:00:00,36.917749
2012-01-13 07:00:00,40.193645
2012-01-13 08:00:00,41.328143
2012-01-13 09:00:00,41.56526
2012-01-13 10:00:00,41.855849
2012-01-13 11:00:00,35.995139
2012-01-13 12:00:00,41.050675
2012-01-13 13:00:00,47.010226
2012-01-13 14:00:00,37.801121
2012-01-13 15:00:00,37.863489
2012-01-13 16:00:00,37.375285
2012-01-13 17:00:00,33.00878
2012-01-13 18:00:00,43.071985
2012-01-13 19:00:00,43.09293
2012-01-13 20:00:00,42.957947
2012-01-13 21:00:00,40.639144
2012-01-13 22:00:00,47.715986
2012-01-13 23:00:00,46.864189
2012-01-14 00:00:00,45.849484
2012-01-14 01:00:00,40.219436
2012-01-14 02:00:00,41.318362
2012-01-14 03:00:00,44.903163
2012-01-14 04:00:00,42.009154
2012-01-14 05:00:00,42.410664
2012-01-14 06:00:00,44.915846
2012-01-14 07:00:00,40.791631
2012-01-14 08:00:00,46.80294
2012-01-14 09:00:00,40.735201
2012-01-14 10:00:00,43.664985
2012-01-14 11:00:00,38.055641
2012-01-14 12:00:00,40.843255
2012-01-14 13:00:00,45.707996
2012-01-14 14:00:00,43.105484
2012-01-14 15:00:00,40.084381
2012-01-14 16:00:00,39.110783
2012-01-14 17:00:00,40.053806
2012-01-14 18:00:00,43.576892
2012-01-14 19:00:00,40.6641
2012-01-14 20:00:00,38.715156
2012-01-14 21:00:00,38.792425
2012-01-14 22:00:00,41.830118
2012-01-14 23:00:00,39.883593
2012-01-15 00:00:00,38.546338
2012-01-15 01:00:00,36.901876
2012-01-15 02:00:00,41.401485
2012-01-15 03:00:00,41.391255
2012-01-15 04:00:00,44.393158
2012-01-15 05:00:00,45.390621
2012-01-15 06:00:00,35.103076
2012-01-15 07:00:00,38.640445
2012-01-15 08:00:00,41.982644
2012-01-15 09:00:00,37.747138
2012-01-15 10:00:00,45.50778
2012-01-15 11:00:00,48.9098
2012-01-15 12:00:00,45.851607
2012-01-15 13:00:00,34.76055
2012-01-15 14:00:00,40.522507
2012-01-15 15:00:00,46.377975
2012-01-15 16:00:00,46.22449
2012-01-15 17:00:00,48.080561
2012-01-15 18:00:00,47.412034
2012-01-15 19:00:00,35.503041
2012-01-15 20:00:00,35.310288
2012-01-15 21:00:00,36.43358
2012-01-15 22:00:00,38.802502
2012-01-15 23:00:00,42.77343
2012-01-16 00:00:00,42.792071
2012-01-16 01:00:00,43.155686
2012-01-16 02:00:00,51.105347
2012-01-16 03:00:00,44.689888
2012-01-16 04:00:00,45.481847
2012-01-16 05:00:00,47.707082
2012-01-16 06:00:00,43.951456
2012-01-16 07:00:00,50.286647
2012-01-16 08:00:00,43.876711
2012-01-16 09:00:00,45.333744
2012-01-16 10:00:00,43.160112
2012-01-16 11:00:00,39.204703
2012-01-16 12:00:00,41.525871
2012-01-16 13:00:00,44.60933
2012-01-16 14:00:00,37.872111
2012-01-16 15:00:00,41.058517
2012-01-16 16:00:00,42.063413
2012-01-16 17:00:00,47.922249
2012-01-16 18:00:00,45.179447
2012-01-16 19:00:00,41.117498
2012-01-16 20:00:00,41.186328
2012-01-16 21:00:00,41.995862
2012-01-16 22:00:00,42.186268
2012-01-16 23:00:00,41.695458
2012-01-17 00:00:00,45.870351
2012-01-17 01:00:00,33.938134
2012-01-17 02:00:00,40.823991
2012-01-17 03:00:00,42.170033
2012-01-17 04:00:00,41.932693
2012-01-17 05:00:00,46.134665
2012-01-17 06:00:00,39.029027
2012-01-17 07:00:00,45.862024
2012-01-17 08:00:00,45.282007
2012-01-17 09:00:00,38.98335
2012-01-17 10:00:00,39.785621
2012-01-17 11:00:00,51.538924
2012-01-17 12:00:00,39.498512
2012-01-17 13:00:00,49.208611
2012-01-17 14:00:00,47.45256
2012-01-17 15:00:00,41.14599
2012-01-17 16:00:00,38.271952
2012-01-17 17:00:00,34.746075
2012-01-17 18:00:00,40.454706
2012-01-17 19:00:00,42.097639
2012-01-17 20:00:00,44.42279
2012-01-17 21:00:00,38.923245
2012-01-17 22:00:00,37.952823
2012-01-17 23:00:00,39.919874
2012-01-18 00:00:00,37.016368
2012-01-18 01:00:00,43.134381
2012-01-18 02:00:00,42.57506
2012-01-18 03:00:00,45.945028
2012-01-18 04:00:00,48.634172
2012-01-18 05:00:00,50.055617
2012-01-18 06:00:00,42.505245
2012-01-18 07:00:00,40.119688
2012-01-18 08:00:00,37.864203
2012-01-18 09:00:00,40.273099
2012-01-18 10:00:00,42.870319
2012-01-18 11:00:00,49.424788
2012-01-18 12:00:00,44.629329
2012-01-18 13:00:00,41.151796
2012-01-18 14:00:00,40.295135
2012-01-18 15:00:00,36.475369
2012-01-18 16:00:00,33.428461
2012-01-18 17:00:00,32.266981
2012-01-18 18:00:00,40.817113
2012-01-18 19:00:00,36.866508
2012-01-18 20:00:00,36.955081
2012-01-18 21:00:00,38.007817
2012-01-18 22:00:00,38.74562
2012-01-18 23:00:00,39.420271
2012-01-19 00:00:00,39.829937
2012-01-19 01:00:00,42.362577
2012-01-19 02:00:00,40.861991
2012-01-19 03:00:00,37.596766
2012-01-19 04:00:00,39.919016
2012-01-19 05:00:00,41.955533
2012-01-19 06:00:00,44.367592
2012-01-19 07:00:00,38.391577
2012-01-19 08:00:00,41.602707
2012-01-19 09:00:00,37.940831
2012-01-19 10:00:00,40.443755
2012-01-19 11:00:00,44.750772
2012-01-19 12:00:00,42.045533
2012-01-19 13:00:00,44.791868
2012-01-19 14:00:00,45.409249
2012-01-19 15:00:00,41.91853
2012-01-19 16:00:00,39.107088
2012-01-19 17:00:00,43.137607
2012-01-19 18:00:00,44.834531
2012-01-19 19:00:00,39.894018
2012-01-19 20:00:00,39.116325
2012-01-19 21:00:00,39.207624
2012-01-19 22:00:00,39.867507
2012-01-19 23:00:00,43.077916
2012-01-20 00:00:00,42.957812
2012-01-20 01:00:00,42.07348
2012-01-20 02:00:00,43.305755
2012-01-20 03:00:00,43.752833
2012-01-20 04:00:00,44.161298
2012-01-20 05:00:00,49.062766
2012-01-20 06:00:00,45.792448
2012-01-20 07:00:00,41.266276
2012-01-20 08:00:00,40.181549
2012-01-20 09:00:00,46.698717
2012-01-20 10:00:00,41.516543
2012-01-20 11:00:00,38.245971
2012-01-20 12:00:00,37.228929
2012-01-20 13:00:00,43.982525
2012-01-20 14:00:00,39.899033
2012-01-20 15:00:00,48.740273
2012-01-20 16:00:00,40.135364
2012-01-20 17:00:00,43.526619
2012-01-20 18:00:00,41.648649
2012-01-20 19:00:00,38.660602
2012-01-20 20:00:00,41.110956
2012-01-20 21:00:00,41.404432
2012-01-20 22:00:00,41.319045
2012-01-20 23:00:00,37.441159
2012-01-21 00:00:00,39.799269
2012-01-21 01:00:00,34.048175
2012-01-21 02:00:00,33.033145
2012-01-21 03:00:00,33.348154
2012-01-21 04:00:00,33.00253
2012-01-21 05:00:00,45.274645
2012-01-21 06:00:00,40.480152
2012-01-21 07:00:00,40.842345
2012-01-21 08:00:00,40.320441
2012-01-21 09:00:00,43.891376
2012-01-21 10:00:00,40.2471
2012-01-21 11:00:00,40.851901
2012-01-21 12:00:00,38.709288
2012-01-21 13:00:00,39.666198
2012-01-21 14:00:00,44.443298
2012-01-21 15:00:00,41.457349
2012-01-21 16:00:00,43.292809
2012-01-21 17:00:00,36.139964
2012-01-21 18:00:00,37.480162
2012-01-21 19:00:00,38.802547
2012-01-21 20:00:00,41.222515
2012-01-21 21:00:00,38.139008
2012-01-21 22:00:00,39.234715
2012-01-21 23:00:00,41.525904
2012-01-22 00:00:00,38.475489
2012-01-22 01:00:00,40.190956
2012-01-22 02:00:00,41.523044
2012-01-22 03:00:00,41.45636
2012-01-22 04:00:00,44.371475
2012-01-22 05:00:00,46.282735
2012-01-22 06:00:00,39.380612
2012-01-22 07:00:00,44.632012
2012-01-22 08:00:00,44.889133
2012-01-22 09:00:00,46.728139
2012-01-22 10:00:00,48.443757
2012-01-22 11:00:00,40.661132
2012-01-22 12:00:00,37.302427
2012-01-22 13:00:00,38.94948
2012-01-22 14:00:00,40.218993
2012-01-22 15:00:00,39.662306
2012-01-22 16:00:00,41.884558
2012-01-22 17:00:00,36.375524
2012-01-22 18:00:00,45.019454
2012-01-22 19:00:00,43.657244
2012-01-22 20:00:00,41.883416
2012-01-22 21:00:00,34.867296
2012-01-22 22:00:00,36.095335
2012-01-22 23:00:00,37.173078
2012-01-23 00:00:00,41.018501
2012-01-23 01:00:00,39.704971
2012-01-23 02:00:00,43.172295
2012-01-23 03:00:00,36.120812
2012-01-23 04:00:00,39.776644
2012-01-23 05:00:00,43.779636
2012-01-23 06:00:00,44.547919
2012-01-23 07:00:00,44.607364
2012-01-23 08:00:00,43.20149
2012-01-23 09:00:00,46.368516
2012-01-23 10:00:00,39.886766
2012-01-23 11:00:00,43.49749
2012-01-23 12:00:00,38.817759
2012-01-23 13:00:00,41.88557
2012-01-23 14:00:00,43.772761
2012-01-23 15:00:00,41.018864
2012-01-23 16:00:00,36.102609
2012-01-23 17:00:00,34.592021
2012-01-23 18:00:00,42.033323
2012-01-23 19:00:00,42.318846
2012-01-23 20:00:00,34.29279
2012-01-23 21:00:00,35.076953
2012-01-23 22:00:00,33.088194
2012-01-23 23:00:00,35.846365
2012-01-24 00:00:00,37.883257
2012-01-24 01:00:00,38.451502
2012-01-24 02:00:00,41.059266
2012-01-24 03:00:00,41.583849
2012-01-24 04:00:00,48.295878
2012-01-24 05:00:00,51.349238
2012-01-24 06:00:00,35.783134
2012-01-24 07:00:00,41.363777
2012-01-24 08:00:00,42.798042
2012-01-24 09:00:00,43.365753
2012-01-24 10:00:00,38.825144
2012-01-24 11:00:00,41.890946
2012-01-24 12:00:00,40.359244
2012-01-24 13:00:00,45.25486
2012-01-24 14:00:00,44.68241
2012-01-24 15:00:00,40.985655
2012-01-24 16:00:00,43.968977
2012-01-24 17:00:00,44.350465
2012-01-24 18:00:00,43.089196
2012-01-24 19:00:00,40.267216
2012-01-24 20:00:00,39.284857
2012-01-24 21:00:00,42.824083
2012-01-24 22:00:00,39.073721
2012-01-24 23:00:00,41.500162
2012-01-25 00:00:00,45.576351
2012-01-25 01:00:00,44.960947
2012-01-25 02:00:00,43.997277
2012-01-25 03:00:00,44.185531
2012-01-25 04:00:00,48.058058
2012-01-25 05:00:00,54.176803
2012-01-25 06:00:00,38.226876
2012-01-25 07:00:00,41.403127
2012-01-25 08:00:00,44.376134
2012-01-25 09:00:00,43.291054
2012-01-25 10:00:00,43.726532
2012-01-25 11:00:00,48.228459
2012-01-25 12:00:00,36.495936
2012-01-25 13:00:00,42.938379
2012-01-25 14:00:00,39.624228
2012-01-25 15:00:00,35.549867
2012-01-25 16:00:00,42.980635
2012-01-25 17:00:00,41.250107
2012-01-25 18:00:00,44.755004
2012-01-25 19:00:00,40.77025
2012-01-25 20:00:00,42.953253
2012-01-25 21:00:00,40.854958
2012-01-25 22:00:00,39.01367
2012-01-25 23:00:00,42.850775
2012-01-26 00:00:00,38.86955
2012-01-26 01:00:00,43.007134
2012-01-26 02:00:00,41.209696
2012-01-26 03:00:00,42.71495
2012-01-26 04:00:00,41.662131
2012-01-26 05:00:00,45.886164
2012-01-26 06:00:00,44.386308
2012-01-26 07:00:00,45.849639
2012-01-26 08:00:00,44.993397
2012-01-26 09:00:00,41.21012
2012-01-26 10:00:00,40.102277
2012-01-26 11:00:00,41.207615
2012-01-26 12:00:00,41.160155
2012-01-26 13:00:00,43.134509
2012-01-26 14:00:00,43.493644
2012-01-26 15:00:00,38.755977
2012-01-26 16:00:00,41.420788
2012-01-26 17:00:00,41.752492
2012-01-26 18:00:00,41.790061
2012-01-26 19:00:00,43.787214
2012-01-26 20:00:00,40.593395
2012-01-26 21:00:00,40.046999
2012-01-26 22:00:00,41.306799
2012-01-26 23:00:00,39.007079
2012-01-27 00:00:00,39.534066
2012-01-27 01:00:00,43.530179
2012-01-27 02:00:00,38.209186
2012-01-27 03:00:00,45.498429
2012-01-27 04:00:00,46.5034
2012-01-27 05:00:00,43.084539
2012-01-27 06:00:00,44.91457
2012-01-27 07:00:00,36.961316
2012-01-27 08:00:00,40.878673
2012-01-27 09:00:00,41.993177
2012-01-27 10:00:00,43.449042
2012-01-27 11:00:00,42.01833
2012-01-27 12:00:00,40.249707
2012-01-27 13:00:00,40.002687
2012-01-27 14:00:00,43.970296
2012-01-27 15:00:00,39.798922
2012-01-27 16:00:00,40.42379
2012-01-27 17:00:00,38.297742
2012-01-27 18:00:00,43.180079
2012-01-27 19:00:00,39.081305
2012-01-27 20:00:00,38.02378
2012-01-27 21:00:00,37.774404
2012-01-27 22:00:00,45.077517
2012-01-27 23:00:00,38.651515
2012-01-28 00:00:00,45.605694
2012-01-28 01:00:00,41.036476
2012-01-28 02:00:00,48.52634
2012-01-28 03:00:00,42.021485
2012-01-28 04:00:00,45.913186
2012-01-28 05:00:00,42.843265
2012-01-28 06:00:00,37.112784
2012-01-28 07:00:00,44.685684
2012-01-28 08:00:00,46.853251
2012-01-28 09:00:00,38.928728
2012-01-28 10:00:00,41.110729
2012-01-28 11:00:00,38.872525
2012-01-28 12:00:00,38.709901
2012-01-28 13:00:00,44.216613
2012-01-28 14:00:00,40.132814
2012-01-28 15:00:00,43.151119
2012-01-28 16:00:00,42.804926
2012-01-28 17:00:00,45.003307
2012-01-28 18:00:00,48.435914
2012-01-28 19:00:00,38.683393
2012-01-28 20:00:00,41.663431
2012-01-28 21:00:00,31.683281
2012-01-28 22:00:00,32.831709
2012-01-28 23:00:00,40.367235
2012-01-29 00:00:00,41.71064
2012-01-29 01:00:00,40.888781
2012-01-29 02:00:00,38.920695
2012-01-29 03:00:00,43.577555
2012-01-29 04:00:00,38.901992
2012-01-29 05:00:00,43.943244
2012-01-29 06:00:00,38.303832
2012-01-29 07:00:00,29.549421
2012-01-29 08:00:00,35.331486
2012-01-29 09:00:00,41.839303
2012-01-29 10:00:00,37.304951
2012-01-29 11:00:00,39.304743
2012-01-29 12:00:00,37.472363
2012-01-29 13:00:00,41.603586
2012-01-29 14:00:00,38.267232
2012-01-29 15:00:00,44.05737
2012-01-29 16:00:00,42.909156
2012-01-29 17:00:00,41.776222
2012-01-29 18:00:00,43.659684
2012-01-29 19:00:00,40.210298
2012-01-29 20:00:00,37.429571
2012-01-29 21:00:00,34.918954
2012-01-29 22:00:00,37.745436
2012-01-29 23:00:00,38.915529
2012-01-30 00:00:00,35.714043
2012-01-30 01:00:00,34.777843
2012-01-30 02:00:00,41.207479
2012-01-30 03:00:00,36.652109
2012-01-30 04:00:00,43.538467
2012-01-30 05:00:00,44.674362
2012-01-30 06:00:00,42.648057
2012-01-30 07:00:00,42.672172
2012-01-30 08:00:00,41.514319
2012-01-30 09:00:00,42.20089
2012-01-30 10:00:00,37.85948
2012-01-30 11:00:00,44.378271
2012-01-30 12:00:00,36.999412
2012-01-30 13:00:00,40.279918
2012-01-30 14:00:00,38.037196
2012-01-30 15:00:00,33.59956
2012-01-30 16:00:00,38.544616
2012-01-30 17:00:00,36.85592
2012-01-30 18:00:00,41.555569
2012-01-30 19:00:00,38.78069
2012-01-30 20:00:00,36.673868
2012-01-30 21:00:00,36.048905
2012-01-30 22:00:00,36.196988
2012-01-30 23:00:00,43.534516
2012-01-31 00:00:00,43.782396
2012-01-31 01:00:00,40.830369
2012-01-31 02:00:00,39.668955
2012-01-31 03:00:00,48.22024
2012-01-31 04:00:00,40.33232
2012-01-31 05:00:00,37.638064
2012-01-31 06:00:00,40.998207
2012-01-31 07:00:00,35.317219
2012-01-31 08:00:00,37.632695
2012-01-31 09:00:00,32.804902
2012-01-31 10:00:00,34.752501
2012-01-31 11:00:00,38.301924
2012-01-31 12:00:00,37.580771
2012-01-31 13:00:00,41.805071
2012-01-31 14:00:00,37.366825
2012-01-31 15:00:00,39.423045
2012-01-31 16:00:00,38.376906
2012-01-31 17:00:00,34.379054
2012-01-31 18:00:00,37.712908
2012-01-31 19:00:00,38.591686
2012-01-31 20:00:00,31.815763
2012-01-31 21:00:00,34.473329
2012-01-31 22:00:00,33.333886
2012-01-31 23:00:00,38.55506
2012-02-01 00:00:00,46.724493
2012-02-01 01:00:00,46.015246
2012-02-01 02:00:00,45.3998
2012-02-01 03:00:00,42.773843
2012-02-01 04:00:00,43.234973
2012-02-01 05:00:00,41.038406
2012-02-01 06:00:00,32.465811
2012-02-01 07:00:00,35.825737
2012-02-01 08:00:00,40.944493
2012-02-01 09:00:00,46.702366
2012-02-01 10:00:00,44.903354
2012-02-01 11:00:00,39.203026
2012-02-01 12:00:00,45.579553
2012-02-01 13:00:00,43.023464
2012-02-01 14:00:00,42.593227
2012-02-01 15:00:00,39.203554
2012-02-01 16:00:00,40.844679
2012-02-01 17:00:00,41.244555
2012-02-01 18:00:00,49.731926
2012-02-01 19:00:00,36.755999
2012-02-01 20:00:00,39.533796
2012-02-01 21:00:00,35.497477
2012-02-01 22:00:00,38.574535
2012-02-01 23:00:00,38.477922
2012-02-02 00:00:00,37.860277
2012-02-02 01:00:00,38.948734
2012-02-02 02:00:00,48.087995
2012-02-02 03:00:00,40.208813
2012-02-02 04:00:00,41.952025
2012-02-02 05:00:00,47.489269
2012-02-02 06:00:00,40.15131
2012-02-02 07:00:00,35.380596
2012-02-02 08:00:00,36.669401
2012-02-02 09:00:00,38.478748
2012-02-02 10:00:00,41.438953
2012-02-02 11:00:00,38.674291
2012-02-02 12:00:00,32.498338
2012-02-02 13:00:00,36.149885
2012-02-02 14:00:00,33.014961
2012-02-02 15:00:00,32.355727
2012-02-02 16:00:00,38.386208
2012-02-02 17:00:00,37.429665
2012-02-02 18:00:00,42.431934
2012-02-02 19:00:00,37.874774
2012-02-02 20:00:00,33.997575
2012-02-02 21:00:00,38.797944
2012-02-02 22:00:00,37.778818
2012-02-02 23:00:00,40.911825
2012-02-03 00:00:00,44.129796
2012-02-03 01:00:00,45.544788
2012-02-03 02:00:00,46.026855
2012-02-03 03:00:00,41.364964
2012-02-03 04:00:00,48.531051
2012-02-03 05:00:00,46.82523
2012-02-03 06:00:00,33.439288
2012-02-03 07:00:00,36.189729
2012-02-03 08:00:00,44.306786
2012-02-03 09:00:00,47.59582
2012-02-03 10:00:00,50.79303
2012-02-03 11:00:00,51.171746
2012-02-03 12:00:00,50.249171
2012-02-03 13:00:00,46.016397
2012-02-03 14:00:00,45.723976
2012-02-03 15:00:00,47.445956
2012-02-03 16:00:00,50.409569
2012-02-03 17:00:00,39.550003
2012-02-03 18:00:00,51.286848
2012-02-03 19:00:00,42.501922
2012-02-03 20:00:00,46.310163
2012-02-03 21:00:00,40.927857
2012-02-03 22:00:00,40.392248
2012-02-03 23:00:00,50.713083
2012-02-04 00:00:00,52.440583
2012-02-04 01:00:00,48.902331
2012-02-04 02:00:00,44.316592
2012-02-04 03:00:00,39.347942
2012-02-04 04:00:00,42.601361
2012-02-04 05:00:00,44.692168
2012-02-04 06:00:00,50.373897
2012-02-04 07:00:00,53.097551
2012-02-04 08:00:00,49.574122
2012-02-04 09:00:00,49.698639
2012-02-04 10:00:00,44.028422
2012-02-04 11:00:00,45.178077
2012-02-04 12:00:00,48.096208
2012-02-04 13:00:00,51.396232
2012-02-04 14:00:00,49.556985
2012-02-04 15:00:00,53.131827
2012-02-04 16:00:00,52.068828
2012-02-04 17:00:00,52.414799
2012-02-04 18:00:00,52.429283
2012-02-04 19:00:00,50.723184
2012-02-04 20:00:00,48.755791
2012-02-04 21:00:00,45.800181
2012-02-04 22:00:00,49.520028
2012-02-04 23:00:00,47.382452
2012-02-05 00:00:00,47.3744
2012-02-05 01:00:00,47.895084
2012-02-05 02:00:00,45.369956
2012-02-05 03:00:00,43.758275
2012-02-05 04:00:00,46.514387
2012-02-05 05:00:00,43.191877
2012-02-05 06:00:00,37.674855
2012-02-05 07:00:00,47.110417
2012-02-05 08:00:00,46.251992
2012-02-05 09:00:00,45.997923
2012-02-05 10:00:00,50.386513
2012-02-05 11:00:00,45.691134
2012-02-05 12:00:00,50.416531
2012-02-05 13:00:00,53.567639
2012-02-05 14:00:00,51.561449
2012-02-05 15:00:00,52.659604
2012-02-05 16:00:00,51.822402
2012-02-05 17:00:00,52.951469
2012-02-05 18:00:00,52.26505
2012-02-05 19:00:00,48.150579
2012-02-05 20:00:00,40.904347
2012-02-05 21:00:00,44.209082
2012-02-05 22:00:00,45.858414
2012-02-05 23:00:00,43.963349
2012-02-06 00:00:00,43.09445
2012-02-06 01:00:00,44.291532
2012-02-06 02:00:00,52.180821
2012-02-06 03:00:00,51.964666
2012-02-06 04:00:00,53.324776
2012-02-06 05:00:00,52.060549
2012-02-06 06:00:00,34.186576
2012-02-06 07:00:00,48.319547
2012-02-06 08:00:00,51.94559
2012-02-06 09:00:00,52.338221
2012-02-06 10:00:00,54.271377
2012-02-06 11:00:00,49.850251
2012-02-06 12:00:00,49.401888
2012-02-06 13:00:00,52.596529
2012-02-06 14:00:00,49.709566
2012-02-06 15:00:00,48.516867
2012-02-06 16:00:00,51.035757
2012-02-06 17:00:00,43.999369
2012-02-06 18:00:00,48.532753
2012-02-06 19:00:00,39.695395
2012-02-06 20:00:00,41.958666
2012-02-06 21:00:00,46.971437
2012-02-06 22:00:00,47.341235
2012-02-06 23:00:00,41.91885
2012-02-07 00:00:00,48.757664
2012-02-07 01:00:00,45.415444
2012-02-07 02:00:00,45.007679
2012-02-07 03:00:00,52.085603
2012-02-07 04:00:00,48.777046
2012-02-07 05:00:00,52.30154
2012-02-07 06:00:00,43.132982
2012-02-07 07:00:00,46.343843
2012-02-07 08:00:00,50.911017
2012-02-07 09:00:00,51.729906
2012-02-07 10:00:00,49.9232
2012-02-07 11:00:00,52.182396
2012-02-07 12:00:00,46.5751
2012-02-07 13:00:00,50.681291
2012-02-07 14:00:00,51.743717
2012-02-07 15:00:00,48.16154
2012-02-07 16:00:00,48.954322
2012-02-07 17:00:00,49.055658
2012-02-07 18:00:00,52.374284
2012-02-07 19:00:00,49.932308
2012-02-07 20:00:00,50.735893
2012-02-07 21:00:00,44.668531
2012-02-07 22:00:00,44.922837
2012-02-07 23:00:00,47.910387
2012-02-08 00:00:00,46.638758
2012-02-08 01:00:00,44.672787
2012-02-08 02:00:00,49.466257
2012-02-08 03:00:00,49.647391
2012-02-08 04:00:00,48.58165
2012-02-08 05:00:00,47.468886
2012-02-08 06:00:00,43.334324
2012-02-08 07:00:00,46.427077
2012-02-08 08:00:00,47.943505
2012-02-08 09:00:00,45.800212
2012-02-08 10:00:00,45.143307
2012-02-08 11:00:00,40.520912
2012-02-08 12:00:00,43.019845
2012-02-08 13:00:00,48.486659
2012-02-08 14:00:00,52.565627
2012-02-08 15:00:00,48.461649
2012-02-08 16:00:00,42.236875
2012-02-08 17:00:00,48.112229
2012-02-08 18:00:00,49.806978
2012-02-08 19:00:00,50.570747
2012-02-08 20:00:00,50.086288
2012-02-08 21:00:00,40.437358
2012-02-08 22:00:00,35.907842
2012-02-08 23:00:00,46.726177
2012-02-09 00:00:00,52.971086
2012-02-09 01:00:00,49.111636
2012-02-09 02:00:00,51.407005
2012-02-09 03:00:00,29.039478
2012-02-09 04:00:00,51.522459
2012-02-09 05:00:00,53.049504
2012-02-09 06:00:00,52.754308
2012-02-09 07:00:00,50.878317
2012-02-09 08:00:00,52.837932
2012-02-09 09:00:00,52.054766
2012-02-09 10:00:00,53.089093
2012-02-09 11:00:00,50.38784
2012-02-09 12:00:00,51.317884
2012-02-09 13:00:00,51.858106
2012-02-09 14:00:00,46.217637
2012-02-09 15:00:00,49.91043
2012-02-09 16:00:00,49.671911
2012-02-09 17:00:00,37.579414
2012-02-09 18:00:00,46.041541
2012-02-09 19:00:00,42.444674
2012-02-09 20:00:00,50.272349
2012-02-09 21:00:00,36.095516
2012-02-09 22:00:00,35.48628
2012-02-09 23:00:00,47.112638
2012-02-10 00:00:00,53.133635
2012-02-10 01:00:00,50.12788
2012-02-10 02:00:00,51.77117
2012-02-10 03:00:00,44.844458
2012-02-10 04:00:00,44.281436
2012-02-10 05:00:00,51.433451
2012-02-10 06:00:00,44.085259
2012-02-10 07:00:00,45.205586
2012-02-10 08:00:00,52.942765
2012-02-10 09:00:00,50.832426
2012-02-10 10:00:00,52.44488
2012-02-10 11:00:00,48.63836
2012-02-10 12:00:00,51.891648
2012-02-10 13:00:00,52.979425
2012-02-10 14:00:00,45.590152
2012-02-10 15:00:00,46.566016
2012-02-10 16:00:00,53.352622
2012-02-10 17:00:00,50.508381
2012-02-10 18:00:00,52.912068
2012-02-10 19:00:00,52.62825
2012-02-10 20:00:00,50.057263
2012-02-10 21:00:00,49.859876
2012-02-10 22:00:00,49.780848
2012-02-10 23:00:00,44.781492
2012-02-11 00:00:00,51.38009
2012-02-11 01:00:00,51.377497
2012-02-11 02:00:00,46.372979
2012-02-11 03:00:00,50.475317
2012-02-11 04:00:00,52.559797
2012-02-11 05:00:00,48.792243
2012-02-11 06:00:00,47.55777
2012-02-11 07:00:00,49.775333
2012-02-11 08:00:00,52.311846
2012-02-11 09:00:00,44.306509
2012-02-11 10:00:00,53.574036
2012-02-11 11:00:00,45.932136
2012-02-11 12:00:00,45.187632
2012-02-11 13:00:00,47.83262
2012-02-11 14:00:00,42.833541
2012-02-11 15:00:00,53.601396
2012-02-11 16:00:00,51.719362
2012-02-11 17:00:00,52.840401
2012-02-11 18:00:00,50.49638
2012-02-11 19:00:00,48.370778
2012-02-11 20:00:00,43.89845
2012-02-11 21:00:00,50.880164
2012-02-11 22:00:00,46.877112
2012-02-11 23:00:00,44.672439
2012-02-12 00:00:00,49.610757
2012-02-12 01:00:00,45.953928
2012-02-12 02:00:00,50.206766
2012-02-12 03:00:00,47.696766
2012-02-12 04:00:00,49.761797
2012-02-12 05:00:00,50.934812
2012-02-12 06:00:00,41.369528
2012-02-12 07:00:00,51.893666
2012-02-12 08:00:00,43.734613
2012-02-12 09:00:00,43.731723
2012-02-12 10:00:00,51.749566
2012-02-12 11:00:00,44.614605
2012-02-12 12:00:00,51.283031
2012-02-12 13:00:00,53.670807
2012-02-12 14:00:00,52.156791
2012-02-12 15:00:00,51.487589
2012-02-12 16:00:00,40.226821
2012-02-12 17:00:00,50.740605
2012-02-12 18:00:00,51.960535
2012-02-12 19:00:00,51.520396
2012-02-12 20:00:00,48.240212
2012-02-12 21:00:00,43.411596
2012-02-12 22:00:00,44.039499
2012-02-12 23:00:00,51.445053
2012-02-13 00:00:00,47.086056
2012-02-13 01:00:00,47.566436
2012-02-13 02:00:00,50.139878
2012-02-13 03:00:00,50.045249
2012-02-13 04:00:00,42.338463
2012-02-13 05:00:00,51.262591
2012-02-13 06:00:00,49.872617
2012-02-13 07:00:00,50.566473
2012-02-13 08:00:00,53.332595
2012-02-13 09:00:00,52.877575
2012-02-13 10:00:00,50.390789
2012-02-13 11:00:00,49.741174
2012-02-13 12:00:00,51.653578
2012-02-13 13:00:00,52.745969
2012-02-13 14:00:00,53.261208
2012-02-13 15:00:00,49.452858
2012-02-13 16:00:00,48.060415
2012-02-13 17:00:00,47.847515
2012-02-13 18:00:00,49.481228
2012-02-13 19:00:00,51.496843
2012-02-13 20:00:00,52.362967
2012-02-13 21:00:00,51.297687
2012-02-13 22:00:00,44.188966
2012-02-13 23:00:00,52.631801
2012-02-14 00:00:00,50.778266
2012-02-14 01:00:00,50.21469
2012-02-14 02:00:00,50.560477
2012-02-14 03:00:00,46.137302
2012-02-14 04:00:00,47.955153
2012-02-14 05:00:00,52.656301
2012-02-14 06:00:00,43.799176
2012-02-14 07:00:00,51.822635
2012-02-14 08:00:00,50.765658
2012-02-14 09:00:00,53.407212
2012-02-14 10:00:00,44.986848
2012-02-14 11:00:00,50.970154
2012-02-14 12:00:00,48.911095
2012-02-14 13:00:00,51.229476
2012-02-14 14:00:00,48.127051
2012-02-14 15:00:00,52.076155
2012-02-14 16:00:00,45.218128
2012-02-14 17:00:00,41.476402
2012-02-14 18:00:00,44.734796
2012-02-14 19:00:00,44.362532
2012-02-14 20:00:00,44.25037
2012-02-14 21:00:00,42.658793
2012-02-14 22:00:00,35.601023
2012-02-14 23:00:00,45.630165
2012-02-15 00:00:00,40.347883
2012-02-15 01:00:00,42.024584
2012-02-15 02:00:00,46.336733
2012-02-15 03:00:00,44.616605
2012-02-15 04:00:00,48.754876
2012-02-15 05:00:00,48.125339
2012-02-15 06:00:00,49.322352
2012-02-15 07:00:00,41.985006
2012-02-15 08:00:00,46.20875
2012-02-15 09:00:00,47.142387
2012-02-15 10:00:00,47.531288
2012-02-15 11:00:00,46.616304
2012-02-15 12:00:00,46.59066
2012-02-15 13:00:00,46.420092
2012-02-15 14:00:00,49.831525
2012-02-15 15:00:00,44.354532
2012-02-15 16:00:00,43.015179
2012-02-15 17:00:00,34.859543
2012-02-15 18:00:00,48.778929
2012-02-15 19:00:00,47.336329
2012-02-15 20:00:00,43.909062
2012-02-15 21:00:00,39.722333
2012-02-15 22:00:00,37.366471
2012-02-15 23:00:00,44.891729
2012-02-16 00:00:00,33.601871
2012-02-16 01:00:00,32.167583
2012-02-16 02:00:00,42.779521
2012-02-16 03:00:00,38.372723
2012-02-16 04:00:00,44.074891
2012-02-16 05:00:00,42.993734
2012-02-16 06:00:00,39.604103
2012-02-16 07:00:00,37.533081
2012-02-16 08:00:00,39.855503
2012-02-16 09:00:00,42.173722
2012-02-16 10:00:00,44.166782
2012-02-16 11:00:00,40.267087
2012-02-16 12:00:00,45.066123
2012-02-16 13:00:00,48.776015
2012-02-16 14:00:00,44.288223
2012-02-16 15:00:00,45.391818
2012-02-16 16:00:00,44.00541
2012-02-16 17:00:00,42.907645
2012-02-16 18:00:00,47.770162
2012-02-16 19:00:00,45.563697
2012-02-16 20:00:00,46.559736
2012-02-16 21:00:00,45.491503
2012-02-16 22:00:00,46.734296
2012-02-16 23:00:00,44.991223
2012-02-17 00:00:00,48.161184
2012-02-17 01:00:00,44.424712
2012-02-17 02:00:00,45.773443
2012-02-17 03:00:00,46.286545
2012-02-17 04:00:00,47.702696
2012-02-17 05:00:00,49.711136
2012-02-17 06:00:00,42.251607
2012-02-17 07:00:00,45.957755
2012-02-17 08:00:00,45.198165
2012-02-17 09:00:00,46.966466
2012-02-17 10:00:00,38.863106
2012-02-17 11:00:00,41.354692
2012-02-17 12:00:00,38.724191
2012-02-17 13:00:00,45.229012
2012-02-17 14:00:00,43.742952
2012-02-17 15:00:00,39.513286
2012-02-17 16:00:00,41.76149
2012-02-17 17:00:00,42.273398
2012-02-17 18:00:00,45.484237
2012-02-17 19:00:00,48.555906
2012-02-17 20:00:00,42.292239
2012-02-17 21:00:00,44.857342
2012-02-17 22:00:00,41.268948
2012-02-17 23:00:00,37.77077
2012-02-18 00:00:00,42.530809
2012-02-18 01:00:00,30.149227
2012-02-18 02:00:00,38.538554
2012-02-18 03:00:00,33.35562
2012-02-18 04:00:00,40.938315
2012-02-18 05:00:00,47.468337
2012-02-18 06:00:00,34.8
2012-02-18 07:00:00,34.8
2012-02-18 08:00:00,34.8
2012-02-18 09:00:00,32.2
2012-02-18 10:00:00,31.6
2012-02-18 11:00:00,31.6
2012-02-18 12:00:00,31.6
2012-02-18 13:00:00,32.4
2012-02-18 14:00:00,33.6
2012-02-18 15:00:00,26.6
2012-02-18 16:00:00,34.8
2012-02-18 17:00:00,34.8
2012-02-18 18:00:00,31.6
2012-02-18 19:00:00,28.8
2012-02-18 20:00:00,31.6
2012-02-18 21:00:00,28.8
2012-02-18 22:00:00,26.6
2012-02-18 23:00:00,26.6
2012-02-19 00:00:00,39.420879
2012-02-19 01:00:00,45.966306
2012-02-19 02:00:00,40.068573
2012-02-19 03:00:00,39.755532
2012-02-19 04:00:00,40.614792
2012-02-19 05:00:00,44.61932
2012-02-19 06:00:00,45.210199
2012-02-19 07:00:00,50.600871
2012-02-19 08:00:00,43.331245
2012-02-19 09:00:00,36.72704
2012-02-19 10:00:00,44.672838
2012-02-19 11:00:00,47.311443
2012-02-19 12:00:00,46.002715
2012-02-19 13:00:00,49.070729
2012-02-19 14:00:00,50.337536
2012-02-19 15:00:00,40.046669
2012-02-19 16:00:00,43.817441
2012-02-19 17:00:00,37.927683
2012-02-19 18:00:00,46.496494
2012-02-19 19:00:00,40.856473
2012-02-19 20:00:00,41.106485
2012-02-19 21:00:00,33.701489
2012-02-19 22:00:00,40.84239
2012-02-19 23:00:00,44.083544
2012-02-20 00:00:00,42.585472
2012-02-20 01:00:00,44.154044
2012-02-20 02:00:00,44.709938
2012-02-20 03:00:00,44.382782
2012-02-20 04:00:00,46.71794
2012-02-20 05:00:00,48.584603
2012-02-20 06:00:00,33.460217
2012-02-20 07:00:00,38.507074
2012-02-20 08:00:00,39.018757
2012-02-20 09:00:00,45.979865
2012-02-20 10:00:00,36.715655
2012-02-20 11:00:00,40.749553
2012-02-20 12:00:00,43.586289
2012-02-20 13:00:00,41.896821
2012-02-20 14:00:00,39.165486
2012-02-20 15:00:00,45.526776
2012-02-20 16:00:00,39.287171
2012-02-20 17:00:00,41.394446
2012-02-20 18:00:00,45.8951
2012-02-20 19:00:00,47.167865
2012-02-20 20:00:00,45.709668
2012-02-20 21:00:00,41.4579
2012-02-20 22:00:00,35.404721
2012-02-20 23:00:00,43.86356
2012-02-21 00:00:00,41.336695
2012-02-21 01:00:00,46.568261
2012-02-21 02:00:00,47.16684
2012-02-21 03:00:00,48.445606
2012-02-21 04:00:00,48.176998
2012-02-21 05:00:00,50.192813
2012-02-21 06:00:00,48.606078
2012-02-21 07:00:00,34.834105
2012-02-21 08:00:00,42.325791
2012-02-21 09:00:00,43.551579
2012-02-21 10:00:00,43.387197
2012-02-21 11:00:00,40.58988
2012-02-21 12:00:00,45.3334
2012-02-21 13:00:00,46.814222
2012-02-21 14:00:00,47.818605
2012-02-21 15:00:00,41.929434
2012-02-21 16:00:00,37.761243
2012-02-21 17:00:00,41.231289
2012-02-21 18:00:00,44.158028
2012-02-21 19:00:00,35.171008
2012-02-21 20:00:00,43.626091
2012-02-21 21:00:00,34.901435
2012-02-21 22:00:00,43.499813
2012-02-21 23:00:00,43.207999
2012-02-22 00:00:00,8.71
2012-02-22 01:00:00,8.71
2012-02-22 02:00:00,8.71
2012-02-22 03:00:00,8.71
2012-02-22 04:00:00,8.71
2012-02-22 05:00:00,8.71
2012-02-22 06:00:00,8.71
2012-02-22 07:00:00,8.710000005
2012-02-22 08:00:00,40.099851
2012-02-22 09:00:00,46.758114
2012-02-22 10:00:00,46.640151
2012-02-22 11:00:00,46.976954
2012-02-22 12:00:00,36.597594
2012-02-22 13:00:00,40.237971
2012-02-22 14:00:00,49.559399
2012-02-22 15:00:00,47.567954
2012-02-22 16:00:00,46.751087
2012-02-22 17:00:00,44.280658
2012-02-22 18:00:00,45.023821
2012-02-22 19:00:00,43.174899
2012-02-22 20:00:00,47.45607
2012-02-22 21:00:00,43.827711
2012-02-22 22:00:00,46.802081
2012-02-22 23:00:00,44.507704
2012-02-23 00:00:00,46.855202
2012-02-23 01:00:00,49.067632
2012-02-23 02:00:00,47.296328
2012-02-23 03:00:00,49.586885
2012-02-23 04:00:00,47.224664
2012-02-23 05:00:00,47.931261
2012-02-23 06:00:00,40.062113
2012-02-23 07:00:00,43.371357
2012-02-23 08:00:00,45.793319
2012-02-23 09:00:00,47.682061
2012-02-23 10:00:00,42.476711
2012-02-23 11:00:00,45.801984
2012-02-23 12:00:00,42.599729
2012-02-23 13:00:00,42.056614
2012-02-23 14:00:00,38.94437
2012-02-23 15:00:00,36.983568
2012-02-23 16:00:00,42.841588
2012-02-23 17:00:00,39.412789
2012-02-23 18:00:00,42.772211
2012-02-23 19:00:00,41.123751
2012-02-23 20:00:00,39.655431
2012-02-23 21:00:00,38.778096
2012-02-23 22:00:00,40.292553
2012-02-23 23:00:00,40.822262
2012-02-24 00:00:00,44.043348
2012-02-24 01:00:00,46.012119
2012-02-24 02:00:00,48.495189
2012-02-24 03:00:00,47.095655
2012-02-24 04:00:00,48.703776
2012-02-24 05:00:00,48.588589
2012-02-24 06:00:00,48.926877
2012-02-24 07:00:00,46.788452
2012-02-24 08:00:00,40.847293
2012-02-24 09:00:00,47.530573
2012-02-24 10:00:00,42.220381
2012-02-24 11:00:00,43.965582
2012-02-24 12:00:00,44.142018
2012-02-24 13:00:00,49.291985
2012-02-24 14:00:00,41.751304
2012-02-24 15:00:00,35.193273
2012-02-24 16:00:00,34.007381
2012-02-24 17:00:00,42.722375
2012-02-24 18:00:00,41.26978
2012-02-24 19:00:00,43.806477
2012-02-24 20:00:00,39.975275
2012-02-24 21:00:00,36.498352
2012-02-24 22:00:00,47.37333
2012-02-24 23:00:00,45.672536
2012-02-25 00:00:00,50.151908
2012-02-25 01:00:00,43.697051
2012-02-25 02:00:00,42.496441
2012-02-25 03:00:00,41.211054
2012-02-25 04:00:00,45.309649
2012-02-25 05:00:00,49.422211
2012-02-25 06:00:00,44.713606
2012-02-25 07:00:00,41.807811
2012-02-25 08:00:00,47.00056
2012-02-25 09:00:00,46.844474
2012-02-25 10:00:00,45.41753
2012-02-25 11:00:00,44.201173
2012-02-25 12:00:00,49.083884
2012-02-25 13:00:00,47.269562
2012-02-25 14:00:00,41.18977
2012-02-25 15:00:00,40.070628
2012-02-25 16:00:00,41.999519
2012-02-25 17:00:00,38.17668
2012-02-25 18:00:00,49.967001
2012-02-25 19:00:00,42.131489
2012-02-25 20:00:00,33.195094
2012-02-25 21:00:00,33.036143
2012-02-25 22:00:00,43.182403
2012-02-25 23:00:00,44.571936
2012-02-26 00:00:00,47.178144
2012-02-26 01:00:00,34.978477
2012-02-26 02:00:00,33.956577
2012-02-26 03:00:00,34.717938
2012-02-26 04:00:00,41.58611
2012-02-26 05:00:00,45.927009
2012-02-26 06:00:00,38.292635
2012-02-26 07:00:00,47.842588
2012-02-26 08:00:00,50.669496
2012-02-26 09:00:00,50.064576
2012-02-26 10:00:00,48.005618
2012-02-26 11:00:00,49.601211
2012-02-26 12:00:00,50.609201
2012-02-26 13:00:00,51.197258
2012-02-26 14:00:00,48.564823
2012-02-26 15:00:00,50.55651
2012-02-26 16:00:00,42.267499
2012-02-26 17:00:00,46.504842
2012-02-26 18:00:00,46.134947
2012-02-26 19:00:00,49.134702
2012-02-26 20:00:00,43.458448
2012-02-26 21:00:00,45.432988
2012-02-26 22:00:00,46.455545
2012-02-26 23:00:00,44.578726
2012-02-27 00:00:00,43.47092
2012-02-27 01:00:00,46.046947
2012-02-27 02:00:00,48.966676
2012-02-27 03:00:00,48.063572
2012-02-27 04:00:00,48.295011
2012-02-27 05:00:00,49.208481
2012-02-27 06:00:00,47.347677
2012-02-27 07:00:00,50.390437
2012-02-27 08:00:00,49.196241
2012-02-27 09:00:00,49.914855
2012-02-27 10:00:00,50.312221
2012-02-27 11:00:00,43.032403
2012-02-27 12:00:00,40.887933
2012-02-27 13:00:00,47.636345
2012-02-27 14:00:00,50.635113
2012-02-27 15:00:00,43.956697
2012-02-27 16:00:00,44.66343
2012-02-27 17:00:00,39.722477
2012-02-27 18:00:00,44.813549
2012-02-27 19:00:00,42.235369
2012-02-27 20:00:00,39.393035
2012-02-27 21:00:00,45.221466
2012-02-27 22:00:00,43.522429
2012-02-27 23:00:00,44.200561
2012-02-28 00:00:00,42.377826
2012-02-28 01:00:00,45.141555
2012-02-28 02:00:00,49.790229
2012-02-28 03:00:00,47.68875
2012-02-28 04:00:00,43.635325
2012-02-28 05:00:00,46.25364
2012-02-28 06:00:00,35.136994
2012-02-28 07:00:00,41.632128
2012-02-28 08:00:00,47.514485
2012-02-28 09:00:00,42.319753
2012-02-28 10:00:00,43.876188
2012-02-28 11:00:00,47.566865
2012-02-28 12:00:00,44.385416
2012-02-28 13:00:00,45.237667
2012-02-28 14:00:00,33.588605
2012-02-28 15:00:00,38.432486
2012-02-28 16:00:00,40.730365
2012-02-28 17:00:00,41.45246
2012-02-28 18:00:00,44.368808
2012-02-28 19:00:00,42.004407
2012-02-28 20:00:00,38.477735
2012-02-28 21:00:00,36.591143
2012-02-28 22:00:00,38.101816
2012-02-28 23:00:00,40.33301
2012-02-29 00:00:00,41.678699
2012-02-29 01:00:00,39.13088
2012-02-29 02:00:00,46.714917
2012-02-29 03:00:00,45.009705
2012-02-29 04:00:00,40.879918
2012-02-29 05:00:00,48.460368
2012-02-29 06:00:00,38.659771
2012-02-29 07:00:00,43.771143
2012-02-29 08:00:00,42.772372
2012-02-29 09:00:00,40.223773
2012-02-29 10:00:00,45.817219
2012-02-29 11:00:00,49.222929
2012-02-29 12:00:00,46.355653
2012-02-29 13:00:00,48.049644
2012-02-29 14:00:00,48.972486
2012-02-29 15:00:00,44.883006
2012-02-29 16:00:00,46.093204
2012-02-29 17:00:00,43.517153
2012-02-29 18:00:00,42.491213
2012-02-29 19:00:00,48.394756
2012-02-29 20:00:00,44.568803
2012-02-29 21:00:00,42.523256
2012-02-29 22:00:00,41.00066
2012-02-29 23:00:00,45.393644
2012-03-01 00:00:00,41.805114
2012-03-01 01:00:00,43.898516
2012-03-01 02:00:00,45.84801
2012-03-01 03:00:00,46.012129
2012-03-01 04:00:00,43.856641
2012-03-01 05:00:00,50.85391
2012-03-01 06:00:00,48.039236
2012-03-01 07:00:00,48.306547
2012-03-01 08:00:00,47.178459
2012-03-01 09:00:00,49.531851
2012-03-01 10:00:00,46.060086
2012-03-01 11:00:00,49.905636
2012-03-01 12:00:00,50.337995
2012-03-01 13:00:00,50.587937
2012-03-01 14:00:00,49.761895
2012-03-01 15:00:00,47.751606
2012-03-01 16:00:00,49.600664
2012-03-01 17:00:00,45.13818
2012-03-01 18:00:00,49.78911
2012-03-01 19:00:00,49.940402
2012-03-01 20:00:00,49.283811
2012-03-01 21:00:00,49.761049
2012-03-01 22:00:00,47.273282
2012-03-01 23:00:00,49.074166
2012-03-02 00:00:00,47.130744
2012-03-02 01:00:00,43.949317
2012-03-02 02:00:00,42.869389
2012-03-02 03:00:00,46.739328
2012-03-02 04:00:00,48.436184
2012-03-02 05:00:00,49.966533
2012-03-02 06:00:00,43.480074
2012-03-02 07:00:00,47.98103
2012-03-02 08:00:00,46.553885
2012-03-02 09:00:00,49.460249
2012-03-02 10:00:00,46.331269
2012-03-02 11:00:00,47.189923
2012-03-02 12:00:00,48.000221
2012-03-02 13:00:00,49.945063
2012-03-02 14:00:00,48.670958
2012-03-02 15:00:00,48.07523
2012-03-02 16:00:00,45.685891
2012-03-02 17:00:00,47.016592
2012-03-02 18:00:00,48.715337
2012-03-02 19:00:00,51.015772
2012-03-02 20:00:00,49.182248
2012-03-02 21:00:00,47.042758
2012-03-02 22:00:00,37.841715
2012-03-02 23:00:00,38.915597
2012-03-03 00:00:00,41.224524
2012-03-03 01:00:00,38.406903
2012-03-03 02:00:00,43.356371
2012-03-03 03:00:00,36.837007
2012-03-03 04:00:00,39.092429
2012-03-03 05:00:00,41.160629
2012-03-03 06:00:00,41.666721
2012-03-03 07:00:00,46.877915
2012-03-03 08:00:00,50.883974
2012-03-03 09:00:00,49.133114
2012-03-03 10:00:00,40.728787
2012-03-03 11:00:00,42.628046
2012-03-03 12:00:00,49.615941
2012-03-03 13:00:00,50.389976
2012-03-03 14:00:00,49.590641
2012-03-03 15:00:00,49.001296
2012-03-03 16:00:00,49.991062
2012-03-03 17:00:00,50.127457
2012-03-03 18:00:00,49.652372
2012-03-03 19:00:00,49.094743
2012-03-03 20:00:00,48.849133
2012-03-03 21:00:00,46.273391
2012-03-03 22:00:00,48.646406
2012-03-03 23:00:00,44.276337
2012-03-04 00:00:00,48.098128
2012-03-04 01:00:00,46.650189
2012-03-04 02:00:00,47.429187
2012-03-04 03:00:00,50.319358
2012-03-04 04:00:00,46.279736
2012-03-04 05:00:00,49.311943
2012-03-04 06:00:00,37.766457
2012-03-04 07:00:00,46.07309
2012-03-04 08:00:00,43.147124
2012-03-04 09:00:00,45.798218
2012-03-04 10:00:00,44.198336
2012-03-04 11:00:00,41.124602
2012-03-04 12:00:00,45.183142
2012-03-04 13:00:00,46.71093
2012-03-04 14:00:00,42.349138
2012-03-04 15:00:00,45.394924
2012-03-04 16:00:00,47.38114
2012-03-04 17:00:00,47.961703
2012-03-04 18:00:00,48.008865
2012-03-04 19:00:00,41.843201
2012-03-04 20:00:00,48.88325
2012-03-04 21:00:00,35.278655
2012-03-04 22:00:00,44.910709
2012-03-04 23:00:00,42.881674
2012-03-05 00:00:00,48.686463
2012-03-05 01:00:00,47.673606
2012-03-05 02:00:00,49.188246
2012-03-05 03:00:00,49.277862
2012-03-05 04:00:00,49.349172
2012-03-05 05:00:00,49.781822
2012-03-05 06:00:00,47.861838
2012-03-05 07:00:00,47.217928
2012-03-05 08:00:00,49.662658
2012-03-05 09:00:00,49.866921
2012-03-05 10:00:00,49.887828
2012-03-05 11:00:00,48.953986
2012-03-05 12:00:00,48.538259
2012-03-05 13:00:00,48.039961
2012-03-05 14:00:00,45.774929
2012-03-05 15:00:00,45.721723
2012-03-05 16:00:00,44.209379
2012-03-05 17:00:00,38.017494
2012-03-05 18:00:00,43.929718
2012-03-05 19:00:00,39.98197
2012-03-05 20:00:00,41.918187
2012-03-05 21:00:00,40.961276
2012-03-05 22:00:00,41.966803
2012-03-05 23:00:00,37.016466
2012-03-06 00:00:00,42.571601
2012-03-06 01:00:00,42.380225
2012-03-06 02:00:00,34.517793
2012-03-06 03:00:00,41.420822
2012-03-06 04:00:00,43.006322
2012-03-06 05:00:00,47.093693
2012-03-06 06:00:00,41.749831
2012-03-06 07:00:00,42.498193
2012-03-06 08:00:00,42.737206
2012-03-06 09:00:00,43.86186
2012-03-06 10:00:00,44.37826
2012-03-06 11:00:00,44.126683
2012-03-06 12:00:00,36.676961
2012-03-06 13:00:00,41.76305
2012-03-06 14:00:00,45.000568
2012-03-06 15:00:00,42.686201
2012-03-06 16:00:00,43.941735
2012-03-06 17:00:00,45.472114
2012-03-06 18:00:00,46.535001
2012-03-06 19:00:00,46.846591
2012-03-06 20:00:00,47.079457
2012-03-06 21:00:00,44.957261
2012-03-06 22:00:00,43.168782
2012-03-06 23:00:00,46.523737
2012-03-07 00:00:00,45.21251
2012-03-07 01:00:00,44.464556
2012-03-07 02:00:00,40.136658
2012-03-07 03:00:00,46.362287
2012-03-07 04:00:00,44.342311
2012-03-07 05:00:00,47.419749
2012-03-07 06:00:00,42.409299
2012-03-07 07:00:00,43.21812
2012-03-07 08:00:00,47.356041
2012-03-07 09:00:00,43.912336
2012-03-07 10:00:00,46.800368
2012-03-07 11:00:00,40.387706
2012-03-07 12:00:00,47.104973
2012-03-07 13:00:00,42.071952
2012-03-07 14:00:00,42.023128
2012-03-07 15:00:00,46.182622
2012-03-07 16:00:00,46.800596
2012-03-07 17:00:00,44.348196
2012-03-07 18:00:00,39.938265
2012-03-07 19:00:00,47.778993
2012-03-07 20:00:00,44.529839
2012-03-07 21:00:00,44.098812
2012-03-07 22:00:00,47.762048
2012-03-07 23:00:00,42.246274
2012-03-08 00:00:00,38.26273
2012-03-08 01:00:00,42.609122
2012-03-08 02:00:00,46.633685
2012-03-08 03:00:00,42.269949
2012-03-08 04:00:00,44.262233
2012-03-08 05:00:00,46.632057
2012-03-08 06:00:00,45.814056
2012-03-08 07:00:00,38.848178
2012-03-08 08:00:00,45.595156
2012-03-08 09:00:00,44.240416
2012-03-08 10:00:00,45.992091
2012-03-08 11:00:00,45.536993
2012-03-08 12:00:00,45.289431
2012-03-08 13:00:00,45.322197
2012-03-08 14:00:00,46.773241
2012-03-08 15:00:00,44.828485
2012-03-08 16:00:00,40.47414
2012-03-08 17:00:00,32.535997
2012-03-08 18:00:00,43.672514
2012-03-08 19:00:00,47.195211
2012-03-08 20:00:00,47.610256
2012-03-08 21:00:00,40.556784
2012-03-08 22:00:00,34.138886
2012-03-08 23:00:00,38.656377
2012-03-09 00:00:00,30.913991
2012-03-09 01:00:00,33.764811
2012-03-09 02:00:00,37.99152
2012-03-09 03:00:00,36.66949
2012-03-09 04:00:00,43.648288
2012-03-09 05:00:00,47.209865
2012-03-09 06:00:00,46.78597
2012-03-09 07:00:00,41.288553
2012-03-09 08:00:00,39.669634
2012-03-09 09:00:00,49.107145
2012-03-09 10:00:00,48.481303
2012-03-09 11:00:00,46.685698
2012-03-09 12:00:00,46.633101
2012-03-09 13:00:00,48.030031
2012-03-09 14:00:00,45.950997
2012-03-09 15:00:00,47.125894
2012-03-09 16:00:00,45.24091
2012-03-09 17:00:00,42.978046
2012-03-09 18:00:00,45.039303
2012-03-09 19:00:00,48.057616
2012-03-09 20:00:00,48.132795
2012-03-09 21:00:00,47.096453
2012-03-09 22:00:00,45.485487
2012-03-09 23:00:00,46.440485
2012-03-10 00:00:00,47.608868
2012-03-10 01:00:00,42.540958
2012-03-10 02:00:00,45.342738
2012-03-10 03:00:00,43.148387
2012-03-10 04:00:00,43.041795
2012-03-10 05:00:00,46.183069
2012-03-10 06:00:00,38.978532
2012-03-10 07:00:00,45.153168
2012-03-10 08:00:00,47.978649
2012-03-10 09:00:00,38.120376
2012-03-10 10:00:00,45.132529
2012-03-10 11:00:00,41.713432
2012-03-10 12:00:00,46.777067
2012-03-10 13:00:00,41.863942
2012-03-10 14:00:00,43.507918
2012-03-10 15:00:00,41.624557
2012-03-10 16:00:00,42.723837
2012-03-10 17:00:00,43.383637
2012-03-10 18:00:00,43.531009
2012-03-10 19:00:00,47.233837
2012-03-10 20:00:00,43.562704
2012-03-10 21:00:00,45.007584
2012-03-10 22:00:00,39.504031
2012-03-10 23:00:00,40.839875
2012-03-11 00:00:00,44.041111
2012-03-11 01:00:00,38.895949
2012-03-11 02:00:00,43.675159
2012-03-11 03:00:00,44.092777
2012-03-11 04:00:00,42.095923
2012-03-11 05:00:00,43.429035
2012-03-11 06:00:00,36.652403
2012-03-11 07:00:00,37.26313
2012-03-11 08:00:00,36.997403
2012-03-11 09:00:00,37.807434
2012-03-11 10:00:00,40.857174
2012-03-11 11:00:00,42.423086
2012-03-11 12:00:00,46.772833
2012-03-11 13:00:00,47.622049
2012-03-11 14:00:00,44.597943
2012-03-11 15:00:00,44.219149
2012-03-11 16:00:00,41.631144
2012-03-11 17:00:00,36.258532
2012-03-11 18:00:00,44.226568
2012-03-11 19:00:00,40.121837
2012-03-11 20:00:00,38.232195
2012-03-11 21:00:00,41.392988
2012-03-11 22:00:00,37.65254
2012-03-11 23:00:00,41.816185
2012-03-12 00:00:00,35.911982
2012-03-12 01:00:00,31.385066
2012-03-12 02:00:00,36.42748
2012-03-12 03:00:00,34.577159
2012-03-12 04:00:00,43.877311
2012-03-12 05:00:00,42.441831
2012-03-12 06:00:00,42.49475
2012-03-12 07:00:00,46.082059
2012-03-12 08:00:00,47.537667
2012-03-12 09:00:00,45.647329
2012-03-12 10:00:00,44.633163
2012-03-12 11:00:00,44.909152
2012-03-12 12:00:00,40.393624
2012-03-12 13:00:00,42.670527
2012-03-12 14:00:00,33.248503
2012-03-12 15:00:00,40.133535
2012-03-12 16:00:00,45.424164
2012-03-12 17:00:00,45.675578
2012-03-12 18:00:00,45.696964
2012-03-12 19:00:00,45.75931
2012-03-12 20:00:00,45.14321
2012-03-12 21:00:00,43.067694
2012-03-12 22:00:00,42.854178
2012-03-12 23:00:00,39.228526
2012-03-13 00:00:00,43.9774
2012-03-13 01:00:00,44.49902
2012-03-13 02:00:00,42.471916
2012-03-13 03:00:00,44.762719
2012-03-13 04:00:00,42.629527
2012-03-13 05:00:00,44.91456
2012-03-13 06:00:00,42.544686
2012-03-13 07:00:00,45.902774
2012-03-13 08:00:00,44.777047
2012-03-13 09:00:00,43.790225
2012-03-13 10:00:00,45.503326
2012-03-13 11:00:00,45.205496
2012-03-13 12:00:00,44.325935
2012-03-13 13:00:00,44.061354
2012-03-13 14:00:00,45.408405
2012-03-13 15:00:00,42.233731
2012-03-13 16:00:00,39.685587
2012-03-13 17:00:00,39.042962
2012-03-13 18:00:00,44.95756
2012-03-13 19:00:00,45.951945
2012-03-13 20:00:00,45.658149
2012-03-13 21:00:00,43.728662
2012-03-13 22:00:00,40.854867
2012-03-13 23:00:00,42.653132
2012-03-14 00:00:00,42.73839
2012-03-14 01:00:00,43.383421
2012-03-14 02:00:00,41.764774
2012-03-14 03:00:00,40.450733
2012-03-14 04:00:00,43.987899
2012-03-14 05:00:00,45.516998
2012-03-14 06:00:00,44.992447
2012-03-14 07:00:00,41.90329
2012-03-14 08:00:00,44.234273
2012-03-14 09:00:00,45.687481
2012-03-14 10:00:00,45.892983
2012-03-14 11:00:00,45.981189
2012-03-14 12:00:00,45.118063
2012-03-14 13:00:00,45.277149
2012-03-14 14:00:00,43.920743
2012-03-14 15:00:00,44.26791
2012-03-14 16:00:00,41.181429
2012-03-14 17:00:00,41.22265
2012-03-14 18:00:00,44.833118
2012-03-14 19:00:00,45.521426
2012-03-14 20:00:00,43.433456
2012-03-14 21:00:00,44.110647
2012-03-14 22:00:00,41.308441
2012-03-14 23:00:00,39.368236
2012-03-15 00:00:00,37.829404
2012-03-15 01:00:00,36.38232
2012-03-15 02:00:00,33.676679
2012-03-15 03:00:00,36.097585
2012-03-15 04:00:00,38.791071
2012-03-15 05:00:00,42.708484
2012-03-15 06:00:00,41.920244
2012-03-15 07:00:00,42.333109
2012-03-15 08:00:00,40.304319
2012-03-15 09:00:00,38.427277
2012-03-15 10:00:00,42.203427
2012-03-15 11:00:00,42.813286
2012-03-15 12:00:00,40.782098
2012-03-15 13:00:00,43.855307
2012-03-15 14:00:00,33.859056
2012-03-15 15:00:00,42.71787
2012-03-15 16:00:00,42.956571
2012-03-15 17:00:00,42.775988
2012-03-15 18:00:00,45.619868
2012-03-15 19:00:00,43.552332
2012-03-15 20:00:00,43.504955
2012-03-15 21:00:00,39.569053
2012-03-15 22:00:00,7.58
2012-03-15 23:00:00,7.58
2012-03-16 00:00:00,7.58
2012-03-16 01:00:00,7.58
2012-03-16 02:00:00,7.58
2012-03-16 03:00:00,9.693813
2012-03-16 04:00:00,41.476793
2012-03-16 05:00:00,44.81141
2012-03-16 06:00:00,42.352135
2012-03-16 07:00:00,45.201342
2012-03-16 08:00:00,41.66041
2012-03-16 09:00:00,41.905842
2012-03-16 10:00:00,42.062195
2012-03-16 11:00:00,44.07475
2012-03-16 12:00:00,40.022282
2012-03-16 13:00:00,44.705314
2012-03-16 14:00:00,41.523469
2012-03-16 15:00:00,36.895837
2012-03-16 16:00:00,40.418229
2012-03-16 17:00:00,39.10133
2012-03-16 18:00:00,43.508857
2012-03-16 19:00:00,43.85947
2012-03-16 20:00:00,42.781384
2012-03-16 21:00:00,40.028636
2012-03-16 22:00:00,40.617508
2012-03-16 23:00:00,36.215123
2012-03-17 00:00:00,33.98495
2012-03-17 01:00:00,32.718438
2012-03-17 02:00:00,36.202523
2012-03-17 03:00:00,34.568145
2012-03-17 04:00:00,33.405553
2012-03-17 05:00:00,33.345676
2012-03-17 06:00:00,35.453828
2012-03-17 07:00:00,35.819554
2012-03-17 08:00:00,39.68684
2012-03-17 09:00:00,39.570812
2012-03-17 10:00:00,36.838174
2012-03-17 11:00:00,40.494352
2012-03-17 12:00:00,39.570678
2012-03-17 13:00:00,41.550357
2012-03-17 14:00:00,40.164664
2012-03-17 15:00:00,40.787155
2012-03-17 16:00:00,35.49568
2012-03-17 17:00:00,33.400092
2012-03-17 18:00:00,35.449794
2012-03-17 19:00:00,32.669693
2012-03-17 20:00:00,35.548651
2012-03-17 21:00:00,40.985711
2012-03-17 22:00:00,40.484677
2012-03-17 23:00:00,37.034788
2012-03-18 00:00:00,40.391252
2012-03-18 01:00:00,35.913279
2012-03-18 02:00:00,39.449417
2012-03-18 03:00:00,37.670569
2012-03-18 04:00:00,41.348685
2012-03-18 05:00:00,37.425486
2012-03-18 06:00:00,29.858831
2012-03-18 07:00:00,34.682401
2012-03-18 08:00:00,35.446369
2012-03-18 09:00:00,39.461873
2012-03-18 10:00:00,41.210084
2012-03-18 11:00:00,41.029318
2012-03-18 12:00:00,40.977741
2012-03-18 13:00:00,41.329243
2012-03-18 14:00:00,38.530987
2012-03-18 15:00:00,36.612192
2012-03-18 16:00:00,38.333008
2012-03-18 17:00:00,40.588559
2012-03-18 18:00:00,40.611799
2012-03-18 19:00:00,40.799397
2012-03-18 20:00:00,38.677
2012-03-18 21:00:00,38.131916
2012-03-18 22:00:00,36.337382
2012-03-18 23:00:00,37.494906
2012-03-19 00:00:00,36.82897
2012-03-19 01:00:00,39.150495
2012-03-19 02:00:00,38.084486
2012-03-19 03:00:00,39.672226
2012-03-19 04:00:00,40.543886
2012-03-19 05:00:00,39.221381
2012-03-19 06:00:00,37.085652
2012-03-19 07:00:00,39.149414
2012-03-19 08:00:00,37.228102
2012-03-19 09:00:00,38.936745
2012-03-19 10:00:00,37.563163
2012-03-19 11:00:00,35.757753
2012-03-19 12:00:00,33.219041
2012-03-19 13:00:00,35.270124
2012-03-19 14:00:00,34.658599
2012-03-19 15:00:00,31.778015
2012-03-19 16:00:00,33.251309
2012-03-19 17:00:00,31.338319
2012-03-19 18:00:00,36.645261
2012-03-19 19:00:00,38.639487
2012-03-19 20:00:00,39.277463
2012-03-19 21:00:00,38.45678
2012-03-19 22:00:00,30.687081
2012-03-19 23:00:00,30.83023
2012-03-20 00:00:00,34.78151
2012-03-20 01:00:00,39.524522
2012-03-20 02:00:00,31.973616
2012-03-20 03:00:00,37.624243
2012-03-20 04:00:00,40.325891
2012-03-20 05:00:00,40.982835
2012-03-20 06:00:00,39.995867
2012-03-20 07:00:00,33.526431
2012-03-20 08:00:00,38.440108
2012-03-20 09:00:00,38.172296
2012-03-20 10:00:00,33.614171
2012-03-20 11:00:00,35.732485
2012-03-20 12:00:00,32.963979
2012-03-20 13:00:00,35.383531
2012-03-20 14:00:00,37.350437
2012-03-20 15:00:00,36.29184
2012-03-20 16:00:00,31.348173
2012-03-20 17:00:00,37.247884
2012-03-20 18:00:00,38.285737
2012-03-20 19:00:00,35.434528
2012-03-20 20:00:00,35.659972
2012-03-20 21:00:00,37.597579
2012-03-20 22:00:00,36.066355
2012-03-20 23:00:00,35.132011
2012-03-21 00:00:00,32.150853
2012-03-21 01:00:00,33.611561
2012-03-21 02:00:00,33.164304
2012-03-21 03:00:00,40.390927
2012-03-21 04:00:00,37.7258
2012-03-21 05:00:00,38.846302
2012-03-21 06:00:00,35.972984
2012-03-21 07:00:00,36.837929
2012-03-21 08:00:00,34.625472
2012-03-21 09:00:00,35.997245
2012-03-21 10:00:00,34.909622
2012-03-21 11:00:00,36.390037
2012-03-21 12:00:00,29.694744
2012-03-21 13:00:00,38.08519
2012-03-21 14:00:00,32.541462
2012-03-21 15:00:00,33.753155
2012-03-21 16:00:00,35.268779
2012-03-21 17:00:00,36.044152
2012-03-21 18:00:00,38.715129
2012-03-21 19:00:00,36.469192
2012-03-21 20:00:00,37.173542
2012-03-21 21:00:00,36.457451
2012-03-21 22:00:00,36.603223
2012-03-21 23:00:00,34.206676
2012-03-22 00:00:00,35.150245
2012-03-22 01:00:00,33.681651
2012-03-22 02:00:00,33.956469
2012-03-22 03:00:00,33.069656
2012-03-22 04:00:00,33.262272
2012-03-22 05:00:00,38.156139
2012-03-22 06:00:00,36.264996
2012-03-22 07:00:00,37.60651
2012-03-22 08:00:00,37.749443
2012-03-22 09:00:00,37.091531
2012-03-22 10:00:00,39.737867
2012-03-22 11:00:00,37.170413
2012-03-22 12:00:00,34.930892
2012-03-22 13:00:00,37.272402
2012-03-22 14:00:00,34.585466
2012-03-22 15:00:00,33.152366
2012-03-22 16:00:00,37.40845
2012-03-22 17:00:00,34.262072
2012-03-22 18:00:00,35.451058
2012-03-22 19:00:00,35.210011
2012-03-22 20:00:00,36.603798
2012-03-22 21:00:00,35.426651
2012-03-22 22:00:00,33.085294
2012-03-22 23:00:00,34.522146
2012-03-23 00:00:00,38.638395
2012-03-23 01:00:00,36.267899
2012-03-23 02:00:00,38.339563
2012-03-23 03:00:00,30.98698
2012-03-23 04:00:00,31.094181
2012-03-23 05:00:00,37.835716
2012-03-23 06:00:00,34.519316
2012-03-23 07:00:00,34.261049
2012-03-23 08:00:00,39.376847
2012-03-23 09:00:00,38.296136
2012-03-23 10:00:00,31.765002
2012-03-23 11:00:00,34.793605
2012-03-23 12:00:00,38.13722
2012-03-23 13:00:00,34.333389
2012-03-23 14:00:00,38.281044
2012-03-23 15:00:00,30.980728
2012-03-23 16:00:00,32.657945
2012-03-23 17:00:00,27.563613
2012-03-23 18:00:00,34.819771
2012-03-23 19:00:00,34.932302
2012-03-23 20:00:00,36.76442
2012-03-23 21:00:00,35.795293
2012-03-23 22:00:00,35.976903
2012-03-23 23:00:00,35.910401
2012-03-24 00:00:00,38.614665
2012-03-24 01:00:00,36.375504
2012-03-24 02:00:00,35.252812
2012-03-24 03:00:00,39.154105
2012-03-24 04:00:00,39.064826
2012-03-24 05:00:00,39.986846
2012-03-24 06:00:00,40.436877
2012-03-24 07:00:00,40.12275
2012-03-24 08:00:00,37.982771
2012-03-24 09:00:00,39.698807
2012-03-24 10:00:00,37.505028
2012-03-24 11:00:00,38.861064
2012-03-24 12:00:00,35.474973
2012-03-24 13:00:00,35.029957
2012-03-24 14:00:00,40.231964
2012-03-24 15:00:00,36.599603
2012-03-24 16:00:00,33.995079
2012-03-24 17:00:00,30.425997
2012-03-24 18:00:00,40.096746
2012-03-24 19:00:00,34.708662
2012-03-24 20:00:00,30.520435
2012-03-24 21:00:00,35.670052
2012-03-24 22:00:00,34.174003
2012-03-24 23:00:00,30.269019
2012-03-25 00:00:00,34.16796
2012-03-25 01:00:00,33.33846
2012-03-25 02:00:00,31.3377
2012-03-25 03:00:00,31.520549
2012-03-25 04:00:00,33.341816
2012-03-25 05:00:00,36.101756
2012-03-25 06:00:00,35.385568
2012-03-25 07:00:00,35.464034
2012-03-25 08:00:00,31.961479
2012-03-25 09:00:00,37.645429
2012-03-25 10:00:00,40.639781
2012-03-25 11:00:00,36.7731
2012-03-25 12:00:00,36.623346
2012-03-25 13:00:00,39.912907
2012-03-25 14:00:00,41.761261
2012-03-25 15:00:00,38.17294
2012-03-25 16:00:00,39.618951
2012-03-25 17:00:00,38.340406
2012-03-25 18:00:00,34.128175
2012-03-25 19:00:00,39.981648
2012-03-25 20:00:00,30.095854
2012-03-25 21:00:00,30.257997
2012-03-25 22:00:00,29.341977
2012-03-25 23:00:00,31.154096
2012-03-26 00:00:00,32.931701
2012-03-26 01:00:00,34.583481
2012-03-26 02:00:00,33.970824
2012-03-26 03:00:00,34.562456
2012-03-26 04:00:00,38.434433
2012-03-26 05:00:00,37.30864
2012-03-26 06:00:00,35.658471
2012-03-26 07:00:00,34.846827
2012-03-26 08:00:00,39.710543
2012-03-26 09:00:00,36.525941
2012-03-26 10:00:00,38.203127
2012-03-26 11:00:00,38.243966
2012-03-26 12:00:00,35.879287
2012-03-26 13:00:00,36.974291
2012-03-26 14:00:00,34.781329
2012-03-26 15:00:00,35.222368
2012-03-26 16:00:00,36.456082
2012-03-26 17:00:00,35.318427
2012-03-26 18:00:00,38.168093
2012-03-26 19:00:00,38.835736
2012-03-26 20:00:00,36.305139
2012-03-26 21:00:00,40.929873
2012-03-26 22:00:00,36.253661
2012-03-26 23:00:00,36.724749
2012-03-27 00:00:00,35.373955
2012-03-27 01:00:00,34.82956
2012-03-27 02:00:00,33.501687
2012-03-27 03:00:00,39.79944
2012-03-27 04:00:00,34.953706
2012-03-27 05:00:00,38.174883
2012-03-27 06:00:00,35.191217
2012-03-27 07:00:00,31.691899
2012-03-27 08:00:00,33.62142
2012-03-27 09:00:00,31.370934
2012-03-27 10:00:00,35.933005
2012-03-27 11:00:00,32.865439
2012-03-27 12:00:00,30.688157
2012-03-27 13:00:00,35.710558
2012-03-27 14:00:00,36.29147
2012-03-27 15:00:00,31.308439
2012-03-27 16:00:00,32.239405
2012-03-27 17:00:00,32.758126
2012-03-27 18:00:00,40.835982
2012-03-27 19:00:00,36.994118
2012-03-27 20:00:00,35.166681
2012-03-27 21:00:00,32.346633
2012-03-27 22:00:00,29.633799
2012-03-27 23:00:00,33.337626
2012-03-28 00:00:00,36.643571
2012-03-28 01:00:00,38.313776
2012-03-28 02:00:00,36.35208
2012-03-28 03:00:00,35.24182
2012-03-28 04:00:00,37.426988
2012-03-28 05:00:00,41.71699
2012-03-28 06:00:00,38.384922
2012-03-28 07:00:00,29.64083
2012-03-28 08:00:00,37.598296
2012-03-28 09:00:00,36.238323
2012-03-28 10:00:00,35.32549
2012-03-28 11:00:00,36.177763
2012-03-28 12:00:00,35.747408
2012-03-28 13:00:00,37.359037
2012-03-28 14:00:00,38.583546
2012-03-28 15:00:00,36.495678
2012-03-28 16:00:00,35.245404
2012-03-28 17:00:00,34.05232
2012-03-28 18:00:00,38.471367
2012-03-28 19:00:00,39.559907
2012-03-28 20:00:00,35.739857
2012-03-28 21:00:00,35.462372
2012-03-28 22:00:00,35.791329
2012-03-28 23:00:00,28.658563
2012-03-29 00:00:00,39.165076
2012-03-29 01:00:00,36.629648
2012-03-29 02:00:00,38.972757
2012-03-29 03:00:00,36.322684
2012-03-29 04:00:00,37.780452
2012-03-29 05:00:00,39.470174
2012-03-29 06:00:00,37.679773
2012-03-29 07:00:00,41.543075
2012-03-29 08:00:00,31.777996
2012-03-29 09:00:00,38.118523
2012-03-29 10:00:00,39.996414
2012-03-29 11:00:00,37.283161
2012-03-29 12:00:00,38.57192
2012-03-29 13:00:00,35.763774
2012-03-29 14:00:00,35.260391
2012-03-29 15:00:00,38.458534
2012-03-29 16:00:00,33.06562
2012-03-29 17:00:00,36.789559
2012-03-29 18:00:00,39.87331
2012-03-29 19:00:00,38.21575
2012-03-29 20:00:00,35.635401
2012-03-29 21:00:00,33.510387
2012-03-29 22:00:00,28.969642
2012-03-29 23:00:00,33.212984
2012-03-30 00:00:00,34.686827
2012-03-30 01:00:00,33.140399
2012-03-30 02:00:00,36.567129
2012-03-30 03:00:00,39.027691
2012-03-30 04:00:00,37.519157
2012-03-30 05:00:00,38.332592
2012-03-30 06:00:00,35.734337
2012-03-30 07:00:00,33.059905
2012-03-30 08:00:00,39.987816
2012-03-30 09:00:00,40.89532
2012-03-30 10:00:00,38.964188
2012-03-30 11:00:00,38.163037
2012-03-30 12:00:00,38.213656
2012-03-30 13:00:00,40.022851
2012-03-30 14:00:00,37.312337
2012-03-30 15:00:00,37.008383
2012-03-30 16:00:00,36.353114
2012-03-30 17:00:00,25.578594
2012-03-30 18:00:00,35.8111
2012-03-30 19:00:00,40.998791
2012-03-30 20:00:00,33.562262
2012-03-30 21:00:00,31.259942
2012-03-30 22:00:00,29.939508
2012-03-30 23:00:00,34.487551
2012-03-31 00:00:00,35.842002
2012-03-31 01:00:00,36.023847
2012-03-31 02:00:00,38.601028
2012-03-31 03:00:00,36.972728
2012-03-31 04:00:00,35.197888
2012-03-31 05:00:00,32.96533
2012-03-31 06:00:00,38.598696
2012-03-31 07:00:00,42.283522
2012-03-31 08:00:00,40.450347
2012-03-31 09:00:00,38.626036
2012-03-31 10:00:00,39.552702
2012-03-31 11:00:00,41.144289
2012-03-31 12:00:00,38.285563
2012-03-31 13:00:00,39.185686
2012-03-31 14:00:00,38.26773
2012-03-31 15:00:00,40.587394
2012-03-31 16:00:00,39.433012
2012-03-31 17:00:00,37.71139
2012-03-31 18:00:00,40.6544
2012-03-31 19:00:00,35.594853
2012-03-31 20:00:00,38.744631
2012-03-31 21:00:00,37.739713
2012-03-31 22:00:00,36.925539
2012-03-31 23:00:00,37.47664
2012-04-01 00:00:00,32.119969
2012-04-01 01:00:00,31.82211
2012-04-01 02:00:00,33.010769
2012-04-01 03:00:00,32.558948
2012-04-01 04:00:00,31.673468
2012-04-01 05:00:00,30.495683
2012-04-01 06:00:00,31.688946
2012-04-01 07:00:00,35.071179
2012-04-01 08:00:00,37.444483
2012-04-01 09:00:00,38.665164
2012-04-01 10:00:00,38.70513
2012-04-01 11:00:00,40.919418
2012-04-01 12:00:00,39.168092
2012-04-01 13:00:00,41.72715
2012-04-01 14:00:00,41.634214
2012-04-01 15:00:00,40.274357
2012-04-01 16:00:00,34.490845
2012-04-01 17:00:00,29.267007
2012-04-01 18:00:00,29.878413
2012-04-01 19:00:00,36.945644
2012-04-01 20:00:00,36.648003
2012-04-01 21:00:00,28.89506
2012-04-01 22:00:00,34.12521
2012-04-01 23:00:00,31.555838
2012-04-02 00:00:00,35.69188
2012-04-02 01:00:00,33.192584
2012-04-02 02:00:00,36.729449
2012-04-02 03:00:00,35.986147
2012-04-02 04:00:00,40.973347
2012-04-02 05:00:00,37.39471
2012-04-02 06:00:00,32.496178
2012-04-02 07:00:00,35.378521
2012-04-02 08:00:00,38.532314
2012-04-02 09:00:00,39.623795
2012-04-02 10:00:00,40.152409
2012-04-02 11:00:00,36.106512
2012-04-02 12:00:00,37.059204
2012-04-02 13:00:00,38.050314
2012-04-02 14:00:00,35.470658
2012-04-02 15:00:00,38.364466
2012-04-02 16:00:00,35.383795
2012-04-02 17:00:00,25.074238
2012-04-02 18:00:00,38.478506
2012-04-02 19:00:00,37.998182
2012-04-02 20:00:00,33.324727
2012-04-02 21:00:00,31.156212
2012-04-02 22:00:00,33.477629
2012-04-02 23:00:00,29.907579
2012-04-03 00:00:00,36.632673
2012-04-03 01:00:00,28.916521
2012-04-03 02:00:00,34.570212
2012-04-03 03:00:00,35.7528
2012-04-03 04:00:00,36.78156
2012-04-03 05:00:00,36.129205
2012-04-03 06:00:00,33.880036
2012-04-03 07:00:00,36.798636
2012-04-03 08:00:00,39.028558
2012-04-03 09:00:00,36.275466
2012-04-03 10:00:00,38.773986
2012-04-03 11:00:00,32.940352
2012-04-03 12:00:00,39.594901
2012-04-03 13:00:00,41.175859
2012-04-03 14:00:00,31.204376
2012-04-03 15:00:00,37.939516
2012-04-03 16:00:00,38.17505
2012-04-03 17:00:00,32.961278
2012-04-03 18:00:00,39.270586
2012-04-03 19:00:00,38.184273
2012-04-03 20:00:00,38.906443
2012-04-03 21:00:00,35.667782
2012-04-03 22:00:00,34.03264
2012-04-03 23:00:00,35.036276
2012-04-04 00:00:00,38.575162
2012-04-04 01:00:00,36.580222
2012-04-04 02:00:00,34.648933
2012-04-04 03:00:00,35.658435
2012-04-04 04:00:00,33.222618
2012-04-04 05:00:00,32.867946
2012-04-04 06:00:00,35.13034
2012-04-04 07:00:00,34.37652
2012-04-04 08:00:00,38.713751
2012-04-04 09:00:00,38.796881
2012-04-04 10:00:00,37.090199
2012-04-04 11:00:00,41.234956
2012-04-04 12:00:00,36.871286
2012-04-04 13:00:00,34.330448
2012-04-04 14:00:00,35.872465
2012-04-04 15:00:00,38.09883
2012-04-04 16:00:00,36.440344
2012-04-04 17:00:00,34.047437
2012-04-04 18:00:00,30.910546
2012-04-04 19:00:00,37.451112
2012-04-04 20:00:00,37.958033
2012-04-04 21:00:00,35.073032
2012-04-04 22:00:00,37.70759
2012-04-04 23:00:00,39.426383
2012-04-05 00:00:00,37.454052
2012-04-05 01:00:00,40.162733
2012-04-05 02:00:00,41.473006
2012-04-05 03:00:00,37.303902
2012-04-05 04:00:00,39.542739
2012-04-05 05:00:00,35.111559
2012-04-05 06:00:00,30.814337
2012-04-05 07:00:00,35.148188
2012-04-05 08:00:00,36.033041
2012-04-05 09:00:00,37.514384
2012-04-05 10:00:00,38.85594
2012-04-05 11:00:00,37.973376
2012-04-05 12:00:00,34.655254
2012-04-05 13:00:00,38.786315
2012-04-05 14:00:00,37.684782
2012-04-05 15:00:00,41.36779
2012-04-05 16:00:00,39.858542
2012-04-05 17:00:00,36.174766
2012-04-05 18:00:00,38.371374
2012-04-05 19:00:00,38.329233
2012-04-05 20:00:00,36.739559
2012-04-05 21:00:00,39.589133
2012-04-05 22:00:00,37.624071
2012-04-05 23:00:00,38.120949
2012-04-06 00:00:00,40.826316
2012-04-06 01:00:00,35.574297
2012-04-06 02:00:00,39.688992
2012-04-06 03:00:00,32.154494
2012-04-06 04:00:00,35.00523
2012-04-06 05:00:00,35.408866
2012-04-06 06:00:00,2.42
2012-04-06 07:00:00,2.420000005
2012-04-06 08:00:00,31.909711
2012-04-06 09:00:00,28.521443
2012-04-06 10:00:00,35.636444
2012-04-06 11:00:00,38.887983
2012-04-06 12:00:00,41.484268
2012-04-06 13:00:00,39.811038
2012-04-06 14:00:00,33.494642
2012-04-06 15:00:00,36.300051
2012-04-06 16:00:00,38.962961
2012-04-06 17:00:00,40.480264
2012-04-06 18:00:00,38.983964
2012-04-06 19:00:00,34.564548
2012-04-06 20:00:00,36.67416
2012-04-06 21:00:00,38.032991
2012-04-06 22:00:00,41.277726
2012-04-06 23:00:00,39.017795
2012-04-07 00:00:00,39.443113
2012-04-07 01:00:00,35.272096
2012-04-07 02:00:00,34.900944
2012-04-07 03:00:00,36.06115
2012-04-07 04:00:00,39.191835
2012-04-07 05:00:00,26.026363
2012-04-07 06:00:00,2.42
2012-04-07 07:00:00,2.42
2012-04-07 08:00:00,2.42
2012-04-07 09:00:00,2.42
2012-04-07 10:00:00,2.42
2012-04-07 11:00:00,2.42
2012-04-07 12:00:00,2.42
2012-04-07 13:00:00,2.42
2012-04-07 14:00:00,2.42
2012-04-07 15:00:00,14.211065
2012-04-07 16:00:00,40.590612
2012-04-07 17:00:00,38.912725
2012-04-07 18:00:00,38.593052
2012-04-07 19:00:00,40.203563
2012-04-07 20:00:00,37.712961
2012-04-07 21:00:00,38.622317
2012-04-07 22:00:00,7.326731999
2012-04-07 23:00:00,2.42
2012-04-08 00:00:00,39.991702
2012-04-08 01:00:00,41.366734
2012-04-08 02:00:00,39.304693
2012-04-08 03:00:00,37.822831
2012-04-08 04:00:00,34.843922
2012-04-08 05:00:00,37.051192
2012-04-08 06:00:00,37.799569
2012-04-08 07:00:00,35.945893
2012-04-08 08:00:00,39.333175
2012-04-08 09:00:00,41.252301
2012-04-08 10:00:00,37.623138
2012-04-08 11:00:00,36.921821
2012-04-08 12:00:00,37.761743
2012-04-08 13:00:00,38.638226
2012-04-08 14:00:00,41.570583
2012-04-08 15:00:00,40.459096
2012-04-08 16:00:00,34.352873
2012-04-08 17:00:00,33.393465
2012-04-08 18:00:00,39.607379
2012-04-08 19:00:00,42.157162
2012-04-08 20:00:00,40.691809
2012-04-08 21:00:00,36.300686
2012-04-08 22:00:00,31.170954
2012-04-08 23:00:00,36.807614
2012-04-09 00:00:00,39.207776
2012-04-09 01:00:00,32.784641
2012-04-09 02:00:00,32.51117
2012-04-09 03:00:00,35.408822
2012-04-09 04:00:00,36.014107
2012-04-09 05:00:00,36.430946
2012-04-09 06:00:00,29.565369
2012-04-09 07:00:00,33.583431
2012-04-09 08:00:00,39.86413
2012-04-09 09:00:00,40.193981
2012-04-09 10:00:00,37.35057
2012-04-09 11:00:00,35.031902
2012-04-09 12:00:00,37.202337
2012-04-09 13:00:00,31.964649
2012-04-09 14:00:00,31.954963
2012-04-09 15:00:00,35.737399
2012-04-09 16:00:00,38.563996
2012-04-09 17:00:00,37.678562
2012-04-09 18:00:00,38.665099
2012-04-09 19:00:00,38.589423
2012-04-09 20:00:00,38.88691
2012-04-09 21:00:00,35.758467
2012-04-09 22:00:00,36.055051
2012-04-09 23:00:00,36.727187
2012-04-10 00:00:00,40.164438
2012-04-10 01:00:00,43.127833
2012-04-10 02:00:00,44.143357
2012-04-10 03:00:00,43.249451
2012-04-10 04:00:00,44.234813
2012-04-10 05:00:00,40.629702
2012-04-10 06:00:00,2.42
2012-04-10 07:00:00,2.420000001
2012-04-10 08:00:00,7.189253
2012-04-10 09:00:00,40.9258
2012-04-10 10:00:00,41.187344
2012-04-10 11:00:00,41.670951
2012-04-10 12:00:00,38.449288
2012-04-10 13:00:00,42.332895
2012-04-10 14:00:00,42.778629
2012-04-10 15:00:00,41.400079
2012-04-10 16:00:00,2.42
2012-04-10 17:00:00,2.42
2012-04-10 18:00:00,2.42
2012-04-10 19:00:00,2.42
2012-04-10 20:00:00,2.42
2012-04-10 21:00:00,2.42
2012-04-10 22:00:00,2.42
2012-04-10 23:00:00,2.42
2012-04-11 00:00:00,2.42
2012-04-11 01:00:00,24.425861
2012-04-11 02:00:00,42.319314
2012-04-11 03:00:00,43.246738
2012-04-11 04:00:00,43.372621
2012-04-11 05:00:00,43.431757
2012-04-11 06:00:00,43.512502
2012-04-11 07:00:00,43.32342
2012-04-11 08:00:00,43.467269
2012-04-11 09:00:00,43.314331
2012-04-11 10:00:00,43.477188
2012-04-11 11:00:00,43.363639
2012-04-11 12:00:00,43.54958
2012-04-11 13:00:00,43.909524
2012-04-11 14:00:00,43.798075
2012-04-11 15:00:00,44.16073
2012-04-11 16:00:00,43.619376
2012-04-11 17:00:00,43.829064
2012-04-11 18:00:00,43.818002
2012-04-11 19:00:00,44.209653
2012-04-11 20:00:00,42.897364
2012-04-11 21:00:00,44.169208
2012-04-11 22:00:00,43.753806
2012-04-11 23:00:00,44.068781
2012-04-12 00:00:00,43.26
2012-04-12 01:00:00,43.44
2012-04-12 02:00:00,43.36
2012-04-12 03:00:00,43.37
2012-04-12 04:00:00,43.45
2012-04-12 05:00:00,43.53
2012-04-12 06:00:00,38.717187
2012-04-12 07:00:00,38.250106
2012-04-12 08:00:00,34.406497
2012-04-12 09:00:00,37.795398
2012-04-12 10:00:00,37.960845
2012-04-12 11:00:00,38.144675
2012-04-12 12:00:00,38.009533
2012-04-12 13:00:00,37.663565
2012-04-12 14:00:00,38.18957
2012-04-12 15:00:00,38.018408
2012-04-12 16:00:00,37.791379
2012-04-12 17:00:00,37.894823
2012-04-12 18:00:00,38.520539
2012-04-12 19:00:00,36.59647899
2012-04-12 20:00:00,2.42
2012-04-12 21:00:00,2.42
2012-04-12 22:00:00,2.42
2012-04-12 23:00:00,4.289849
2012-04-13 00:00:00,42.92835
2012-04-13 01:00:00,43.703878
2012-04-13 02:00:00,43.866427
2012-04-13 03:00:00,43.624878
2012-04-13 04:00:00,44.925409
2012-04-13 05:00:00,43.292253
2012-04-13 06:00:00,43.73931
2012-04-13 07:00:00,44.018297
2012-04-13 08:00:00,43.833142
2012-04-13 09:00:00,43.827867
2012-04-13 10:00:00,44.006691
2012-04-13 11:00:00,43.953399
2012-04-13 12:00:00,43.998247
2012-04-13 13:00:00,43.979248
2012-04-13 14:00:00,43.9708
2012-04-13 15:00:00,43.915386
2012-04-13 16:00:00,44.07055
2012-04-13 17:00:00,43.811373
2012-04-13 18:00:00,43.692603
2012-04-13 19:00:00,43.882092
2012-04-13 20:00:00,43.622834
2012-04-13 21:00:00,43.754831
2012-04-13 22:00:00,43.817088
2012-04-13 23:00:00,43.92271
2012-04-14 00:00:00,43.671264
2012-04-14 01:00:00,43.805609
2012-04-14 02:00:00,43.932049
2012-04-14 03:00:00,44.034703
2012-04-14 04:00:00,43.902404
2012-04-14 05:00:00,43.676927
2012-04-14 06:00:00,43.914552
2012-04-14 07:00:00,43.87758
2012-04-14 08:00:00,43.874471
2012-04-14 09:00:00,43.865994
2012-04-14 10:00:00,43.672401
2012-04-14 11:00:00,43.64274
2012-04-14 12:00:00,43.246024
2012-04-14 13:00:00,43.621007
2012-04-14 14:00:00,43.750056
2012-04-14 15:00:00,43.570171
2012-04-14 16:00:00,43.390285
2012-04-14 17:00:00,43.611346
2012-04-14 18:00:00,43.770105
2012-04-14 19:00:00,43.479046
2012-04-14 20:00:00,43.682219
2012-04-14 21:00:00,43.75311
2012-04-14 22:00:00,43.647246
2012-04-14 23:00:00,43.557262
2012-04-15 00:00:00,43.711718
2012-04-15 01:00:00,43.936216
2012-04-15 02:00:00,43.637014
2012-04-15 03:00:00,43.935677
2012-04-15 04:00:00,43.913951
2012-04-15 05:00:00,44.295322
2012-04-15 06:00:00,43.656484
2012-04-15 07:00:00,41.75434899
2012-04-15 08:00:00,2.42
2012-04-15 09:00:00,2.42
2012-04-15 10:00:00,2.42
2012-04-15 11:00:00,2.42
2012-04-15 12:00:00,2.42
2012-04-15 13:00:00,2.42
2012-04-15 14:00:00,2.42
2012-04-15 15:00:00,2.42
2012-04-15 16:00:00,23.920003
2012-04-15 17:00:00,41.212763
2012-04-15 18:00:00,42.77905
2012-04-15 19:00:00,42.2013
2012-04-15 20:00:00,43.461622
2012-04-15 21:00:00,42.645163
2012-04-15 22:00:00,42.462256
2012-04-15 23:00:00,42.316459
2012-04-16 00:00:00,42.202473
2012-04-16 01:00:00,42.467557
2012-04-16 02:00:00,42.600099
2012-04-16 03:00:00,42.653116
2012-04-16 04:00:00,42.586845
2012-04-16 05:00:00,42.520574
2012-04-16 06:00:00,42.476747
2012-04-16 07:00:00,42.985825
2012-04-16 08:00:00,42.060469
2012-04-16 09:00:00,43.346421
2012-04-16 10:00:00,41.874868
2012-04-16 11:00:00,43.020293
2012-04-16 12:00:00,41.385337
2012-04-16 13:00:00,43.133042
2012-04-16 14:00:00,43.183431
2012-04-16 15:00:00,41.69828
2012-04-16 16:00:00,41.690323
2012-04-16 17:00:00,43.261758
2012-04-16 18:00:00,42.256398
2012-04-16 19:00:00,43.635784
2012-04-16 20:00:00,41.497736
2012-04-16 21:00:00,42.304146
2012-04-16 22:00:00,42.23636
2012-04-16 23:00:00,42.422089
2012-04-17 00:00:00,41.957205
2012-04-17 01:00:00,42.142934
2012-04-17 02:00:00,42.142934
2012-04-17 03:00:00,41.855675
2012-04-17 04:00:00,41.767391
2012-04-17 05:00:00,41.939894
2012-04-17 06:00:00,42.046049
2012-04-17 07:00:00,42.247744
2012-04-17 08:00:00,41.951079
2012-04-17 09:00:00,42.198642
2012-04-17 10:00:00,42.193333
2012-04-17 11:00:00,42.090426
2012-04-17 12:00:00,41.959737
2012-04-17 13:00:00,42.227178
2012-04-17 14:00:00,42.407062
2012-04-17 15:00:00,41.568049
2012-04-17 16:00:00,41.817629
2012-04-17 17:00:00,42.245101
2012-04-17 18:00:00,42.217221
2012-04-17 19:00:00,41.832142
2012-04-17 20:00:00,42.249089
2012-04-17 21:00:00,42.103025
2012-04-17 22:00:00,41.887912
2012-04-17 23:00:00,41.935979
2012-04-18 00:00:00,35.077923
2012-04-18 01:00:00,35.138683
2012-04-18 02:00:00,35.030371
2012-04-18 03:00:00,35.131928
2012-04-18 04:00:00,35.127815
2012-04-18 05:00:00,35.236151
2012-04-18 06:00:00,34.950777
2012-04-18 07:00:00,36.077783
2012-04-18 08:00:00,34.245269
2012-04-18 09:00:00,35.192696
2012-04-18 10:00:00,35.192696
2012-04-18 11:00:00,35.244988
2012-04-18 12:00:00,35.218836
2012-04-18 13:00:00,35.9019
2012-04-18 14:00:00,34.505975
2012-04-18 15:00:00,35.172153
2012-04-18 16:00:00,35.069054
2012-04-18 17:00:00,35.407192
2012-04-18 18:00:00,35.499738
2012-04-18 19:00:00,35.274984
2012-04-18 20:00:00,35.288205
2012-04-18 21:00:00,35.341088
2012-04-18 22:00:00,35.433634
2012-04-18 23:00:00,35.483653
2012-04-19 00:00:00,35.210676
2012-04-19 01:00:00,34.956662
2012-04-19 02:00:00,35.152465
2012-04-19 03:00:00,34.988414
2012-04-19 04:00:00,35.202738
2012-04-19 05:00:00,35.164225
2012-04-19 06:00:00,35.32155
2012-04-19 07:00:00,35.387715
2012-04-19 08:00:00,35.374482
2012-04-19 09:00:00,35.318904
2012-04-19 10:00:00,34.976675
2012-04-19 11:00:00,35.084604
2012-04-19 12:00:00,34.693267
2012-04-19 13:00:00,34.93653
2012-04-19 14:00:00,34.899512
2012-04-19 15:00:00,35.044621
2012-04-19 16:00:00,34.7008
2012-04-19 17:00:00,34.952054
2012-04-19 18:00:00,35.057845
2012-04-19 19:00:00,34.819815
2012-04-19 20:00:00,34.982301
2012-04-19 21:00:00,34.933194
2012-04-19 22:00:00,5.877077999
2012-04-19 23:00:00,1.78
2012-04-20 00:00:00,1.78
2012-04-20 01:00:00,1.78
2012-04-20 02:00:00,1.78
2012-04-20 03:00:00,5.798961
2012-04-20 04:00:00,35.071828
2012-04-20 05:00:00,35.341965
2012-04-20 06:00:00,35.324622
2012-04-20 07:00:00,34.620901
2012-04-20 08:00:00,35.112775
2012-04-20 09:00:00,34.967246
2012-04-20 10:00:00,35.059855
2012-04-20 11:00:00,35.046625
2012-04-20 12:00:00,35.014546
2012-04-20 13:00:00,35.027779
2012-04-20 14:00:00,35.014546
2012-04-20 15:00:00,35.138936
2012-04-20 16:00:00,35.067478
2012-04-20 17:00:00,35.043338
2012-04-20 18:00:00,34.966569
2012-04-20 19:00:00,35.7872
2012-04-20 20:00:00,34.908331
2012-04-20 21:00:00,34.789207
2012-04-20 22:00:00,35.190113
2012-04-20 23:00:00,32.795032
2012-04-21 00:00:00,1.78
2012-04-21 01:00:00,1.78
2012-04-21 02:00:00,1.78
2012-04-21 03:00:00,1.78
2012-04-21 04:00:00,1.780000003
2012-04-21 05:00:00,21.62816
2012-04-21 06:00:00,35.857867
2012-04-21 07:00:00,35.597245
2012-04-21 08:00:00,35.391082
2012-04-21 09:00:00,35.408175
2012-04-21 10:00:00,35.461144
2012-04-21 11:00:00,35.421418
2012-04-21 12:00:00,35.381691
2012-04-21 13:00:00,35.478248
2012-04-21 14:00:00,35.415885
2012-04-21 15:00:00,35.495355
2012-04-21 16:00:00,35.206613
2012-04-21 17:00:00,35.760257
2012-04-21 18:00:00,35.062083
2012-04-21 19:00:00,35.884632
2012-04-21 20:00:00,35.163935
2012-04-21 21:00:00,35.921727
2012-04-21 22:00:00,34.787688
2012-04-21 23:00:00,33.117758
2012-04-22 00:00:00,1.78
2012-04-22 01:00:00,1.78
2012-04-22 02:00:00,1.78
2012-04-22 03:00:00,1.78
2012-04-22 04:00:00,6.026565005
2012-04-22 05:00:00,34.615595
2012-04-22 06:00:00,34.077867
2012-04-22 07:00:00,33.817245
2012-04-22 08:00:00,33.611082
2012-04-22 09:00:00,33.628175
2012-04-22 10:00:00,33.681144
2012-04-22 11:00:00,33.641418
2012-04-22 12:00:00,33.601691
2012-04-22 13:00:00,33.698248
2012-04-22 14:00:00,33.635885
2012-04-22 15:00:00,33.715355
2012-04-22 16:00:00,33.426613
2012-04-22 17:00:00,33.980257
2012-04-22 18:00:00,33.282083
2012-04-22 19:00:00,34.104632
2012-04-22 20:00:00,33.383935
2012-04-22 21:00:00,34.141727
2012-04-22 22:00:00,33.007688
2012-04-22 23:00:00,31.337758
2012-04-23 00:00:00,5.900758
2012-04-23 01:00:00,1.78
2012-04-23 02:00:00,1.78
2012-04-23 03:00:00,1.78
2012-04-23 04:00:00,1.780000006
2012-04-23 05:00:00,33.421299
2012-04-23 06:00:00,36.10908
2012-04-23 07:00:00,36.168802
2012-04-23 08:00:00,35.774306
2012-04-23 09:00:00,35.944311
2012-04-23 10:00:00,36.560578
2012-04-23 11:00:00,35.707898
2012-04-23 12:00:00,35.305334
2012-04-23 13:00:00,35.234794
2012-04-23 14:00:00,35.301217
2012-04-23 15:00:00,35.138567
2012-04-23 16:00:00,35.159221
2012-04-23 17:00:00,35.24268
2012-04-23 18:00:00,35.100527
2012-04-23 19:00:00,35.193434
2012-04-23 20:00:00,35.246524
2012-04-23 21:00:00,35.273069
2012-04-23 22:00:00,27.221828
2012-04-23 23:00:00,1.78
2012-04-24 00:00:00,1.78
2012-04-24 01:00:00,1.78
2012-04-24 02:00:00,1.78
2012-04-24 03:00:00,1.78
2012-04-24 04:00:00,5.938687005
2012-04-24 05:00:00,34.848995
2012-04-24 06:00:00,25.855806
2012-04-24 07:00:00,33.22127
2012-04-24 08:00:00,33.737072
2012-04-24 09:00:00,33.931162
2012-04-24 10:00:00,33.529688
2012-04-24 11:00:00,34.260346
2012-04-24 12:00:00,34.37204
2012-04-24 13:00:00,34.526284
2012-04-24 14:00:00,34.334809
2012-04-24 15:00:00,34.391453
2012-04-24 16:00:00,34.052552
2012-04-24 17:00:00,34.363056
2012-04-24 18:00:00,34.416134
2012-04-24 19:00:00,34.433153
2012-04-24 20:00:00,34.436903
2012-04-24 21:00:00,34.452465
2012-04-24 22:00:00,28.709069
2012-04-24 23:00:00,6.028945
2012-04-25 00:00:00,34.40739
2012-04-25 01:00:00,33.027853
2012-04-25 02:00:00,33.834078
2012-04-25 03:00:00,33.191534
2012-04-25 04:00:00,33.549644
2012-04-25 05:00:00,33.622916
2012-04-25 06:00:00,33.64514
2012-04-25 07:00:00,33.610354
2012-04-25 08:00:00,34.49175
2012-04-25 09:00:00,34.518308
2012-04-25 10:00:00,34.57896
2012-04-25 11:00:00,34.485989
2012-04-25 12:00:00,34.472707
2012-04-25 13:00:00,34.525834
2012-04-25 14:00:00,34.330351
2012-04-25 15:00:00,31.915955
2012-04-25 16:00:00,1.78
2012-04-25 17:00:00,1.78
2012-04-25 18:00:00,1.78
2012-04-25 19:00:00,1.78
2012-04-25 20:00:00,1.78
2012-04-25 21:00:00,1.78
2012-04-25 22:00:00,1.780000001
2012-04-25 23:00:00,6.062041
2012-04-26 00:00:00,34.906486
2012-04-26 01:00:00,34.086456
2012-04-26 02:00:00,34.873089
2012-04-26 03:00:00,34.245908
2012-04-26 04:00:00,34.32032
2012-04-26 05:00:00,34.458679
2012-04-26 06:00:00,17.381773
2012-04-26 07:00:00,17.822237
2012-04-26 08:00:00,32.957606
2012-04-26 09:00:00,33.506895
2012-04-26 10:00:00,34.210332
2012-04-26 11:00:00,34.307132
2012-04-26 12:00:00,34.257687
2012-04-26 13:00:00,34.324172
2012-04-26 14:00:00,34.350765
2012-04-26 15:00:00,34.870493
2012-04-26 16:00:00,34.222604
2012-04-26 17:00:00,33.733165
2012-04-26 18:00:00,34.221018
2012-04-26 19:00:00,34.325855
2012-04-26 20:00:00,34.371086
2012-04-26 21:00:00,34.21411
2012-04-26 22:00:00,3.736234
2012-04-26 23:00:00,6.139402
2012-04-27 00:00:00,34.143339
2012-04-27 01:00:00,34.599473
2012-04-27 02:00:00,34.426494
2012-04-27 03:00:00,34.532942
2012-04-27 04:00:00,34.460633
2012-04-27 05:00:00,34.487251
2012-04-27 06:00:00,30.866702
2012-04-27 07:00:00,30.361487
2012-04-27 08:00:00,30.636315
2012-04-27 09:00:00,30.050804
2012-04-27 10:00:00,31.778863
2012-04-27 11:00:00,33.304429
2012-04-27 12:00:00,33.519018
2012-04-27 13:00:00,33.406266
2012-04-27 14:00:00,33.930349
2012-04-27 15:00:00,32.706486
2012-04-27 16:00:00,32.708287
2012-04-27 17:00:00,32.806797
2012-04-27 18:00:00,33.501331
2012-04-27 19:00:00,34.400188
2012-04-27 20:00:00,34.41851
2012-04-27 21:00:00,31.629024
2012-04-27 22:00:00,1.780000001
2012-04-27 23:00:00,4.847926
2012-04-28 00:00:00,34.361316
2012-04-28 01:00:00,34.405046
2012-04-28 02:00:00,34.556946
2012-04-28 03:00:00,34.883216
2012-04-28 04:00:00,34.559176
2012-04-28 05:00:00,34.465882
2012-04-28 06:00:00,24.050161
2012-04-28 07:00:00,34.831833
2012-04-28 08:00:00,34.575423
2012-04-28 09:00:00,34.162557
2012-04-28 10:00:00,34.450532
2012-04-28 11:00:00,34.270297
2012-04-28 12:00:00,34.451635
2012-04-28 13:00:00,34.555882
2012-04-28 14:00:00,34.593238
2012-04-28 15:00:00,34.560537
2012-04-28 16:00:00,34.555202
2012-04-28 17:00:00,34.29864
2012-04-28 18:00:00,34.52275
2012-04-28 19:00:00,34.52275
2012-04-28 20:00:00,34.514746
2012-04-28 21:00:00,34.546323
2012-04-28 22:00:00,31.264608
2012-04-28 23:00:00,5.825591
2012-04-29 00:00:00,36.19892
2012-04-29 01:00:00,34.962003
2012-04-29 02:00:00,35.309325
2012-04-29 03:00:00,35.213866
2012-04-29 04:00:00,35.419491
2012-04-29 05:00:00,32.137874
2012-04-29 06:00:00,1.78
2012-04-29 07:00:00,1.78
2012-04-29 08:00:00,3.795132
2012-04-29 09:00:00,30.247025
2012-04-29 10:00:00,31.019209
2012-04-29 11:00:00,29.254593
2012-04-29 12:00:00,33.239677
2012-04-29 13:00:00,33.432824
2012-04-29 14:00:00,33.464855
2012-04-29 15:00:00,33.282604
2012-04-29 16:00:00,33.464081
2012-04-29 17:00:00,33.54425
2012-04-29 18:00:00,33.423997
2012-04-29 19:00:00,33.158679
2012-04-29 20:00:00,32.526269
2012-04-29 21:00:00,1.78
2012-04-29 22:00:00,1.780000001
2012-04-29 23:00:00,5.845995
2012-04-30 00:00:00,35.525179
2012-04-30 01:00:00,35.567211
2012-04-30 02:00:00,35.612778
2012-04-30 03:00:00,35.537517
2012-04-30 04:00:00,35.556284
2012-04-30 05:00:00,34.75801
2012-04-30 06:00:00,1.78
2012-04-30 07:00:00,1.78
2012-04-30 08:00:00,1.78
2012-04-30 09:00:00,4.236946
2012-04-30 10:00:00,34.376373
2012-04-30 11:00:00,34.473887
2012-04-30 12:00:00,34.437499
2012-04-30 13:00:00,35.013374
2012-04-30 14:00:00,34.973197
2012-04-30 15:00:00,35.065445
2012-04-30 16:00:00,35.146998
2012-04-30 17:00:00,34.782639
2012-04-30 18:00:00,35.307745
2012-04-30 19:00:00,34.890963
2012-04-30 20:00:00,33.273219
2012-04-30 21:00:00,1.78
2012-04-30 22:00:00,1.780000001
2012-04-30 23:00:00,5.57547
2012-05-01 00:00:00,34.55316
2012-05-01 01:00:00,34.802929
2012-05-01 02:00:00,34.714056
2012-05-01 03:00:00,34.696422
2012-05-01 04:00:00,34.618647
2012-05-01 05:00:00,33.789239
2012-05-01 06:00:00,1.78
2012-05-01 07:00:00,1.78
2012-05-01 08:00:00,1.78
2012-05-01 09:00:00,1.78
2012-05-01 10:00:00,1.78
2012-05-01 11:00:00,1.78
2012-05-01 12:00:00,1.78
2012-05-01 13:00:00,1.78
2012-05-01 14:00:00,1.78
2012-05-01 15:00:00,1.78
2012-05-01 16:00:00,1.78
2012-05-01 17:00:00,1.78
2012-05-01 18:00:00,7.924309
2012-05-01 19:00:00,35.831
2012-05-01 20:00:00,35.616023
2012-05-01 21:00:00,35.724771
2012-05-01 22:00:00,35.924931
2012-05-01 23:00:00,36.066263
2012-05-02 00:00:00,35.844715
2012-05-02 01:00:00,35.777566
2012-05-02 02:00:00,35.812337
2012-05-02 03:00:00,35.825769
2012-05-02 04:00:00,35.718306
2012-05-02 05:00:00,32.110577
2012-05-02 06:00:00,1.78
2012-05-02 07:00:00,1.780000001
2012-05-02 08:00:00,5.873629
2012-05-02 09:00:00,33.171779
2012-05-02 10:00:00,33.187884
2012-05-02 11:00:00,33.118098
2012-05-02 12:00:00,33.356982
2012-05-02 13:00:00,33.501239
2012-05-02 14:00:00,33.329417
2012-05-02 15:00:00,33.270353
2012-05-02 16:00:00,33.757317
2012-05-02 17:00:00,33.548891
2012-05-02 18:00:00,33.540835
2012-05-02 19:00:00,33.269616
2012-05-02 20:00:00,31.771195
2012-05-02 21:00:00,1.78
2012-05-02 22:00:00,1.78
2012-05-02 23:00:00,4.491479
2012-05-03 00:00:00,35.240374
2012-05-03 01:00:00,35.065786
2012-05-03 02:00:00,34.998637
2012-05-03 03:00:00,35.113824
2012-05-03 04:00:00,35.060092
2012-05-03 05:00:00,34.030884
2012-05-03 06:00:00,1.78
2012-05-03 07:00:00,4.921963005
2012-05-03 08:00:00,32.967241
2012-05-03 09:00:00,34.968748
2012-05-03 10:00:00,34.917348
2012-05-03 11:00:00,34.893163
2012-05-03 12:00:00,34.89585
2012-05-03 13:00:00,34.893163
2012-05-03 14:00:00,34.920035
2012-05-03 15:00:00,35.494877
2012-05-03 16:00:00,34.790664
2012-05-03 17:00:00,34.486939
2012-05-03 18:00:00,35.11858
2012-05-03 19:00:00,35.250284
2012-05-03 20:00:00,34.276783
2012-05-03 21:00:00,34.719888
2012-05-03 22:00:00,1.780000001
2012-05-03 23:00:00,6.045659
2012-05-04 00:00:00,34.191834
2012-05-04 01:00:00,35.112534
2012-05-04 02:00:00,35.158296
2012-05-04 03:00:00,34.806038
2012-05-04 04:00:00,35.028234
2012-05-04 05:00:00,33.844347
2012-05-04 06:00:00,1.78
2012-05-04 07:00:00,4.655979004
2012-05-04 08:00:00,30.24596
2012-05-04 09:00:00,34.749163
2012-05-04 10:00:00,34.751853
2012-05-04 11:00:00,35.615251
2012-05-04 12:00:00,35.369017
2012-05-04 13:00:00,35.047396
2012-05-04 14:00:00,34.573896
2012-05-04 15:00:00,35.031254
2012-05-04 16:00:00,35.012422
2012-05-04 17:00:00,34.931712
2012-05-04 18:00:00,35.012422
2012-05-04 19:00:00,34.939432
2012-05-04 20:00:00,33.845383
2012-05-04 21:00:00,1.78
2012-05-04 22:00:00,1.780000001
2012-05-04 23:00:00,5.98534
2012-05-05 00:00:00,34.708009
2012-05-05 01:00:00,34.797967
2012-05-05 02:00:00,34.852998
2012-05-05 03:00:00,34.756022
2012-05-05 04:00:00,34.582489
2012-05-05 05:00:00,32.680047
2012-05-05 06:00:00,1.78
2012-05-05 07:00:00,5.100080005
2012-05-05 08:00:00,31.038963
2012-05-05 09:00:00,30.872084
2012-05-05 10:00:00,34.053453
2012-05-05 11:00:00,34.008706
2012-05-05 12:00:00,34.120279
2012-05-05 13:00:00,34.093326
2012-05-05 14:00:00,34.077154
2012-05-05 15:00:00,30.552554
2012-05-05 16:00:00,1.78
2012-05-05 17:00:00,1.78
2012-05-05 18:00:00,1.78
2012-05-05 19:00:00,1.78
2012-05-05 20:00:00,1.78
2012-05-05 21:00:00,1.78
2012-05-05 22:00:00,1.780000001
2012-05-05 23:00:00,5.329744
2012-05-06 00:00:00,34.869528
2012-05-06 01:00:00,34.939669
2012-05-06 02:00:00,35.148408
2012-05-06 03:00:00,34.878841
2012-05-06 04:00:00,35.019016
2012-05-06 05:00:00,33.192001
2012-05-06 06:00:00,18.105827
2012-05-06 07:00:00,18.63011
2012-05-06 08:00:00,29.381692
2012-05-06 09:00:00,33.172074
2012-05-06 10:00:00,33.353544
2012-05-06 11:00:00,33.687613
2012-05-06 12:00:00,34.819136
2012-05-06 13:00:00,35.475037
2012-05-06 14:00:00,30.395866
2012-05-06 15:00:00,1.78
2012-05-06 16:00:00,1.78
2012-05-06 17:00:00,1.78
2012-05-06 18:00:00,1.78
2012-05-06 19:00:00,5.541320005
2012-05-06 20:00:00,33.05051
2012-05-06 21:00:00,33.484023
2012-05-06 22:00:00,31.10687999
2012-05-06 23:00:00,1.78
2012-05-07 00:00:00,1.78
2012-05-07 01:00:00,1.78
2012-05-07 02:00:00,1.78
2012-05-07 03:00:00,3.775214
2012-05-07 04:00:00,24.757724
2012-05-07 05:00:00,34.44644
2012-05-07 06:00:00,18.277852
2012-05-07 07:00:00,19.799042
2012-05-07 08:00:00,27.535723
2012-05-07 09:00:00,34.78102
2012-05-07 10:00:00,34.457577
2012-05-07 11:00:00,34.823035
2012-05-07 12:00:00,31.973379
2012-05-07 13:00:00,31.782688
2012-05-07 14:00:00,32.621921
2012-05-07 15:00:00,32.812662
2012-05-07 16:00:00,32.723007
2012-05-07 17:00:00,33.365559
2012-05-07 18:00:00,26.163978
2012-05-07 19:00:00,33.251344
2012-05-07 20:00:00,31.756595
2012-05-07 21:00:00,1.78
2012-05-07 22:00:00,1.78
2012-05-07 23:00:00,4.226197
2012-05-08 00:00:00,34.644913
2012-05-08 01:00:00,34.766729
2012-05-08 02:00:00,34.973826
2012-05-08 03:00:00,33.257485
2012-05-08 04:00:00,34.77213
2012-05-08 05:00:00,35.223382
2012-05-08 06:00:00,29.242813
2012-05-08 07:00:00,29.995438
2012-05-08 08:00:00,34.610106
2012-05-08 09:00:00,34.963512
2012-05-08 10:00:00,35.291822
2012-05-08 11:00:00,34.719271
2012-05-08 12:00:00,34.98242
2012-05-08 13:00:00,34.967391
2012-05-08 14:00:00,35.055022
2012-05-08 15:00:00,34.979376
2012-05-08 16:00:00,35.100951
2012-05-08 17:00:00,29.321099
2012-05-08 18:00:00,29.609784
2012-05-08 19:00:00,33.790024
2012-05-08 20:00:00,32.84369
2012-05-08 21:00:00,1.78
2012-05-08 22:00:00,1.78
2012-05-08 23:00:00,3.231063
2012-05-09 00:00:00,34.792188
2012-05-09 01:00:00,34.657042
2012-05-09 02:00:00,35.050155
2012-05-09 03:00:00,35.102711
2012-05-09 04:00:00,34.991865
2012-05-09 05:00:00,32.960499
2012-05-09 06:00:00,4.063155
2012-05-09 07:00:00,35.248703
2012-05-09 08:00:00,34.618346
2012-05-09 09:00:00,35.25924
2012-05-09 10:00:00,34.585896
2012-05-09 11:00:00,34.761669
2012-05-09 12:00:00,34.876413
2012-05-09 13:00:00,35.176614
2012-05-09 14:00:00,35.053396
2012-05-09 15:00:00,34.880287
2012-05-09 16:00:00,35.031757
2012-05-09 17:00:00,34.561118
2012-05-09 18:00:00,34.942498
2012-05-09 19:00:00,35.131528
2012-05-09 20:00:00,35.193754
2012-05-09 21:00:00,33.870616
2012-05-09 22:00:00,8.187162999
2012-05-09 23:00:00,4.954647
2012-05-10 00:00:00,35.942341
2012-05-10 01:00:00,35.890853
2012-05-10 02:00:00,35.839365
2012-05-10 03:00:00,36.015509
2012-05-10 04:00:00,35.950355
2012-05-10 05:00:00,35.709918
2012-05-10 06:00:00,18.127589
2012-05-10 07:00:00,22.228971
2012-05-10 08:00:00,30.378175
2012-05-10 09:00:00,31.592356
2012-05-10 10:00:00,31.527887
2012-05-10 11:00:00,33.624055
2012-05-10 12:00:00,33.268891
2012-05-10 13:00:00,33.274314
2012-05-10 14:00:00,33.903305
2012-05-10 15:00:00,33.906016
2012-05-10 16:00:00,33.191241
2012-05-10 17:00:00,20.125523
2012-05-10 18:00:00,32.422062
2012-05-10 19:00:00,33.148826
2012-05-10 20:00:00,32.353819
2012-05-10 21:00:00,1.78
2012-05-10 22:00:00,1.78
2012-05-10 23:00:00,1.78
2012-05-11 00:00:00,1.62
2012-05-11 01:00:00,1.62
2012-05-11 02:00:00,1.62
2012-05-11 03:00:00,1.62
2012-05-11 04:00:00,5.317333004
2012-05-11 05:00:00,30.160603
2012-05-11 06:00:00,30.435979
2012-05-11 07:00:00,30.433279
2012-05-11 08:00:00,30.533171
2012-05-11 09:00:00,30.573667
2012-05-11 10:00:00,30.1984
2012-05-11 11:00:00,30.408981
2012-05-11 12:00:00,30.168067
2012-05-11 13:00:00,30.190938
2012-05-11 14:00:00,30.376523
2012-05-11 15:00:00,30.557492
2012-05-11 16:00:00,30.586556
2012-05-11 17:00:00,30.475103
2012-05-11 18:00:00,30.890439
2012-05-11 19:00:00,30.338709
2012-05-11 20:00:00,30.377183
2012-05-11 21:00:00,30.399457
2012-05-11 22:00:00,30.439314
2012-05-11 23:00:00,30.530482
2012-05-12 00:00:00,30.391406
2012-05-12 01:00:00,30.404908
2012-05-12 02:00:00,30.410309
2012-05-12 03:00:00,30.521025
2012-05-12 04:00:00,30.007949
2012-05-12 05:00:00,30.306953
2012-05-12 06:00:00,30.306953
2012-05-12 07:00:00,30.460255
2012-05-12 08:00:00,30.433245
2012-05-12 09:00:00,30.319801
2012-05-12 10:00:00,30.511575
2012-05-12 11:00:00,30.780391
2012-05-12 12:00:00,30.440649
2012-05-12 13:00:00,30.378504
2012-05-12 14:00:00,30.365653
2012-05-12 15:00:00,30.392013
2012-05-12 16:00:00,30.426473
2012-05-12 17:00:00,30.389973
2012-05-12 18:00:00,30.369738
2012-05-12 19:00:00,30.416996
2012-05-12 20:00:00,28.48795
2012-05-12 21:00:00,1.62
2012-05-12 22:00:00,1.62
2012-05-12 23:00:00,1.62
2012-05-13 00:00:00,1.62
2012-05-13 01:00:00,1.62
2012-05-13 02:00:00,1.62
2012-05-13 03:00:00,1.62
2012-05-13 04:00:00,7.186775004
2012-05-13 05:00:00,30.107236
2012-05-13 06:00:00,24.080269
2012-05-13 07:00:00,30.545346
2012-05-13 08:00:00,30.637203
2012-05-13 09:00:00,30.473073
2012-05-13 10:00:00,30.349439
2012-05-13 11:00:00,30.557515
2012-05-13 12:00:00,30.595348
2012-05-13 13:00:00,30.860172
2012-05-13 14:00:00,30.176492
2012-05-13 15:00:00,30.57578
2012-05-13 16:00:00,30.507523
2012-05-13 17:00:00,30.418285
2012-05-13 18:00:00,30.491298
2012-05-13 19:00:00,30.494002
2012-05-13 20:00:00,30.523748
2012-05-13 21:00:00,30.507523
2012-05-13 22:00:00,30.503466
2012-05-13 23:00:00,25.628593
2012-05-14 00:00:00,1.62
2012-05-14 01:00:00,1.62
2012-05-14 02:00:00,1.62
2012-05-14 03:00:00,1.62
2012-05-14 04:00:00,5.781155004
2012-05-14 05:00:00,29.475005
2012-05-14 06:00:00,30.034511
2012-05-14 07:00:00,30.17093
2012-05-14 08:00:00,30.225001
2012-05-14 09:00:00,30.381808
2012-05-14 10:00:00,29.816764
2012-05-14 11:00:00,30.835445
2012-05-14 12:00:00,30.707027
2012-05-14 13:00:00,30.639399
2012-05-14 14:00:00,30.621152
2012-05-14 15:00:00,30.613725
2012-05-14 16:00:00,30.673948
2012-05-14 17:00:00,30.591392
2012-05-14 18:00:00,30.594784
2012-05-14 19:00:00,30.722557
2012-05-14 20:00:00,30.456119
2012-05-14 21:00:00,30.583961
2012-05-14 22:00:00,29.259338
2012-05-14 23:00:00,5.345023
2012-05-15 00:00:00,30.320934
2012-05-15 01:00:00,30.264146
2012-05-15 02:00:00,30.573107
2012-05-15 03:00:00,30.289785
2012-05-15 04:00:00,30.502112
2012-05-15 05:00:00,30.701617
2012-05-15 06:00:00,30.558244
2012-05-15 07:00:00,30.309371
2012-05-15 08:00:00,30.324862
2012-05-15 09:00:00,30.5718
2012-05-15 10:00:00,30.419575
2012-05-15 11:00:00,30.445268
2012-05-15 12:00:00,30.478422
2012-05-15 13:00:00,30.855419
2012-05-15 14:00:00,30.435778
2012-05-15 15:00:00,30.437115
2012-05-15 16:00:00,30.256975
2012-05-15 17:00:00,30.378863
2012-05-15 18:00:00,30.460122
2012-05-15 19:00:00,30.436413
2012-05-15 20:00:00,30.521069
2012-05-15 21:00:00,30.466884
2012-05-15 22:00:00,30.48043
2012-05-15 23:00:00,28.966279
2012-05-16 00:00:00,1.62
2012-05-16 01:00:00,1.62
2012-05-16 02:00:00,1.62
2012-05-16 03:00:00,1.62
2012-05-16 04:00:00,4.780356004
2012-05-16 05:00:00,30.499395
2012-05-16 06:00:00,30.526488
2012-05-16 07:00:00,30.599638
2012-05-16 08:00:00,30.500748
2012-05-16 09:00:00,30.546817
2012-05-16 10:00:00,30.479069
2012-05-16 11:00:00,30.500748
2012-05-16 12:00:00,30.527847
2012-05-16 13:00:00,30.473649
2012-05-16 14:00:00,30.73109
2012-05-16 15:00:00,30.541397
2012-05-16 16:00:00,30.554946
2012-05-16 17:00:00,30.568496
2012-05-16 18:00:00,30.71754
2012-05-16 19:00:00,30.649793
2012-05-16 20:00:00,30.649793
2012-05-16 21:00:00,30.527847
2012-05-16 22:00:00,30.44655
2012-05-16 23:00:00,30.500748
2012-05-17 00:00:00,28.216798
2012-05-17 01:00:00,1.62
2012-05-17 02:00:00,1.62
2012-05-17 03:00:00,1.62
2012-05-17 04:00:00,4.526367004
2012-05-17 05:00:00,30.229758
2012-05-17 06:00:00,30.656602
2012-05-17 07:00:00,30.702682
2012-05-17 08:00:00,30.713524
2012-05-17 09:00:00,30.504813
2012-05-17 10:00:00,30.401812
2012-05-17 11:00:00,30.64305
2012-05-17 12:00:00,30.480418
2012-05-17 13:00:00,30.64305
2012-05-17 14:00:00,30.626095
2012-05-17 15:00:00,30.473649
2012-05-17 16:00:00,30.527847
2012-05-17 17:00:00,30.663342
2012-05-17 18:00:00,30.636243
2012-05-17 19:00:00,30.527847
2012-05-17 20:00:00,30.575255
2012-05-17 21:00:00,30.521069
2012-05-17 22:00:00,30.602347
2012-05-17 23:00:00,30.671395
2012-05-18 00:00:00,30.464195
2012-05-18 01:00:00,30.857572
2012-05-18 02:00:00,30.295647
2012-05-18 03:00:00,30.5258
2012-05-18 04:00:00,30.482477
2012-05-18 05:00:00,29.230572
2012-05-18 06:00:00,1.62
2012-05-18 07:00:00,5.017178004
2012-05-18 08:00:00,30.261744
2012-05-18 09:00:00,30.309932
2012-05-18 10:00:00,30.304519
2012-05-18 11:00:00,30.258504
2012-05-18 12:00:00,30.34512
2012-05-18 13:00:00,30.223317
2012-05-18 14:00:00,30.277451
2012-05-18 15:00:00,30.230149
2012-05-18 16:00:00,30.27074
2012-05-18 17:00:00,30.284271
2012-05-18 18:00:00,30.284271
2012-05-18 19:00:00,30.230149
2012-05-18 20:00:00,30.25721
2012-05-18 21:00:00,30.25721
2012-05-18 22:00:00,28.443844
2012-05-18 23:00:00,1.62
2012-05-19 00:00:00,1.62
2012-05-19 01:00:00,1.62
2012-05-19 02:00:00,1.62
2012-05-19 03:00:00,1.62
2012-05-19 04:00:00,1.62
2012-05-19 05:00:00,1.62
2012-05-19 06:00:00,1.62
2012-05-19 07:00:00,5.186946004
2012-05-19 08:00:00,30.376216
2012-05-19 09:00:00,30.275503
2012-05-19 10:00:00,30.481815
2012-05-19 11:00:00,30.530525
2012-05-19 12:00:00,30.514288
2012-05-19 13:00:00,30.537977
2012-05-19 14:00:00,30.541365
2012-05-19 15:00:00,30.493989
2012-05-19 16:00:00,30.531204
2012-05-19 17:00:00,30.514288
2012-05-19 18:00:00,30.541349
2012-05-19 19:00:00,30.500758
2012-05-19 20:00:00,30.514288
2012-05-19 21:00:00,30.581941
2012-05-19 22:00:00,30.473697
2012-05-19 23:00:00,28.033157
2012-05-20 00:00:00,1.62
2012-05-20 01:00:00,1.62
2012-05-20 02:00:00,1.62
2012-05-20 03:00:00,1.62
2012-05-20 04:00:00,1.62
2012-05-20 05:00:00,1.62
2012-05-20 06:00:00,1.62
2012-05-20 07:00:00,5.022910004
2012-05-20 08:00:00,30.385058
2012-05-20 09:00:00,30.565704
2012-05-20 10:00:00,30.588725
2012-05-20 11:00:00,30.60969
2012-05-20 12:00:00,30.583961
2012-05-20 13:00:00,30.683378
2012-05-20 14:00:00,30.66444
2012-05-20 15:00:00,24.203807
2012-05-20 16:00:00,31.164949
2012-05-20 17:00:00,30.339785
2012-05-20 18:00:00,30.358723
2012-05-20 19:00:00,30.583276
2012-05-20 20:00:00,30.477763
2012-05-20 21:00:00,30.231566
2012-05-20 22:00:00,30.353312
2012-05-20 23:00:00,29.007045
2012-05-21 00:00:00,1.62
2012-05-21 01:00:00,1.62
2012-05-21 02:00:00,1.62
2012-05-21 03:00:00,1.62
2012-05-21 04:00:00,4.458049004
2012-05-21 05:00:00,29.751058
2012-05-21 06:00:00,29.512193
2012-05-21 07:00:00,25.2577
2012-05-21 08:00:00,30.385834
2012-05-21 09:00:00,30.311423
2012-05-21 10:00:00,30.348559
2012-05-21 11:00:00,30.351923
2012-05-21 12:00:00,30.338392
2012-05-21 13:00:00,30.351923
2012-05-21 14:00:00,30.291086
2012-05-21 15:00:00,30.421615
2012-05-21 16:00:00,30.690184
2012-05-21 17:00:00,29.856708
2012-05-21 18:00:00,30.636062
2012-05-21 19:00:00,30.246385
2012-05-21 20:00:00,30.251797
2012-05-21 21:00:00,30.684772
2012-05-21 22:00:00,30.549467
2012-05-21 23:00:00,30.240203
2012-05-22 00:00:00,30.4554
2012-05-22 01:00:00,30.609049
2012-05-22 02:00:00,30.488576
2012-05-22 03:00:00,30.525113
2012-05-22 04:00:00,30.485869
2012-05-22 05:00:00,30.571116
2012-05-22 06:00:00,30.537283
2012-05-22 07:00:00,30.502112
2012-05-22 08:00:00,30.493996
2012-05-22 09:00:00,30.531193
2012-05-22 10:00:00,30.52105
2012-05-22 11:00:00,30.466941
2012-05-22 12:00:00,30.480468
2012-05-22 13:00:00,30.588687
2012-05-22 14:00:00,30.561632
2012-05-22 15:00:00,30.534578
2012-05-22 16:00:00,30.453414
2012-05-22 17:00:00,30.479122
2012-05-22 18:00:00,30.676575
2012-05-22 19:00:00,30.346586
2012-05-22 20:00:00,30.619773
2012-05-22 21:00:00,30.314128
2012-05-22 22:00:00,30.349291
2012-05-22 23:00:00,28.921436
2012-05-23 00:00:00,1.62
2012-05-23 01:00:00,1.62
2012-05-23 02:00:00,1.62
2012-05-23 03:00:00,1.62
2012-05-23 04:00:00,5.114349004
2012-05-23 05:00:00,30.189855
2012-05-23 06:00:00,30.365586
2012-05-23 07:00:00,30.352068
2012-05-23 08:00:00,30.433175
2012-05-23 09:00:00,30.372313
2012-05-23 10:00:00,30.345272
2012-05-23 11:00:00,30.85366
2012-05-23 12:00:00,30.226287
2012-05-23 13:00:00,30.269554
2012-05-23 14:00:00,30.569719
2012-05-23 15:00:00,30.261442
2012-05-23 16:00:00,30.515636
2012-05-23 17:00:00,30.391243
2012-05-23 18:00:00,30.43451
2012-05-23 19:00:00,30.423693
2012-05-23 20:00:00,30.145161
2012-05-23 21:00:00,30.181107
2012-05-23 22:00:00,26.525693
2012-05-23 23:00:00,26.069475
2012-05-24 00:00:00,30.472876
2012-05-24 01:00:00,22.714244
2012-05-24 02:00:00,24.470544
2012-05-24 03:00:00,18.198914
2012-05-24 04:00:00,30.03357
2012-05-24 05:00:00,30.290408
2012-05-24 06:00:00,30.5878
2012-05-24 07:00:00,30.547227
2012-05-24 08:00:00,30.570908
2012-05-24 09:00:00,30.526903
2012-05-24 10:00:00,30.543836
2012-05-24 11:00:00,30.884775
2012-05-24 12:00:00,30.443421
2012-05-24 13:00:00,30.528321
2012-05-24 14:00:00,30.524947
2012-05-24 15:00:00,30.379714
2012-05-24 16:00:00,31.015481
2012-05-24 17:00:00,30.385033
2012-05-24 18:00:00,30.887595
2012-05-24 19:00:00,30.240469
2012-05-24 20:00:00,30.486435
2012-05-24 21:00:00,30.556711
2012-05-24 22:00:00,30.909363
2012-05-24 23:00:00,30.268279
2012-05-25 00:00:00,30.754662
2012-05-25 01:00:00,30.594578
2012-05-25 02:00:00,30.675628
2012-05-25 03:00:00,30.802606
2012-05-25 04:00:00,30.656716
2012-05-25 05:00:00,30.707368
2012-05-25 06:00:00,30.668874
2012-05-25 07:00:00,30.820131
2012-05-25 08:00:00,30.785018
2012-05-25 09:00:00,30.874152
2012-05-25 10:00:00,30.639162
2012-05-25 11:00:00,30.358255
2012-05-25 12:00:00,30.66077
2012-05-25 13:00:00,30.681025
2012-05-25 14:00:00,30.674272
2012-05-25 15:00:00,30.674272
2012-05-25 16:00:00,30.674272
2012-05-25 17:00:00,30.647275
2012-05-25 18:00:00,30.755266
2012-05-25 19:00:00,30.687771
2012-05-25 20:00:00,30.620277
2012-05-25 21:00:00,30.660774
2012-05-25 22:00:00,30.697892
2012-05-25 23:00:00,30.748497
2012-05-26 00:00:00,35.731038
2012-05-26 01:00:00,30.793121
2012-05-26 02:00:00,30.751235
2012-05-26 03:00:00,30.700607
2012-05-26 04:00:00,30.964273
2012-05-26 05:00:00,36.176212
2012-05-26 06:00:00,35.978652
2012-05-26 07:00:00,36.118178
2012-05-26 08:00:00,36.415187
2012-05-26 09:00:00,35.876771
2012-05-26 10:00:00,36.061217
2012-05-26 11:00:00,35.871346
2012-05-26 12:00:00,36.15344
2012-05-26 13:00:00,36.147945
2012-05-26 14:00:00,36.120815
2012-05-26 15:00:00,36.188642
2012-05-26 16:00:00,36.107249
2012-05-26 17:00:00,36.161511
2012-05-26 18:00:00,36.13438
2012-05-26 19:00:00,36.13438
2012-05-26 20:00:00,36.093684
2012-05-26 21:00:00,36.020841
2012-05-26 22:00:00,36.144009
2012-05-26 23:00:00,36.23969
2012-05-27 00:00:00,36.166398
2012-05-27 01:00:00,19.59664
2012-05-27 02:00:00,1.78
2012-05-27 03:00:00,1.78
2012-05-27 04:00:00,5.192790005
2012-05-27 05:00:00,36.462754
2012-05-27 06:00:00,28.139458
2012-05-27 07:00:00,31.263464
2012-05-27 08:00:00,36.102254
2012-05-27 09:00:00,33.75248
2012-05-27 10:00:00,36.367687
2012-05-27 11:00:00,36.465366
2012-05-27 12:00:00,36.46399
2012-05-27 13:00:00,36.458585
2012-05-27 14:00:00,36.83033
2012-05-27 15:00:00,36.074329
2012-05-27 16:00:00,36.467922
2012-05-27 17:00:00,36.577456
2012-05-27 18:00:00,36.623442
2012-05-27 19:00:00,36.606634
2012-05-27 20:00:00,36.327531
2012-05-27 21:00:00,36.921244
2012-05-27 22:00:00,36.740511
2012-05-27 23:00:00,36.209349
2012-05-28 00:00:00,35.935937
2012-05-28 01:00:00,35.924061
2012-05-28 02:00:00,35.988467
2012-05-28 03:00:00,35.846801
2012-05-28 04:00:00,35.900334
2012-05-28 05:00:00,35.945952
2012-05-28 06:00:00,35.945952
2012-05-28 07:00:00,36.0185
2012-05-28 08:00:00,35.737059
2012-05-28 09:00:00,35.764297
2012-05-28 10:00:00,35.578449
2012-05-28 11:00:00,35.57304
2012-05-28 12:00:00,35.604785
2012-05-28 13:00:00,36.029486
2012-05-28 14:00:00,35.578669
2012-05-28 15:00:00,35.506367
2012-05-28 16:00:00,35.533282
2012-05-28 17:00:00,35.841717
2012-05-28 18:00:00,35.650938
2012-05-28 19:00:00,35.560185
2012-05-28 20:00:00,35.683144
2012-05-28 21:00:00,35.742016
2012-05-28 22:00:00,35.707332
2012-05-28 23:00:00,35.557925
2012-05-29 00:00:00,35.65664
2012-05-29 01:00:00,31.833119
2012-05-29 02:00:00,18.284725
2012-05-29 03:00:00,1.78
2012-05-29 04:00:00,4.366066005
2012-05-29 05:00:00,35.2694
2012-05-29 06:00:00,35.638709
2012-05-29 07:00:00,35.817299
2012-05-29 08:00:00,36.540931
2012-05-29 09:00:00,35.396389
2012-05-29 10:00:00,35.324437
2012-05-29 11:00:00,35.548702
2012-05-29 12:00:00,35.624711
2012-05-29 13:00:00,35.524517
2012-05-29 14:00:00,35.809595
2012-05-29 15:00:00,35.428837
2012-05-29 16:00:00,35.539484
2012-05-29 17:00:00,35.563657
2012-05-29 18:00:00,35.674072
2012-05-29 19:00:00,35.656853
2012-05-29 20:00:00,35.623474
2012-05-29 21:00:00,35.73266
2012-05-29 22:00:00,35.598273
2012-05-29 23:00:00,35.883317
2012-05-30 00:00:00,35.887374
2012-05-30 01:00:00,35.551983
2012-05-30 02:00:00,35.567954
2012-05-30 03:00:00,35.72234
2012-05-30 04:00:00,35.743797
2012-05-30 05:00:00,35.770409
2012-05-30 06:00:00,35.59743
2012-05-30 07:00:00,35.852907
2012-05-30 08:00:00,35.698556
2012-05-30 09:00:00,35.570817
2012-05-30 10:00:00,35.48854
2012-05-30 11:00:00,35.538883
2012-05-30 12:00:00,35.738311
2012-05-30 13:00:00,35.624042
2012-05-30 14:00:00,35.730491
2012-05-30 15:00:00,35.650654
2012-05-30 16:00:00,35.730491
2012-05-30 17:00:00,35.629552
2012-05-30 18:00:00,35.749279
2012-05-30 19:00:00,35.669461
2012-05-30 20:00:00,35.696067
2012-05-30 21:00:00,33.780807
2012-05-30 22:00:00,1.78
2012-05-30 23:00:00,1.78
2012-05-31 00:00:00,1.78
2012-05-31 01:00:00,5.300687004
2012-05-31 02:00:00,29.591721
2012-05-31 03:00:00,33.446576
2012-05-31 04:00:00,33.428366
2012-05-31 05:00:00,36.14837
2012-05-31 06:00:00,36.737526
2012-05-31 07:00:00,35.877119
2012-05-31 08:00:00,36.300058
2012-05-31 09:00:00,36.547437
2012-05-31 10:00:00,36.323998
2012-05-31 11:00:00,35.55526
2012-05-31 12:00:00,36.273458
2012-05-31 13:00:00,35.421755
2012-05-31 14:00:00,35.444462
2012-05-31 15:00:00,35.364735
2012-05-31 16:00:00,35.378023
2012-05-31 17:00:00,35.444462
2012-05-31 18:00:00,35.431174
2012-05-31 19:00:00,35.285009
2012-05-31 20:00:00,35.271721
2012-05-31 21:00:00,35.298297
2012-05-31 22:00:00,35.351448
2012-05-31 23:00:00,35.559556
2012-06-01 00:00:00,35.461934
2012-06-01 01:00:00,35.625467
2012-06-01 02:00:00,35.855568
2012-06-01 03:00:00,35.512271
2012-06-01 04:00:00,33.157093
2012-06-01 05:00:00,35.570817
2012-06-01 06:00:00,35.615867
2012-06-01 07:00:00,35.441633
2012-06-01 08:00:00,35.481778
2012-06-01 09:00:00,35.477675
2012-06-01 10:00:00,35.581661
2012-06-01 11:00:00,35.53111
2012-06-01 12:00:00,35.496522
2012-06-01 13:00:00,35.44331
2012-06-01 14:00:00,35.57634
2012-06-01 15:00:00,35.44886
2012-06-01 16:00:00,35.55526
2012-06-01 17:00:00,35.50206
2012-06-01 18:00:00,35.48876
2012-06-01 19:00:00,35.56856
2012-06-01 20:00:00,35.52866
2012-06-01 21:00:00,35.48876
2012-06-01 22:00:00,33.465162
2012-06-01 23:00:00,6.135738
2012-06-02 00:00:00,35.624609
2012-06-02 01:00:00,35.499618
2012-06-02 02:00:00,35.651203
2012-06-02 03:00:00,35.465046
2012-06-02 04:00:00,35.608652
2012-06-02 05:00:00,32.101906
2012-06-02 06:00:00,1.78
2012-06-02 07:00:00,1.780000001
2012-06-02 08:00:00,5.554991
2012-06-02 09:00:00,33.616776
2012-06-02 10:00:00,35.473024
2012-06-02 11:00:00,35.433133
2012-06-02 12:00:00,34.649184
2012-06-02 13:00:00,1.78
2012-06-02 14:00:00,1.78
2012-06-02 15:00:00,1.78
2012-06-02 16:00:00,1.78
2012-06-02 17:00:00,1.78
2012-06-02 18:00:00,1.78
2012-06-02 19:00:00,1.78
2012-06-02 20:00:00,1.78
2012-06-02 21:00:00,1.78
2012-06-02 22:00:00,1.780000001
2012-06-02 23:00:00,8.893536
2012-06-03 00:00:00,36.544731
2012-06-03 01:00:00,35.472478
2012-06-03 02:00:00,27.392369
2012-06-03 03:00:00,35.786032
2012-06-03 04:00:00,35.835261
2012-06-03 05:00:00,34.854064
2012-06-03 06:00:00,1.78
2012-06-03 07:00:00,1.78
2012-06-03 08:00:00,1.78
2012-06-03 09:00:00,1.78
2012-06-03 10:00:00,1.78
2012-06-03 11:00:00,1.78
2012-06-03 12:00:00,1.78
2012-06-03 13:00:00,1.78
2012-06-03 14:00:00,1.78
2012-06-03 15:00:00,1.78
2012-06-03 16:00:00,1.78
2012-06-03 17:00:00,3.833722
2012-06-03 18:00:00,34.733814
2012-06-03 19:00:00,35.488083
2012-06-03 20:00:00,35.482774
2012-06-03 21:00:00,35.596917
2012-06-03 22:00:00,34.83695099
2012-06-03 23:00:00,5.363247
2012-06-04 00:00:00,35.244421
2012-06-04 01:00:00,35.297487
2012-06-04 02:00:00,35.071958
2012-06-04 03:00:00,35.337286
2012-06-04 04:00:00,35.356109
2012-06-04 05:00:00,35.382635
2012-06-04 06:00:00,33.850047
2012-06-04 07:00:00,32.632616
2012-06-04 08:00:00,32.592917
2012-06-04 09:00:00,32.539985
2012-06-04 10:00:00,32.619383
2012-06-04 11:00:00,35.135062
2012-06-04 12:00:00,35.391319
2012-06-04 13:00:00,35.515908
2012-06-04 14:00:00,35.233455
2012-06-04 15:00:00,35.525924
2012-06-04 16:00:00,32.465924
2012-06-04 17:00:00,4.902022
2012-06-04 18:00:00,19.744624
2012-06-04 19:00:00,35.134188
2012-06-04 20:00:00,31.91705
2012-06-04 21:00:00,1.78
2012-06-04 22:00:00,1.780000001
2012-06-04 23:00:00,5.68956
2012-06-05 00:00:00,34.999823
2012-06-05 01:00:00,35.353603
2012-06-05 02:00:00,35.327702
2012-06-05 03:00:00,35.469147
2012-06-05 04:00:00,35.450006
2012-06-05 05:00:00,35.031118
2012-06-05 06:00:00,29.889807
2012-06-05 07:00:00,29.847644
2012-06-05 08:00:00,32.845905
2012-06-05 09:00:00,32.759481
2012-06-05 10:00:00,32.729501
2012-06-05 11:00:00,33.296185
2012-06-05 12:00:00,32.726007
2012-06-05 13:00:00,32.872254
2012-06-05 14:00:00,32.55767
2012-06-05 15:00:00,32.897275
2012-06-05 16:00:00,35.541217
2012-06-05 17:00:00,33.03336
2012-06-05 18:00:00,33.237578
2012-06-05 19:00:00,33.19097
2012-06-05 20:00:00,33.285847
2012-06-05 21:00:00,34.013637
2012-06-05 22:00:00,1.78
2012-06-05 23:00:00,3.409349
2012-06-06 00:00:00,35.080711
2012-06-06 01:00:00,35.15452
2012-06-06 02:00:00,35.406003
2012-06-06 03:00:00,35.374237
2012-06-06 04:00:00,35.469536
2012-06-06 05:00:00,35.1057
2012-06-06 06:00:00,19.282248
2012-06-06 07:00:00,19.52748
2012-06-06 08:00:00,33.97973
2012-06-06 09:00:00,35.170987
2012-06-06 10:00:00,35.507027
2012-06-06 11:00:00,35.332392
2012-06-06 12:00:00,34.216655
2012-06-06 13:00:00,1.78
2012-06-06 14:00:00,1.78
2012-06-06 15:00:00,1.78
2012-06-06 16:00:00,1.78
2012-06-06 17:00:00,1.78
2012-06-06 18:00:00,1.78
2012-06-06 19:00:00,1.78
2012-06-06 20:00:00,1.78
2012-06-06 21:00:00,1.78
2012-06-06 22:00:00,1.780000001
2012-06-06 23:00:00,6.031895
2012-06-07 00:00:00,34.466774
2012-06-07 01:00:00,34.519633
2012-06-07 02:00:00,34.559278
2012-06-07 03:00:00,34.638566
2012-06-07 04:00:00,34.638566
2012-06-07 05:00:00,34.194717
2012-06-07 06:00:00,19.612855
2012-06-07 07:00:00,30.229873
2012-06-07 08:00:00,29.865275
2012-06-07 09:00:00,30.297652
2012-06-07 10:00:00,35.325223
2012-06-07 11:00:00,35.219456
2012-06-07 12:00:00,35.281869
2012-06-07 13:00:00,33.256574
2012-06-07 14:00:00,32.375643
2012-06-07 15:00:00,1.78
2012-06-07 16:00:00,17.709783
2012-06-07 17:00:00,35.319935
2012-06-07 18:00:00,35.215631
2012-06-07 19:00:00,35.317548
2012-06-07 20:00:00,35.063767
2012-06-07 21:00:00,35.486736
2012-06-07 22:00:00,6.471517
2012-06-07 23:00:00,4.414309
2012-06-08 00:00:00,35.066725
2012-06-08 01:00:00,35.41031
2012-06-08 02:00:00,35.212088
2012-06-08 03:00:00,35.264947
2012-06-08 04:00:00,35.272876
2012-06-08 05:00:00,33.987017
2012-06-08 06:00:00,1.78
2012-06-08 07:00:00,1.78
2012-06-08 08:00:00,1.78
2012-06-08 09:00:00,1.78
2012-06-08 10:00:00,1.78
2012-06-08 11:00:00,1.78
2012-06-08 12:00:00,1.78
2012-06-08 13:00:00,5.726354005
2012-06-08 14:00:00,34.813002
2012-06-08 15:00:00,35.880756
2012-06-08 16:00:00,35.426168
2012-06-08 17:00:00,8.463755
2012-06-08 18:00:00,1.78
2012-06-08 19:00:00,1.78
2012-06-08 20:00:00,1.78
2012-06-08 21:00:00,6.29446
2012-06-08 22:00:00,31.569162
2012-06-08 23:00:00,4.083311
2012-06-09 00:00:00,43.351669
2012-06-09 01:00:00,43.554061
2012-06-09 02:00:00,43.677233
2012-06-09 03:00:00,43.562668
2012-06-09 04:00:00,43.754497
2012-06-09 05:00:00,41.095182
2012-06-09 06:00:00,1.78
2012-06-09 07:00:00,1.78
2012-06-09 08:00:00,1.78
2012-06-09 09:00:00,8.824096
2012-06-09 10:00:00,32.533024
2012-06-09 11:00:00,35.59796
2012-06-09 12:00:00,32.984852
2012-06-09 13:00:00,32.942671
2012-06-09 14:00:00,33.272184
2012-06-09 15:00:00,38.930729
2012-06-09 16:00:00,33.761105
2012-06-09 17:00:00,34.908148
2012-06-09 18:00:00,34.709926
2012-06-09 19:00:00,37.989935
2012-06-09 20:00:00,41.816954
2012-06-09 21:00:00,6.51735
2012-06-09 22:00:00,1.780000001
2012-06-09 23:00:00,4.804865
2012-06-10 00:00:00,35.127513
2012-06-10 01:00:00,35.220017
2012-06-10 02:00:00,35.213269
2012-06-10 03:00:00,35.264677
2012-06-10 04:00:00,35.254103
2012-06-10 05:00:00,33.846389
2012-06-10 06:00:00,1.78
2012-06-10 07:00:00,1.78
2012-06-10 08:00:00,1.78
2012-06-10 09:00:00,1.78
2012-06-10 10:00:00,1.78
2012-06-10 11:00:00,1.78
2012-06-10 12:00:00,1.78
2012-06-10 13:00:00,1.78
2012-06-10 14:00:00,1.78
2012-06-10 15:00:00,1.78
2012-06-10 16:00:00,1.780000005
2012-06-10 17:00:00,29.276642
2012-06-10 18:00:00,35.926043
2012-06-10 19:00:00,35.503244
2012-06-10 20:00:00,35.545718
2012-06-10 21:00:00,35.587976
2012-06-10 22:00:00,12.012801
2012-06-10 23:00:00,4.12191
2012-06-11 00:00:00,35.641312
2012-06-11 01:00:00,36.032291
2012-06-11 02:00:00,35.995306
2012-06-11 03:00:00,36.089202
2012-06-11 04:00:00,35.926886
2012-06-11 05:00:00,34.718323
2012-06-11 06:00:00,2.42
2012-06-11 07:00:00,2.42
2012-06-11 08:00:00,2.42
2012-06-11 09:00:00,32.503119
2012-06-11 10:00:00,35.841433
2012-06-11 11:00:00,35.842894
2012-06-11 12:00:00,35.964462
2012-06-11 13:00:00,35.973817
2012-06-11 14:00:00,36.039725
2012-06-11 15:00:00,35.828819
2012-06-11 16:00:00,35.960635
2012-06-11 17:00:00,36.005699
2012-06-11 18:00:00,35.984864
2012-06-11 19:00:00,35.845486
2012-06-11 20:00:00,35.950866
2012-06-11 21:00:00,35.970174
2012-06-11 22:00:00,35.914979
2012-06-11 23:00:00,36.508929
2012-06-12 00:00:00,43.956757
2012-06-12 01:00:00,43.938188
2012-06-12 02:00:00,43.877177
2012-06-12 03:00:00,43.959946
2012-06-12 04:00:00,43.936615
2012-06-12 05:00:00,42.767432
2012-06-12 06:00:00,2.42
2012-06-12 07:00:00,2.420000001
2012-06-12 08:00:00,6.223229
2012-06-12 09:00:00,31.200032
2012-06-12 10:00:00,43.721799
2012-06-12 11:00:00,43.790195
2012-06-12 12:00:00,43.901051
2012-06-12 13:00:00,43.901051
2012-06-12 14:00:00,44.126527
2012-06-12 15:00:00,44.206107
2012-06-12 16:00:00,43.717138
2012-06-12 17:00:00,30.223595
2012-06-12 18:00:00,2.42
2012-06-12 19:00:00,2.42
2012-06-12 20:00:00,2.42
2012-06-12 21:00:00,2.42
2012-06-12 22:00:00,2.420000001
2012-06-12 23:00:00,7.815063
2012-06-13 00:00:00,43.89262
2012-06-13 01:00:00,43.92974
2012-06-13 02:00:00,43.945649
2012-06-13 03:00:00,44.027844
2012-06-13 04:00:00,44.125947
2012-06-13 05:00:00,43.500527
2012-06-13 06:00:00,28.113934
2012-06-13 07:00:00,28.463062
2012-06-13 08:00:00,38.448556
2012-06-13 09:00:00,36.75658
2012-06-13 10:00:00,36.004713
2012-06-13 11:00:00,34.497989
2012-06-13 12:00:00,2.42
2012-06-13 13:00:00,2.42
2012-06-13 14:00:00,2.42
2012-06-13 15:00:00,2.42
2012-06-13 16:00:00,2.420000001
2012-06-13 17:00:00,6.433251
2012-06-13 18:00:00,32.851081
2012-06-13 19:00:00,33.373747
2012-06-13 20:00:00,42.227398
2012-06-13 21:00:00,2.42
2012-06-13 22:00:00,2.420000001
2012-06-13 23:00:00,7.657687
2012-06-14 00:00:00,43.895745
2012-06-14 01:00:00,44.078779
2012-06-14 02:00:00,44.052253
2012-06-14 03:00:00,44.105306
2012-06-14 04:00:00,44.044295
2012-06-14 05:00:00,44.150401
2012-06-14 06:00:00,44.200802
2012-06-14 07:00:00,43.819388
2012-06-14 08:00:00,39.212089
2012-06-14 09:00:00,41.525507
2012-06-14 10:00:00,36.524425
2012-06-14 11:00:00,38.355868
2012-06-14 12:00:00,37.965246
2012-06-14 13:00:00,37.542952
2012-06-14 14:00:00,37.869871
2012-06-14 15:00:00,37.524276
2012-06-14 16:00:00,37.684088
2012-06-14 17:00:00,31.277868
2012-06-14 18:00:00,40.899251
2012-06-14 19:00:00,37.46637699
2012-06-14 20:00:00,2.42
2012-06-14 21:00:00,2.42
2012-06-14 22:00:00,2.420000001
2012-06-14 23:00:00,6.788616
2012-06-15 00:00:00,43.33725
2012-06-15 01:00:00,44.000264
2012-06-15 02:00:00,43.682018
2012-06-15 03:00:00,43.679366
2012-06-15 04:00:00,43.456593
2012-06-15 05:00:00,42.878748
2012-06-15 06:00:00,2.42
2012-06-15 07:00:00,2.42
2012-06-15 08:00:00,2.42
2012-06-15 09:00:00,2.42
2012-06-15 10:00:00,2.42
2012-06-15 11:00:00,2.42
2012-06-15 12:00:00,2.42
2012-06-15 13:00:00,2.42
2012-06-15 14:00:00,2.42
2012-06-15 15:00:00,2.42
2012-06-15 16:00:00,2.42
2012-06-15 17:00:00,2.42
2012-06-15 18:00:00,2.42
2012-06-15 19:00:00,2.42
2012-06-15 20:00:00,2.42
2012-06-15 21:00:00,2.42
2012-06-15 22:00:00,2.420000001
2012-06-15 23:00:00,6.664346
2012-06-16 00:00:00,43.542317
2012-06-16 01:00:00,43.544967
2012-06-16 02:00:00,43.942502
2012-06-16 03:00:00,43.862995
2012-06-16 04:00:00,44.016708
2012-06-16 05:00:00,42.623342
2012-06-16 06:00:00,0
2012-06-16 07:00:00,0
2012-06-16 08:00:00,0
2012-06-16 09:00:00,0
2012-06-16 10:00:00,0
2012-06-16 11:00:00,0
2012-06-16 12:00:00,0
2012-06-16 13:00:00,0
2012-06-16 14:00:00,0
2012-06-16 15:00:00,0
2012-06-16 16:00:00,0
2012-06-16 17:00:00,0
2012-06-16 18:00:00,0
2012-06-16 19:00:00,0
2012-06-16 20:00:00,0
2012-06-16 21:00:00,0
2012-06-16 22:00:00,0
2012-06-16 23:00:00,0
2012-06-17 00:00:00,43.724224
2012-06-17 01:00:00,43.679754
2012-06-17 02:00:00,43.667079
2012-06-17 03:00:00,43.657055
2012-06-17 04:00:00,43.671436
2012-06-17 05:00:00,40.748021
2012-06-17 06:00:00,2.42
2012-06-17 07:00:00,2.42
2012-06-17 08:00:00,2.42
2012-06-17 09:00:00,2.42
2012-06-17 10:00:00,2.42
2012-06-17 11:00:00,2.42
2012-06-17 12:00:00,2.42
2012-06-17 13:00:00,2.42
2012-06-17 14:00:00,2.42
2012-06-17 15:00:00,2.42
2012-06-17 16:00:00,2.42
2012-06-17 17:00:00,2.42
2012-06-17 18:00:00,2.42
2012-06-17 19:00:00,2.42
2012-06-17 20:00:00,2.42
2012-06-17 21:00:00,2.42
2012-06-17 22:00:00,2.42
2012-06-17 23:00:00,2.42
2012-06-18 00:00:00,42.680626
2012-06-18 01:00:00,42.543683
2012-06-18 02:00:00,42.533142
2012-06-18 03:00:00,42.638547
2012-06-18 04:00:00,42.509426
2012-06-18 05:00:00,41.475905
2012-06-18 06:00:00,2.42
2012-06-18 07:00:00,2.42
2012-06-18 08:00:00,2.42
2012-06-18 09:00:00,4.664414
2012-06-18 10:00:00,33.537185
2012-06-18 11:00:00,38.223239
2012-06-18 12:00:00,35.839413
2012-06-18 13:00:00,36.181145
2012-06-18 14:00:00,41.302376
2012-06-18 15:00:00,37.567524
2012-06-18 16:00:00,33.09579799
2012-06-18 17:00:00,2.42
2012-06-18 18:00:00,2.42
2012-06-18 19:00:00,2.42
2012-06-18 20:00:00,2.42
2012-06-18 21:00:00,2.42
2012-06-18 22:00:00,2.420000001
2012-06-18 23:00:00,7.221859
2012-06-19 00:00:00,42.584717
2012-06-19 01:00:00,42.405651
2012-06-19 02:00:00,42.433203
2012-06-19 03:00:00,42.592494
2012-06-19 04:00:00,42.47394
2012-06-19 05:00:00,42.343626
2012-06-19 06:00:00,34.375613
2012-06-19 07:00:00,40.760964
2012-06-19 08:00:00,41.425722
2012-06-19 09:00:00,41.412727
2012-06-19 10:00:00,41.518421
2012-06-19 11:00:00,44.443612
2012-06-19 12:00:00,44.466405
2012-06-19 13:00:00,44.514379
2012-06-19 14:00:00,44.45801
2012-06-19 15:00:00,44.350098
2012-06-19 16:00:00,44.02884
2012-06-19 17:00:00,44.117938
2012-06-19 18:00:00,41.88182
2012-06-19 19:00:00,41.855287
2012-06-19 20:00:00,41.821054
2012-06-19 21:00:00,33.173605
2012-06-19 22:00:00,2.420000001
2012-06-19 23:00:00,6.369727
2012-06-20 00:00:00,42.583082
2012-06-20 01:00:00,42.478507
2012-06-20 02:00:00,42.585718
2012-06-20 03:00:00,41.785839
2012-06-20 04:00:00,42.38942
2012-06-20 05:00:00,42.263092
2012-06-20 06:00:00,32.707765
2012-06-20 07:00:00,31.952565
2012-06-20 08:00:00,43.060893
2012-06-20 09:00:00,43.706719
2012-06-20 10:00:00,41.017919
2012-06-20 11:00:00,41.246572
2012-06-20 12:00:00,43.89529
2012-06-20 13:00:00,43.938598
2012-06-20 14:00:00,43.964989
2012-06-20 15:00:00,43.891638
2012-06-20 16:00:00,41.921825
2012-06-20 17:00:00,30.646768
2012-06-20 18:00:00,41.673046
2012-06-20 19:00:00,41.845686
2012-06-20 20:00:00,42.615405
2012-06-20 21:00:00,40.589908
2012-06-20 22:00:00,2.420000001
2012-06-20 23:00:00,7.193575
2012-06-21 00:00:00,43.526909
2012-06-21 01:00:00,43.640743
2012-06-21 02:00:00,43.800692
2012-06-21 03:00:00,43.592065
2012-06-21 04:00:00,43.966531
2012-06-21 05:00:00,42.719128
2012-06-21 06:00:00,2.42
2012-06-21 07:00:00,2.420000001
2012-06-21 08:00:00,6.453302
2012-06-21 09:00:00,43.54744
2012-06-21 10:00:00,36.038507
2012-06-21 11:00:00,35.652448
2012-06-21 12:00:00,33.680849
2012-06-21 13:00:00,44.133953
2012-06-21 14:00:00,43.671858
2012-06-21 15:00:00,43.695598
2012-06-21 16:00:00,35.909765
2012-06-21 17:00:00,30.575937
2012-06-21 18:00:00,33.800462
2012-06-21 19:00:00,38.347395
2012-06-21 20:00:00,41.092334
2012-06-21 21:00:00,2.42
2012-06-21 22:00:00,2.420000001
2012-06-21 23:00:00,6.680074
2012-06-22 00:00:00,42.445422
2012-06-22 01:00:00,42.793226
2012-06-22 02:00:00,42.844053
2012-06-22 03:00:00,42.397903
2012-06-22 04:00:00,42.853951
2012-06-22 05:00:00,37.404205
2012-06-22 06:00:00,2.42
2012-06-22 07:00:00,2.42
2012-06-22 08:00:00,2.42
2012-06-22 09:00:00,27.938523
2012-06-22 10:00:00,43.65788
2012-06-22 11:00:00,43.89048
2012-06-22 12:00:00,41.318481
2012-06-22 13:00:00,38.240529
2012-06-22 14:00:00,41.699905
2012-06-22 15:00:00,38.280329
2012-06-22 16:00:00,2.42
2012-06-22 17:00:00,2.42
2012-06-22 18:00:00,2.42
2012-06-22 19:00:00,2.42
2012-06-22 20:00:00,2.42
2012-06-22 21:00:00,2.42
2012-06-22 22:00:00,2.420000001
2012-06-22 23:00:00,7.38649
2012-06-23 00:00:00,43.638457
2012-06-23 01:00:00,44.085942
2012-06-23 02:00:00,43.666744
2012-06-23 03:00:00,43.807389
2012-06-23 04:00:00,43.822145
2012-06-23 05:00:00,42.102028
2012-06-23 06:00:00,2.42
2012-06-23 07:00:00,2.42
2012-06-23 08:00:00,2.42
2012-06-23 09:00:00,2.42
2012-06-23 10:00:00,2.42
2012-06-23 11:00:00,2.42
2012-06-23 12:00:00,2.42
2012-06-23 13:00:00,2.42
2012-06-23 14:00:00,2.42
2012-06-23 15:00:00,2.42
2012-06-23 16:00:00,2.420000001
2012-06-23 17:00:00,7.15981
2012-06-23 18:00:00,37.929972
2012-06-23 19:00:00,37.632204
2012-06-23 20:00:00,38.277589
2012-06-23 21:00:00,30.543819
2012-06-23 22:00:00,2.42
2012-06-23 23:00:00,2.42
2012-06-24 00:00:00,2.42
2012-06-24 01:00:00,37.347282
2012-06-24 02:00:00,38.127456
2012-06-24 03:00:00,38.367307
2012-06-24 04:00:00,38.698244
2012-06-24 05:00:00,37.581628
2012-06-24 06:00:00,2.42
2012-06-24 07:00:00,2.42
2012-06-24 08:00:00,2.42
2012-06-24 09:00:00,2.42
2012-06-24 10:00:00,2.42
2012-06-24 11:00:00,2.42
2012-06-24 12:00:00,2.42
2012-06-24 13:00:00,2.42
2012-06-24 14:00:00,2.42
2012-06-24 15:00:00,2.42
2012-06-24 16:00:00,2.42
2012-06-24 17:00:00,2.42
2012-06-24 18:00:00,2.42
2012-06-24 19:00:00,2.42
2012-06-24 20:00:00,2.42
2012-06-24 21:00:00,2.42
2012-06-24 22:00:00,2.42
2012-06-24 23:00:00,2.42
2012-06-25 00:00:00,2.42
2012-06-25 01:00:00,2.42
2012-06-25 02:00:00,2.42
2012-06-25 03:00:00,2.42
2012-06-25 04:00:00,2.42
2012-06-25 05:00:00,2.42
2012-06-25 06:00:00,2.42
2012-06-25 07:00:00,2.420000001
2012-06-25 08:00:00,8.176462
2012-06-25 09:00:00,40.526162
2012-06-25 10:00:00,38.390983
2012-06-25 11:00:00,43.416846
2012-06-25 12:00:00,43.408946
2012-06-25 13:00:00,43.475398
2012-06-25 14:00:00,35.599552
2012-06-25 15:00:00,32.964423
2012-06-25 16:00:00,38.905697
2012-06-25 17:00:00,12.961922
2012-06-25 18:00:00,30.229936
2012-06-25 19:00:00,43.966531
2012-06-25 20:00:00,43.921631
2012-06-25 21:00:00,39.442223
2012-06-25 22:00:00,40.78487499
2012-06-25 23:00:00,2.42
2012-06-26 00:00:00,2.42
2012-06-26 01:00:00,2.42
2012-06-26 02:00:00,2.42
2012-06-26 03:00:00,2.42
2012-06-26 04:00:00,2.42
2012-06-26 05:00:00,2.42
2012-06-26 06:00:00,31.69662
2012-06-26 07:00:00,38.100261
2012-06-26 08:00:00,40.286336
2012-06-26 09:00:00,43.503159
2012-06-26 10:00:00,43.471523
2012-06-26 11:00:00,43.476796
2012-06-26 12:00:00,43.52425
2012-06-26 13:00:00,43.616521
2012-06-26 14:00:00,43.560579
2012-06-26 15:00:00,43.936496
2012-06-26 16:00:00,43.690342
2012-06-26 17:00:00,43.748434
2012-06-26 18:00:00,43.782761
2012-06-26 19:00:00,43.943834
2012-06-26 20:00:00,43.571518
2012-06-26 21:00:00,43.713544
2012-06-26 22:00:00,38.62534699
2012-06-26 23:00:00,2.42
2012-06-27 00:00:00,2.42
2012-06-27 01:00:00,2.42
2012-06-27 02:00:00,2.42
2012-06-27 03:00:00,2.42
2012-06-27 04:00:00,2.42
2012-06-27 05:00:00,2.42
2012-06-27 06:00:00,2.42
2012-06-27 07:00:00,4.858225006
2012-06-27 08:00:00,38.347726
2012-06-27 09:00:00,41.306771
2012-06-27 10:00:00,42.636183
2012-06-27 11:00:00,41.848634
2012-06-27 12:00:00,42.892871
2012-06-27 13:00:00,42.821641
2012-06-27 14:00:00,41.546589
2012-06-27 15:00:00,38.15043
2012-06-27 16:00:00,41.387593
2012-06-27 17:00:00,34.039196
2012-06-27 18:00:00,33.80286
2012-06-27 19:00:00,42.031332
2012-06-27 20:00:00,41.874812
2012-06-27 21:00:00,36.811443
2012-06-27 22:00:00,33.90420499
2012-06-27 23:00:00,2.42
2012-06-28 00:00:00,2.42
2012-06-28 01:00:00,2.42
2012-06-28 02:00:00,2.42
2012-06-28 03:00:00,2.42
2012-06-28 04:00:00,5.130548006
2012-06-28 05:00:00,38.41759
2012-06-28 06:00:00,38.699805
2012-06-28 07:00:00,43.779565
2012-06-28 08:00:00,43.771918
2012-06-28 09:00:00,43.845937
2012-06-28 10:00:00,43.811571
2012-06-28 11:00:00,43.72169
2012-06-28 12:00:00,43.837457
2012-06-28 13:00:00,43.945319
2012-06-28 14:00:00,43.778736
2012-06-28 15:00:00,44.035747
2012-06-28 16:00:00,43.529015
2012-06-28 17:00:00,43.751176
2012-06-28 18:00:00,43.730018
2012-06-28 19:00:00,43.817295
2012-06-28 20:00:00,43.839999
2012-06-28 21:00:00,43.87229
2012-06-28 22:00:00,38.24505999
2012-06-28 23:00:00,2.42
2012-06-29 00:00:00,2.42
2012-06-29 01:00:00,2.42
2012-06-29 02:00:00,2.42
2012-06-29 03:00:00,2.42
2012-06-29 04:00:00,2.420000006
2012-06-29 05:00:00,37.946851
2012-06-29 06:00:00,38.62851
2012-06-29 07:00:00,43.577527
2012-06-29 08:00:00,43.648389
2012-06-29 09:00:00,43.598116
2012-06-29 10:00:00,43.767459
2012-06-29 11:00:00,43.809794
2012-06-29 12:00:00,43.666342
2012-06-29 13:00:00,43.766343
2012-06-29 14:00:00,43.866913
2012-06-29 15:00:00,43.854228
2012-06-29 16:00:00,43.854228
2012-06-29 17:00:00,43.913469
2012-06-29 18:00:00,43.660845
2012-06-29 19:00:00,44.031537
2012-06-29 20:00:00,43.71966
2012-06-29 21:00:00,43.942588
2012-06-29 22:00:00,30.562665
2012-06-29 23:00:00,2.42
2012-06-30 00:00:00,2.42
2012-06-30 01:00:00,2.42
2012-06-30 02:00:00,2.42
2012-06-30 03:00:00,2.42
2012-06-30 04:00:00,2.42
2012-06-30 05:00:00,2.42
2012-06-30 06:00:00,5.775402
2012-06-30 07:00:00,40.147817
2012-06-30 08:00:00,42.820274
2012-06-30 09:00:00,42.902149
2012-06-30 10:00:00,43.079106
2012-06-30 11:00:00,42.767451
2012-06-30 12:00:00,36.4267
2012-06-30 13:00:00,2.420000001
2012-06-30 14:00:00,7.607344
2012-06-30 15:00:00,44.037819
2012-06-30 16:00:00,34.37837899
2012-06-30 17:00:00,2.42
2012-06-30 18:00:00,11.495161
2012-06-30 19:00:00,42.540165
2012-06-30 20:00:00,42.299711
2012-06-30 21:00:00,42.326135
2012-06-30 22:00:00,35.91452399
2012-06-30 23:00:00,2.42
2012-07-01 00:00:00,2.42
2012-07-01 01:00:00,2.42
2012-07-01 02:00:00,2.42
2012-07-01 03:00:00,2.42
2012-07-01 04:00:00,2.42
2012-07-01 05:00:00,2.42
2012-07-01 06:00:00,2.42
2012-07-01 07:00:00,2.420000001
2012-07-01 08:00:00,7.635803
2012-07-01 09:00:00,41.121195
2012-07-01 10:00:00,38.731426
2012-07-01 11:00:00,38.266282
2012-07-01 12:00:00,40.037798
2012-07-01 13:00:00,37.634203
2012-07-01 14:00:00,37.481981
2012-07-01 15:00:00,41.934287
2012-07-01 16:00:00,41.989984
2012-07-01 17:00:00,38.736684
2012-07-01 18:00:00,42.324002
2012-07-01 19:00:00,42.650066
2012-07-01 20:00:00,42.337904
2012-07-01 21:00:00,42.364301
2012-07-01 22:00:00,35.34809299
2012-07-01 23:00:00,2.42
2012-07-02 00:00:00,2.42
2012-07-02 01:00:00,2.42
2012-07-02 02:00:00,2.42
2012-07-02 03:00:00,2.42
2012-07-02 04:00:00,2.42
2012-07-02 05:00:00,2.42
2012-07-02 06:00:00,24.142365
2012-07-02 07:00:00,39.238569
2012-07-02 08:00:00,43.574809
2012-07-02 09:00:00,43.738673
2012-07-02 10:00:00,43.847034
2012-07-02 11:00:00,43.794175
2012-07-02 12:00:00,43.606525
2012-07-02 13:00:00,43.971253
2012-07-02 14:00:00,43.714886
2012-07-02 15:00:00,43.510205
2012-07-02 16:00:00,43.754939
2012-07-02 17:00:00,43.702055
2012-07-02 18:00:00,43.768159
2012-07-02 19:00:00,43.754939
2012-07-02 20:00:00,43.728497
2012-07-02 21:00:00,43.679393
2012-07-02 22:00:00,16.971845
2012-07-02 23:00:00,2.42
2012-07-03 00:00:00,2.42
2012-07-03 01:00:00,2.42
2012-07-03 02:00:00,2.42
2012-07-03 03:00:00,2.42
2012-07-03 04:00:00,2.42
2012-07-03 05:00:00,2.42
2012-07-03 06:00:00,6.663873
2012-07-03 07:00:00,38.398843
2012-07-03 08:00:00,38.621479
2012-07-03 09:00:00,41.509873
2012-07-03 10:00:00,42.023404
2012-07-03 11:00:00,43.619621
2012-07-03 12:00:00,41.696745
2012-07-03 13:00:00,41.886527
2012-07-03 14:00:00,43.677706
2012-07-03 15:00:00,39.07859
2012-07-03 16:00:00,40.362888
2012-07-03 17:00:00,41.34
2012-07-03 18:00:00,7.423567
2012-07-03 19:00:00,40.324171
2012-07-03 20:00:00,38.508843
2012-07-03 21:00:00,38.566473
2012-07-03 22:00:00,18.766772
2012-07-03 23:00:00,2.42
2012-07-04 00:00:00,2.42
2012-07-04 01:00:00,2.42
2012-07-04 02:00:00,2.42
2012-07-04 03:00:00,2.42
2012-07-04 04:00:00,2.42
2012-07-04 05:00:00,2.42
2012-07-04 06:00:00,2.42
2012-07-04 07:00:00,4.606689007
2012-07-04 08:00:00,43.378522
2012-07-04 09:00:00,43.589669
2012-07-04 10:00:00,43.453016
2012-07-04 11:00:00,43.713718
2012-07-04 12:00:00,43.854149
2012-07-04 13:00:00,43.888457
2012-07-04 14:00:00,43.772895
2012-07-04 15:00:00,43.817753
2012-07-04 16:00:00,43.084996
2012-07-04 17:00:00,19.729149
2012-07-04 18:00:00,43.367363
2012-07-04 19:00:00,43.649234
2012-07-04 20:00:00,42.884784
2012-07-04 21:00:00,20.88419
2012-07-04 22:00:00,34.96391799
2012-07-04 23:00:00,2.42
2012-07-05 00:00:00,2.42
2012-07-05 01:00:00,2.42
2012-07-05 02:00:00,2.42
2012-07-05 03:00:00,2.42
2012-07-05 04:00:00,2.42
2012-07-05 05:00:00,2.42
2012-07-05 06:00:00,2.42
2012-07-05 07:00:00,2.42
2012-07-05 08:00:00,2.42
2012-07-05 09:00:00,2.42
2012-07-05 10:00:00,5.106572007
2012-07-05 11:00:00,43.628559
2012-07-05 12:00:00,38.475884
2012-07-05 13:00:00,37.935006
2012-07-05 14:00:00,22.981444
2012-07-05 15:00:00,24.210751
2012-07-05 16:00:00,21.158378
2012-07-05 17:00:00,21.227318
2012-07-05 18:00:00,22.69732
2012-07-05 19:00:00,38.493311
2012-07-05 20:00:00,22.595517
2012-07-05 21:00:00,43.877357
2012-07-05 22:00:00,16.127275
2012-07-05 23:00:00,2.42
2012-07-06 00:00:00,2.42
2012-07-06 01:00:00,2.42
2012-07-06 02:00:00,2.42
2012-07-06 03:00:00,2.42
2012-07-06 04:00:00,2.42
2012-07-06 05:00:00,2.42
2012-07-06 06:00:00,2.42
2012-07-06 07:00:00,2.42
2012-07-06 08:00:00,2.42
2012-07-06 09:00:00,2.42
2012-07-06 10:00:00,2.42
2012-07-06 11:00:00,2.42
2012-07-06 12:00:00,7.045943
2012-07-06 13:00:00,36.98913
2012-07-06 14:00:00,37.120497
2012-07-06 15:00:00,37.339908
2012-07-06 16:00:00,37.998441
2012-07-06 17:00:00,38.169295
2012-07-06 18:00:00,37.909071
2012-07-06 19:00:00,38.352122
2012-07-06 20:00:00,38.166913
2012-07-06 21:00:00,38.674961
2012-07-06 22:00:00,41.17984599
2012-07-06 23:00:00,2.42
2012-07-07 00:00:00,2.42
2012-07-07 01:00:00,2.42
2012-07-07 02:00:00,2.42
2012-07-07 03:00:00,2.42
2012-07-07 04:00:00,2.42
2012-07-07 05:00:00,2.42
2012-07-07 06:00:00,2.42
2012-07-07 07:00:00,2.42
2012-07-07 08:00:00,2.42
2012-07-07 09:00:00,6.800288
2012-07-07 10:00:00,38.774626
2012-07-07 11:00:00,42.712442
2012-07-07 12:00:00,2.42
2012-07-07 13:00:00,2.42
2012-07-07 14:00:00,2.42
2012-07-07 15:00:00,2.42
2012-07-07 16:00:00,2.42
2012-07-07 17:00:00,2.42
2012-07-07 18:00:00,2.42
2012-07-07 19:00:00,2.42
2012-07-07 20:00:00,2.42
2012-07-07 21:00:00,2.42
2012-07-07 22:00:00,2.42
2012-07-07 23:00:00,2.42
2012-07-08 00:00:00,2.42
2012-07-08 01:00:00,2.42
2012-07-08 02:00:00,2.42
2012-07-08 03:00:00,2.42
2012-07-08 04:00:00,2.42
2012-07-08 05:00:00,2.42
2012-07-08 06:00:00,2.42
2012-07-08 07:00:00,2.42
2012-07-08 08:00:00,2.42
2012-07-08 09:00:00,2.42
2012-07-08 10:00:00,2.42
2012-07-08 11:00:00,2.42
2012-07-08 12:00:00,6.032417
2012-07-08 13:00:00,39.832769
2012-07-08 14:00:00,39.387899
2012-07-08 15:00:00,20.713489
2012-07-08 16:00:00,18.634496
2012-07-08 17:00:00,18.6973
2012-07-08 18:00:00,28.849149
2012-07-08 19:00:00,41.263854
2012-07-08 20:00:00,41.237609
2012-07-08 21:00:00,41.470736
2012-07-08 22:00:00,32.46767199
2012-07-08 23:00:00,2.42
2012-07-09 00:00:00,2.42
2012-07-09 01:00:00,2.42
2012-07-09 02:00:00,2.42
2012-07-09 03:00:00,2.42
2012-07-09 04:00:00,2.42
2012-07-09 05:00:00,2.42
2012-07-09 06:00:00,2.42
2012-07-09 07:00:00,2.42
2012-07-09 08:00:00,2.42
2012-07-09 09:00:00,2.42
2012-07-09 10:00:00,2.42
2012-07-09 11:00:00,2.42
2012-07-09 12:00:00,5.968813
2012-07-09 13:00:00,38.861407
2012-07-09 14:00:00,25.507912
2012-07-09 15:00:00,26.913954
2012-07-09 16:00:00,37.668838
2012-07-09 17:00:00,20.283972
2012-07-09 18:00:00,21.819443
2012-07-09 19:00:00,37.111215
2012-07-09 20:00:00,24.755707
2012-07-09 21:00:00,21.766499
2012-07-09 22:00:00,34.78200699
2012-07-09 23:00:00,2.42
2012-07-10 00:00:00,2.42
2012-07-10 01:00:00,2.42
2012-07-10 02:00:00,2.42
2012-07-10 03:00:00,2.42
2012-07-10 04:00:00,2.42
2012-07-10 05:00:00,2.42
2012-07-10 06:00:00,2.42
2012-07-10 07:00:00,2.42
2012-07-10 08:00:00,2.42
2012-07-10 09:00:00,2.42
2012-07-10 10:00:00,2.42
2012-07-10 11:00:00,2.42
2012-07-10 12:00:00,2.42
2012-07-10 13:00:00,2.42
2012-07-10 14:00:00,2.42
2012-07-10 15:00:00,2.42
2012-07-10 16:00:00,2.42
2012-07-10 17:00:00,2.42
2012-07-10 18:00:00,6.739029
2012-07-10 19:00:00,38.353324
2012-07-10 20:00:00,40.391518
2012-07-10 21:00:00,33.69722
2012-07-10 22:00:00,25.343481
2012-07-10 23:00:00,2.42
2012-07-11 00:00:00,2.62
2012-07-11 01:00:00,2.62
2012-07-11 02:00:00,2.62
2012-07-11 03:00:00,2.62
2012-07-11 04:00:00,2.62
2012-07-11 05:00:00,2.62
2012-07-11 06:00:00,2.62
2012-07-11 07:00:00,2.62
2012-07-11 08:00:00,2.62
2012-07-11 09:00:00,2.62
2012-07-11 10:00:00,2.62
2012-07-11 11:00:00,2.62
2012-07-11 12:00:00,2.62
2012-07-11 13:00:00,2.62
2012-07-11 14:00:00,2.62
2012-07-11 15:00:00,2.62
2012-07-11 16:00:00,2.62
2012-07-11 17:00:00,2.62
2012-07-11 18:00:00,2.62
2012-07-11 19:00:00,6.371643005
2012-07-11 20:00:00,37.783843
2012-07-11 21:00:00,31.264969
2012-07-11 22:00:00,28.211727
2012-07-11 23:00:00,2.62
2012-07-12 00:00:00,2.42
2012-07-12 01:00:00,2.42
2012-07-12 02:00:00,2.42
2012-07-12 03:00:00,2.42
2012-07-12 04:00:00,2.42
2012-07-12 05:00:00,2.42
2012-07-12 06:00:00,2.42
2012-07-12 07:00:00,2.42
2012-07-12 08:00:00,2.42
2012-07-12 09:00:00,2.42
2012-07-12 10:00:00,2.42
2012-07-12 11:00:00,2.42
2012-07-12 12:00:00,2.42
2012-07-12 13:00:00,2.42
2012-07-12 14:00:00,2.42
2012-07-12 15:00:00,2.42
2012-07-12 16:00:00,2.42
2012-07-12 17:00:00,2.42
2012-07-12 18:00:00,8.315333
2012-07-12 19:00:00,38.129659
2012-07-12 20:00:00,32.868818
2012-07-12 21:00:00,22.042426
2012-07-12 22:00:00,41.89191099
2012-07-12 23:00:00,2.42
2012-07-13 00:00:00,2.42
2012-07-13 01:00:00,2.42
2012-07-13 02:00:00,2.42
2012-07-13 03:00:00,2.42
2012-07-13 04:00:00,2.42
2012-07-13 05:00:00,2.42
2012-07-13 06:00:00,2.42
2012-07-13 07:00:00,2.42
2012-07-13 08:00:00,2.42
2012-07-13 09:00:00,2.42
2012-07-13 10:00:00,2.42
2012-07-13 11:00:00,2.42
2012-07-13 12:00:00,2.42
2012-07-13 13:00:00,2.42
2012-07-13 14:00:00,2.42
2012-07-13 15:00:00,2.42
2012-07-13 16:00:00,2.42
2012-07-13 17:00:00,2.42
2012-07-13 18:00:00,7.533288
2012-07-13 19:00:00,40.785934
2012-07-13 20:00:00,40.08881
2012-07-13 21:00:00,22.649402
2012-07-13 22:00:00,37.65094
2012-07-13 23:00:00,23.39
2012-07-14 00:00:00,2.42
2012-07-14 01:00:00,2.42
2012-07-14 02:00:00,2.42
2012-07-14 03:00:00,2.42
2012-07-14 04:00:00,2.42
2012-07-14 05:00:00,2.42
2012-07-14 06:00:00,0
2012-07-14 07:00:00,0
2012-07-14 08:00:00,0
2012-07-14 09:00:00,0
2012-07-14 10:00:00,0
2012-07-14 11:00:00,0
2012-07-14 12:00:00,0
2012-07-14 13:00:00,0
2012-07-14 14:00:00,0
2012-07-14 15:00:00,0
2012-07-14 16:00:00,0
2012-07-14 17:00:00,0
2012-07-14 18:00:00,0
2012-07-14 19:00:00,5.113288006
2012-07-14 20:00:00,38.365934
2012-07-14 21:00:00,37.66881
2012-07-14 22:00:00,20.229402
2012-07-14 23:00:00,0
2012-07-15 00:00:00,2.42
2012-07-15 01:00:00,2.42
2012-07-15 02:00:00,2.42
2012-07-15 03:00:00,2.42
2012-07-15 04:00:00,2.42
2012-07-15 05:00:00,2.42
2012-07-15 06:00:00,2.42
2012-07-15 07:00:00,2.42
2012-07-15 08:00:00,2.42
2012-07-15 09:00:00,2.42
2012-07-15 10:00:00,2.42
2012-07-15 11:00:00,2.42
2012-07-15 12:00:00,2.42
2012-07-15 13:00:00,2.42
2012-07-15 14:00:00,2.42
2012-07-15 15:00:00,2.42
2012-07-15 16:00:00,2.42
2012-07-15 17:00:00,2.42
2012-07-15 18:00:00,6.9097
2012-07-15 19:00:00,35.831147
2012-07-15 20:00:00,35.640978
2012-07-15 21:00:00,36.307111
2012-07-15 22:00:00,36.63581599
2012-07-15 23:00:00,2.42
2012-07-16 00:00:00,2.42
2012-07-16 01:00:00,2.42
2012-07-16 02:00:00,2.42
2012-07-16 03:00:00,2.42
2012-07-16 04:00:00,2.42
2012-07-16 05:00:00,2.42
2012-07-16 06:00:00,2.42
2012-07-16 07:00:00,2.42
2012-07-16 08:00:00,2.42
2012-07-16 09:00:00,2.42
2012-07-16 10:00:00,2.42
2012-07-16 11:00:00,2.42
2012-07-16 12:00:00,2.42
2012-07-16 13:00:00,2.42
2012-07-16 14:00:00,2.42
2012-07-16 15:00:00,2.42
2012-07-16 16:00:00,5.974088004
2012-07-16 17:00:00,29.487337
2012-07-16 18:00:00,20.533853
2012-07-16 19:00:00,32.692354
2012-07-16 20:00:00,33.179808
2012-07-16 21:00:00,41.481753
2012-07-16 22:00:00,40.56943899
2012-07-16 23:00:00,2.42
2012-07-17 00:00:00,2.42
2012-07-17 01:00:00,2.42
2012-07-17 02:00:00,2.42
2012-07-17 03:00:00,2.42
2012-07-17 04:00:00,2.42
2012-07-17 05:00:00,2.42
2012-07-17 06:00:00,2.42
2012-07-17 07:00:00,5.965257006
2012-07-17 08:00:00,37.496358
2012-07-17 09:00:00,30.425174
2012-07-17 10:00:00,30.63569
2012-07-17 11:00:00,30.305621
2012-07-17 12:00:00,30.477153
2012-07-17 13:00:00,29.975924
2012-07-17 14:00:00,2.42
2012-07-17 15:00:00,2.42
2012-07-17 16:00:00,2.42
2012-07-17 17:00:00,2.42
2012-07-17 18:00:00,2.42
2012-07-17 19:00:00,2.42
2012-07-17 20:00:00,2.42
2012-07-17 21:00:00,2.42
2012-07-17 22:00:00,2.42
2012-07-17 23:00:00,2.42
2012-07-18 00:00:00,2.42
2012-07-18 01:00:00,2.42
2012-07-18 02:00:00,2.42
2012-07-18 03:00:00,2.42
2012-07-18 04:00:00,2.42
2012-07-18 05:00:00,2.42
2012-07-18 06:00:00,2.42
2012-07-18 07:00:00,2.420000001
2012-07-18 08:00:00,5.55323
2012-07-18 09:00:00,41.208647
2012-07-18 10:00:00,39.883506
2012-07-18 11:00:00,40.002524
2012-07-18 12:00:00,40.230093
2012-07-18 13:00:00,37.94502
2012-07-18 14:00:00,35.253899
2012-07-18 15:00:00,37.313672
2012-07-18 16:00:00,34.200845
2012-07-18 17:00:00,31.010209
2012-07-18 18:00:00,33.877907
2012-07-18 19:00:00,32.804911
2012-07-18 20:00:00,35.016506
2012-07-18 21:00:00,33.614225
2012-07-18 22:00:00,32.48985699
2012-07-18 23:00:00,2.42
2012-07-19 00:00:00,2.42
2012-07-19 01:00:00,2.42
2012-07-19 02:00:00,2.42
2012-07-19 03:00:00,2.42
2012-07-19 04:00:00,2.42
2012-07-19 05:00:00,2.42
2012-07-19 06:00:00,2.42
2012-07-19 07:00:00,2.42
2012-07-19 08:00:00,2.42
2012-07-19 09:00:00,2.42
2012-07-19 10:00:00,2.42
2012-07-19 11:00:00,2.42
2012-07-19 12:00:00,2.42
2012-07-19 13:00:00,4.543223005
2012-07-19 14:00:00,35.215222
2012-07-19 15:00:00,36.61891
2012-07-19 16:00:00,38.018568
2012-07-19 17:00:00,32.655304
2012-07-19 18:00:00,39.105912
2012-07-19 19:00:00,40.514459
2012-07-19 20:00:00,39.519936
2012-07-19 21:00:00,36.749324
2012-07-19 22:00:00,35.61977899
2012-07-19 23:00:00,2.42
2012-07-20 00:00:00,2.42
2012-07-20 01:00:00,2.42
2012-07-20 02:00:00,2.42
2012-07-20 03:00:00,2.42
2012-07-20 04:00:00,2.42
2012-07-20 05:00:00,2.42
2012-07-20 06:00:00,2.42
2012-07-20 07:00:00,2.420000001
2012-07-20 08:00:00,6.120888
2012-07-20 09:00:00,37.211476
2012-07-20 10:00:00,39.869257
2012-07-20 11:00:00,39.784075
2012-07-20 12:00:00,36.988355
2012-07-20 13:00:00,34.59341
2012-07-20 14:00:00,36.093965
2012-07-20 15:00:00,36.221343
2012-07-20 16:00:00,2.42
2012-07-20 17:00:00,2.42
2012-07-20 18:00:00,2.42
2012-07-20 19:00:00,2.42
2012-07-20 20:00:00,2.42
2012-07-20 21:00:00,6.332663
2012-07-20 22:00:00,36.010749
2012-07-20 23:00:00,7.505964
2012-07-21 00:00:00,2.42
2012-07-21 01:00:00,2.42
2012-07-21 02:00:00,2.42
2012-07-21 03:00:00,2.42
2012-07-21 04:00:00,2.42
2012-07-21 05:00:00,2.42
2012-07-21 06:00:00,2.42
2012-07-21 07:00:00,2.42
2012-07-21 08:00:00,2.42
2012-07-21 09:00:00,2.42
2012-07-21 10:00:00,2.42
2012-07-21 11:00:00,2.42
2012-07-21 12:00:00,2.42
2012-07-21 13:00:00,2.42
2012-07-21 14:00:00,2.42
2012-07-21 15:00:00,2.42
2012-07-21 16:00:00,2.42
2012-07-21 17:00:00,2.42
2012-07-21 18:00:00,2.42
2012-07-21 19:00:00,5.640441006
2012-07-21 20:00:00,37.324969
2012-07-21 21:00:00,35.798673
2012-07-21 22:00:00,28.27077
2012-07-21 23:00:00,2.42
2012-07-22 00:00:00,2.42
2012-07-22 01:00:00,2.42
2012-07-22 02:00:00,2.42
2012-07-22 03:00:00,2.42
2012-07-22 04:00:00,2.42
2012-07-22 05:00:00,2.42
2012-07-22 06:00:00,2.42
2012-07-22 07:00:00,2.42
2012-07-22 08:00:00,2.42
2012-07-22 09:00:00,2.42
2012-07-22 10:00:00,2.42
2012-07-22 11:00:00,2.42
2012-07-22 12:00:00,2.42
2012-07-22 13:00:00,2.42
2012-07-22 14:00:00,2.42
2012-07-22 15:00:00,2.42
2012-07-22 16:00:00,2.42
2012-07-22 17:00:00,2.42
2012-07-22 18:00:00,2.42
2012-07-22 19:00:00,4.301801005
2012-07-22 20:00:00,35.633453
2012-07-22 21:00:00,32.119861
2012-07-22 22:00:00,28.844948
2012-07-22 23:00:00,2.42
2012-07-23 00:00:00,2.42
2012-07-23 01:00:00,2.42
2012-07-23 02:00:00,2.42
2012-07-23 03:00:00,2.42
2012-07-23 04:00:00,2.42
2012-07-23 05:00:00,2.42
2012-07-23 06:00:00,2.42
2012-07-23 07:00:00,2.42
2012-07-23 08:00:00,2.42
2012-07-23 09:00:00,2.42
2012-07-23 10:00:00,2.42
2012-07-23 11:00:00,2.42
2012-07-23 12:00:00,2.42
2012-07-23 13:00:00,2.42
2012-07-23 14:00:00,2.42
2012-07-23 15:00:00,6.167817
2012-07-23 16:00:00,38.435528
2012-07-23 17:00:00,37.399761
2012-07-23 18:00:00,40.233186
2012-07-23 19:00:00,38.878968
2012-07-23 20:00:00,34.243525
2012-07-23 21:00:00,33.391989
2012-07-23 22:00:00,31.42630099
2012-07-23 23:00:00,2.42
2012-07-24 00:00:00,2.42
2012-07-24 01:00:00,2.42
2012-07-24 02:00:00,2.42
2012-07-24 03:00:00,2.42
2012-07-24 04:00:00,2.42
2012-07-24 05:00:00,2.42
2012-07-24 06:00:00,2.42
2012-07-24 07:00:00,2.42
2012-07-24 08:00:00,2.42
2012-07-24 09:00:00,2.42
2012-07-24 10:00:00,2.42
2012-07-24 11:00:00,2.42
2012-07-24 12:00:00,2.42
2012-07-24 13:00:00,2.42
2012-07-24 14:00:00,2.42
2012-07-24 15:00:00,2.42
2012-07-24 16:00:00,2.42
2012-07-24 17:00:00,2.42
2012-07-24 18:00:00,2.42
2012-07-24 19:00:00,5.893520006
2012-07-24 20:00:00,38.175294
2012-07-24 21:00:00,34.755138
2012-07-24 22:00:00,21.99964
2012-07-24 23:00:00,2.42
2012-07-25 00:00:00,2.42
2012-07-25 01:00:00,2.42
2012-07-25 02:00:00,2.42
2012-07-25 03:00:00,2.42
2012-07-25 04:00:00,2.42
2012-07-25 05:00:00,2.42
2012-07-25 06:00:00,2.42
2012-07-25 07:00:00,2.42
2012-07-25 08:00:00,2.42
2012-07-25 09:00:00,2.42
2012-07-25 10:00:00,2.42
2012-07-25 11:00:00,2.42
2012-07-25 12:00:00,2.42
2012-07-25 13:00:00,2.42
2012-07-25 14:00:00,2.42
2012-07-25 15:00:00,2.42
2012-07-25 16:00:00,2.420000001
2012-07-25 17:00:00,5.98208
2012-07-25 18:00:00,40.426643
2012-07-25 19:00:00,41.956129
2012-07-25 20:00:00,37.359342
2012-07-25 21:00:00,36.912274
2012-07-25 22:00:00,33.04642099
2012-07-25 23:00:00,2.42
2012-07-26 00:00:00,2.42
2012-07-26 01:00:00,2.42
2012-07-26 02:00:00,2.42
2012-07-26 03:00:00,2.42
2012-07-26 04:00:00,2.42
2012-07-26 05:00:00,2.42
2012-07-26 06:00:00,2.42
2012-07-26 07:00:00,2.42
2012-07-26 08:00:00,2.42
2012-07-26 09:00:00,2.42
2012-07-26 10:00:00,2.42
2012-07-26 11:00:00,2.42
2012-07-26 12:00:00,2.42
2012-07-26 13:00:00,2.42
2012-07-26 14:00:00,2.42
2012-07-26 15:00:00,5.769372
2012-07-26 16:00:00,35.424117
2012-07-26 17:00:00,35.983748
2012-07-26 18:00:00,40.148382
2012-07-26 19:00:00,40.760673
2012-07-26 20:00:00,36.168108
2012-07-26 21:00:00,36.415663
2012-07-26 22:00:00,27.083836
2012-07-26 23:00:00,2.42
2012-07-27 00:00:00,2.42
2012-07-27 01:00:00,2.42
2012-07-27 02:00:00,2.42
2012-07-27 03:00:00,2.42
2012-07-27 04:00:00,2.42
2012-07-27 05:00:00,2.42
2012-07-27 06:00:00,2.42
2012-07-27 07:00:00,2.42
2012-07-27 08:00:00,2.42
2012-07-27 09:00:00,8.44029
2012-07-27 10:00:00,35.785982
2012-07-27 11:00:00,38.131583
2012-07-27 12:00:00,35.690166
2012-07-27 13:00:00,35.469742
2012-07-27 14:00:00,32.539919
2012-07-27 15:00:00,28.97702
2012-07-27 16:00:00,21.593163
2012-07-27 17:00:00,2.42
2012-07-27 18:00:00,5.732367
2012-07-27 19:00:00,34.289586
2012-07-27 20:00:00,28.359106
2012-07-27 21:00:00,35.859004
2012-07-27 22:00:00,23.181949
2012-07-27 23:00:00,2.42
2012-07-28 00:00:00,2.42
2012-07-28 01:00:00,2.42
2012-07-28 02:00:00,2.42
2012-07-28 03:00:00,2.42
2012-07-28 04:00:00,2.42
2012-07-28 05:00:00,2.42
2012-07-28 06:00:00,2.42
2012-07-28 07:00:00,2.42
2012-07-28 08:00:00,2.42
2012-07-28 09:00:00,2.42
2012-07-28 10:00:00,2.42
2012-07-28 11:00:00,2.42
2012-07-28 12:00:00,5.55459
2012-07-28 13:00:00,41.398254
2012-07-28 14:00:00,36.067532
2012-07-28 15:00:00,39.799563
2012-07-28 16:00:00,34.886548
2012-07-28 17:00:00,37.288955
2012-07-28 18:00:00,34.945259
2012-07-28 19:00:00,34.364905
2012-07-28 20:00:00,29.218365
2012-07-28 21:00:00,33.278733
2012-07-28 22:00:00,31.27402999
2012-07-28 23:00:00,2.42
2012-07-29 00:00:00,2.42
2012-07-29 01:00:00,2.42
2012-07-29 02:00:00,2.42
2012-07-29 03:00:00,2.42
2012-07-29 04:00:00,2.42
2012-07-29 05:00:00,2.42
2012-07-29 06:00:00,2.42
2012-07-29 07:00:00,2.42
2012-07-29 08:00:00,2.42
2012-07-29 09:00:00,6.375734
2012-07-29 10:00:00,37.679857
2012-07-29 11:00:00,37.797189
2012-07-29 12:00:00,40.804166
2012-07-29 13:00:00,38.014427
2012-07-29 14:00:00,38.494398
2012-07-29 15:00:00,36.17628
2012-07-29 16:00:00,4.230953
2012-07-29 17:00:00,2.42
2012-07-29 18:00:00,2.42
2012-07-29 19:00:00,2.42
2012-07-29 20:00:00,2.42
2012-07-29 21:00:00,2.42
2012-07-29 22:00:00,2.42
2012-07-29 23:00:00,2.42
2012-07-30 00:00:00,2.42
2012-07-30 01:00:00,2.42
2012-07-30 02:00:00,2.42
2012-07-30 03:00:00,2.42
2012-07-30 04:00:00,2.42
2012-07-30 05:00:00,2.42
2012-07-30 06:00:00,2.42
2012-07-30 07:00:00,2.42
2012-07-30 08:00:00,2.42
2012-07-30 09:00:00,2.42
2012-07-30 10:00:00,2.42
2012-07-30 11:00:00,2.42
2012-07-30 12:00:00,2.42
2012-07-30 13:00:00,6.122531005
2012-07-30 14:00:00,37.291878
2012-07-30 15:00:00,34.181001
2012-07-30 16:00:00,31.195742
2012-07-30 17:00:00,34.642601
2012-07-30 18:00:00,34.528506
2012-07-30 19:00:00,33.765801
2012-07-30 20:00:00,32.453915
2012-07-30 21:00:00,32.577084
2012-07-30 22:00:00,19.313579
2012-07-30 23:00:00,2.42
2012-07-31 00:00:00,2.42
2012-07-31 01:00:00,2.42
2012-07-31 02:00:00,2.42
2012-07-31 03:00:00,2.42
2012-07-31 04:00:00,2.42
2012-07-31 05:00:00,2.42
2012-07-31 06:00:00,2.42
2012-07-31 07:00:00,2.42
2012-07-31 08:00:00,2.42
2012-07-31 09:00:00,2.42
2012-07-31 10:00:00,2.42
2012-07-31 11:00:00,2.42
2012-07-31 12:00:00,5.049555
2012-07-31 13:00:00,37.836181
2012-07-31 14:00:00,39.402021
2012-07-31 15:00:00,37.641144
2012-07-31 16:00:00,36.136385
2012-07-31 17:00:00,26.516422
2012-07-31 18:00:00,33.786376
2012-07-31 19:00:00,35.169138
2012-07-31 20:00:00,30.659391
2012-07-31 21:00:00,28.536547
2012-07-31 22:00:00,31.85208999
2012-07-31 23:00:00,2.42
2012-08-01 00:00:00,2.42
2012-08-01 01:00:00,2.42
2012-08-01 02:00:00,2.42
2012-08-01 03:00:00,2.42
2012-08-01 04:00:00,2.42
2012-08-01 05:00:00,2.42
2012-08-01 06:00:00,2.42
2012-08-01 07:00:00,2.42
2012-08-01 08:00:00,2.42
2012-08-01 09:00:00,2.42
2012-08-01 10:00:00,2.42
2012-08-01 11:00:00,2.42
2012-08-01 12:00:00,2.42
2012-08-01 13:00:00,2.42
2012-08-01 14:00:00,2.42
2012-08-01 15:00:00,2.42
2012-08-01 16:00:00,2.42
2012-08-01 17:00:00,2.42
2012-08-01 18:00:00,2.42
2012-08-01 19:00:00,29.805761
2012-08-01 20:00:00,28.509742
2012-08-01 21:00:00,27.128947
2012-08-01 22:00:00,28.759135
2012-08-01 23:00:00,2.42
2012-08-02 00:00:00,2.42
2012-08-02 01:00:00,2.42
2012-08-02 02:00:00,2.42
2012-08-02 03:00:00,2.42
2012-08-02 04:00:00,2.42
2012-08-02 05:00:00,2.42
2012-08-02 06:00:00,2.42
2012-08-02 07:00:00,2.42
2012-08-02 08:00:00,2.42
2012-08-02 09:00:00,2.42
2012-08-02 10:00:00,2.42
2012-08-02 11:00:00,2.42
2012-08-02 12:00:00,2.42
2012-08-02 13:00:00,2.42
2012-08-02 14:00:00,2.42
2012-08-02 15:00:00,2.42
2012-08-02 16:00:00,2.42
2012-08-02 17:00:00,2.42
2012-08-02 18:00:00,6.260022
2012-08-02 19:00:00,36.752173
2012-08-02 20:00:00,30.408858
2012-08-02 21:00:00,31.038126
2012-08-02 22:00:00,23.52563
2012-08-02 23:00:00,2.42
2012-08-03 00:00:00,2.42
2012-08-03 01:00:00,2.42
2012-08-03 02:00:00,2.42
2012-08-03 03:00:00,2.42
2012-08-03 04:00:00,2.42
2012-08-03 05:00:00,2.42
2012-08-03 06:00:00,2.42
2012-08-03 07:00:00,2.42
2012-08-03 08:00:00,2.42
2012-08-03 09:00:00,2.42
2012-08-03 10:00:00,2.42
2012-08-03 11:00:00,2.42
2012-08-03 12:00:00,2.42
2012-08-03 13:00:00,2.42
2012-08-03 14:00:00,2.42
2012-08-03 15:00:00,2.42
2012-08-03 16:00:00,2.42
2012-08-03 17:00:00,2.42
2012-08-03 18:00:00,9.458617
2012-08-03 19:00:00,37.647957
2012-08-03 20:00:00,37.212363
2012-08-03 21:00:00,33.578161
2012-08-03 22:00:00,32.95376999
2012-08-03 23:00:00,2.42
2012-08-04 00:00:00,2.42
2012-08-04 01:00:00,2.42
2012-08-04 02:00:00,2.42
2012-08-04 03:00:00,2.42
2012-08-04 04:00:00,2.42
2012-08-04 05:00:00,2.42
2012-08-04 06:00:00,2.42
2012-08-04 07:00:00,2.42
2012-08-04 08:00:00,2.42
2012-08-04 09:00:00,2.42
2012-08-04 10:00:00,2.42
2012-08-04 11:00:00,2.42
2012-08-04 12:00:00,2.42
2012-08-04 13:00:00,2.42
2012-08-04 14:00:00,2.42
2012-08-04 15:00:00,2.42
2012-08-04 16:00:00,2.42
2012-08-04 17:00:00,2.42
2012-08-04 18:00:00,2.42
2012-08-04 19:00:00,2.420000001
2012-08-04 20:00:00,5.964346
2012-08-04 21:00:00,29.116679
2012-08-04 22:00:00,27.659511
2012-08-04 23:00:00,2.42
2012-08-05 00:00:00,2.42
2012-08-05 01:00:00,2.42
2012-08-05 02:00:00,2.42
2012-08-05 03:00:00,2.42
2012-08-05 04:00:00,2.42
2012-08-05 05:00:00,2.42
2012-08-05 06:00:00,2.42
2012-08-05 07:00:00,2.42
2012-08-05 08:00:00,2.42
2012-08-05 09:00:00,2.42
2012-08-05 10:00:00,2.42
2012-08-05 11:00:00,2.42
2012-08-05 12:00:00,2.42
2012-08-05 13:00:00,2.42
2012-08-05 14:00:00,2.42
2012-08-05 15:00:00,2.42
2012-08-05 16:00:00,2.42
2012-08-05 17:00:00,2.42
2012-08-05 18:00:00,2.42
2012-08-05 19:00:00,2.42
2012-08-05 20:00:00,2.42
2012-08-05 21:00:00,2.42
2012-08-05 22:00:00,2.42
2012-08-05 23:00:00,2.42
2012-08-06 00:00:00,2.84
2012-08-06 01:00:00,2.84
2012-08-06 02:00:00,2.84
2012-08-06 03:00:00,2.84
2012-08-06 04:00:00,2.84
2012-08-06 05:00:00,2.84
2012-08-06 06:00:00,2.84
2012-08-06 07:00:00,2.84
2012-08-06 08:00:00,2.84
2012-08-06 09:00:00,2.84
2012-08-06 10:00:00,2.84
2012-08-06 11:00:00,2.84
2012-08-06 12:00:00,2.84
2012-08-06 13:00:00,2.84
2012-08-06 14:00:00,2.84
2012-08-06 15:00:00,2.84
2012-08-06 16:00:00,2.84
2012-08-06 17:00:00,2.84
2012-08-06 18:00:00,2.84
2012-08-06 19:00:00,2.84
2012-08-06 20:00:00,2.84
2012-08-06 21:00:00,7.162191
2012-08-06 22:00:00,28.828342
2012-08-06 23:00:00,2.84
2012-08-07 00:00:00,2.84
2012-08-07 01:00:00,2.84
2012-08-07 02:00:00,2.84
2012-08-07 03:00:00,2.84
2012-08-07 04:00:00,2.84
2012-08-07 05:00:00,2.84
2012-08-07 06:00:00,2.84
2012-08-07 07:00:00,2.84
2012-08-07 08:00:00,2.84
2012-08-07 09:00:00,2.84
2012-08-07 10:00:00,6.628633005
2012-08-07 11:00:00,37.023248
2012-08-07 12:00:00,39.376342
2012-08-07 13:00:00,36.458672
2012-08-07 14:00:00,38.89364
2012-08-07 15:00:00,31.972186
2012-08-07 16:00:00,32.65331199
2012-08-07 17:00:00,2.84
2012-08-07 18:00:00,2.84
2012-08-07 19:00:00,6.923920005
2012-08-07 20:00:00,34.202863
2012-08-07 21:00:00,35.272795
2012-08-07 22:00:00,30.02967
2012-08-07 23:00:00,2.84
2012-08-08 00:00:00,2.84
2012-08-08 01:00:00,2.84
2012-08-08 02:00:00,2.84
2012-08-08 03:00:00,2.84
2012-08-08 04:00:00,2.84
2012-08-08 05:00:00,2.84
2012-08-08 06:00:00,2.84
2012-08-08 07:00:00,2.84
2012-08-08 08:00:00,2.84
2012-08-08 09:00:00,2.84
2012-08-08 10:00:00,2.84
2012-08-08 11:00:00,2.84
2012-08-08 12:00:00,2.84
2012-08-08 13:00:00,2.840000006
2012-08-08 14:00:00,39.061358
2012-08-08 15:00:00,35.610068
2012-08-08 16:00:00,34.609231
2012-08-08 17:00:00,40.16178
2012-08-08 18:00:00,40.812524
2012-08-08 19:00:00,35.290978
2012-08-08 20:00:00,36.223563
2012-08-08 21:00:00,33.285416
2012-08-08 22:00:00,20.061372
2012-08-08 23:00:00,2.84
2012-08-09 00:00:00,2.84
2012-08-09 01:00:00,2.84
2012-08-09 02:00:00,2.84
2012-08-09 03:00:00,2.84
2012-08-09 04:00:00,2.84
2012-08-09 05:00:00,2.84
2012-08-09 06:00:00,2.84
2012-08-09 07:00:00,2.84
2012-08-09 08:00:00,2.84
2012-08-09 09:00:00,2.84
2012-08-09 10:00:00,2.84
2012-08-09 11:00:00,2.84
2012-08-09 12:00:00,2.84
2012-08-09 13:00:00,2.84
2012-08-09 14:00:00,2.84
2012-08-09 15:00:00,2.84
2012-08-09 16:00:00,2.840000001
2012-08-09 17:00:00,6.600166
2012-08-09 18:00:00,33.941848
2012-08-09 19:00:00,31.851674
2012-08-09 20:00:00,30.143575
2012-08-09 21:00:00,35.574012
2012-08-09 22:00:00,30.965218
2012-08-09 23:00:00,2.84
2012-08-10 00:00:00,2.84
2012-08-10 01:00:00,2.84
2012-08-10 02:00:00,2.84
2012-08-10 03:00:00,2.84
2012-08-10 04:00:00,2.84
2012-08-10 05:00:00,2.84
2012-08-10 06:00:00,2.84
2012-08-10 07:00:00,2.84
2012-08-10 08:00:00,2.84
2012-08-10 09:00:00,2.84
2012-08-10 10:00:00,2.84
2012-08-10 11:00:00,2.84
2012-08-10 12:00:00,2.84
2012-08-10 13:00:00,2.84
2012-08-10 14:00:00,2.84
2012-08-10 15:00:00,2.84
2012-08-10 16:00:00,5.330938005
2012-08-10 17:00:00,36.483357
2012-08-10 18:00:00,38.078236
2012-08-10 19:00:00,30.951783
2012-08-10 20:00:00,30.507913
2012-08-10 21:00:00,33.153656
2012-08-10 22:00:00,29.150856
2012-08-10 23:00:00,2.84
2012-08-11 00:00:00,2.84
2012-08-11 01:00:00,2.84
2012-08-11 02:00:00,2.84
2012-08-11 03:00:00,2.84
2012-08-11 04:00:00,2.84
2012-08-11 05:00:00,2.84
2012-08-11 06:00:00,2.84
2012-08-11 07:00:00,2.84
2012-08-11 08:00:00,2.84
2012-08-11 09:00:00,2.84
2012-08-11 10:00:00,2.84
2012-08-11 11:00:00,2.84
2012-08-11 12:00:00,2.84
2012-08-11 13:00:00,2.84
2012-08-11 14:00:00,2.84
2012-08-11 15:00:00,2.84
2012-08-11 16:00:00,2.84
2012-08-11 17:00:00,5.100986
2012-08-11 18:00:00,39.303642
2012-08-11 19:00:00,33.656349
2012-08-11 20:00:00,30.945985
2012-08-11 21:00:00,30.95165
2012-08-11 22:00:00,32.19321799
2012-08-11 23:00:00,2.84
2012-08-12 00:00:00,2.84
2012-08-12 01:00:00,2.84
2012-08-12 02:00:00,2.84
2012-08-12 03:00:00,2.84
2012-08-12 04:00:00,2.84
2012-08-12 05:00:00,2.84
2012-08-12 06:00:00,2.84
2012-08-12 07:00:00,2.84
2012-08-12 08:00:00,2.84
2012-08-12 09:00:00,2.84
2012-08-12 10:00:00,2.84
2012-08-12 11:00:00,2.84
2012-08-12 12:00:00,2.84
2012-08-12 13:00:00,2.84
2012-08-12 14:00:00,2.84
2012-08-12 15:00:00,2.84
2012-08-12 16:00:00,2.84
2012-08-12 17:00:00,2.84
2012-08-12 18:00:00,2.84
2012-08-12 19:00:00,2.84
2012-08-12 20:00:00,2.84
2012-08-12 21:00:00,2.84
2012-08-12 22:00:00,2.84
2012-08-12 23:00:00,2.84
2012-08-13 00:00:00,2.84
2012-08-13 01:00:00,2.84
2012-08-13 02:00:00,2.84
2012-08-13 03:00:00,2.84
2012-08-13 04:00:00,2.84
2012-08-13 05:00:00,2.84
2012-08-13 06:00:00,2.84
2012-08-13 07:00:00,7.610053005
2012-08-13 08:00:00,33.830578
2012-08-13 09:00:00,33.952099
2012-08-13 10:00:00,34.349828
2012-08-13 11:00:00,35.125717
2012-08-13 12:00:00,38.000791
2012-08-13 13:00:00,38.86174499
2012-08-13 14:00:00,2.84
2012-08-13 15:00:00,2.84
2012-08-13 16:00:00,2.84
2012-08-13 17:00:00,2.84
2012-08-13 18:00:00,2.84
2012-08-13 19:00:00,2.84
2012-08-13 20:00:00,2.84
2012-08-13 21:00:00,2.84
2012-08-13 22:00:00,2.84
2012-08-13 23:00:00,2.84
2012-08-14 00:00:00,2.84
2012-08-14 01:00:00,2.84
2012-08-14 02:00:00,2.84
2012-08-14 03:00:00,2.84
2012-08-14 04:00:00,2.84
2012-08-14 05:00:00,2.84
2012-08-14 06:00:00,2.84
2012-08-14 07:00:00,2.84
2012-08-14 08:00:00,2.84
2012-08-14 09:00:00,2.84
2012-08-14 10:00:00,2.840000001
2012-08-14 11:00:00,6.599361
2012-08-14 12:00:00,33.520586
2012-08-14 13:00:00,38.606053
2012-08-14 14:00:00,40.799876
2012-08-14 15:00:00,38.47007
2012-08-14 16:00:00,10.433609
2012-08-14 17:00:00,2.84
2012-08-14 18:00:00,2.84
2012-08-14 19:00:00,2.84
2012-08-14 20:00:00,2.84
2012-08-14 21:00:00,5.94059
2012-08-14 22:00:00,30.013442
2012-08-14 23:00:00,2.84
2012-08-15 00:00:00,2.84
2012-08-15 01:00:00,2.84
2012-08-15 02:00:00,2.84
2012-08-15 03:00:00,2.84
2012-08-15 04:00:00,2.84
2012-08-15 05:00:00,2.84
2012-08-15 06:00:00,2.84
2012-08-15 07:00:00,2.84
2012-08-15 08:00:00,2.84
2012-08-15 09:00:00,2.84
2012-08-15 10:00:00,2.840000001
2012-08-15 11:00:00,6.697181
2012-08-15 12:00:00,36.15003
2012-08-15 13:00:00,32.794843
2012-08-15 14:00:00,33.235717
2012-08-15 15:00:00,30.92504
2012-08-15 16:00:00,2.84
2012-08-15 17:00:00,2.84
2012-08-15 18:00:00,2.84
2012-08-15 19:00:00,2.84
2012-08-15 20:00:00,2.84
2012-08-15 21:00:00,2.84
2012-08-15 22:00:00,2.84
2012-08-15 23:00:00,2.84
2012-08-16 00:00:00,2.84
2012-08-16 01:00:00,2.84
2012-08-16 02:00:00,2.84
2012-08-16 03:00:00,2.84
2012-08-16 04:00:00,2.84
2012-08-16 05:00:00,2.84
2012-08-16 06:00:00,2.84
2012-08-16 07:00:00,2.84
2012-08-16 08:00:00,4.262818
2012-08-16 09:00:00,2.84
2012-08-16 10:00:00,12.907541
2012-08-16 11:00:00,37.343375
2012-08-16 12:00:00,33.647033
2012-08-16 13:00:00,35.802585
2012-08-16 14:00:00,35.795624
2012-08-16 15:00:00,35.614
2012-08-16 16:00:00,35.45021899
2012-08-16 17:00:00,2.84
2012-08-16 18:00:00,7.241608
2012-08-16 19:00:00,32.768721
2012-08-16 20:00:00,31.734514
2012-08-16 21:00:00,30.029826
2012-08-16 22:00:00,27.229046
2012-08-16 23:00:00,2.84
2012-08-17 00:00:00,2.84
2012-08-17 01:00:00,2.84
2012-08-17 02:00:00,2.84
2012-08-17 03:00:00,2.84
2012-08-17 04:00:00,2.84
2012-08-17 05:00:00,2.84
2012-08-17 06:00:00,2.84
2012-08-17 07:00:00,2.84
2012-08-17 08:00:00,2.84
2012-08-17 09:00:00,2.84
2012-08-17 10:00:00,2.84
2012-08-17 11:00:00,2.84
2012-08-17 12:00:00,6.47
2012-08-17 13:00:00,37.32
2012-08-17 14:00:00,38.86
2012-08-17 15:00:00,6.43
2012-08-17 16:00:00,36.33
2012-08-17 17:00:00,30.9
2012-08-17 18:00:00,36.81
2012-08-17 19:00:00,37.45
2012-08-17 20:00:00,34.03
2012-08-17 21:00:00,32.11
2012-08-17 22:00:00,30.38
2012-08-17 23:00:00,26
2012-08-18 00:00:00,2.84
2012-08-18 01:00:00,2.84
2012-08-18 02:00:00,2.84
2012-08-18 03:00:00,2.84
2012-08-18 04:00:00,5.140000006
2012-08-18 05:00:00,37.06
2012-08-18 06:00:00,28.38
2012-08-18 07:00:00,32.63999999
2012-08-18 08:00:00,2.84
2012-08-18 09:00:00,2.84
2012-08-18 10:00:00,2.84
2012-08-18 11:00:00,2.84
2012-08-18 12:00:00,2.84
2012-08-18 13:00:00,2.84
2012-08-18 14:00:00,2.84
2012-08-18 15:00:00,2.84
2012-08-18 16:00:00,2.84
2012-08-18 17:00:00,2.84
2012-08-18 18:00:00,2.84
2012-08-18 19:00:00,2.84
2012-08-18 20:00:00,2.84
2012-08-18 21:00:00,6.09
2012-08-18 22:00:00,25.62
2012-08-18 23:00:00,24.76
2012-08-19 00:00:00,2.84
2012-08-19 01:00:00,2.84
2012-08-19 02:00:00,2.84
2012-08-19 03:00:00,2.84
2012-08-19 04:00:00,2.84
2012-08-19 05:00:00,2.84
2012-08-19 06:00:00,2.84
2012-08-19 07:00:00,2.84
2012-08-19 08:00:00,2.84
2012-08-19 09:00:00,2.84
2012-08-19 10:00:00,2.84
2012-08-19 11:00:00,2.84
2012-08-19 12:00:00,2.84
2012-08-19 13:00:00,2.84
2012-08-19 14:00:00,2.84
2012-08-19 15:00:00,2.84
2012-08-19 16:00:00,2.84
2012-08-19 17:00:00,2.84
2012-08-19 18:00:00,2.84
2012-08-19 19:00:00,2.84
2012-08-19 20:00:00,2.84
2012-08-19 21:00:00,6.21
2012-08-19 22:00:00,26.76
2012-08-19 23:00:00,24.36
2012-08-20 00:00:00,0
2012-08-20 01:00:00,2.84
2012-08-20 02:00:00,2.84
2012-08-20 03:00:00,2.84
2012-08-20 04:00:00,2.84
2012-08-20 05:00:00,2.84
2012-08-20 06:00:00,2.84
2012-08-20 07:00:00,2.84
2012-08-20 08:00:00,2.84
2012-08-20 09:00:00,2.84
2012-08-20 10:00:00,6.750000005
2012-08-20 11:00:00,38.14
2012-08-20 12:00:00,39.83
2012-08-20 13:00:00,37.86
2012-08-20 14:00:00,40
2012-08-20 15:00:00,39.55
2012-08-20 16:00:00,35.73
2012-08-20 17:00:00,35.36
2012-08-20 18:00:00,34.26
2012-08-20 19:00:00,37.74
2012-08-20 20:00:00,36.41
2012-08-20 21:00:00,35.73
2012-08-20 22:00:00,33.4
2012-08-20 23:00:00,36.31
2012-08-21 00:00:00,2.84
2012-08-21 01:00:00,7.58
2012-08-21 02:00:00,7.58
2012-08-21 03:00:00,7.58
2012-08-21 04:00:00,7.58
2012-08-21 05:00:00,7.58
2012-08-21 06:00:00,7.58
2012-08-21 07:00:00,41.71
2012-08-21 08:00:00,44.87
2012-08-21 09:00:00,45.02
2012-08-21 10:00:00,46.46
2012-08-21 11:00:00,45.58
2012-08-21 12:00:00,44.37
2012-08-21 13:00:00,44.33
2012-08-21 14:00:00,46.19
2012-08-21 15:00:00,44.85
2012-08-21 16:00:00,42.76
2012-08-21 17:00:00,35.61
2012-08-21 18:00:00,34.78
2012-08-21 19:00:00,42.18
2012-08-21 20:00:00,40.74
2012-08-21 21:00:00,38.57
2012-08-21 22:00:00,34.24
2012-08-21 23:00:00,27.15
2012-08-22 00:00:00,7.58
2012-08-22 01:00:00,7.58
2012-08-22 02:00:00,7.58
2012-08-22 03:00:00,7.58
2012-08-22 04:00:00,7.58
2012-08-22 05:00:00,7.58
2012-08-22 06:00:00,7.58
2012-08-22 07:00:00,7.58
2012-08-22 08:00:00,7.58
2012-08-22 09:00:00,7.58
2012-08-22 10:00:00,11.05000001
2012-08-22 11:00:00,42.09
2012-08-22 12:00:00,43.39
2012-08-22 13:00:00,39.48
2012-08-22 14:00:00,40.16
2012-08-22 15:00:00,39.47
2012-08-22 16:00:00,38.1
2012-08-22 17:00:00,38.33
2012-08-22 18:00:00,7.58
2012-08-22 19:00:00,16.32
2012-08-22 20:00:00,42.48
2012-08-22 21:00:00,43.57
2012-08-22 22:00:00,40.57
2012-08-22 23:00:00,34.62
2012-08-23 00:00:00,7.58
2012-08-23 01:00:00,7.58
2012-08-23 02:00:00,7.58
2012-08-23 03:00:00,7.58
2012-08-23 04:00:00,7.58
2012-08-23 05:00:00,7.58
2012-08-23 06:00:00,7.58
2012-08-23 07:00:00,7.58
2012-08-23 08:00:00,7.58
2012-08-23 09:00:00,10.34
2012-08-23 10:00:00,37.22
2012-08-23 11:00:00,44.73
2012-08-23 12:00:00,46.02
2012-08-23 13:00:00,41.51
2012-08-23 14:00:00,45.05
2012-08-23 15:00:00,41.23
2012-08-23 16:00:00,43.62
2012-08-23 17:00:00,36.53
2012-08-23 18:00:00,32.85
2012-08-23 19:00:00,37.53
2012-08-23 20:00:00,36.14
2012-08-23 21:00:00,37.32
2012-08-23 22:00:00,29.19
2012-08-23 23:00:00,34.31
2012-08-24 00:00:00,7.58
2012-08-24 01:00:00,7.58
2012-08-24 02:00:00,7.58
2012-08-24 03:00:00,7.58
2012-08-24 04:00:00,7.58
2012-08-24 05:00:00,7.58
2012-08-24 06:00:00,7.58
2012-08-24 07:00:00,7.58
2012-08-24 08:00:00,10.02
2012-08-24 09:00:00,41.9
2012-08-24 10:00:00,44.4
2012-08-24 11:00:00,44.19
2012-08-24 12:00:00,45.58
2012-08-24 13:00:00,40.66
2012-08-24 14:00:00,42.18
2012-08-24 15:00:00,42.17
2012-08-24 16:00:00,41.45
2012-08-24 17:00:00,39.09
2012-08-24 18:00:00,29.47
2012-08-24 19:00:00,40.68
2012-08-24 20:00:00,38.67
2012-08-24 21:00:00,38.17
2012-08-24 22:00:00,32.7
2012-08-24 23:00:00,24.93
2012-08-25 00:00:00,7.58
2012-08-25 01:00:00,8.71
2012-08-25 02:00:00,8.71
2012-08-25 03:00:00,8.71
2012-08-25 04:00:00,8.71
2012-08-25 05:00:00,8.71
2012-08-25 06:00:00,8.71
2012-08-25 07:00:00,8.71
2012-08-25 08:00:00,8.71
2012-08-25 09:00:00,8.71
2012-08-25 10:00:00,11.11000001
2012-08-25 11:00:00,43.72
2012-08-25 12:00:00,47.95
2012-08-25 13:00:00,43.2
2012-08-25 14:00:00,46.05
2012-08-25 15:00:00,46.02
2012-08-25 16:00:00,45.53
2012-08-25 17:00:00,46.71
2012-08-25 18:00:00,49.92
2012-08-25 19:00:00,47.24
2012-08-25 20:00:00,50.53
2012-08-25 21:00:00,50.82
2012-08-25 22:00:00,46.23
2012-08-25 23:00:00,40.87
2012-08-26 00:00:00,8.71
2012-08-26 01:00:00,8.71
2012-08-26 02:00:00,8.71
2012-08-26 03:00:00,8.71
2012-08-26 04:00:00,8.71
2012-08-26 05:00:00,8.71
2012-08-26 06:00:00,8.71
2012-08-26 07:00:00,8.71
2012-08-26 08:00:00,8.71
2012-08-26 09:00:00,8.71
2012-08-26 10:00:00,8.71
2012-08-26 11:00:00,8.71
2012-08-26 12:00:00,8.71
2012-08-26 13:00:00,8.710000006
2012-08-26 14:00:00,41.59
2012-08-26 15:00:00,45.5
2012-08-26 16:00:00,41.68
2012-08-26 17:00:00,48.28
2012-08-26 18:00:00,50.6
2012-08-26 19:00:00,45.7
2012-08-26 20:00:00,46.07
2012-08-26 21:00:00,37.6
2012-08-26 22:00:00,41.78
2012-08-26 23:00:00,36.59
2012-08-27 00:00:00,8.71
2012-08-27 01:00:00,8.71
2012-08-27 02:00:00,8.71
2012-08-27 03:00:00,8.71
2012-08-27 04:00:00,8.71
2012-08-27 05:00:00,8.71
2012-08-27 06:00:00,8.71
2012-08-27 07:00:00,8.71
2012-08-27 08:00:00,8.71
2012-08-27 09:00:00,8.71
2012-08-27 10:00:00,12.86000001
2012-08-27 11:00:00,41.96
2012-08-27 12:00:00,41.65
2012-08-27 13:00:00,44.98
2012-08-27 14:00:00,39.48
2012-08-27 15:00:00,47.54
2012-08-27 16:00:00,45.95
2012-08-27 17:00:00,45
2012-08-27 18:00:00,47.97
2012-08-27 19:00:00,46.89
2012-08-27 20:00:00,39.26
2012-08-27 21:00:00,42.27
2012-08-27 22:00:00,41.62
2012-08-27 23:00:00,37.84
2012-08-28 00:00:00,8.71
2012-08-28 01:00:00,8.71
2012-08-28 02:00:00,8.71
2012-08-28 03:00:00,8.71
2012-08-28 04:00:00,8.71
2012-08-28 05:00:00,8.71
2012-08-28 06:00:00,8.71
2012-08-28 07:00:00,8.710000001
2012-08-28 08:00:00,11.67
2012-08-28 09:00:00,40.46
2012-08-28 10:00:00,46.9
2012-08-28 11:00:00,41.26
2012-08-28 12:00:00,43.71
2012-08-28 13:00:00,48.83
2012-08-28 14:00:00,45.37
2012-08-28 15:00:00,41.16
2012-08-28 16:00:00,48.65
2012-08-28 17:00:00,41.92
2012-08-28 18:00:00,8.71
2012-08-28 19:00:00,12.16000001
2012-08-28 20:00:00,42.2
2012-08-28 21:00:00,42.55
2012-08-28 22:00:00,39.5
2012-08-28 23:00:00,35.49
2012-08-29 00:00:00,8.71
2012-08-29 01:00:00,8.71
2012-08-29 02:00:00,8.71
2012-08-29 03:00:00,8.71
2012-08-29 04:00:00,8.71
2012-08-29 05:00:00,8.71
2012-08-29 06:00:00,8.71
2012-08-29 07:00:00,8.71
2012-08-29 08:00:00,8.71
2012-08-29 09:00:00,12.6
2012-08-29 10:00:00,44.9
2012-08-29 11:00:00,44.79
2012-08-29 12:00:00,45.92
2012-08-29 13:00:00,43.19
2012-08-29 14:00:00,46.72
2012-08-29 15:00:00,50.22
2012-08-29 16:00:00,43.44
2012-08-29 17:00:00,34.65
2012-08-29 18:00:00,40.04
2012-08-29 19:00:00,35.54
2012-08-29 20:00:00,32.03
2012-08-29 21:00:00,30.09
2012-08-29 22:00:00,32.5
2012-08-29 23:00:00,42.63
2012-08-30 00:00:00,11.24
2012-08-30 01:00:00,34.81
2012-08-30 02:00:00,38.33
2012-08-30 03:00:00,37.54
2012-08-30 04:00:00,31.34
2012-08-30 05:00:00,45.2
2012-08-30 06:00:00,48.2
2012-08-30 07:00:00,45.98
2012-08-30 08:00:00,39.52
2012-08-30 09:00:00,45.2
2012-08-30 10:00:00,43.14
2012-08-30 11:00:00,47.09
2012-08-30 12:00:00,49.13
2012-08-30 13:00:00,43.74
2012-08-30 14:00:00,45.07
2012-08-30 15:00:00,45.8
2012-08-30 16:00:00,47.17
2012-08-30 17:00:00,37.95
2012-08-30 18:00:00,37.83
2012-08-30 19:00:00,42.23
2012-08-30 20:00:00,37.64
2012-08-30 21:00:00,33.38
2012-08-30 22:00:00,35.79
2012-08-30 23:00:00,33.13
2012-08-31 00:00:00,8.71
2012-08-31 01:00:00,8.71
2012-08-31 02:00:00,8.71
2012-08-31 03:00:00,8.71
2012-08-31 04:00:00,8.71
2012-08-31 05:00:00,8.71
2012-08-31 06:00:00,8.71
2012-08-31 07:00:00,8.71
2012-08-31 08:00:00,8.71
2012-08-31 09:00:00,8.71
2012-08-31 10:00:00,8.71
2012-08-31 11:00:00,11.31
2012-08-31 12:00:00,43.28
2012-08-31 13:00:00,43.29
2012-08-31 14:00:00,42.33
2012-08-31 15:00:00,45.88
2012-08-31 16:00:00,38.76999999
2012-08-31 17:00:00,8.71
2012-08-31 18:00:00,8.71
2012-08-31 19:00:00,14.82000001
2012-08-31 20:00:00,47.74
2012-08-31 21:00:00,46.39
2012-08-31 22:00:00,47.21
2012-08-31 23:00:00,40.81
2012-09-01 00:00:00,8.71
2012-09-01 01:00:00,8.71
2012-09-01 02:00:00,8.71
2012-09-01 03:00:00,8.71
2012-09-01 04:00:00,8.71
2012-09-01 05:00:00,8.71
2012-09-01 06:00:00,8.71
2012-09-01 07:00:00,8.71
2012-09-01 08:00:00,8.71
2012-09-01 09:00:00,8.71
2012-09-01 10:00:00,10.89000001
2012-09-01 11:00:00,46.15
2012-09-01 12:00:00,43.52
2012-09-01 13:00:00,43.73
2012-09-01 14:00:00,46.46
2012-09-01 15:00:00,48.7
2012-09-01 16:00:00,42.46999999
2012-09-01 17:00:00,8.71
2012-09-01 18:00:00,12.44
2012-09-01 19:00:00,49.08
2012-09-01 20:00:00,43.25
2012-09-01 21:00:00,46.04
2012-09-01 22:00:00,41.83
2012-09-01 23:00:00,38.86
2012-09-02 00:00:00,8.71
2012-09-02 01:00:00,9.84
2012-09-02 02:00:00,9.84
2012-09-02 03:00:00,9.84
2012-09-02 04:00:00,9.84
2012-09-02 05:00:00,9.84
2012-09-02 06:00:00,9.84
2012-09-02 07:00:00,0
2012-09-02 08:00:00,0
2012-09-02 09:00:00,0
2012-09-02 10:00:00,0
2012-09-02 11:00:00,0
2012-09-02 12:00:00,0
2012-09-02 13:00:00,0
2012-09-02 14:00:00,0
2012-09-02 15:00:00,0
2012-09-02 16:00:00,0
2012-09-02 17:00:00,0
2012-09-02 18:00:00,0
2012-09-02 19:00:00,8.73E-10
2012-09-02 20:00:00,5
2012-09-02 21:00:00,27.6
2012-09-02 22:00:00,22.8
2012-09-02 23:00:00,24.4
2012-09-03 00:00:00,9.84
2012-09-03 01:00:00,9.84
2012-09-03 02:00:00,9.84
2012-09-03 03:00:00,9.84
2012-09-03 04:00:00,9.84
2012-09-03 05:00:00,9.84
2012-09-03 06:00:00,9.84
2012-09-03 07:00:00,9.84
2012-09-03 08:00:00,9.84
2012-09-03 09:00:00,9.84
2012-09-03 10:00:00,9.84
2012-09-03 11:00:00,9.84
2012-09-03 12:00:00,9.84
2012-09-03 13:00:00,9.840000001
2012-09-03 14:00:00,13.947892
2012-09-03 15:00:00,44.977026
2012-09-03 16:00:00,44.267236
2012-09-03 17:00:00,34.853631
2012-09-03 18:00:00,42.602103
2012-09-03 19:00:00,45.141116
2012-09-03 20:00:00,46.687388
2012-09-03 21:00:00,47.60102
2012-09-03 22:00:00,49.065679
2012-09-03 23:00:00,39.037977
2012-09-04 00:00:00,9.84
2012-09-04 01:00:00,9.84
2012-09-04 02:00:00,9.84
2012-09-04 03:00:00,9.84
2012-09-04 04:00:00,9.84
2012-09-04 05:00:00,9.84
2012-09-04 06:00:00,9.84
2012-09-04 07:00:00,9.84
2012-09-04 08:00:00,9.84
2012-09-04 09:00:00,9.84
2012-09-04 10:00:00,13.77052801
2012-09-04 11:00:00,45.136153
2012-09-04 12:00:00,42.772497
2012-09-04 13:00:00,48.401121
2012-09-04 14:00:00,46.971948
2012-09-04 15:00:00,31.363874
2012-09-04 16:00:00,43.167343
2012-09-04 17:00:00,46.27857
2012-09-04 18:00:00,45.165416
2012-09-04 19:00:00,42.328673
2012-09-04 20:00:00,48.399449
2012-09-04 21:00:00,40.750904
2012-09-04 22:00:00,41.41125199
2012-09-04 23:00:00,9.84
2012-09-05 00:00:00,9.84
2012-09-05 01:00:00,9.84
2012-09-05 02:00:00,9.84
2012-09-05 03:00:00,9.84
2012-09-05 04:00:00,9.84
2012-09-05 05:00:00,9.84
2012-09-05 06:00:00,9.84
2012-09-05 07:00:00,9.84
2012-09-05 08:00:00,11.917425
2012-09-05 09:00:00,44.806744
2012-09-05 10:00:00,49.181684
2012-09-05 11:00:00,50.663698
2012-09-05 12:00:00,47.943377
2012-09-05 13:00:00,50.26693
2012-09-05 14:00:00,50.768737
2012-09-05 15:00:00,43.974532
2012-09-05 16:00:00,42.640122
2012-09-05 17:00:00,42.630402
2012-09-05 18:00:00,45.798088
2012-09-05 19:00:00,44.53487
2012-09-05 20:00:00,42.518842
2012-09-05 21:00:00,42.338761
2012-09-05 22:00:00,43.5812
2012-09-05 23:00:00,40.462712
2012-09-06 00:00:00,9.84
2012-09-06 01:00:00,9.84
2012-09-06 02:00:00,9.84
2012-09-06 03:00:00,9.84
2012-09-06 04:00:00,9.84
2012-09-06 05:00:00,9.84
2012-09-06 06:00:00,9.84
2012-09-06 07:00:00,9.84
2012-09-06 08:00:00,9.84
2012-09-06 09:00:00,9.84
2012-09-06 10:00:00,9.840000001
2012-09-06 11:00:00,13.278708
2012-09-06 12:00:00,45.353923
2012-09-06 13:00:00,50.361365
2012-09-06 14:00:00,46.357458
2012-09-06 15:00:00,48.694137
2012-09-06 16:00:00,44.968039
2012-09-06 17:00:00,46.511636
2012-09-06 18:00:00,43.224978
2012-09-06 19:00:00,49.187886
2012-09-06 20:00:00,51.014875
2012-09-06 21:00:00,46.73328
2012-09-06 22:00:00,43.63238999
2012-09-06 23:00:00,9.84
2012-09-07 00:00:00,9.84
2012-09-07 01:00:00,9.84
2012-09-07 02:00:00,9.84
2012-09-07 03:00:00,9.84
2012-09-07 04:00:00,9.84
2012-09-07 05:00:00,9.84
2012-09-07 06:00:00,9.84
2012-09-07 07:00:00,9.84
2012-09-07 08:00:00,9.84
2012-09-07 09:00:00,9.84
2012-09-07 10:00:00,12.74244101
2012-09-07 11:00:00,43.969783
2012-09-07 12:00:00,46.125611
2012-09-07 13:00:00,50.576445
2012-09-07 14:00:00,46.195708
2012-09-07 15:00:00,42.216774
2012-09-07 16:00:00,47.643004
2012-09-07 17:00:00,44.326948
2012-09-07 18:00:00,41.062227
2012-09-07 19:00:00,41.833721
2012-09-07 20:00:00,45.981557
2012-09-07 21:00:00,47.317086
2012-09-07 22:00:00,38.70883299
2012-09-07 23:00:00,9.84
2012-09-08 00:00:00,9.84
2012-09-08 01:00:00,9.84
2012-09-08 02:00:00,9.84
2012-09-08 03:00:00,9.84
2012-09-08 04:00:00,9.84
2012-09-08 05:00:00,9.84
2012-09-08 06:00:00,9.84
2012-09-08 07:00:00,9.84
2012-09-08 08:00:00,9.84
2012-09-08 09:00:00,9.84
2012-09-08 10:00:00,9.84
2012-09-08 11:00:00,9.84
2012-09-08 12:00:00,9.84
2012-09-08 13:00:00,9.84
2012-09-08 14:00:00,9.84
2012-09-08 15:00:00,9.84
2012-09-08 16:00:00,9.84
2012-09-08 17:00:00,9.84
2012-09-08 18:00:00,12.864626
2012-09-08 19:00:00,42.330968
2012-09-08 20:00:00,42.489305
2012-09-08 21:00:00,39.890546
2012-09-08 22:00:00,34.35445
2012-09-08 23:00:00,9.84
2012-09-09 00:00:00,11.28
2012-09-09 01:00:00,11.28
2012-09-09 02:00:00,11.28
2012-09-09 03:00:00,11.28
2012-09-09 04:00:00,11.28
2012-09-09 05:00:00,11.28
2012-09-09 06:00:00,11.28
2012-09-09 07:00:00,11.28
2012-09-09 08:00:00,11.28
2012-09-09 09:00:00,11.28
2012-09-09 10:00:00,11.28
2012-09-09 11:00:00,11.28
2012-09-09 12:00:00,11.28
2012-09-09 13:00:00,11.28
2012-09-09 14:00:00,11.28
2012-09-09 15:00:00,14.89721
2012-09-09 16:00:00,44.345955
2012-09-09 17:00:00,45.930801
2012-09-09 18:00:00,44.954283
2012-09-09 19:00:00,48.081155
2012-09-09 20:00:00,48.237828
2012-09-09 21:00:00,44.696127
2012-09-09 22:00:00,42.024268
2012-09-09 23:00:00,15.477061
2012-09-10 00:00:00,11.28
2012-09-10 01:00:00,11.28
2012-09-10 02:00:00,11.28
2012-09-10 03:00:00,11.28
2012-09-10 04:00:00,11.28
2012-09-10 05:00:00,11.28
2012-09-10 06:00:00,11.28
2012-09-10 07:00:00,11.28
2012-09-10 08:00:00,11.28
2012-09-10 09:00:00,15.476404
2012-09-10 10:00:00,48.763723
2012-09-10 11:00:00,44.509412
2012-09-10 12:00:00,45.533143
2012-09-10 13:00:00,48.885386
2012-09-10 14:00:00,47.781539
2012-09-10 15:00:00,49.772873
2012-09-10 16:00:00,46.209637
2012-09-10 17:00:00,43.831349
2012-09-10 18:00:00,46.410927
2012-09-10 19:00:00,45.673613
2012-09-10 20:00:00,39.943994
2012-09-10 21:00:00,14.651479
2012-09-10 22:00:00,37.830762
2012-09-10 23:00:00,34.165706
2012-09-11 00:00:00,11.28
2012-09-11 01:00:00,11.28
2012-09-11 02:00:00,11.28
2012-09-11 03:00:00,11.28
2012-09-11 04:00:00,11.28
2012-09-11 05:00:00,14.666693
2012-09-11 06:00:00,47.835826
2012-09-11 07:00:00,46.950889
2012-09-11 08:00:00,44.649651
2012-09-11 09:00:00,46.845204
2012-09-11 10:00:00,51.47108
2012-09-11 11:00:00,51.733548
2012-09-11 12:00:00,46.083383
2012-09-11 13:00:00,48.030045
2012-09-11 14:00:00,50.307358
2012-09-11 15:00:00,47.360189
2012-09-11 16:00:00,47.179994
2012-09-11 17:00:00,32.881783
2012-09-11 18:00:00,44.888743
2012-09-11 19:00:00,46.249291
2012-09-11 20:00:00,46.199651
2012-09-11 21:00:00,43.490907
2012-09-11 22:00:00,43.610011
2012-09-11 23:00:00,40.924441
2012-09-12 00:00:00,11.28
2012-09-12 01:00:00,11.28
2012-09-12 02:00:00,11.28
2012-09-12 03:00:00,11.28
2012-09-12 04:00:00,11.28
2012-09-12 05:00:00,11.28
2012-09-12 06:00:00,11.28
2012-09-12 07:00:00,11.28
2012-09-12 08:00:00,11.28
2012-09-12 09:00:00,11.28
2012-09-12 10:00:00,15.10977601
2012-09-12 11:00:00,50.301356
2012-09-12 12:00:00,45.296354
2012-09-12 13:00:00,48.173369
2012-09-12 14:00:00,49.484347
2012-09-12 15:00:00,45.339383
2012-09-12 16:00:00,43.750228
2012-09-12 17:00:00,41.165007
2012-09-12 18:00:00,48.040212
2012-09-12 19:00:00,50.165727
2012-09-12 20:00:00,48.233887
2012-09-12 21:00:00,48.126669
2012-09-12 22:00:00,46.642864
2012-09-12 23:00:00,38.852477
2012-09-13 00:00:00,11.28
2012-09-13 01:00:00,11.28
2012-09-13 02:00:00,11.28
2012-09-13 03:00:00,11.28
2012-09-13 04:00:00,11.28
2012-09-13 05:00:00,11.28
2012-09-13 06:00:00,11.28
2012-09-13 07:00:00,11.28
2012-09-13 08:00:00,11.28
2012-09-13 09:00:00,11.28
2012-09-13 10:00:00,11.28
2012-09-13 11:00:00,11.28
2012-09-13 12:00:00,11.28
2012-09-13 13:00:00,11.28
2012-09-13 14:00:00,11.28
2012-09-13 15:00:00,11.28
2012-09-13 16:00:00,11.28
2012-09-13 17:00:00,11.28
2012-09-13 18:00:00,11.28
2012-09-13 19:00:00,11.28
2012-09-13 20:00:00,11.28
2012-09-13 21:00:00,17.548517
2012-09-13 22:00:00,42.88669
2012-09-13 23:00:00,42.474284
2012-09-14 00:00:00,12.29
2012-09-14 01:00:00,12.29
2012-09-14 02:00:00,12.29
2012-09-14 03:00:00,12.29
2012-09-14 04:00:00,12.29
2012-09-14 05:00:00,12.29
2012-09-14 06:00:00,12.29
2012-09-14 07:00:00,15.34785901
2012-09-14 08:00:00,47.069099
2012-09-14 09:00:00,49.271395
2012-09-14 10:00:00,46.248836
2012-09-14 11:00:00,47.67205
2012-09-14 12:00:00,48.4663
2012-09-14 13:00:00,47.982321
2012-09-14 14:00:00,45.122172
2012-09-14 15:00:00,45.824068
2012-09-14 16:00:00,42.57480899
2012-09-14 17:00:00,12.29
2012-09-14 18:00:00,12.29
2012-09-14 19:00:00,12.29
2012-09-14 20:00:00,12.29
2012-09-14 21:00:00,12.29
2012-09-14 22:00:00,12.29
2012-09-14 23:00:00,12.29
2012-09-15 00:00:00,12.29
2012-09-15 01:00:00,12.29
2012-09-15 02:00:00,12.29
2012-09-15 03:00:00,12.29
2012-09-15 04:00:00,12.29
2012-09-15 05:00:00,12.29
2012-09-15 06:00:00,12.29
2012-09-15 07:00:00,12.29
2012-09-15 08:00:00,12.29
2012-09-15 09:00:00,12.29
2012-09-15 10:00:00,12.29
2012-09-15 11:00:00,12.29
2012-09-15 12:00:00,12.29
2012-09-15 13:00:00,12.29
2012-09-15 14:00:00,12.29
2012-09-15 15:00:00,12.29
2012-09-15 16:00:00,12.29
2012-09-15 17:00:00,14.212876
2012-09-15 18:00:00,48.542401
2012-09-15 19:00:00,48.494845
2012-09-15 20:00:00,48.276772
2012-09-15 21:00:00,15.908877
2012-09-15 22:00:00,51.962548
2012-09-15 23:00:00,49.613905
2012-09-16 00:00:00,12.29
2012-09-16 01:00:00,12.29
2012-09-16 02:00:00,12.29
2012-09-16 03:00:00,12.29
2012-09-16 04:00:00,12.29
2012-09-16 05:00:00,12.29
2012-09-16 06:00:00,12.29
2012-09-16 07:00:00,12.29
2012-09-16 08:00:00,12.29
2012-09-16 09:00:00,12.29
2012-09-16 10:00:00,12.29
2012-09-16 11:00:00,12.29
2012-09-16 12:00:00,12.29
2012-09-16 13:00:00,12.29
2012-09-16 14:00:00,12.29
2012-09-16 15:00:00,12.29
2012-09-16 16:00:00,12.29
2012-09-16 17:00:00,14.455695
2012-09-16 18:00:00,52.820396
2012-09-16 19:00:00,54.210742
2012-09-16 20:00:00,48.814814
2012-09-16 21:00:00,49.995759
2012-09-16 22:00:00,41.12834299
2012-09-16 23:00:00,12.29
2012-09-17 00:00:00,12.29
2012-09-17 01:00:00,12.29
2012-09-17 02:00:00,12.29
2012-09-17 03:00:00,12.29
2012-09-17 04:00:00,12.29
2012-09-17 05:00:00,12.29
2012-09-17 06:00:00,12.29
2012-09-17 07:00:00,12.29
2012-09-17 08:00:00,12.29
2012-09-17 09:00:00,12.29
2012-09-17 10:00:00,12.29
2012-09-17 11:00:00,12.29
2012-09-17 12:00:00,14.141705
2012-09-17 13:00:00,50.193263
2012-09-17 14:00:00,47.18694
2012-09-17 15:00:00,50.163978
2012-09-17 16:00:00,51.8486
2012-09-17 17:00:00,45.13598
2012-09-17 18:00:00,49.874286
2012-09-17 19:00:00,44.195622
2012-09-17 20:00:00,44.837247
2012-09-17 21:00:00,47.502785
2012-09-17 22:00:00,44.79666299
2012-09-17 23:00:00,12.29
2012-09-18 00:00:00,12.29
2012-09-18 01:00:00,12.29
2012-09-18 02:00:00,12.29
2012-09-18 03:00:00,12.29
2012-09-18 04:00:00,12.29
2012-09-18 05:00:00,12.29
2012-09-18 06:00:00,12.29
2012-09-18 07:00:00,12.29
2012-09-18 08:00:00,12.29
2012-09-18 09:00:00,12.29
2012-09-18 10:00:00,12.29
2012-09-18 11:00:00,12.29
2012-09-18 12:00:00,12.29
2012-09-18 13:00:00,12.29
2012-09-18 14:00:00,14.628073
2012-09-18 15:00:00,49.046254
2012-09-18 16:00:00,46.291599
2012-09-18 17:00:00,40.309742
2012-09-18 18:00:00,46.905142
2012-09-18 19:00:00,48.556827
2012-09-18 20:00:00,50.624555
2012-09-18 21:00:00,46.687572
2012-09-18 22:00:00,38.46091
2012-09-18 23:00:00,12.29
2012-09-19 00:00:00,12.29
2012-09-19 01:00:00,12.29
2012-09-19 02:00:00,12.29
2012-09-19 03:00:00,12.29
2012-09-19 04:00:00,12.29
2012-09-19 05:00:00,12.29
2012-09-19 06:00:00,12.29
2012-09-19 07:00:00,12.29
2012-09-19 08:00:00,12.29
2012-09-19 09:00:00,12.29
2012-09-19 10:00:00,12.29
2012-09-19 11:00:00,12.29
2012-09-19 12:00:00,12.29
2012-09-19 13:00:00,12.29
2012-09-19 14:00:00,16.648306
2012-09-19 15:00:00,48.469412
2012-09-19 16:00:00,48.234411
2012-09-19 17:00:00,51.388994
2012-09-19 18:00:00,51.581436
2012-09-19 19:00:00,47.675117
2012-09-19 20:00:00,47.841649
2012-09-19 21:00:00,45.716495
2012-09-19 22:00:00,40.242692
2012-09-19 23:00:00,12.29
2012-09-20 00:00:00,12.29
2012-09-20 01:00:00,12.29
2012-09-20 02:00:00,12.29
2012-09-20 03:00:00,12.29
2012-09-20 04:00:00,12.29
2012-09-20 05:00:00,12.29
2012-09-20 06:00:00,12.29
2012-09-20 07:00:00,12.29
2012-09-20 08:00:00,12.29
2012-09-20 09:00:00,12.29
2012-09-20 10:00:00,12.29
2012-09-20 11:00:00,13.480467
2012-09-20 12:00:00,50.373834
2012-09-20 13:00:00,50.294921
2012-09-20 14:00:00,46.531139
2012-09-20 15:00:00,50.905309
2012-09-20 16:00:00,50.042324
2012-09-20 17:00:00,52.22088
2012-09-20 18:00:00,47.273427
2012-09-20 19:00:00,50.283278
2012-09-20 20:00:00,48.109487
2012-09-20 21:00:00,45.090758
2012-09-20 22:00:00,47.56190599
2012-09-20 23:00:00,14.504785
2012-09-21 00:00:00,12.29
2012-09-21 01:00:00,12.29
2012-09-21 02:00:00,12.29
2012-09-21 03:00:00,12.29
2012-09-21 04:00:00,12.29
2012-09-21 05:00:00,12.29
2012-09-21 06:00:00,12.29
2012-09-21 07:00:00,12.29
2012-09-21 08:00:00,12.29
2012-09-21 09:00:00,12.29
2012-09-21 10:00:00,12.29
2012-09-21 11:00:00,16.986381
2012-09-21 12:00:00,52.924109
2012-09-21 13:00:00,48.378648
2012-09-21 14:00:00,52.687745
2012-09-21 15:00:00,53.634432
2012-09-21 16:00:00,49.732451
2012-09-21 17:00:00,52.403599
2012-09-21 18:00:00,48.44637
2012-09-21 19:00:00,49.468346
2012-09-21 20:00:00,44.434861
2012-09-21 21:00:00,47.912836
2012-09-21 22:00:00,47.86477099
2012-09-21 23:00:00,14.207616
2012-09-22 00:00:00,12.29
2012-09-22 01:00:00,12.29
2012-09-22 02:00:00,12.29
2012-09-22 03:00:00,12.29
2012-09-22 04:00:00,12.29
2012-09-22 05:00:00,12.29
2012-09-22 06:00:00,12.29
2012-09-22 07:00:00,12.29
2012-09-22 08:00:00,12.29
2012-09-22 09:00:00,12.29
2012-09-22 10:00:00,12.29
2012-09-22 11:00:00,12.29
2012-09-22 12:00:00,12.29
2012-09-22 13:00:00,12.29
2012-09-22 14:00:00,12.29
2012-09-22 15:00:00,12.29
2012-09-22 16:00:00,15.581727
2012-09-22 17:00:00,43.167771
2012-09-22 18:00:00,48.427714
2012-09-22 19:00:00,51.223461
2012-09-22 20:00:00,45.832123
2012-09-22 21:00:00,42.26352
2012-09-22 22:00:00,44.33478499
2012-09-22 23:00:00,12.29
2012-09-23 00:00:00,12.29
2012-09-23 01:00:00,12.29
2012-09-23 02:00:00,12.29
2012-09-23 03:00:00,12.29
2012-09-23 04:00:00,12.29
2012-09-23 05:00:00,12.29
2012-09-23 06:00:00,12.29
2012-09-23 07:00:00,12.29
2012-09-23 08:00:00,12.29
2012-09-23 09:00:00,12.29
2012-09-23 10:00:00,12.29
2012-09-23 11:00:00,12.29
2012-09-23 12:00:00,12.29
2012-09-23 13:00:00,12.29
2012-09-23 14:00:00,12.29
2012-09-23 15:00:00,12.29
2012-09-23 16:00:00,12.29
2012-09-23 17:00:00,12.29
2012-09-23 18:00:00,12.29
2012-09-23 19:00:00,12.29
2012-09-23 20:00:00,12.29
2012-09-23 21:00:00,12.29
2012-09-23 22:00:00,12.29
2012-09-23 23:00:00,12.29
2012-09-24 00:00:00,12.29
2012-09-24 01:00:00,12.29
2012-09-24 02:00:00,12.29
2012-09-24 03:00:00,12.29
2012-09-24 04:00:00,12.29
2012-09-24 05:00:00,12.29
2012-09-24 06:00:00,12.29
2012-09-24 07:00:00,12.29
2012-09-24 08:00:00,12.29
2012-09-24 09:00:00,12.29
2012-09-24 10:00:00,12.29
2012-09-24 11:00:00,12.29
2012-09-24 12:00:00,12.29
2012-09-24 13:00:00,12.29
2012-09-24 14:00:00,12.29
2012-09-24 15:00:00,12.29
2012-09-24 16:00:00,12.29
2012-09-24 17:00:00,12.29
2012-09-24 18:00:00,12.29
2012-09-24 19:00:00,12.29
2012-09-24 20:00:00,12.29
2012-09-24 21:00:00,12.29
2012-09-24 22:00:00,12.29
2012-09-24 23:00:00,12.29
2012-09-25 00:00:00,12.29
2012-09-25 01:00:00,12.29
2012-09-25 02:00:00,12.29
2012-09-25 03:00:00,12.29
2012-09-25 04:00:00,12.29
2012-09-25 05:00:00,12.29
2012-09-25 06:00:00,12.29
2012-09-25 07:00:00,12.29
2012-09-25 08:00:00,12.29
2012-09-25 09:00:00,12.29
2012-09-25 10:00:00,12.29
2012-09-25 11:00:00,12.29
2012-09-25 12:00:00,12.29
2012-09-25 13:00:00,12.29
2012-09-25 14:00:00,12.29
2012-09-25 15:00:00,12.29
2012-09-25 16:00:00,12.29
2012-09-25 17:00:00,12.29
2012-09-25 18:00:00,12.29
2012-09-25 19:00:00,12.29
2012-09-25 20:00:00,12.29
2012-09-25 21:00:00,12.29
2012-09-25 22:00:00,12.29
2012-09-25 23:00:00,12.29
2012-09-26 00:00:00,13.4
2012-09-26 01:00:00,13.4
2012-09-26 02:00:00,13.4
2012-09-26 03:00:00,13.4
2012-09-26 04:00:00,13.4
2012-09-26 05:00:00,13.4
2012-09-26 06:00:00,13.4
2012-09-26 07:00:00,13.4
2012-09-26 08:00:00,13.4
2012-09-26 09:00:00,13.4
2012-09-26 10:00:00,13.4
2012-09-26 11:00:00,13.4
2012-09-26 12:00:00,13.4
2012-09-26 13:00:00,13.4
2012-09-26 14:00:00,13.4
2012-09-26 15:00:00,13.4
2012-09-26 16:00:00,13.4
2012-09-26 17:00:00,13.4
2012-09-26 18:00:00,13.4
2012-09-26 19:00:00,13.4
2012-09-26 20:00:00,13.4
2012-09-26 21:00:00,13.4
2012-09-26 22:00:00,13.4
2012-09-26 23:00:00,13.4
2012-09-27 00:00:00,13.4
2012-09-27 01:00:00,13.4
2012-09-27 02:00:00,13.4
2012-09-27 03:00:00,13.4
2012-09-27 04:00:00,13.4
2012-09-27 05:00:00,13.4
2012-09-27 06:00:00,13.4
2012-09-27 07:00:00,13.4
2012-09-27 08:00:00,13.4
2012-09-27 09:00:00,13.4
2012-09-27 10:00:00,13.4
2012-09-27 11:00:00,13.4
2012-09-27 12:00:00,13.4
2012-09-27 13:00:00,13.4
2012-09-27 14:00:00,13.4
2012-09-27 15:00:00,13.4
2012-09-27 16:00:00,13.4
2012-09-27 17:00:00,13.4
2012-09-27 18:00:00,13.4
2012-09-27 19:00:00,13.4
2012-09-27 20:00:00,13.4
2012-09-27 21:00:00,13.4
2012-09-27 22:00:00,13.4
2012-09-27 23:00:00,13.4
2012-09-28 00:00:00,13.4
2012-09-28 01:00:00,13.4
2012-09-28 02:00:00,13.4
2012-09-28 03:00:00,13.4
2012-09-28 04:00:00,13.4
2012-09-28 05:00:00,13.4
2012-09-28 06:00:00,13.4
2012-09-28 07:00:00,13.4
2012-09-28 08:00:00,13.4
2012-09-28 09:00:00,13.4
2012-09-28 10:00:00,13.4
2012-09-28 11:00:00,13.4
2012-09-28 12:00:00,13.4
2012-09-28 13:00:00,13.4
2012-09-28 14:00:00,13.4
2012-09-28 15:00:00,13.4
2012-09-28 16:00:00,13.4
2012-09-28 17:00:00,13.4
2012-09-28 18:00:00,13.4
2012-09-28 19:00:00,13.4
2012-09-28 20:00:00,13.4
2012-09-28 21:00:00,13.4
2012-09-28 22:00:00,13.4
2012-09-28 23:00:00,13.4
2012-09-29 00:00:00,13.4
2012-09-29 01:00:00,13.4
2012-09-29 02:00:00,13.4
2012-09-29 03:00:00,13.4
2012-09-29 04:00:00,13.4
2012-09-29 05:00:00,13.4
2012-09-29 06:00:00,13.4
2012-09-29 07:00:00,13.4
2012-09-29 08:00:00,13.4
2012-09-29 09:00:00,13.4
2012-09-29 10:00:00,13.4
2012-09-29 11:00:00,13.4
2012-09-29 12:00:00,13.4
2012-09-29 13:00:00,13.4
2012-09-29 14:00:00,13.4
2012-09-29 15:00:00,13.4
2012-09-29 16:00:00,13.4
2012-09-29 17:00:00,13.4
2012-09-29 18:00:00,13.4
2012-09-29 19:00:00,13.4
2012-09-29 20:00:00,13.4
2012-09-29 21:00:00,13.4
2012-09-29 22:00:00,13.4
2012-09-29 23:00:00,13.4
2012-09-30 00:00:00,13.4
2012-09-30 01:00:00,13.4
2012-09-30 02:00:00,13.4
2012-09-30 03:00:00,13.4
2012-09-30 04:00:00,13.4
2012-09-30 05:00:00,13.4
2012-09-30 06:00:00,13.4
2012-09-30 07:00:00,13.4
2012-09-30 08:00:00,13.4
2012-09-30 09:00:00,13.4
2012-09-30 10:00:00,13.4
2012-09-30 11:00:00,13.4
2012-09-30 12:00:00,13.4
2012-09-30 13:00:00,13.4
2012-09-30 14:00:00,13.4
2012-09-30 15:00:00,13.4
2012-09-30 16:00:00,13.4
2012-09-30 17:00:00,13.4
2012-09-30 18:00:00,13.4
2012-09-30 19:00:00,13.4
2012-09-30 20:00:00,13.4
2012-09-30 21:00:00,13.4
2012-09-30 22:00:00,13.4
2012-09-30 23:00:00,13.4
2012-10-01 00:00:00,13.4
2012-10-01 01:00:00,13.4
2012-10-01 02:00:00,13.4
2012-10-01 03:00:00,13.4
2012-10-01 04:00:00,13.4
2012-10-01 05:00:00,13.4
2012-10-01 06:00:00,13.4
2012-10-01 07:00:00,13.4
2012-10-01 08:00:00,13.4
2012-10-01 09:00:00,13.4
2012-10-01 10:00:00,13.4
2012-10-01 11:00:00,13.4
2012-10-01 12:00:00,13.4
2012-10-01 13:00:00,13.4
2012-10-01 14:00:00,13.4
2012-10-01 15:00:00,13.4
2012-10-01 16:00:00,13.4
2012-10-01 17:00:00,13.4
2012-10-01 18:00:00,13.4
2012-10-01 19:00:00,13.4
2012-10-01 20:00:00,13.4
2012-10-01 21:00:00,13.4
2012-10-01 22:00:00,13.4
2012-10-01 23:00:00,13.4
2012-10-02 00:00:00,13.4
2012-10-02 01:00:00,13.4
2012-10-02 02:00:00,13.4
2012-10-02 03:00:00,13.4
2012-10-02 04:00:00,13.4
2012-10-02 05:00:00,13.4
2012-10-02 06:00:00,13.4
2012-10-02 07:00:00,13.4
2012-10-02 08:00:00,13.4
2012-10-02 09:00:00,13.4
2012-10-02 10:00:00,13.4
2012-10-02 11:00:00,13.4
2012-10-02 12:00:00,13.4
2012-10-02 13:00:00,13.4
2012-10-02 14:00:00,13.4
2012-10-02 15:00:00,13.4
2012-10-02 16:00:00,13.4
2012-10-02 17:00:00,13.4
2012-10-02 18:00:00,13.4
2012-10-02 19:00:00,13.4
2012-10-02 20:00:00,13.4
2012-10-02 21:00:00,13.4
2012-10-02 22:00:00,13.4
2012-10-02 23:00:00,13.4
2012-10-03 00:00:00,13.4
2012-10-03 01:00:00,13.4
2012-10-03 02:00:00,13.4
2012-10-03 03:00:00,13.4
2012-10-03 04:00:00,13.4
2012-10-03 05:00:00,13.4
2012-10-03 06:00:00,13.4
2012-10-03 07:00:00,13.4
2012-10-03 08:00:00,13.4
2012-10-03 09:00:00,13.4
2012-10-03 10:00:00,13.4
2012-10-03 11:00:00,13.4
2012-10-03 12:00:00,13.4
2012-10-03 13:00:00,13.4
2012-10-03 14:00:00,13.4
2012-10-03 15:00:00,13.4
2012-10-03 16:00:00,13.4
2012-10-03 17:00:00,13.4
2012-10-03 18:00:00,13.4
2012-10-03 19:00:00,13.4
2012-10-03 20:00:00,13.4
2012-10-03 21:00:00,13.4
2012-10-03 22:00:00,13.4
2012-10-03 23:00:00,13.4
2012-10-04 00:00:00,13.4
2012-10-04 01:00:00,13.4
2012-10-04 02:00:00,13.4
2012-10-04 03:00:00,13.4
2012-10-04 04:00:00,13.4
2012-10-04 05:00:00,13.4
2012-10-04 06:00:00,13.4
2012-10-04 07:00:00,13.4
2012-10-04 08:00:00,13.4
2012-10-04 09:00:00,13.4
2012-10-04 10:00:00,13.4
2012-10-04 11:00:00,13.4
2012-10-04 12:00:00,13.4
2012-10-04 13:00:00,13.4
2012-10-04 14:00:00,13.4
2012-10-04 15:00:00,13.4
2012-10-04 16:00:00,13.4
2012-10-04 17:00:00,13.4
2012-10-04 18:00:00,13.4
2012-10-04 19:00:00,13.4
2012-10-04 20:00:00,13.4
2012-10-04 21:00:00,13.4
2012-10-04 22:00:00,13.4
2012-10-04 23:00:00,13.4
2012-10-05 00:00:00,13.4
2012-10-05 01:00:00,13.4
2012-10-05 02:00:00,13.4
2012-10-05 03:00:00,13.4
2012-10-05 04:00:00,13.4
2012-10-05 05:00:00,13.4
2012-10-05 06:00:00,13.4
2012-10-05 07:00:00,13.4
2012-10-05 08:00:00,13.4
2012-10-05 09:00:00,13.4
2012-10-05 10:00:00,22.76572201
2012-10-05 11:00:00,56.152633
2012-10-05 12:00:00,50.94843
2012-10-05 13:00:00,49.391843
2012-10-05 14:00:00,48.83647
2012-10-05 15:00:00,13.4
2012-10-05 16:00:00,13.4
2012-10-05 17:00:00,13.4
2012-10-05 18:00:00,13.4
2012-10-05 19:00:00,13.4
2012-10-05 20:00:00,13.4
2012-10-05 21:00:00,16.089489
2012-10-05 22:00:00,34.825928
2012-10-05 23:00:00,13.4
2012-10-06 00:00:00,13.4
2012-10-06 01:00:00,13.4
2012-10-06 02:00:00,13.4
2012-10-06 03:00:00,13.4
2012-10-06 04:00:00,13.4
2012-10-06 05:00:00,13.4
2012-10-06 06:00:00,13.4
2012-10-06 07:00:00,13.4
2012-10-06 08:00:00,13.4
2012-10-06 09:00:00,13.4
2012-10-06 10:00:00,13.4
2012-10-06 11:00:00,13.4
2012-10-06 12:00:00,13.4
2012-10-06 13:00:00,13.4
2012-10-06 14:00:00,13.4
2012-10-06 15:00:00,13.4
2012-10-06 16:00:00,13.4
2012-10-06 17:00:00,13.4
2012-10-06 18:00:00,13.4
2012-10-06 19:00:00,13.4
2012-10-06 20:00:00,13.4
2012-10-06 21:00:00,13.4
2012-10-06 22:00:00,13.4
2012-10-06 23:00:00,13.4
2012-10-07 00:00:00,13.4
2012-10-07 01:00:00,13.4
2012-10-07 02:00:00,13.4
2012-10-07 03:00:00,13.4
2012-10-07 04:00:00,13.4
2012-10-07 05:00:00,13.4
2012-10-07 06:00:00,13.4
2012-10-07 07:00:00,13.4
2012-10-07 08:00:00,13.4
2012-10-07 09:00:00,13.4
2012-10-07 10:00:00,13.4
2012-10-07 11:00:00,13.4
2012-10-07 12:00:00,13.4
2012-10-07 13:00:00,13.4
2012-10-07 14:00:00,13.4
2012-10-07 15:00:00,13.4
2012-10-07 16:00:00,13.4
2012-10-07 17:00:00,13.4
2012-10-07 18:00:00,13.4
2012-10-07 19:00:00,13.4
2012-10-07 20:00:00,13.4
2012-10-07 21:00:00,13.4
2012-10-07 22:00:00,13.4
2012-10-07 23:00:00,13.4
2012-10-08 00:00:00,13.4
2012-10-08 01:00:00,13.4
2012-10-08 02:00:00,13.4
2012-10-08 03:00:00,13.4
2012-10-08 04:00:00,13.4
2012-10-08 05:00:00,13.4
2012-10-08 06:00:00,13.4
2012-10-08 07:00:00,13.4
2012-10-08 08:00:00,13.4
2012-10-08 09:00:00,13.4
2012-10-08 10:00:00,13.4
2012-10-08 11:00:00,13.4
2012-10-08 12:00:00,13.4
2012-10-08 13:00:00,13.4
2012-10-08 14:00:00,13.4
2012-10-08 15:00:00,13.4
2012-10-08 16:00:00,13.4
2012-10-08 17:00:00,13.4
2012-10-08 18:00:00,13.4
2012-10-08 19:00:00,13.4
2012-10-08 20:00:00,13.4
2012-10-08 21:00:00,13.4
2012-10-08 22:00:00,13.4
2012-10-08 23:00:00,13.4
2012-10-09 00:00:00,13.4
2012-10-09 01:00:00,13.4
2012-10-09 02:00:00,13.4
2012-10-09 03:00:00,13.4
2012-10-09 04:00:00,13.4
2012-10-09 05:00:00,13.4
2012-10-09 06:00:00,13.4
2012-10-09 07:00:00,13.4
2012-10-09 08:00:00,13.4
2012-10-09 09:00:00,13.4
2012-10-09 10:00:00,13.4
2012-10-09 11:00:00,13.4
2012-10-09 12:00:00,13.4
2012-10-09 13:00:00,13.4
2012-10-09 14:00:00,13.4
2012-10-09 15:00:00,13.4
2012-10-09 16:00:00,13.4
2012-10-09 17:00:00,13.4
2012-10-09 18:00:00,13.4
2012-10-09 19:00:00,13.4
2012-10-09 20:00:00,14.781456
2012-10-09 21:00:00,42.927103
2012-10-09 22:00:00,46.688765
2012-10-09 23:00:00,37.346806
2012-10-10 00:00:00,13.4
2012-10-10 01:00:00,13.4
2012-10-10 02:00:00,13.4
2012-10-10 03:00:00,13.4
2012-10-10 04:00:00,13.4
2012-10-10 05:00:00,13.4
2012-10-10 06:00:00,13.4
2012-10-10 07:00:00,13.4
2012-10-10 08:00:00,13.4
2012-10-10 09:00:00,13.4
2012-10-10 10:00:00,13.4
2012-10-10 11:00:00,13.4
2012-10-10 12:00:00,13.4
2012-10-10 13:00:00,13.40000001
2012-10-10 14:00:00,44.625303
2012-10-10 15:00:00,19.682156
2012-10-10 16:00:00,16.388869
2012-10-10 17:00:00,38.833123
2012-10-10 18:00:00,50.218645
2012-10-10 19:00:00,52.06887
2012-10-10 20:00:00,51.429929
2012-10-10 21:00:00,46.304211
2012-10-10 22:00:00,48.438169
2012-10-10 23:00:00,35.289662
2012-10-11 00:00:00,13.4
2012-10-11 01:00:00,13.4
2012-10-11 02:00:00,13.4
2012-10-11 03:00:00,13.4
2012-10-11 04:00:00,13.4
2012-10-11 05:00:00,13.4
2012-10-11 06:00:00,13.4
2012-10-11 07:00:00,13.4
2012-10-11 08:00:00,13.4
2012-10-11 09:00:00,13.4
2012-10-11 10:00:00,13.4
2012-10-11 11:00:00,13.4
2012-10-11 12:00:00,13.4
2012-10-11 13:00:00,13.4
2012-10-11 14:00:00,13.4
2012-10-11 15:00:00,13.4
2012-10-11 16:00:00,13.4
2012-10-11 17:00:00,13.4
2012-10-11 18:00:00,13.4
2012-10-11 19:00:00,13.4
2012-10-11 20:00:00,13.4
2012-10-11 21:00:00,13.4
2012-10-11 22:00:00,13.4
2012-10-11 23:00:00,13.4
2012-10-12 00:00:00,14.35
2012-10-12 01:00:00,14.35
2012-10-12 02:00:00,14.35
2012-10-12 03:00:00,14.35
2012-10-12 04:00:00,14.35
2012-10-12 05:00:00,14.35
2012-10-12 06:00:00,14.35
2012-10-12 07:00:00,14.35
2012-10-12 08:00:00,14.35
2012-10-12 09:00:00,14.35
2012-10-12 10:00:00,14.35
2012-10-12 11:00:00,14.35
2012-10-12 12:00:00,14.35
2012-10-12 13:00:00,14.35
2012-10-12 14:00:00,14.35
2012-10-12 15:00:00,14.35
2012-10-12 16:00:00,14.35
2012-10-12 17:00:00,14.35
2012-10-12 18:00:00,14.35
2012-10-12 19:00:00,14.35
2012-10-12 20:00:00,14.35
2012-10-12 21:00:00,14.35
2012-10-12 22:00:00,14.35
2012-10-12 23:00:00,14.35
2012-10-13 00:00:00,14.35
2012-10-13 01:00:00,14.35
2012-10-13 02:00:00,14.35
2012-10-13 03:00:00,14.35
2012-10-13 04:00:00,14.35
2012-10-13 05:00:00,14.35
2012-10-13 06:00:00,14.35
2012-10-13 07:00:00,14.35
2012-10-13 08:00:00,14.35
2012-10-13 09:00:00,14.35
2012-10-13 10:00:00,14.35
2012-10-13 11:00:00,14.35
2012-10-13 12:00:00,14.35
2012-10-13 13:00:00,14.35
2012-10-13 14:00:00,14.35
2012-10-13 15:00:00,14.35
2012-10-13 16:00:00,14.35
2012-10-13 17:00:00,14.35
2012-10-13 18:00:00,14.35
2012-10-13 19:00:00,14.35
2012-10-13 20:00:00,14.35
2012-10-13 21:00:00,14.35
2012-10-13 22:00:00,14.35
2012-10-13 23:00:00,14.35
2012-10-14 00:00:00,14.35
2012-10-14 01:00:00,14.35
2012-10-14 02:00:00,14.35
2012-10-14 03:00:00,14.35
2012-10-14 04:00:00,14.35
2012-10-14 05:00:00,14.35
2012-10-14 06:00:00,14.35
2012-10-14 07:00:00,14.35
2012-10-14 08:00:00,14.35
2012-10-14 09:00:00,14.35
2012-10-14 10:00:00,14.35
2012-10-14 11:00:00,14.35
2012-10-14 12:00:00,14.35
2012-10-14 13:00:00,14.35
2012-10-14 14:00:00,14.35
2012-10-14 15:00:00,14.35
2012-10-14 16:00:00,14.35
2012-10-14 17:00:00,14.35
2012-10-14 18:00:00,14.35
2012-10-14 19:00:00,14.35
2012-10-14 20:00:00,14.35
2012-10-14 21:00:00,14.35
2012-10-14 22:00:00,14.35
2012-10-14 23:00:00,14.35
2012-10-15 00:00:00,14.35
2012-10-15 01:00:00,14.35
2012-10-15 02:00:00,14.35
2012-10-15 03:00:00,14.35
2012-10-15 04:00:00,14.35
2012-10-15 05:00:00,14.35
2012-10-15 06:00:00,14.35
2012-10-15 07:00:00,14.35
2012-10-15 08:00:00,14.35
2012-10-15 09:00:00,14.35
2012-10-15 10:00:00,14.35
2012-10-15 11:00:00,14.35
2012-10-15 12:00:00,14.35
2012-10-15 13:00:00,14.35
2012-10-15 14:00:00,14.35
2012-10-15 15:00:00,14.35
2012-10-15 16:00:00,14.35
2012-10-15 17:00:00,14.35
2012-10-15 18:00:00,14.35
2012-10-15 19:00:00,14.35
2012-10-15 20:00:00,14.35
2012-10-15 21:00:00,14.35
2012-10-15 22:00:00,14.35
2012-10-15 23:00:00,14.35
2012-10-16 00:00:00,14.35
2012-10-16 01:00:00,14.35
2012-10-16 02:00:00,14.35
2012-10-16 03:00:00,14.35
2012-10-16 04:00:00,14.35
2012-10-16 05:00:00,14.35
2012-10-16 06:00:00,14.35
2012-10-16 07:00:00,14.35
2012-10-16 08:00:00,14.35
2012-10-16 09:00:00,47.079534
2012-10-16 10:00:00,14.35
2012-10-16 11:00:00,14.35
2012-10-16 12:00:00,14.35
2012-10-16 13:00:00,50.104808
2012-10-16 14:00:00,48.855932
2012-10-16 15:00:00,47.980035
2012-10-16 16:00:00,54.474535
2012-10-16 17:00:00,56.706826
2012-10-16 18:00:00,56.564226
2012-10-16 19:00:00,55.953169
2012-10-16 20:00:00,56.113089
2012-10-16 21:00:00,54.662557
2012-10-16 22:00:00,14.35
2012-10-16 23:00:00,14.35
2012-10-17 00:00:00,14.35
2012-10-17 01:00:00,14.35
2012-10-17 02:00:00,14.35
2012-10-17 03:00:00,14.35
2012-10-17 04:00:00,14.35
2012-10-17 05:00:00,14.35
2012-10-17 06:00:00,14.35
2012-10-17 07:00:00,14.35
2012-10-17 08:00:00,14.35
2012-10-17 09:00:00,14.35
2012-10-17 10:00:00,57.255688
2012-10-17 11:00:00,53.489193
2012-10-17 12:00:00,56.097814
2012-10-17 13:00:00,56.070217
2012-10-17 14:00:00,57.355905
2012-10-17 15:00:00,56.98192
2012-10-17 16:00:00,53.920498
2012-10-17 17:00:00,50.614661
2012-10-17 18:00:00,56.972986
2012-10-17 19:00:00,54.5019
2012-10-17 20:00:00,53.663582
2012-10-17 21:00:00,54.064557
2012-10-17 22:00:00,14.35
2012-10-17 23:00:00,14.35
2012-10-18 00:00:00,14.35
2012-10-18 01:00:00,14.35
2012-10-18 02:00:00,14.35
2012-10-18 03:00:00,14.35
2012-10-18 04:00:00,14.35
2012-10-18 05:00:00,14.35
2012-10-18 06:00:00,14.35
2012-10-18 07:00:00,33
2012-10-18 08:00:00,52.775593
2012-10-18 09:00:00,56.608224
2012-10-18 10:00:00,54.699851
2012-10-18 11:00:00,56.292596
2012-10-18 12:00:00,56.292596
2012-10-18 13:00:00,56.447872
2012-10-18 14:00:00,56.11395
2012-10-18 15:00:00,55.135076
2012-10-18 16:00:00,54.343047
2012-10-18 17:00:00,53.395001
2012-10-18 18:00:00,57.213555
2012-10-18 19:00:00,55.44998
2012-10-18 20:00:00,54.076414
2012-10-18 21:00:00,53.501523
2012-10-18 22:00:00,50.37711299
2012-10-18 23:00:00,14.35
2012-10-19 00:00:00,14.35
2012-10-19 01:00:00,14.35
2012-10-19 02:00:00,14.35
2012-10-19 03:00:00,14.35
2012-10-19 04:00:00,14.35
2012-10-19 05:00:00,14.35
2012-10-19 06:00:00,55.449219
2012-10-19 07:00:00,53.674306
2012-10-19 08:00:00,55.945578
2012-10-19 09:00:00,55.738328
2012-10-19 10:00:00,54.984409
2012-10-19 11:00:00,54.879097
2012-10-19 12:00:00,54.084286
2012-10-19 13:00:00,54.296616
2012-10-19 14:00:00,55.087383
2012-10-19 15:00:00,56.599224
2012-10-19 16:00:00,56.868012
2012-10-19 17:00:00,53.389456
2012-10-19 18:00:00,55.992458
2012-10-19 19:00:00,54.490039
2012-10-19 20:00:00,55.324965
2012-10-19 21:00:00,54.456624
2012-10-19 22:00:00,51.16665799
2012-10-19 23:00:00,14.35
2012-10-20 00:00:00,14.35
2012-10-20 01:00:00,14.35
2012-10-20 02:00:00,14.35
2012-10-20 03:00:00,14.35
2012-10-20 04:00:00,14.35
2012-10-20 05:00:00,14.35
2012-10-20 06:00:00,14.35
2012-10-20 07:00:00,14.35
2012-10-20 08:00:00,14.35
2012-10-20 09:00:00,14.35
2012-10-20 10:00:00,14.35
2012-10-20 11:00:00,14.35
2012-10-20 12:00:00,14.35
2012-10-20 13:00:00,14.35
2012-10-20 14:00:00,14.35
2012-10-20 15:00:00,14.35
2012-10-20 16:00:00,14.35
2012-10-20 17:00:00,14.35
2012-10-20 18:00:00,14.35
2012-10-20 19:00:00,14.35
2012-10-20 20:00:00,14.35
2012-10-20 21:00:00,14.35
2012-10-20 22:00:00,14.35
2012-10-20 23:00:00,14.35
2012-10-21 00:00:00,14.35
2012-10-21 01:00:00,14.35
2012-10-21 02:00:00,14.35
2012-10-21 03:00:00,14.35
2012-10-21 04:00:00,14.35
2012-10-21 05:00:00,14.35
2012-10-21 06:00:00,14.35
2012-10-21 07:00:00,14.35
2012-10-21 08:00:00,14.35
2012-10-21 09:00:00,14.35
2012-10-21 10:00:00,14.35
2012-10-21 11:00:00,14.35
2012-10-21 12:00:00,14.35
2012-10-21 13:00:00,14.35
2012-10-21 14:00:00,14.35
2012-10-21 15:00:00,14.35
2012-10-21 16:00:00,14.35
2012-10-21 17:00:00,14.35
2012-10-21 18:00:00,54.276306
2012-10-21 19:00:00,52.71426899
2012-10-21 20:00:00,14.35
2012-10-21 21:00:00,14.35
2012-10-21 22:00:00,14.35
2012-10-21 23:00:00,14.35
2012-10-22 00:00:00,14.35
2012-10-22 01:00:00,14.35
2012-10-22 02:00:00,14.35
2012-10-22 03:00:00,14.35
2012-10-22 04:00:00,14.35
2012-10-22 05:00:00,14.35
2012-10-22 06:00:00,14.35
2012-10-22 07:00:00,14.35
2012-10-22 08:00:00,14.35
2012-10-22 09:00:00,14.35
2012-10-22 10:00:00,14.35
2012-10-22 11:00:00,14.35
2012-10-22 12:00:00,14.35
2012-10-22 13:00:00,14.35
2012-10-22 14:00:00,14.35
2012-10-22 15:00:00,14.35
2012-10-22 16:00:00,14.35
2012-10-22 17:00:00,14.35
2012-10-22 18:00:00,14.35
2012-10-22 19:00:00,14.35
2012-10-22 20:00:00,14.35
2012-10-22 21:00:00,14.35
2012-10-22 22:00:00,14.35
2012-10-22 23:00:00,14.35
2012-10-23 00:00:00,14.35
2012-10-23 01:00:00,14.35
2012-10-23 02:00:00,14.35
2012-10-23 03:00:00,14.35
2012-10-23 04:00:00,14.35
2012-10-23 05:00:00,14.35
2012-10-23 06:00:00,14.35
2012-10-23 07:00:00,14.35
2012-10-23 08:00:00,14.35
2012-10-23 09:00:00,52.827058
2012-10-23 10:00:00,55.533095
2012-10-23 11:00:00,54.439648
2012-10-23 12:00:00,55.194862
2012-10-23 13:00:00,55.552173
2012-10-23 14:00:00,55.638102
2012-10-23 15:00:00,56.311814
2012-10-23 16:00:00,54.264571
2012-10-23 17:00:00,53.672472
2012-10-23 18:00:00,54.755222
2012-10-23 19:00:00,54.965211
2012-10-23 20:00:00,46.735341
2012-10-23 21:00:00,14.35
2012-10-23 22:00:00,14.35
2012-10-23 23:00:00,14.35
2012-10-24 00:00:00,14.35
2012-10-24 01:00:00,14.35
2012-10-24 02:00:00,14.35
2012-10-24 03:00:00,14.35
2012-10-24 04:00:00,14.35
2012-10-24 05:00:00,14.35
2012-10-24 06:00:00,14.35
2012-10-24 07:00:00,14.35000001
2012-10-24 08:00:00,54.122411
2012-10-24 09:00:00,55.165742
2012-10-24 10:00:00,53.136489
2012-10-24 11:00:00,56.045458
2012-10-24 12:00:00,56.963973
2012-10-24 13:00:00,56.854374
2012-10-24 14:00:00,51.113004
2012-10-24 15:00:00,51.028417
2012-10-24 16:00:00,53.226573
2012-10-24 17:00:00,54.183288
2012-10-24 18:00:00,53.685419
2012-10-24 19:00:00,52.56839299
2012-10-24 20:00:00,14.35
2012-10-24 21:00:00,14.35
2012-10-24 22:00:00,14.35
2012-10-24 23:00:00,14.35
2012-10-25 00:00:00,14.35
2012-10-25 01:00:00,14.35
2012-10-25 02:00:00,14.35
2012-10-25 03:00:00,14.35
2012-10-25 04:00:00,14.35
2012-10-25 05:00:00,14.35
2012-10-25 06:00:00,14.35
2012-10-25 07:00:00,14.35000001
2012-10-25 08:00:00,53.993084
2012-10-25 09:00:00,53.034742
2012-10-25 10:00:00,53.828594
2012-10-25 11:00:00,55.051476
2012-10-25 12:00:00,54.26923
2012-10-25 13:00:00,53.51724
2012-10-25 14:00:00,52.486428
2012-10-25 15:00:00,53.852371
2012-10-25 16:00:00,52.127619
2012-10-25 17:00:00,52.214962
2012-10-25 18:00:00,54.28951
2012-10-25 19:00:00,54.57223
2012-10-25 20:00:00,49.847278
2012-10-25 21:00:00,14.35
2012-10-25 22:00:00,14.35
2012-10-25 23:00:00,14.35
2012-10-26 00:00:00,14.35
2012-10-26 01:00:00,14.35
2012-10-26 02:00:00,14.35
2012-10-26 03:00:00,14.35
2012-10-26 04:00:00,14.35
2012-10-26 05:00:00,14.35
2012-10-26 06:00:00,14.35
2012-10-26 07:00:00,17.77366501
2012-10-26 08:00:00,54.938043
2012-10-26 09:00:00,54.581235
2012-10-26 10:00:00,52.652241
2012-10-26 11:00:00,56.417246
2012-10-26 12:00:00,53.029072
2012-10-26 13:00:00,53.025204
2012-10-26 14:00:00,54.756862
2012-10-26 15:00:00,55.70389
2012-10-26 16:00:00,53.536989
2012-10-26 17:00:00,56.213924
2012-10-26 18:00:00,53.871852
2012-10-26 19:00:00,53.316536
2012-10-26 20:00:00,54.435827
2012-10-26 21:00:00,51.075996
2012-10-26 22:00:00,14.35
2012-10-26 23:00:00,14.35
2012-10-27 00:00:00,14.35
2012-10-27 01:00:00,14.35
2012-10-27 02:00:00,14.35
2012-10-27 03:00:00,14.35
2012-10-27 04:00:00,14.35
2012-10-27 05:00:00,14.35
2012-10-27 06:00:00,14.35
2012-10-27 07:00:00,14.35
2012-10-27 08:00:00,14.35
2012-10-27 09:00:00,14.35
2012-10-27 10:00:00,19.34468101
2012-10-27 11:00:00,51.394645
2012-10-27 12:00:00,14.35
2012-10-27 13:00:00,14.35
2012-10-27 14:00:00,14.35
2012-10-27 15:00:00,19.643263
2012-10-27 16:00:00,54.673282
2012-10-27 17:00:00,52.780882
2012-10-27 18:00:00,53.638369
2012-10-27 19:00:00,52.725157
2012-10-27 20:00:00,53.228487
2012-10-27 21:00:00,49.267724
2012-10-27 22:00:00,45.28781699
2012-10-27 23:00:00,14.35
2012-10-28 00:00:00,14.35
2012-10-28 01:00:00,14.35
2012-10-28 02:00:00,14.35
2012-10-28 03:00:00,14.35
2012-10-28 04:00:00,14.35
2012-10-28 05:00:00,14.35
2012-10-28 06:00:00,16.132221
2012-10-28 07:00:00,49.43435399
2012-10-28 08:00:00,14.35
2012-10-28 09:00:00,14.35
2012-10-28 10:00:00,14.35
2012-10-28 11:00:00,14.35
2012-10-28 12:00:00,14.35
2012-10-28 13:00:00,54.586432
2012-10-28 14:00:00,55.163421
2012-10-28 15:00:00,55.845624
2012-10-28 16:00:00,55.121433
2012-10-28 17:00:00,55.306708
2012-10-28 18:00:00,54.293558
2012-10-28 19:00:00,55.066961
2012-10-28 20:00:00,55.24683
2012-10-28 21:00:00,49.875787
2012-10-28 22:00:00,14.35
2012-10-28 23:00:00,14.35
2012-10-29 00:00:00,14.35
2012-10-29 01:00:00,14.35
2012-10-29 02:00:00,14.35
2012-10-29 03:00:00,14.35
2012-10-29 04:00:00,14.35
2012-10-29 05:00:00,18.440772
2012-10-29 06:00:00,55.4998
2012-10-29 07:00:00,55.176286
2012-10-29 08:00:00,56.380299
2012-10-29 09:00:00,56.852018
2012-10-29 10:00:00,53.703678
2012-10-29 11:00:00,53.577655
2012-10-29 12:00:00,54.04676
2012-10-29 13:00:00,56.372986
2012-10-29 14:00:00,53.422942
2012-10-29 15:00:00,53.246581
2012-10-29 16:00:00,55.010193
2012-10-29 17:00:00,54.797556
2012-10-29 18:00:00,54.520124
2012-10-29 19:00:00,54.749529
2012-10-29 20:00:00,57.658688
2012-10-29 21:00:00,46.94371
2012-10-29 22:00:00,43.702027
2012-10-29 23:00:00,40.2
2012-10-30 00:00:00,14.35
2012-10-30 01:00:00,14.35000001
2012-10-30 02:00:00,53.933239
2012-10-30 03:00:00,53.310363
2012-10-30 04:00:00,55.122468
2012-10-30 05:00:00,51.923302
2012-10-30 06:00:00,54.976238
2012-10-30 07:00:00,56.186794
2012-10-30 08:00:00,54.754588
2012-10-30 09:00:00,53.540386
2012-10-30 10:00:00,54.661365
2012-10-30 11:00:00,53.510997
2012-10-30 12:00:00,52.582091
2012-10-30 13:00:00,54.818205
2012-10-30 14:00:00,53.867484
2012-10-30 15:00:00,53.93766
2012-10-30 16:00:00,50.638117
2012-10-30 17:00:00,52.867069
2012-10-30 18:00:00,52.063631
2012-10-30 19:00:00,53.660476
2012-10-30 20:00:00,54.135452
2012-10-30 21:00:00,51.803282
2012-10-30 22:00:00,46.73762699
2012-10-30 23:00:00,14.35
2012-10-31 00:00:00,17.379708
2012-10-31 01:00:00,50.858568
2012-10-31 02:00:00,50.884171
2012-10-31 03:00:00,50.335218
2012-10-31 04:00:00,51.548091
2012-10-31 05:00:00,52.446346
2012-10-31 06:00:00,54.959648
2012-10-31 07:00:00,54.851852
2012-10-31 08:00:00,52.01537
2012-10-31 09:00:00,53.634121
2012-10-31 10:00:00,53.724074
2012-10-31 11:00:00,53.632773
2012-10-31 12:00:00,53.222643
2012-10-31 13:00:00,53.449187
2012-10-31 14:00:00,54.825003
2012-10-31 15:00:00,54.790294
2012-10-31 16:00:00,54.737146
2012-10-31 17:00:00,55.012937
2012-10-31 18:00:00,54.546443
2012-10-31 19:00:00,54.274526
2012-10-31 20:00:00,54.774628
2012-10-31 21:00:00,53.390519
2012-10-31 22:00:00,49.38759299
2012-10-31 23:00:00,14.35
2012-11-01 00:00:00,14.35
2012-11-01 01:00:00,16.54718901
2012-11-01 02:00:00,56.111602
2012-11-01 03:00:00,56.909121
2012-11-01 04:00:00,56.068333
2012-11-01 05:00:00,54.583895
2012-11-01 06:00:00,53.653141
2012-11-01 07:00:00,55.492819
2012-11-01 08:00:00,53.411125
2012-11-01 09:00:00,53.366347
2012-11-01 10:00:00,52.674524
2012-11-01 11:00:00,53.253693
2012-11-01 12:00:00,53.785948
2012-11-01 13:00:00,53.398772
2012-11-01 14:00:00,55.173965
2012-11-01 15:00:00,53.546623
2012-11-01 16:00:00,53.375852
2012-11-01 17:00:00,55.457766
2012-11-01 18:00:00,53.722748
2012-11-01 19:00:00,53.823738
2012-11-01 20:00:00,54.887704
2012-11-01 21:00:00,53.906226
2012-11-01 22:00:00,49.761222
2012-11-01 23:00:00,35.4
2012-11-02 00:00:00,13.4
2012-11-02 01:00:00,13.4
2012-11-02 02:00:00,13.4
2012-11-02 03:00:00,13.4
2012-11-02 04:00:00,13.4
2012-11-02 05:00:00,13.4
2012-11-02 06:00:00,13.4
2012-11-02 07:00:00,18.21289701
2012-11-02 08:00:00,53.90178
2012-11-02 09:00:00,55.028754
2012-11-02 10:00:00,51.734955
2012-11-02 11:00:00,53.751199
2012-11-02 12:00:00,56.188978
2012-11-02 13:00:00,54.931421
2012-11-02 14:00:00,55.393853
2012-11-02 15:00:00,54.801805
2012-11-02 16:00:00,53.958542
2012-11-02 17:00:00,56.142087
2012-11-02 18:00:00,56.516627
2012-11-02 19:00:00,54.328428
2012-11-02 20:00:00,51.470738
2012-11-02 21:00:00,51.48919
2012-11-02 22:00:00,44.86753299
2012-11-02 23:00:00,13.4
2012-11-03 00:00:00,13.4
2012-11-03 01:00:00,13.4
2012-11-03 02:00:00,13.4
2012-11-03 03:00:00,13.4
2012-11-03 04:00:00,13.4
2012-11-03 05:00:00,13.4
2012-11-03 06:00:00,49.127828
2012-11-03 07:00:00,55.653476
2012-11-03 08:00:00,54.686803
2012-11-03 09:00:00,55.309773
2012-11-03 10:00:00,55.815859
2012-11-03 11:00:00,54.143129
2012-11-03 12:00:00,54.250442
2012-11-03 13:00:00,53.783074
2012-11-03 14:00:00,54.075831
2012-11-03 15:00:00,53.869451
2012-11-03 16:00:00,53.668136
2012-11-03 17:00:00,54.099535
2012-11-03 18:00:00,55.945382
2012-11-03 19:00:00,53.301101
2012-11-03 20:00:00,54.925113
2012-11-03 21:00:00,53.447719
2012-11-03 22:00:00,51.98719799
2012-11-03 23:00:00,13.4
2012-11-04 00:00:00,13.4
2012-11-04 01:00:00,13.4
2012-11-04 02:00:00,13.4
2012-11-04 03:00:00,13.4
2012-11-04 04:00:00,13.4
2012-11-04 05:00:00,13.4
2012-11-04 06:00:00,13.4
2012-11-04 07:00:00,52.324552
2012-11-04 08:00:00,49.492885
2012-11-04 09:00:00,51.260163
2012-11-04 10:00:00,53.69033
2012-11-04 11:00:00,54.432692
2012-11-04 12:00:00,55.350098
2012-11-04 13:00:00,56.364013
2012-11-04 14:00:00,55.561292
2012-11-04 15:00:00,55.2768
2012-11-04 16:00:00,54.906159
2012-11-04 17:00:00,55.480007
2012-11-04 18:00:00,54.835594
2012-11-04 19:00:00,54.77859
2012-11-04 20:00:00,54.375011
2012-11-04 21:00:00,52.270216
2012-11-04 22:00:00,49.58972399
2012-11-04 23:00:00,13.4
2012-11-05 00:00:00,13.4
2012-11-05 01:00:00,13.4
2012-11-05 02:00:00,13.4
2012-11-05 03:00:00,13.4
2012-11-05 04:00:00,13.4
2012-11-05 05:00:00,13.4
2012-11-05 06:00:00,13.4
2012-11-05 07:00:00,16.70768901
2012-11-05 08:00:00,54.542036
2012-11-05 09:00:00,55.279183
2012-11-05 10:00:00,52.338629
2012-11-05 11:00:00,53.786952
2012-11-05 12:00:00,52.155227
2012-11-05 13:00:00,52.591095
2012-11-05 14:00:00,52.566381
2012-11-05 15:00:00,53.092703
2012-11-05 16:00:00,52.251023
2012-11-05 17:00:00,54.45563
2012-11-05 18:00:00,52.910496
2012-11-05 19:00:00,53.106866
2012-11-05 20:00:00,49.066212
2012-11-05 21:00:00,13.4
2012-11-05 22:00:00,13.4
2012-11-05 23:00:00,13.4
2012-11-06 00:00:00,13.4
2012-11-06 01:00:00,13.4
2012-11-06 02:00:00,13.4
2012-11-06 03:00:00,13.4
2012-11-06 04:00:00,13.4
2012-11-06 05:00:00,13.4
2012-11-06 06:00:00,54.9353
2012-11-06 07:00:00,53.947148
2012-11-06 08:00:00,54.965373
2012-11-06 09:00:00,54.416061
2012-11-06 10:00:00,53.613097
2012-11-06 11:00:00,53.825115
2012-11-06 12:00:00,53.297803
2012-11-06 13:00:00,53.974095
2012-11-06 14:00:00,56.363124
2012-11-06 15:00:00,54.348443
2012-11-06 16:00:00,53.451294
2012-11-06 17:00:00,55.394186
2012-11-06 18:00:00,53.865586
2012-11-06 19:00:00,54.652621
2012-11-06 20:00:00,52.193502
2012-11-06 21:00:00,53.120766
2012-11-06 22:00:00,51.05078899
2012-11-06 23:00:00,13.4
2012-11-07 00:00:00,13.4
2012-11-07 01:00:00,13.4
2012-11-07 02:00:00,13.4
2012-11-07 03:00:00,15.232468
2012-11-07 04:00:00,51.979348
2012-11-07 05:00:00,55.33252
2012-11-07 06:00:00,53.951265
2012-11-07 07:00:00,51.089682
2012-11-07 08:00:00,54.971703
2012-11-07 09:00:00,55.080167
2012-11-07 10:00:00,53.788022
2012-11-07 11:00:00,53.257077
2012-11-07 12:00:00,53.216341
2012-11-07 13:00:00,53.170233
2012-11-07 14:00:00,53.306765
2012-11-07 15:00:00,52.832566
2012-11-07 16:00:00,52.195994
2012-11-07 17:00:00,54.318737
2012-11-07 18:00:00,53.622421
2012-11-07 19:00:00,54.413303
2012-11-07 20:00:00,54.207884
2012-11-07 21:00:00,52.125595
2012-11-07 22:00:00,47.01121999
2012-11-07 23:00:00,13.4
2012-11-08 00:00:00,13.4
2012-11-08 01:00:00,13.4
2012-11-08 02:00:00,13.4
2012-11-08 03:00:00,13.4
2012-11-08 04:00:00,17.50056401
2012-11-08 05:00:00,54.525456
2012-11-08 06:00:00,54.868392
2012-11-08 07:00:00,55.634579
2012-11-08 08:00:00,55.59684
2012-11-08 09:00:00,53.908423
2012-11-08 10:00:00,53.247773
2012-11-08 11:00:00,54.659843
2012-11-08 12:00:00,53.540647
2012-11-08 13:00:00,54.130365
2012-11-08 14:00:00,53.484783
2012-11-08 15:00:00,53.47306
2012-11-08 16:00:00,52.72803
2012-11-08 17:00:00,53.829015
2012-11-08 18:00:00,51.487859
2012-11-08 19:00:00,54.480594
2012-11-08 20:00:00,54.074669
2012-11-08 21:00:00,50.754333
2012-11-08 22:00:00,46.81841099
2012-11-08 23:00:00,13.4
2012-11-09 00:00:00,13.4
2012-11-09 01:00:00,13.4
2012-11-09 02:00:00,13.4
2012-11-09 03:00:00,13.4
2012-11-09 04:00:00,13.4
2012-11-09 05:00:00,13.4
2012-11-09 06:00:00,16.714131
2012-11-09 07:00:00,54.413463
2012-11-09 08:00:00,54.044827
2012-11-09 09:00:00,54.061317
2012-11-09 10:00:00,54.787122
2012-11-09 11:00:00,54.437483
2012-11-09 12:00:00,53.699913
2012-11-09 13:00:00,54.865209
2012-11-09 14:00:00,53.47534
2012-11-09 15:00:00,53.013468
2012-11-09 16:00:00,53.568112
2012-11-09 17:00:00,54.079918
2012-11-09 18:00:00,54.660141
2012-11-09 19:00:00,55.909557
2012-11-09 20:00:00,54.375667
2012-11-09 21:00:00,51.414595
2012-11-09 22:00:00,13.4
2012-11-09 23:00:00,13.4
2012-11-10 00:00:00,13.4
2012-11-10 01:00:00,13.4
2012-11-10 02:00:00,13.4
2012-11-10 03:00:00,13.4
2012-11-10 04:00:00,16.23682501
2012-11-10 05:00:00,53.506592
2012-11-10 06:00:00,53.804159
2012-11-10 07:00:00,53.618475
2012-11-10 08:00:00,53.720111
2012-11-10 09:00:00,52.907729
2012-11-10 10:00:00,51.497465
2012-11-10 11:00:00,53.479252
2012-11-10 12:00:00,50.078366
2012-11-10 13:00:00,52.644385
2012-11-10 14:00:00,55.832342
2012-11-10 15:00:00,52.087305
2012-11-10 16:00:00,55.51604
2012-11-10 17:00:00,55.125794
2012-11-10 18:00:00,56.388254
2012-11-10 19:00:00,54.852111
2012-11-10 20:00:00,51.140813
2012-11-10 21:00:00,13.4
2012-11-10 22:00:00,13.4
2012-11-10 23:00:00,13.4
2012-11-11 00:00:00,13.4
2012-11-11 01:00:00,13.4
2012-11-11 02:00:00,13.4
2012-11-11 03:00:00,13.4
2012-11-11 04:00:00,13.4
2012-11-11 05:00:00,13.4
2012-11-11 06:00:00,13.4
2012-11-11 07:00:00,13.4
2012-11-11 08:00:00,17.485344
2012-11-11 09:00:00,53.299551
2012-11-11 10:00:00,54.404744
2012-11-11 11:00:00,55.3057
2012-11-11 12:00:00,54.057141
2012-11-11 13:00:00,53.048323
2012-11-11 14:00:00,59.059188
2012-11-11 15:00:00,54.84368
2012-11-11 16:00:00,56.274809
2012-11-11 17:00:00,55.958294
2012-11-11 18:00:00,53.738
2012-11-11 19:00:00,53.343088
2012-11-11 20:00:00,53.475509
2012-11-11 21:00:00,52.301751
2012-11-11 22:00:00,48.21937599
2012-11-11 23:00:00,13.4
2012-11-12 00:00:00,13.4
2012-11-12 01:00:00,13.4
2012-11-12 02:00:00,13.4
2012-11-12 03:00:00,13.4
2012-11-12 04:00:00,13.4
2012-11-12 05:00:00,13.4
2012-11-12 06:00:00,13.4
2012-11-12 07:00:00,13.4
2012-11-12 08:00:00,17.700667
2012-11-12 09:00:00,53.457441
2012-11-12 10:00:00,54.380816
2012-11-12 11:00:00,55.16797
2012-11-12 12:00:00,54.91864
2012-11-12 13:00:00,56.15195
2012-11-12 14:00:00,55.673292
2012-11-12 15:00:00,54.531624
2012-11-12 16:00:00,54.127729
2012-11-12 17:00:00,55.27587
2012-11-12 18:00:00,55.608337
2012-11-12 19:00:00,56.499234
2012-11-12 20:00:00,57.396046
2012-11-12 21:00:00,56.863557
2012-11-12 22:00:00,50.30460299
2012-11-12 23:00:00,13.4
2012-11-13 00:00:00,13.4
2012-11-13 01:00:00,13.4
2012-11-13 02:00:00,13.4
2012-11-13 03:00:00,13.4
2012-11-13 04:00:00,13.4
2012-11-13 05:00:00,13.4
2012-11-13 06:00:00,13.4
2012-11-13 07:00:00,13.4
2012-11-13 08:00:00,13.4
2012-11-13 09:00:00,53.126434
2012-11-13 10:00:00,52.96047
2012-11-13 11:00:00,54.267182
2012-11-13 12:00:00,52.979864
2012-11-13 13:00:00,52.813057
2012-11-13 14:00:00,54.289308
2012-11-13 15:00:00,53.916726
2012-11-13 16:00:00,53.995466
2012-11-13 17:00:00,54.51984
2012-11-13 18:00:00,54.453135
2012-11-13 19:00:00,53.666941
2012-11-13 20:00:00,53.601331
2012-11-13 21:00:00,53.40081
2012-11-13 22:00:00,47.73008399
2012-11-13 23:00:00,13.4
2012-11-14 00:00:00,13.4
2012-11-14 01:00:00,13.4
2012-11-14 02:00:00,13.4
2012-11-14 03:00:00,13.4
2012-11-14 04:00:00,13.4
2012-11-14 05:00:00,13.4
2012-11-14 06:00:00,13.4
2012-11-14 07:00:00,13.4
2012-11-14 08:00:00,18.4
2012-11-14 09:00:00,49.8
2012-11-14 10:00:00,51.4
2012-11-14 11:00:00,49.8
2012-11-14 12:00:00,51.15
2012-11-14 13:00:00,50.8
2012-11-14 14:00:00,49.8
2012-11-14 15:00:00,49.8
2012-11-14 16:00:00,49.8
2012-11-14 17:00:00,49.8
2012-11-14 18:00:00,49.8
2012-11-14 19:00:00,49.8
2012-11-14 20:00:00,49.8
2012-11-14 21:00:00,48.4
2012-11-14 22:00:00,13.4
2012-11-14 23:00:00,13.4
2012-11-15 00:00:00,13.4
2012-11-15 01:00:00,13.4
2012-11-15 02:00:00,13.4
2012-11-15 03:00:00,13.4
2012-11-15 04:00:00,13.4
2012-11-15 05:00:00,17.527598
2012-11-15 06:00:00,50.699964
2012-11-15 07:00:00,54.721656
2012-11-15 08:00:00,54.438485
2012-11-15 09:00:00,54.377759
2012-11-15 10:00:00,54.622019
2012-11-15 11:00:00,55.246491
2012-11-15 12:00:00,53.929305
2012-11-15 13:00:00,55.49341
2012-11-15 14:00:00,53.317614
2012-11-15 15:00:00,52.238394
2012-11-15 16:00:00,54.471732
2012-11-15 17:00:00,52.531346
2012-11-15 18:00:00,53.474094
2012-11-15 19:00:00,53.759607
2012-11-15 20:00:00,54.203591
2012-11-15 21:00:00,54.136938
2012-11-15 22:00:00,46.05613899
2012-11-15 23:00:00,13.4
2012-11-16 00:00:00,13.4
2012-11-16 01:00:00,13.4
2012-11-16 02:00:00,13.4
2012-11-16 03:00:00,13.4
2012-11-16 04:00:00,13.4
2012-11-16 05:00:00,13.4
2012-11-16 06:00:00,13.4
2012-11-16 07:00:00,13.40000001
2012-11-16 08:00:00,53.24975
2012-11-16 09:00:00,54.207421
2012-11-16 10:00:00,55.001892
2012-11-16 11:00:00,54.273062
2012-11-16 12:00:00,52.843355
2012-11-16 13:00:00,54.662851
2012-11-16 14:00:00,55.112457
2012-11-16 15:00:00,54.423183
2012-11-16 16:00:00,52.171607
2012-11-16 17:00:00,52.261787
2012-11-16 18:00:00,55.045563
2012-11-16 19:00:00,54.283719
2012-11-16 20:00:00,54.033487
2012-11-16 21:00:00,53.782853
2012-11-16 22:00:00,48.18006399
2012-11-16 23:00:00,13.4
2012-11-17 00:00:00,13.4
2012-11-17 01:00:00,13.4
2012-11-17 02:00:00,13.4
2012-11-17 03:00:00,13.4
2012-11-17 04:00:00,13.4
2012-11-17 05:00:00,13.4
2012-11-17 06:00:00,5
2012-11-17 07:00:00,35.05
2012-11-17 08:00:00,36
2012-11-17 09:00:00,36
2012-11-17 10:00:00,35.3
2012-11-17 11:00:00,35.65
2012-11-17 12:00:00,34.1
2012-11-17 13:00:00,33.95
2012-11-17 14:00:00,33.95
2012-11-17 15:00:00,36
2012-11-17 16:00:00,36
2012-11-17 17:00:00,36
2012-11-17 18:00:00,36
2012-11-17 19:00:00,36
2012-11-17 20:00:00,35
2012-11-17 21:00:00,0
2012-11-17 22:00:00,0
2012-11-17 23:00:00,0
2012-11-18 00:00:00,13.4
2012-11-18 01:00:00,13.4
2012-11-18 02:00:00,13.4
2012-11-18 03:00:00,13.4
2012-11-18 04:00:00,13.4
2012-11-18 05:00:00,13.4
2012-11-18 06:00:00,13.4
2012-11-18 07:00:00,13.4
2012-11-18 08:00:00,13.4
2012-11-18 09:00:00,13.4
2012-11-18 10:00:00,13.4
2012-11-18 11:00:00,17.343647
2012-11-18 12:00:00,56.030783
2012-11-18 13:00:00,52.801786
2012-11-18 14:00:00,50.426644
2012-11-18 15:00:00,50.462059
2012-11-18 16:00:00,51.459886
2012-11-18 17:00:00,52.500961
2012-11-18 18:00:00,55.24538
2012-11-18 19:00:00,52.46672
2012-11-18 20:00:00,52.442201
2012-11-18 21:00:00,51.821655
2012-11-18 22:00:00,50.96059
2012-11-18 23:00:00,46.865175
2012-11-19 00:00:00,13.4
2012-11-19 01:00:00,13.4
2012-11-19 02:00:00,13.4
2012-11-19 03:00:00,13.4
2012-11-19 04:00:00,13.4
2012-11-19 05:00:00,13.4
2012-11-19 06:00:00,17.016062
2012-11-19 07:00:00,53.865319
2012-11-19 08:00:00,52.933052
2012-11-19 09:00:00,53.74401
2012-11-19 10:00:00,52.98346
2012-11-19 11:00:00,54.009295
2012-11-19 12:00:00,52.430886
2012-11-19 13:00:00,56.492168
2012-11-19 14:00:00,54.612601
2012-11-19 15:00:00,53.360457
2012-11-19 16:00:00,53.648488
2012-11-19 17:00:00,55.148563
2012-11-19 18:00:00,54.590625
2012-11-19 19:00:00,54.735409
2012-11-19 20:00:00,54.089619
2012-11-19 21:00:00,50.404914
2012-11-19 22:00:00,13.4
2012-11-19 23:00:00,13.4
2012-11-20 00:00:00,13.4
2012-11-20 01:00:00,13.4
2012-11-20 02:00:00,13.4
2012-11-20 03:00:00,13.4
2012-11-20 04:00:00,13.4
2012-11-20 05:00:00,13.4
2012-11-20 06:00:00,13.4
2012-11-20 07:00:00,13.4
2012-11-20 08:00:00,18.044549
2012-11-20 09:00:00,53.034617
2012-11-20 10:00:00,56.131021
2012-11-20 11:00:00,53.706235
2012-11-20 12:00:00,51.444205
2012-11-20 13:00:00,54.076779
2012-11-20 14:00:00,54.721606
2012-11-20 15:00:00,55.046607
2012-11-20 16:00:00,54.050602
2012-11-20 17:00:00,54.699641
2012-11-20 18:00:00,54.936683
2012-11-20 19:00:00,54.899261
2012-11-20 20:00:00,53.571756
2012-11-20 21:00:00,52.507596
2012-11-20 22:00:00,50.41763899
2012-11-20 23:00:00,13.4
2012-11-21 00:00:00,13.4
2012-11-21 01:00:00,13.4
2012-11-21 02:00:00,13.4
2012-11-21 03:00:00,13.4
2012-11-21 04:00:00,13.4
2012-11-21 05:00:00,17.29309
2012-11-21 06:00:00,52.530605
2012-11-21 07:00:00,53.050616
2012-11-21 08:00:00,55.755413
2012-11-21 09:00:00,53.876292
2012-11-21 10:00:00,53.51082
2012-11-21 11:00:00,56.486223
2012-11-21 12:00:00,51.491646
2012-11-21 13:00:00,53.09291
2012-11-21 14:00:00,54.998261
2012-11-21 15:00:00,51.992295
2012-11-21 16:00:00,52.353661
2012-11-21 17:00:00,52.437779
2012-11-21 18:00:00,54.513299
2012-11-21 19:00:00,55.45466
2012-11-21 20:00:00,48.70373
2012-11-21 21:00:00,13.4
2012-11-21 22:00:00,13.4
2012-11-21 23:00:00,13.4
2012-11-22 00:00:00,12.29
2012-11-22 01:00:00,12.29
2012-11-22 02:00:00,12.29
2012-11-22 03:00:00,12.29
2012-11-22 04:00:00,12.29
2012-11-22 05:00:00,12.29
2012-11-22 06:00:00,12.29
2012-11-22 07:00:00,12.29
2012-11-22 08:00:00,16.051325
2012-11-22 09:00:00,53.243522
2012-11-22 10:00:00,53.73918
2012-11-22 11:00:00,53.219613
2012-11-22 12:00:00,53.324848
2012-11-22 13:00:00,54.159338
2012-11-22 14:00:00,54.069759
2012-11-22 15:00:00,54.147303
2012-11-22 16:00:00,53.466292
2012-11-22 17:00:00,50.813926
2012-11-22 18:00:00,48.493949
2012-11-22 19:00:00,47.509878
2012-11-22 20:00:00,42.172156
2012-11-22 21:00:00,35.498615
2012-11-22 22:00:00,36.101305
2012-11-22 23:00:00,12.29
2012-11-23 00:00:00,12.29
2012-11-23 01:00:00,12.29
2012-11-23 02:00:00,12.29
2012-11-23 03:00:00,12.29
2012-11-23 04:00:00,12.29000001
2012-11-23 05:00:00,45.861648
2012-11-23 06:00:00,40.435359
2012-11-23 07:00:00,40.791827
2012-11-23 08:00:00,39.20056
2012-11-23 09:00:00,46.274986
2012-11-23 10:00:00,48.698771
2012-11-23 11:00:00,41.259711
2012-11-23 12:00:00,41.065019
2012-11-23 13:00:00,41.112799
2012-11-23 14:00:00,43.558703
2012-11-23 15:00:00,37.497732
2012-11-23 16:00:00,43.283502
2012-11-23 17:00:00,48.554092
2012-11-23 18:00:00,48.459972
2012-11-23 19:00:00,46.054697
2012-11-23 20:00:00,41.458148
2012-11-23 21:00:00,12.29
2012-11-23 22:00:00,12.29
2012-11-23 23:00:00,12.29
2012-11-24 00:00:00,12.29
2012-11-24 01:00:00,12.29
2012-11-24 02:00:00,12.29
2012-11-24 03:00:00,12.29
2012-11-24 04:00:00,12.29
2012-11-24 05:00:00,12.29
2012-11-24 06:00:00,12.29
2012-11-24 07:00:00,15.42223101
2012-11-24 08:00:00,45.932683
2012-11-24 09:00:00,32.364764
2012-11-24 10:00:00,39.812489
2012-11-24 11:00:00,38.941545
2012-11-24 12:00:00,35.255921
2012-11-24 13:00:00,45.959887
2012-11-24 14:00:00,44.500201
2012-11-24 15:00:00,45.140689
2012-11-24 16:00:00,43.75947
2012-11-24 17:00:00,42.735899
2012-11-24 18:00:00,41.716514
2012-11-24 19:00:00,41.568072
2012-11-24 20:00:00,34.85458
2012-11-24 21:00:00,12.29
2012-11-24 22:00:00,12.29
2012-11-24 23:00:00,12.29
2012-11-25 00:00:00,12.29
2012-11-25 01:00:00,12.29
2012-11-25 02:00:00,12.29
2012-11-25 03:00:00,12.29
2012-11-25 04:00:00,12.29
2012-11-25 05:00:00,12.29
2012-11-25 06:00:00,12.29
2012-11-25 07:00:00,12.29
2012-11-25 08:00:00,15.041463
2012-11-25 09:00:00,42.941146
2012-11-25 10:00:00,44.74501
2012-11-25 11:00:00,39.164356
2012-11-25 12:00:00,38.522902
2012-11-25 13:00:00,40.523058
2012-11-25 14:00:00,39.847663
2012-11-25 15:00:00,47.550023
2012-11-25 16:00:00,45.598768
2012-11-25 17:00:00,40.48213
2012-11-25 18:00:00,45.425084
2012-11-25 19:00:00,44.415252
2012-11-25 20:00:00,41.358354
2012-11-25 21:00:00,36.353841
2012-11-25 22:00:00,35.739872
2012-11-25 23:00:00,12.29
2012-11-26 00:00:00,12.29
2012-11-26 01:00:00,12.29
2012-11-26 02:00:00,12.29
2012-11-26 03:00:00,12.29
2012-11-26 04:00:00,12.29
2012-11-26 05:00:00,15.07816
2012-11-26 06:00:00,51.301334
2012-11-26 07:00:00,43.489776
2012-11-26 08:00:00,44.596816
2012-11-26 09:00:00,44.514392
2012-11-26 10:00:00,47.453206
2012-11-26 11:00:00,46.324318
2012-11-26 12:00:00,52.072754
2012-11-26 13:00:00,52.850792
2012-11-26 14:00:00,47.893377
2012-11-26 15:00:00,44.899432
2012-11-26 16:00:00,45.014675
2012-11-26 17:00:00,46.595828
2012-11-26 18:00:00,48.307027
2012-11-26 19:00:00,44.210427
2012-11-26 20:00:00,43.363515
2012-11-26 21:00:00,12.29
2012-11-26 22:00:00,12.29
2012-11-26 23:00:00,12.29
2012-11-27 00:00:00,12.29
2012-11-27 01:00:00,12.29
2012-11-27 02:00:00,12.29
2012-11-27 03:00:00,12.29
2012-11-27 04:00:00,12.29
2012-11-27 05:00:00,14.693705
2012-11-27 06:00:00,39.760464
2012-11-27 07:00:00,42.03461
2012-11-27 08:00:00,43.522067
2012-11-27 09:00:00,44.738058
2012-11-27 10:00:00,47.03731
2012-11-27 11:00:00,45.707631
2012-11-27 12:00:00,42.284559
2012-11-27 13:00:00,41.804233
2012-11-27 14:00:00,47.755404
2012-11-27 15:00:00,34.732857
2012-11-27 16:00:00,38.060255
2012-11-27 17:00:00,37.898553
2012-11-27 18:00:00,47.071895
2012-11-27 19:00:00,44.850259
2012-11-27 20:00:00,40.332364
2012-11-27 21:00:00,12.29
2012-11-27 22:00:00,12.29
2012-11-27 23:00:00,12.29
2012-11-28 00:00:00,15.100465
2012-11-28 01:00:00,36.799972
2012-11-28 02:00:00,34.284543
2012-11-28 03:00:00,34.885529
2012-11-28 04:00:00,38.01571
2012-11-28 05:00:00,48.768895
2012-11-28 06:00:00,38.528195
2012-11-28 07:00:00,44.369499
2012-11-28 08:00:00,41.390871
2012-11-28 09:00:00,41.920247
2012-11-28 10:00:00,46.815245
2012-11-28 11:00:00,47.675572
2012-11-28 12:00:00,47.341835
2012-11-28 13:00:00,44.0889
2012-11-28 14:00:00,45.671775
2012-11-28 15:00:00,46.375272
2012-11-28 16:00:00,43.809179
2012-11-28 17:00:00,50.460338
2012-11-28 18:00:00,47.119887
2012-11-28 19:00:00,47.633453
2012-11-28 20:00:00,40.416435
2012-11-28 21:00:00,12.29
2012-11-28 22:00:00,12.29
2012-11-28 23:00:00,12.29
2012-11-29 00:00:00,12.29
2012-11-29 01:00:00,12.29
2012-11-29 02:00:00,12.29
2012-11-29 03:00:00,12.29
2012-11-29 04:00:00,12.29
2012-11-29 05:00:00,12.29
2012-11-29 06:00:00,12.29
2012-11-29 07:00:00,16.189358
2012-11-29 08:00:00,38.790779
2012-11-29 09:00:00,39.015802
2012-11-29 10:00:00,41.35648
2012-11-29 11:00:00,43.396387
2012-11-29 12:00:00,44.753529
2012-11-29 13:00:00,45.625498
2012-11-29 14:00:00,48.138338
2012-11-29 15:00:00,48.343873
2012-11-29 16:00:00,44.769223
2012-11-29 17:00:00,47.0662
2012-11-29 18:00:00,46.394472
2012-11-29 19:00:00,46.571963
2012-11-29 20:00:00,44.121227
2012-11-29 21:00:00,12.29
2012-11-29 22:00:00,12.29
2012-11-29 23:00:00,12.29
2012-11-30 00:00:00,12.29
2012-11-30 01:00:00,12.29
2012-11-30 02:00:00,12.29
2012-11-30 03:00:00,12.29
2012-11-30 04:00:00,15.266083
2012-11-30 05:00:00,40.607187
2012-11-30 06:00:00,40.462768
2012-11-30 07:00:00,43.676324
2012-11-30 08:00:00,45.223379
2012-11-30 09:00:00,48.602302
2012-11-30 10:00:00,44.18861
2012-11-30 11:00:00,42.329818
2012-11-30 12:00:00,43.219671
2012-11-30 13:00:00,42.351338
2012-11-30 14:00:00,42.266819
2012-11-30 15:00:00,46.793331
2012-11-30 16:00:00,44.260576
2012-11-30 17:00:00,43.839173
2012-11-30 18:00:00,39.786621
2012-11-30 19:00:00,40.891832
2012-11-30 20:00:00,12.29
2012-11-30 21:00:00,12.29
2012-11-30 22:00:00,12.29
2012-11-30 23:00:00,12.29
2012-12-01 00:00:00,12.29
2012-12-01 01:00:00,12.29
2012-12-01 02:00:00,12.29
2012-12-01 03:00:00,12.29
2012-12-01 04:00:00,12.29
2012-12-01 05:00:00,12.29
2012-12-01 06:00:00,12.29
2012-12-01 07:00:00,12.29
2012-12-01 08:00:00,15.065803
2012-12-01 09:00:00,46.855297
2012-12-01 10:00:00,43.662927
2012-12-01 11:00:00,41.875382
2012-12-01 12:00:00,12.29
2012-12-01 13:00:00,12.29
2012-12-01 14:00:00,12.29
2012-12-01 15:00:00,12.29
2012-12-01 16:00:00,12.29
2012-12-01 17:00:00,16.556095
2012-12-01 18:00:00,42.447795
2012-12-01 19:00:00,40.700661
2012-12-01 20:00:00,48.042504
2012-12-01 21:00:00,41.631458
2012-12-01 22:00:00,41.929045
2012-12-01 23:00:00,15.038522
2012-12-02 00:00:00,36.306495
2012-12-02 01:00:00,40.326883
2012-12-02 02:00:00,39.494088
2012-12-02 03:00:00,41.237533
2012-12-02 04:00:00,40.047939
2012-12-02 05:00:00,46.743167
2012-12-02 06:00:00,35.868264
2012-12-02 07:00:00,43.530006
2012-12-02 08:00:00,40.751487
2012-12-02 09:00:00,44.542431
2012-12-02 10:00:00,44.456585
2012-12-02 11:00:00,45.65496
2012-12-02 12:00:00,39.028685
2012-12-02 13:00:00,43.63746699
2012-12-02 14:00:00,12.29
2012-12-02 15:00:00,12.29
2012-12-02 16:00:00,12.29
2012-12-02 17:00:00,12.29
2012-12-02 18:00:00,12.29
2012-12-02 19:00:00,12.29
2012-12-02 20:00:00,12.29
2012-12-02 21:00:00,12.29
2012-12-02 22:00:00,12.29
2012-12-02 23:00:00,12.29
2012-12-03 00:00:00,12.29
2012-12-03 01:00:00,12.29
2012-12-03 02:00:00,12.29
2012-12-03 03:00:00,12.29
2012-12-03 04:00:00,14.262446
2012-12-03 05:00:00,42.111336
2012-12-03 06:00:00,38.48755
2012-12-03 07:00:00,44.621816
2012-12-03 08:00:00,47.345827
2012-12-03 09:00:00,49.226339
2012-12-03 10:00:00,46.170215
2012-12-03 11:00:00,47.142325
2012-12-03 12:00:00,45.824322
2012-12-03 13:00:00,47.965415
2012-12-03 14:00:00,51.874476
2012-12-03 15:00:00,46.126716
2012-12-03 16:00:00,39.03071
2012-12-03 17:00:00,38.978112
2012-12-03 18:00:00,49.297104
2012-12-03 19:00:00,48.275633
2012-12-03 20:00:00,39.291198
2012-12-03 21:00:00,12.29
2012-12-03 22:00:00,12.29
2012-12-03 23:00:00,12.29
2012-12-04 00:00:00,12.29
2012-12-04 01:00:00,12.29
2012-12-04 02:00:00,12.29
2012-12-04 03:00:00,12.29
2012-12-04 04:00:00,12.29
2012-12-04 05:00:00,12.29
2012-12-04 06:00:00,12.29
2012-12-04 07:00:00,14.04009901
2012-12-04 08:00:00,43.129018
2012-12-04 09:00:00,48.005169
2012-12-04 10:00:00,47.982779
2012-12-04 11:00:00,43.288413
2012-12-04 12:00:00,43.108341
2012-12-04 13:00:00,47.7872
2012-12-04 14:00:00,46.945821
2012-12-04 15:00:00,45.627592
2012-12-04 16:00:00,46.865534
2012-12-04 17:00:00,42.654661
2012-12-04 18:00:00,46.380615
2012-12-04 19:00:00,48.397964
2012-12-04 20:00:00,44.718352
2012-12-04 21:00:00,43.348096
2012-12-04 22:00:00,31.523871
2012-12-04 23:00:00,12.29
2012-12-05 00:00:00,12.29
2012-12-05 01:00:00,12.29
2012-12-05 02:00:00,12.29
2012-12-05 03:00:00,12.29
2012-12-05 04:00:00,12.29
2012-12-05 05:00:00,12.29
2012-12-05 06:00:00,16.09223
2012-12-05 07:00:00,45.406099
2012-12-05 08:00:00,39.042383
2012-12-05 09:00:00,43.398404
2012-12-05 10:00:00,45.939796
2012-12-05 11:00:00,44.52566
2012-12-05 12:00:00,44.866427
2012-12-05 13:00:00,47.495788
2012-12-05 14:00:00,44.57119
2012-12-05 15:00:00,45.991248
2012-12-05 16:00:00,47.80976
2012-12-05 17:00:00,45.448604
2012-12-05 18:00:00,48.407894
2012-12-05 19:00:00,45.910741
2012-12-05 20:00:00,43.220366
2012-12-05 21:00:00,14.281666
2012-12-05 22:00:00,12.29
2012-12-05 23:00:00,12.29
2012-12-06 00:00:00,12.29
2012-12-06 01:00:00,12.29
2012-12-06 02:00:00,12.29
2012-12-06 03:00:00,12.29
2012-12-06 04:00:00,12.29
2012-12-06 05:00:00,12.29
2012-12-06 06:00:00,12.29
2012-12-06 07:00:00,14.986628
2012-12-06 08:00:00,42.239285
2012-12-06 09:00:00,45.986262
2012-12-06 10:00:00,38.849771
2012-12-06 11:00:00,37.158739
2012-12-06 12:00:00,39.709892
2012-12-06 13:00:00,43.083078
2012-12-06 14:00:00,39.00931
2012-12-06 15:00:00,46.161867
2012-12-06 16:00:00,41.980766
2012-12-06 17:00:00,42.65399
2012-12-06 18:00:00,41.976814
2012-12-06 19:00:00,40.982221
2012-12-06 20:00:00,43.930847
2012-12-06 21:00:00,40.272834
2012-12-06 22:00:00,42.19262799
2012-12-06 23:00:00,12.29
2012-12-07 00:00:00,12.29
2012-12-07 01:00:00,12.29
2012-12-07 02:00:00,12.29
2012-12-07 03:00:00,12.29
2012-12-07 04:00:00,12.29
2012-12-07 05:00:00,12.29
2012-12-07 06:00:00,12.29
2012-12-07 07:00:00,15.826665
2012-12-07 08:00:00,39.645631
2012-12-07 09:00:00,41.155786
2012-12-07 10:00:00,45.045128
2012-12-07 11:00:00,43.83429
2012-12-07 12:00:00,45.244283
2012-12-07 13:00:00,47.016208
2012-12-07 14:00:00,43.404676
2012-12-07 15:00:00,45.085632
2012-12-07 16:00:00,45.448203
2012-12-07 17:00:00,38.807338
2012-12-07 18:00:00,49.417893
2012-12-07 19:00:00,47.71037
2012-12-07 20:00:00,42.876722
2012-12-07 21:00:00,12.29
2012-12-07 22:00:00,12.29
2012-12-07 23:00:00,12.29
2012-12-08 00:00:00,12.29
2012-12-08 01:00:00,12.29
2012-12-08 02:00:00,12.29
2012-12-08 03:00:00,12.29
2012-12-08 04:00:00,12.29
2012-12-08 05:00:00,12.29
2012-12-08 06:00:00,12.29
2012-12-08 07:00:00,15.39981901
2012-12-08 08:00:00,45.221776
2012-12-08 09:00:00,46.895139
2012-12-08 10:00:00,35.284468
2012-12-08 11:00:00,33.789424
2012-12-08 12:00:00,44.542937
2012-12-08 13:00:00,47.941009
2012-12-08 14:00:00,44.489406
2012-12-08 15:00:00,37.845785
2012-12-08 16:00:00,47.768842
2012-12-08 17:00:00,47.652462
2012-12-08 18:00:00,51.877249
2012-12-08 19:00:00,49.693933
2012-12-08 20:00:00,46.435312
2012-12-08 21:00:00,42.218177
2012-12-08 22:00:00,16.538691
2012-12-08 23:00:00,12.29
2012-12-09 00:00:00,12.29
2012-12-09 01:00:00,12.29
2012-12-09 02:00:00,12.29
2012-12-09 03:00:00,12.29
2012-12-09 04:00:00,12.29
2012-12-09 05:00:00,12.29
2012-12-09 06:00:00,12.29
2012-12-09 07:00:00,12.29
2012-12-09 08:00:00,12.29
2012-12-09 09:00:00,12.29
2012-12-09 10:00:00,12.29
2012-12-09 11:00:00,12.29
2012-12-09 12:00:00,12.29
2012-12-09 13:00:00,15.493899
2012-12-09 14:00:00,43.345454
2012-12-09 15:00:00,46.848796
2012-12-09 16:00:00,43.878529
2012-12-09 17:00:00,37.223949
2012-12-09 18:00:00,43.937221
2012-12-09 19:00:00,47.657642
2012-12-09 20:00:00,45.095893
2012-12-09 21:00:00,39.454833
2012-12-09 22:00:00,37.840946
2012-12-09 23:00:00,12.29
2012-12-10 00:00:00,12.29
2012-12-10 01:00:00,12.29
2012-12-10 02:00:00,12.29
2012-12-10 03:00:00,12.29
2012-12-10 04:00:00,12.29
2012-12-10 05:00:00,12.29
2012-12-10 06:00:00,12.29
2012-12-10 07:00:00,48.168731
2012-12-10 08:00:00,47.24269
2012-12-10 09:00:00,49.741178
2012-12-10 10:00:00,46.540534
2012-12-10 11:00:00,45.086072
2012-12-10 12:00:00,45.458331
2012-12-10 13:00:00,48.092382
2012-12-10 14:00:00,48.948824
2012-12-10 15:00:00,49.099256
2012-12-10 16:00:00,47.291682
2012-12-10 17:00:00,46.306532
2012-12-10 18:00:00,46.754966
2012-12-10 19:00:00,47.204391
2012-12-10 20:00:00,43.870545
2012-12-10 21:00:00,43.022242
2012-12-10 22:00:00,41.11841799
2012-12-10 23:00:00,12.29
2012-12-11 00:00:00,12.29
2012-12-11 01:00:00,12.29
2012-12-11 02:00:00,12.29
2012-12-11 03:00:00,15.650897
2012-12-11 04:00:00,39.938464
2012-12-11 05:00:00,40.074639
2012-12-11 06:00:00,32.675713
2012-12-11 07:00:00,49.051413
2012-12-11 08:00:00,51.881537
2012-12-11 09:00:00,50.465381
2012-12-11 10:00:00,51.766044
2012-12-11 11:00:00,48.170918
2012-12-11 12:00:00,46.238913
2012-12-11 13:00:00,47.668971
2012-12-11 14:00:00,46.911079
2012-12-11 15:00:00,40.423986
2012-12-11 16:00:00,46.061641
2012-12-11 17:00:00,47.205041
2012-12-11 18:00:00,48.145075
2012-12-11 19:00:00,46.978186
2012-12-11 20:00:00,45.22426
2012-12-11 21:00:00,43.28169
2012-12-11 22:00:00,42.85379999
2012-12-11 23:00:00,12.29
2012-12-12 00:00:00,12.29
2012-12-12 01:00:00,12.29
2012-12-12 02:00:00,12.29
2012-12-12 03:00:00,12.29
2012-12-12 04:00:00,12.29
2012-12-12 05:00:00,17.698948
2012-12-12 06:00:00,37.865409
2012-12-12 07:00:00,42.1461
2012-12-12 08:00:00,46.5139
2012-12-12 09:00:00,49.403319
2012-12-12 10:00:00,48.44305
2012-12-12 11:00:00,48.381029
2012-12-12 12:00:00,45.467372
2012-12-12 13:00:00,47.775502
2012-12-12 14:00:00,51.35837
2012-12-12 15:00:00,45.160277
2012-12-12 16:00:00,39.095731
2012-12-12 17:00:00,37.354098
2012-12-12 18:00:00,52.409429
2012-12-12 19:00:00,42.260408
2012-12-12 20:00:00,43.30334
2012-12-12 21:00:00,36.816659
2012-12-12 22:00:00,12.29
2012-12-12 23:00:00,15.85
2012-12-13 00:00:00,12.29
2012-12-13 01:00:00,12.29
2012-12-13 02:00:00,12.29
2012-12-13 03:00:00,12.29
2012-12-13 04:00:00,15.28985801
2012-12-13 05:00:00,46.665466
2012-12-13 06:00:00,33.42017
2012-12-13 07:00:00,45.134885
2012-12-13 08:00:00,40.23767
2012-12-13 09:00:00,43.045221
2012-12-13 10:00:00,44.451962
2012-12-13 11:00:00,46.816131
2012-12-13 12:00:00,46.783722
2012-12-13 13:00:00,46.907519
2012-12-13 14:00:00,44.296925
2012-12-13 15:00:00,45.288962
2012-12-13 16:00:00,45.969402
2012-12-13 17:00:00,42.443501
2012-12-13 18:00:00,41.964023
2012-12-13 19:00:00,43.763809
2012-12-13 20:00:00,46.031277
2012-12-13 21:00:00,42.686033
2012-12-13 22:00:00,41.85014799
2012-12-13 23:00:00,12.29
2012-12-14 00:00:00,12.29
2012-12-14 01:00:00,12.29
2012-12-14 02:00:00,12.29
2012-12-14 03:00:00,12.29
2012-12-14 04:00:00,12.29
2012-12-14 05:00:00,12.29
2012-12-14 06:00:00,16.079831
2012-12-14 07:00:00,38.753169
2012-12-14 08:00:00,36.838617
2012-12-14 09:00:00,45.611287
2012-12-14 10:00:00,48.47698
2012-12-14 11:00:00,42.96584
2012-12-14 12:00:00,42.500196
2012-12-14 13:00:00,45.80335
2012-12-14 14:00:00,45.063893
2012-12-14 15:00:00,45.570423
2012-12-14 16:00:00,44.634982
2012-12-14 17:00:00,42.089761
2012-12-14 18:00:00,48.308432
2012-12-14 19:00:00,47.495816
2012-12-14 20:00:00,45.402533
2012-12-14 21:00:00,42.262468
2012-12-14 22:00:00,39.210252
2012-12-14 23:00:00,12.29
2012-12-15 00:00:00,12.29
2012-12-15 01:00:00,12.29
2012-12-15 02:00:00,12.29
2012-12-15 03:00:00,12.29
2012-12-15 04:00:00,13.909313
2012-12-15 05:00:00,38.091922
2012-12-15 06:00:00,35.308943
2012-12-15 07:00:00,44.059621
2012-12-15 08:00:00,51.981672
2012-12-15 09:00:00,47.130068
2012-12-15 10:00:00,42.417629
2012-12-15 11:00:00,45.126219
2012-12-15 12:00:00,49.253262
2012-12-15 13:00:00,47.309226
2012-12-15 14:00:00,46.695234
2012-12-15 15:00:00,47.542708
2012-12-15 16:00:00,46.830718
2012-12-15 17:00:00,48.649747
2012-12-15 18:00:00,48.000093
2012-12-15 19:00:00,47.770511
2012-12-15 20:00:00,46.452384
2012-12-15 21:00:00,44.292679
2012-12-15 22:00:00,41.68644599
2012-12-15 23:00:00,12.29
2012-12-16 00:00:00,11.28
2012-12-16 01:00:00,11.28
2012-12-16 02:00:00,11.28
2012-12-16 03:00:00,11.28
2012-12-16 04:00:00,11.28
2012-12-16 05:00:00,11.28
2012-12-16 06:00:00,11.28
2012-12-16 07:00:00,11.28
2012-12-16 08:00:00,11.28
2012-12-16 09:00:00,11.28
2012-12-16 10:00:00,11.28
2012-12-16 11:00:00,14.347814
2012-12-16 12:00:00,42.140089
2012-12-16 13:00:00,42.004135
2012-12-16 14:00:00,44.644524
2012-12-16 15:00:00,41.933565
2012-12-16 16:00:00,45.716158
2012-12-16 17:00:00,37.065271
2012-12-16 18:00:00,45.570899
2012-12-16 19:00:00,46.857571
2012-12-16 20:00:00,43.359835
2012-12-16 21:00:00,42.184172
2012-12-16 22:00:00,40.34906899
2012-12-16 23:00:00,11.28
2012-12-17 00:00:00,11.28
2012-12-17 01:00:00,11.28
2012-12-17 02:00:00,11.28
2012-12-17 03:00:00,11.28
2012-12-17 04:00:00,14.733579
2012-12-17 05:00:00,39.701642
2012-12-17 06:00:00,41.283599
2012-12-17 07:00:00,43.886224
2012-12-17 08:00:00,40.83822
2012-12-17 09:00:00,45.683576
2012-12-17 10:00:00,45.72163
2012-12-17 11:00:00,46.036587
2012-12-17 12:00:00,43.684366
2012-12-17 13:00:00,49.351424
2012-12-17 14:00:00,46.183897
2012-12-17 15:00:00,44.929535
2012-12-17 16:00:00,41.673084
2012-12-17 17:00:00,41.385979
2012-12-17 18:00:00,41.602618
2012-12-17 19:00:00,41.651674
2012-12-17 20:00:00,48.059799
2012-12-17 21:00:00,37.387856
2012-12-17 22:00:00,27.541804
2012-12-17 23:00:00,11.28
2012-12-18 00:00:00,11.28
2012-12-18 01:00:00,11.28
2012-12-18 02:00:00,11.28
2012-12-18 03:00:00,11.28
2012-12-18 04:00:00,14.327412
2012-12-18 05:00:00,37.918204
2012-12-18 06:00:00,35.702168
2012-12-18 07:00:00,41.43941
2012-12-18 08:00:00,42.489302
2012-12-18 09:00:00,40.736827
2012-12-18 10:00:00,44.193953
2012-12-18 11:00:00,42.052021
2012-12-18 12:00:00,39.375236
2012-12-18 13:00:00,43.598533
2012-12-18 14:00:00,47.0768
2012-12-18 15:00:00,44.922327
2012-12-18 16:00:00,46.190359
2012-12-18 17:00:00,45.372571
2012-12-18 18:00:00,47.772142
2012-12-18 19:00:00,45.840352
2012-12-18 20:00:00,47.141297
2012-12-18 21:00:00,43.371951
2012-12-18 22:00:00,18.723031
2012-12-18 23:00:00,11.28
2012-12-19 00:00:00,11.28
2012-12-19 01:00:00,11.28
2012-12-19 02:00:00,11.28
2012-12-19 03:00:00,11.28
2012-12-19 04:00:00,11.28
2012-12-19 05:00:00,14.84692
2012-12-19 06:00:00,40.39152
2012-12-19 07:00:00,43.426063
2012-12-19 08:00:00,46.920458
2012-12-19 09:00:00,46.870547
2012-12-19 10:00:00,48.043183
2012-12-19 11:00:00,48.573495
2012-12-19 12:00:00,40.689692
2012-12-19 13:00:00,45.969484
2012-12-19 14:00:00,41.57054
2012-12-19 15:00:00,46.75658
2012-12-19 16:00:00,42.813024
2012-12-19 17:00:00,40.064104
2012-12-19 18:00:00,51.118616
2012-12-19 19:00:00,52.014149
2012-12-19 20:00:00,40.658287
2012-12-19 21:00:00,11.28
2012-12-19 22:00:00,11.28
2012-12-19 23:00:00,11.28
2012-12-20 00:00:00,11.28
2012-12-20 01:00:00,11.28
2012-12-20 02:00:00,11.28
2012-12-20 03:00:00,11.28
2012-12-20 04:00:00,11.28
2012-12-20 05:00:00,15.316021
2012-12-20 06:00:00,40.853913
2012-12-20 07:00:00,44.241047
2012-12-20 08:00:00,41.332549
2012-12-20 09:00:00,43.704973
2012-12-20 10:00:00,41.557005
2012-12-20 11:00:00,45.208884
2012-12-20 12:00:00,46.872692
2012-12-20 13:00:00,46.790942
2012-12-20 14:00:00,45.084573
2012-12-20 15:00:00,44.783703
2012-12-20 16:00:00,44.105199
2012-12-20 17:00:00,44.029871
2012-12-20 18:00:00,47.66487
2012-12-20 19:00:00,46.345766
2012-12-20 20:00:00,49.064472
2012-12-20 21:00:00,44.383138
2012-12-20 22:00:00,11.28
2012-12-20 23:00:00,11.28
2012-12-21 00:00:00,11.28
2012-12-21 01:00:00,11.28
2012-12-21 02:00:00,11.28
2012-12-21 03:00:00,11.28
2012-12-21 04:00:00,11.28000001
2012-12-21 05:00:00,42.59361
2012-12-21 06:00:00,41.484424
2012-12-21 07:00:00,45.115193
2012-12-21 08:00:00,43.153518
2012-12-21 09:00:00,45.861186
2012-12-21 10:00:00,45.96367
2012-12-21 11:00:00,41.994597
2012-12-21 12:00:00,40.269209
2012-12-21 13:00:00,43.521175
2012-12-21 14:00:00,34.141237
2012-12-21 15:00:00,40.111228
2012-12-21 16:00:00,41.754737
2012-12-21 17:00:00,42.245474
2012-12-21 18:00:00,44.92177
2012-12-21 19:00:00,42.04112
2012-12-21 20:00:00,42.492701
2012-12-21 21:00:00,40.336356
2012-12-21 22:00:00,11.28
2012-12-21 23:00:00,11.28
2012-12-22 00:00:00,11.28
2012-12-22 01:00:00,11.28
2012-12-22 02:00:00,11.28
2012-12-22 03:00:00,11.28
2012-12-22 04:00:00,11.28
2012-12-22 05:00:00,11.28
2012-12-22 06:00:00,11.28
2012-12-22 07:00:00,11.28
2012-12-22 08:00:00,11.28
2012-12-22 09:00:00,40.395782
2012-12-22 10:00:00,45.608531
2012-12-22 11:00:00,39.454703
2012-12-22 12:00:00,41.562614
2012-12-22 13:00:00,41.619598
2012-12-22 14:00:00,42.083654
2012-12-22 15:00:00,45.834191
2012-12-22 16:00:00,45.908976
2012-12-22 17:00:00,43.368722
2012-12-22 18:00:00,45.43782
2012-12-22 19:00:00,43.828257
2012-12-22 20:00:00,39.085111
2012-12-22 21:00:00,37.477013
2012-12-22 22:00:00,35.147818
2012-12-22 23:00:00,14.77297
2012-12-23 00:00:00,30.883331
2012-12-23 01:00:00,11.28
2012-12-23 02:00:00,11.28
2012-12-23 03:00:00,11.28
2012-12-23 04:00:00,11.28
2012-12-23 05:00:00,11.28
2012-12-23 06:00:00,13.390096
2012-12-23 07:00:00,46.860703
2012-12-23 08:00:00,43.457224
2012-12-23 09:00:00,36.186922
2012-12-23 10:00:00,39.982689
2012-12-23 11:00:00,41.075533
2012-12-23 12:00:00,41.235061
2012-12-23 13:00:00,41.54528
2012-12-23 14:00:00,42.717879
2012-12-23 15:00:00,44.688998
2012-12-23 16:00:00,44.895738
2012-12-23 17:00:00,39.373734
2012-12-23 18:00:00,49.221071
2012-12-23 19:00:00,43.45959799
2012-12-23 20:00:00,11.28
2012-12-23 21:00:00,11.28
2012-12-23 22:00:00,11.28
2012-12-23 23:00:00,11.28
2012-12-24 00:00:00,11.28
2012-12-24 01:00:00,11.28
2012-12-24 02:00:00,11.28
2012-12-24 03:00:00,11.28
2012-12-24 04:00:00,11.28
2012-12-24 05:00:00,11.28
2012-12-24 06:00:00,11.28
2012-12-24 07:00:00,37.760423
2012-12-24 08:00:00,42.586095
2012-12-24 09:00:00,46.333803
2012-12-24 10:00:00,40.191945
2012-12-24 11:00:00,38.15533
2012-12-24 12:00:00,37.573162
2012-12-24 13:00:00,34.442204
2012-12-24 14:00:00,34.367938
2012-12-24 15:00:00,43.07553
2012-12-24 16:00:00,45.257424
2012-12-24 17:00:00,42.54176
2012-12-24 18:00:00,44.430581
2012-12-24 19:00:00,11.28
2012-12-24 20:00:00,11.28
2012-12-24 21:00:00,11.28
2012-12-24 22:00:00,11.28
2012-12-24 23:00:00,11.28
2012-12-25 00:00:00,11.28
2012-12-25 01:00:00,11.28
2012-12-25 02:00:00,11.28
2012-12-25 03:00:00,11.28
2012-12-25 04:00:00,11.28
2012-12-25 05:00:00,11.28
2012-12-25 06:00:00,11.28
2012-12-25 07:00:00,11.28
2012-12-25 08:00:00,11.28
2012-12-25 09:00:00,11.28
2012-12-25 10:00:00,13.578991
2012-12-25 11:00:00,39.831845
2012-12-25 12:00:00,40.500326
2012-12-25 13:00:00,38.148359
2012-12-25 14:00:00,36.568565
2012-12-25 15:00:00,41.994328
2012-12-25 16:00:00,46.547106
2012-12-25 17:00:00,43.17019
2012-12-25 18:00:00,48.801046
2012-12-25 19:00:00,40.33059299
2012-12-25 20:00:00,11.28
2012-12-25 21:00:00,11.28
2012-12-25 22:00:00,11.28
2012-12-25 23:00:00,11.28
2012-12-26 00:00:00,11.28
2012-12-26 01:00:00,11.28
2012-12-26 02:00:00,11.28
2012-12-26 03:00:00,11.28
2012-12-26 04:00:00,11.28
2012-12-26 05:00:00,11.28
2012-12-26 06:00:00,11.28
2012-12-26 07:00:00,32.99561
2012-12-26 08:00:00,44.622389
2012-12-26 09:00:00,43.549392
2012-12-26 10:00:00,43.772919
2012-12-26 11:00:00,44.474877
2012-12-26 12:00:00,45.243557
2012-12-26 13:00:00,44.553898
2012-12-26 14:00:00,44.48562
2012-12-26 15:00:00,44.952494
2012-12-26 16:00:00,45.265253
2012-12-26 17:00:00,46.20494
2012-12-26 18:00:00,46.921359
2012-12-26 19:00:00,43.244508
2012-12-26 20:00:00,42.489465
2012-12-26 21:00:00,35.938864
2012-12-26 22:00:00,11.28
2012-12-26 23:00:00,11.28
2012-12-27 00:00:00,11.28
2012-12-27 01:00:00,11.28
2012-12-27 02:00:00,11.28
2012-12-27 03:00:00,11.28
2012-12-27 04:00:00,11.28
2012-12-27 05:00:00,11.28
2012-12-27 06:00:00,11.28
2012-12-27 07:00:00,11.28
2012-12-27 08:00:00,11.28
2012-12-27 09:00:00,18.352001
2012-12-27 10:00:00,44.365205
2012-12-27 11:00:00,43.791515
2012-12-27 12:00:00,42.090638
2012-12-27 13:00:00,46.480621
2012-12-27 14:00:00,43.03614
2012-12-27 15:00:00,40.743525
2012-12-27 16:00:00,44.092725
2012-12-27 17:00:00,43.885927
2012-12-27 18:00:00,45.157027
2012-12-27 19:00:00,44.309488
2012-12-27 20:00:00,44.566212
2012-12-27 21:00:00,39.416209
2012-12-27 22:00:00,40.30933399
2012-12-27 23:00:00,11.28
2012-12-28 00:00:00,11.28
2012-12-28 01:00:00,11.28
2012-12-28 02:00:00,11.28
2012-12-28 03:00:00,11.28
2012-12-28 04:00:00,11.28
2012-12-28 05:00:00,14.501149
2012-12-28 06:00:00,40.526979
2012-12-28 07:00:00,40.377921
2012-12-28 08:00:00,43.006937
2012-12-28 09:00:00,41.191407
2012-12-28 10:00:00,38.857413
2012-12-28 11:00:00,42.543821
2012-12-28 12:00:00,45.709897
2012-12-28 13:00:00,44.971533
2012-12-28 14:00:00,42.934987
2012-12-28 15:00:00,46.083047
2012-12-28 16:00:00,43.751083
2012-12-28 17:00:00,43.591791
2012-12-28 18:00:00,44.350305
2012-12-28 19:00:00,42.329492
2012-12-28 20:00:00,41.139882
2012-12-28 21:00:00,35.430097
2012-12-28 22:00:00,31.01263
2012-12-28 23:00:00,11.28
2012-12-29 00:00:00,11.28
2012-12-29 01:00:00,11.28
2012-12-29 02:00:00,11.28
2012-12-29 03:00:00,11.28
2012-12-29 04:00:00,11.28
2012-12-29 05:00:00,11.28
2012-12-29 06:00:00,11.28
2012-12-29 07:00:00,11.28
2012-12-29 08:00:00,11.28
2012-12-29 09:00:00,14.815174
2012-12-29 10:00:00,43.005473
2012-12-29 11:00:00,41.202091
2012-12-29 12:00:00,42.385964
2012-12-29 13:00:00,40.502637
2012-12-29 14:00:00,42.769614
2012-12-29 15:00:00,43.204229
2012-12-29 16:00:00,46.882079
2012-12-29 17:00:00,46.020971
2012-12-29 18:00:00,48.510205
2012-12-29 19:00:00,44.118029
2012-12-29 20:00:00,42.985533
2012-12-29 21:00:00,37.202083
2012-12-29 22:00:00,34.324502
2012-12-29 23:00:00,11.28
2012-12-30 00:00:00,11.28
2012-12-30 01:00:00,11.28
2012-12-30 02:00:00,11.28
2012-12-30 03:00:00,11.28
2012-12-30 04:00:00,14.488048
2012-12-30 05:00:00,40.468714
2012-12-30 06:00:00,35.252107
2012-12-30 07:00:00,36.869999
2012-12-30 08:00:00,32.407199
2012-12-30 09:00:00,44.365574
2012-12-30 10:00:00,43.585194
2012-12-30 11:00:00,43.410072
2012-12-30 12:00:00,44.109545
2012-12-30 13:00:00,43.005155
2012-12-30 14:00:00,43.715585
2012-12-30 15:00:00,45.261396
2012-12-30 16:00:00,45.0914
2012-12-30 17:00:00,41.543119
2012-12-30 18:00:00,45.44829
2012-12-30 19:00:00,44.403891
2012-12-30 20:00:00,42.584803
2012-12-30 21:00:00,35.198858
2012-12-30 22:00:00,11.28
2012-12-30 23:00:00,11.28
2012-12-31 00:00:00,11.28
2012-12-31 01:00:00,11.28
2012-12-31 02:00:00,11.28
2012-12-31 03:00:00,11.28
2012-12-31 04:00:00,11.28
2012-12-31 05:00:00,14.376826
2012-12-31 06:00:00,40.623288
2012-12-31 07:00:00,40.972312
2012-12-31 08:00:00,47.111442
2012-12-31 09:00:00,43.965741
2012-12-31 10:00:00,45.224304
2012-12-31 11:00:00,42.252853
2012-12-31 12:00:00,36.868847
2012-12-31 13:00:00,39.679884
2012-12-31 14:00:00,39.054329
2012-12-31 15:00:00,44.198776
2012-12-31 16:00:00,46.315313
2012-12-31 17:00:00,40.206675
2012-12-31 18:00:00,45.743603
2012-12-31 19:00:00,40.936922
2012-12-31 20:00:00,40.13176
2012-12-31 21:00:00,11.28
2012-12-31 22:00:00,11.28
2012-12-31 23:00:00,13.297523
2013-01-01 00:00:00,40.774085
2013-01-01 01:00:00,33.886458
2013-01-01 02:00:00,39.480769
2013-01-01 03:00:00,39.537409
2013-01-01 04:00:00,36.976874
2013-01-01 05:00:00,40.839897
2013-01-01 06:00:00,35.501436
2013-01-01 07:00:00,45.667754
2013-01-01 08:00:00,44.281771
2013-01-01 09:00:00,43.277676
2013-01-01 10:00:00,42.131207
2013-01-01 11:00:00,44.186274
2013-01-01 12:00:00,42.8144
2013-01-01 13:00:00,40.456778
2013-01-01 14:00:00,36.896023
2013-01-01 15:00:00,45.519366
2013-01-01 16:00:00,45.62707399
2013-01-01 17:00:00,11.28
2013-01-01 18:00:00,11.28
2013-01-01 19:00:00,11.28
2013-01-01 20:00:00,11.28
2013-01-01 21:00:00,11.28
2013-01-01 22:00:00,11.28
2013-01-01 23:00:00,11.28
2013-01-02 00:00:00,11.28
2013-01-02 01:00:00,11.28
2013-01-02 02:00:00,11.28
2013-01-02 03:00:00,11.28
2013-01-02 04:00:00,14.789568
2013-01-02 05:00:00,42.143004
2013-01-02 06:00:00,50.228796
2013-01-02 07:00:00,38.398447
2013-01-02 08:00:00,41.191829
2013-01-02 09:00:00,43.631917
2013-01-02 10:00:00,41.494946
2013-01-02 11:00:00,45.667286
2013-01-02 12:00:00,40.602225
2013-01-02 13:00:00,42.122644
2013-01-02 14:00:00,41.349923
2013-01-02 15:00:00,44.026234
2013-01-02 16:00:00,46.51579
2013-01-02 17:00:00,44.155063
2013-01-02 18:00:00,46.701018
2013-01-02 19:00:00,46.389135
2013-01-02 20:00:00,45.707652
2013-01-02 21:00:00,42.759016
2013-01-02 22:00:00,39.23138
2013-01-02 23:00:00,11.28
2013-01-03 00:00:00,11.28
2013-01-03 01:00:00,11.28
2013-01-03 02:00:00,11.28
2013-01-03 03:00:00,11.28
2013-01-03 04:00:00,11.28
2013-01-03 05:00:00,11.28
2013-01-03 06:00:00,11.28
2013-01-03 07:00:00,15.15082301
2013-01-03 08:00:00,44.769604
2013-01-03 09:00:00,39.903499
2013-01-03 10:00:00,46.123865
2013-01-03 11:00:00,48.186149
2013-01-03 12:00:00,43.275156
2013-01-03 13:00:00,50.999976
2013-01-03 14:00:00,46.303259
2013-01-03 15:00:00,46.508199
2013-01-03 16:00:00,40.702445
2013-01-03 17:00:00,34.096495
2013-01-03 18:00:00,46.276211
2013-01-03 19:00:00,36.612269
2013-01-03 20:00:00,11.28
2013-01-03 21:00:00,11.28
2013-01-03 22:00:00,11.28
2013-01-03 23:00:00,11.28
2013-01-04 00:00:00,11.28
2013-01-04 01:00:00,11.28
2013-01-04 02:00:00,11.28
2013-01-04 03:00:00,11.28
2013-01-04 04:00:00,11.28
2013-01-04 05:00:00,11.28
2013-01-04 06:00:00,11.28
2013-01-04 07:00:00,11.28000001
2013-01-04 08:00:00,40.815588
2013-01-04 09:00:00,44.5398
2013-01-04 10:00:00,46.237962
2013-01-04 11:00:00,47.28636
2013-01-04 12:00:00,43.869095
2013-01-04 13:00:00,49.162087
2013-01-04 14:00:00,46.607904
2013-01-04 15:00:00,47.414104
2013-01-04 16:00:00,43.171966
2013-01-04 17:00:00,37.592447
2013-01-04 18:00:00,48.541871
2013-01-04 19:00:00,47.159981
2013-01-04 20:00:00,40.996022
2013-01-04 21:00:00,11.28
2013-01-04 22:00:00,11.28
2013-01-04 23:00:00,14.228399
2013-01-05 00:00:00,8.71
2013-01-05 01:00:00,8.71
2013-01-05 02:00:00,8.71
2013-01-05 03:00:00,8.71
2013-01-05 04:00:00,8.710000001
2013-01-05 05:00:00,12.741801
2013-01-05 06:00:00,43.159575
2013-01-05 07:00:00,43.74266
2013-01-05 08:00:00,43.685335
2013-01-05 09:00:00,43.700231
2013-01-05 10:00:00,41.75868
2013-01-05 11:00:00,42.383872
2013-01-05 12:00:00,42.706926
2013-01-05 13:00:00,42.72154
2013-01-05 14:00:00,41.202043
2013-01-05 15:00:00,41.50294
2013-01-05 16:00:00,41.580133
2013-01-05 17:00:00,40.619863
2013-01-05 18:00:00,43.615757
2013-01-05 19:00:00,43.800885
2013-01-05 20:00:00,44.233256
2013-01-05 21:00:00,8.71
2013-01-05 22:00:00,8.71
2013-01-05 23:00:00,8.71
2013-01-06 00:00:00,8.71
2013-01-06 01:00:00,8.71
2013-01-06 02:00:00,8.71
2013-01-06 03:00:00,8.71
2013-01-06 04:00:00,8.71
2013-01-06 05:00:00,8.71
2013-01-06 06:00:00,8.71
2013-01-06 07:00:00,9.952926006
2013-01-06 08:00:00,46.570759
2013-01-06 09:00:00,43.161876
2013-01-06 10:00:00,42.355041
2013-01-06 11:00:00,42.232211
2013-01-06 12:00:00,41.915065
2013-01-06 13:00:00,42.188565
2013-01-06 14:00:00,42.193252
2013-01-06 15:00:00,40.226188
2013-01-06 16:00:00,40.374856
2013-01-06 17:00:00,42.196661
2013-01-06 18:00:00,43.368988
2013-01-06 19:00:00,39.194915
2013-01-06 20:00:00,38.31956
2013-01-06 21:00:00,35.814152
2013-01-06 22:00:00,8.71
2013-01-06 23:00:00,8.71
2013-01-07 00:00:00,8.71
2013-01-07 01:00:00,8.71
2013-01-07 02:00:00,8.71
2013-01-07 03:00:00,8.71
2013-01-07 04:00:00,12.47772801
2013-01-07 05:00:00,44.237287
2013-01-07 06:00:00,31.4
2013-01-07 07:00:00,31.4
2013-01-07 08:00:00,29
2013-01-07 09:00:00,26.6
2013-01-07 10:00:00,36.8
2013-01-07 11:00:00,36.8
2013-01-07 12:00:00,36.8
2013-01-07 13:00:00,35.2
2013-01-07 14:00:00,36.8
2013-01-07 15:00:00,36.8
2013-01-07 16:00:00,36.8
2013-01-07 17:00:00,29.9
2013-01-07 18:00:00,35.2
2013-01-07 19:00:00,36.8
2013-01-07 20:00:00,31.4
2013-01-07 21:00:00,31.4
2013-01-07 22:00:00,31.39999999
2013-01-07 23:00:00,0
2013-01-08 00:00:00,11.28
2013-01-08 01:00:00,11.28
2013-01-08 02:00:00,11.28
2013-01-08 03:00:00,11.28
2013-01-08 04:00:00,11.28
2013-01-08 05:00:00,15.12736
2013-01-08 06:00:00,37.002772
2013-01-08 07:00:00,36.686717
2013-01-08 08:00:00,41.463577
2013-01-08 09:00:00,49.055311
2013-01-08 10:00:00,48.957996
2013-01-08 11:00:00,47.420912
2013-01-08 12:00:00,45.191082
2013-01-08 13:00:00,45.457102
2013-01-08 14:00:00,45.468666
2013-01-08 15:00:00,46.17356
2013-01-08 16:00:00,43.002704
2013-01-08 17:00:00,43.619188
2013-01-08 18:00:00,47.119754
2013-01-08 19:00:00,45.185449
2013-01-08 20:00:00,48.775958
2013-01-08 21:00:00,39.899839
2013-01-08 22:00:00,39.355415
2013-01-08 23:00:00,11.28
2013-01-09 00:00:00,11.28
2013-01-09 01:00:00,11.28
2013-01-09 02:00:00,11.28
2013-01-09 03:00:00,11.28
2013-01-09 04:00:00,11.28
2013-01-09 05:00:00,15.665971
2013-01-09 06:00:00,36.169067
2013-01-09 07:00:00,38.34694
2013-01-09 08:00:00,44.940809
2013-01-09 09:00:00,47.693747
2013-01-09 10:00:00,45.345381
2013-01-09 11:00:00,45.084034
2013-01-09 12:00:00,43.286196
2013-01-09 13:00:00,47.425137
2013-01-09 14:00:00,44.842977
2013-01-09 15:00:00,45.088795
2013-01-09 16:00:00,42.445934
2013-01-09 17:00:00,33.308098
2013-01-09 18:00:00,46.709151
2013-01-09 19:00:00,42.519402
2013-01-09 20:00:00,41.023341
2013-01-09 21:00:00,34.318307
2013-01-09 22:00:00,34.231143
2013-01-09 23:00:00,11.28
2013-01-10 00:00:00,11.28
2013-01-10 01:00:00,11.28
2013-01-10 02:00:00,11.28
2013-01-10 03:00:00,13.910076
2013-01-10 04:00:00,40.848028
2013-01-10 05:00:00,49.372722
2013-01-10 06:00:00,47.634391
2013-01-10 07:00:00,49.393561
2013-01-10 08:00:00,44.242221
2013-01-10 09:00:00,44.006608
2013-01-10 10:00:00,44.077015
2013-01-10 11:00:00,43.126474
2013-01-10 12:00:00,42.526302
2013-01-10 13:00:00,45.888287
2013-01-10 14:00:00,47.553309
2013-01-10 15:00:00,48.2128
2013-01-10 16:00:00,46.046522
2013-01-10 17:00:00,37.415685
2013-01-10 18:00:00,41.993983
2013-01-10 19:00:00,42.860073
2013-01-10 20:00:00,42.436941
2013-01-10 21:00:00,40.139208
2013-01-10 22:00:00,34.363365
2013-01-10 23:00:00,11.28
2013-01-11 00:00:00,11.28
2013-01-11 01:00:00,11.28
2013-01-11 02:00:00,11.28
2013-01-11 03:00:00,11.28
2013-01-11 04:00:00,11.28
2013-01-11 05:00:00,11.28
2013-01-11 06:00:00,15.143065
2013-01-11 07:00:00,47.27448
2013-01-11 08:00:00,47.903243
2013-01-11 09:00:00,51.484792
2013-01-11 10:00:00,48.137802
2013-01-11 11:00:00,47.462962
2013-01-11 12:00:00,44.050105
2013-01-11 13:00:00,47.118047
2013-01-11 14:00:00,45.235624
2013-01-11 15:00:00,45.040096
2013-01-11 16:00:00,43.236066
2013-01-11 17:00:00,42.49468
2013-01-11 18:00:00,47.611798
2013-01-11 19:00:00,45.838726
2013-01-11 20:00:00,45.781436
2013-01-11 21:00:00,40.228823
2013-01-11 22:00:00,42.92547099
2013-01-11 23:00:00,11.28
2013-01-12 00:00:00,9.84
2013-01-12 01:00:00,9.84
2013-01-12 02:00:00,9.84
2013-01-12 03:00:00,9.84
2013-01-12 04:00:00,9.84
2013-01-12 05:00:00,9.84
2013-01-12 06:00:00,9.84
2013-01-12 07:00:00,9.840000006
2013-01-12 08:00:00,46.402631
2013-01-12 09:00:00,45.442784
2013-01-12 10:00:00,39.217843
2013-01-12 11:00:00,44.246175
2013-01-12 12:00:00,40.168353
2013-01-12 13:00:00,41.057657
2013-01-12 14:00:00,41.847127
2013-01-12 15:00:00,47.557853
2013-01-12 16:00:00,43.373412
2013-01-12 17:00:00,43.942464
2013-01-12 18:00:00,44.097246
2013-01-12 19:00:00,43.392104
2013-01-12 20:00:00,40.313701
2013-01-12 21:00:00,40.920737
2013-01-12 22:00:00,38.55939299
2013-01-12 23:00:00,9.84
2013-01-13 00:00:00,9.84
2013-01-13 01:00:00,9.84
2013-01-13 02:00:00,9.84
2013-01-13 03:00:00,9.84
2013-01-13 04:00:00,13.651998
2013-01-13 05:00:00,38.969729
2013-01-13 06:00:00,42.230205
2013-01-13 07:00:00,41.45597
2013-01-13 08:00:00,41.202753
2013-01-13 09:00:00,41.987357
2013-01-13 10:00:00,44.319077
2013-01-13 11:00:00,46.83857
2013-01-13 12:00:00,46.353165
2013-01-13 13:00:00,47.279559
2013-01-13 14:00:00,44.937689
2013-01-13 15:00:00,41.526676
2013-01-13 16:00:00,39.37629
2013-01-13 17:00:00,36.03269
2013-01-13 18:00:00,41.46927
2013-01-13 19:00:00,36.117603
2013-01-13 20:00:00,40.948187
2013-01-13 21:00:00,39.795459
2013-01-13 22:00:00,39.59333299
2013-01-13 23:00:00,9.84
2013-01-14 00:00:00,9.84
2013-01-14 01:00:00,9.84
2013-01-14 02:00:00,9.84
2013-01-14 03:00:00,13.370697
2013-01-14 04:00:00,36.642005
2013-01-14 05:00:00,41.214896
2013-01-14 06:00:00,35.723646
2013-01-14 07:00:00,42.260521
2013-01-14 08:00:00,44.503841
2013-01-14 09:00:00,46.196583
2013-01-14 10:00:00,46.103655
2013-01-14 11:00:00,42.447562
2013-01-14 12:00:00,41.835659
2013-01-14 13:00:00,43.595688
2013-01-14 14:00:00,43.064945
2013-01-14 15:00:00,42.638066
2013-01-14 16:00:00,43.445
2013-01-14 17:00:00,39.725687
2013-01-14 18:00:00,43.627027
2013-01-14 19:00:00,39.079485
2013-01-14 20:00:00,44.310527
2013-01-14 21:00:00,42.105141
2013-01-14 22:00:00,41.82848999
2013-01-14 23:00:00,9.84
2013-01-15 00:00:00,9.84
2013-01-15 01:00:00,9.84
2013-01-15 02:00:00,9.84
2013-01-15 03:00:00,9.84
2013-01-15 04:00:00,9.84
2013-01-15 05:00:00,9.84
2013-01-15 06:00:00,5
2013-01-15 07:00:00,31.6
2013-01-15 08:00:00,33
2013-01-15 09:00:00,38.8
2013-01-15 10:00:00,35.4
2013-01-15 11:00:00,35.4
2013-01-15 12:00:00,35.4
2013-01-15 13:00:00,35.4
2013-01-15 14:00:00,35.4
2013-01-15 15:00:00,35.4
2013-01-15 16:00:00,38.8
2013-01-15 17:00:00,28
2013-01-15 18:00:00,38.8
2013-01-15 19:00:00,38.8
2013-01-15 20:00:00,38.8
2013-01-15 21:00:00,28
2013-01-15 22:00:00,36.19999999
2013-01-15 23:00:00,0
2013-01-16 00:00:00,9.84
2013-01-16 01:00:00,9.84
2013-01-16 02:00:00,9.84
2013-01-16 03:00:00,9.84
2013-01-16 04:00:00,13.43308101
2013-01-16 05:00:00,45.176554
2013-01-16 06:00:00,43.208085
2013-01-16 07:00:00,47.692616
2013-01-16 08:00:00,45.529176
2013-01-16 09:00:00,46.062685
2013-01-16 10:00:00,45.982565
2013-01-16 11:00:00,43.031356
2013-01-16 12:00:00,41.548957
2013-01-16 13:00:00,44.966704
2013-01-16 14:00:00,43.77281
2013-01-16 15:00:00,43.593446
2013-01-16 16:00:00,41.10086
2013-01-16 17:00:00,36.171178
2013-01-16 18:00:00,43.915935
2013-01-16 19:00:00,43.724973
2013-01-16 20:00:00,42.382897
2013-01-16 21:00:00,41.142515
2013-01-16 22:00:00,34.224708
2013-01-16 23:00:00,9.84
2013-01-17 00:00:00,9.84
2013-01-17 01:00:00,9.84
2013-01-17 02:00:00,9.84
2013-01-17 03:00:00,13.163834
2013-01-17 04:00:00,38.172267
2013-01-17 05:00:00,42.295073
2013-01-17 06:00:00,44.160528
2013-01-17 07:00:00,41.57502
2013-01-17 08:00:00,38.968969
2013-01-17 09:00:00,46.632111
2013-01-17 10:00:00,43.402006
2013-01-17 11:00:00,42.215637
2013-01-17 12:00:00,40.297704
2013-01-17 13:00:00,44.678751
2013-01-17 14:00:00,43.187476
2013-01-17 15:00:00,41.811229
2013-01-17 16:00:00,41.883094
2013-01-17 17:00:00,39.689946
2013-01-17 18:00:00,49.554386
2013-01-17 19:00:00,46.105007
2013-01-17 20:00:00,42.821305
2013-01-17 21:00:00,44.029401
2013-01-17 22:00:00,32.0565
2013-01-17 23:00:00,9.84
2013-01-18 00:00:00,9.84
2013-01-18 01:00:00,9.84
2013-01-18 02:00:00,9.84
2013-01-18 03:00:00,9.84
2013-01-18 04:00:00,9.84
2013-01-18 05:00:00,9.84
2013-01-18 06:00:00,9.84
2013-01-18 07:00:00,39.257152
2013-01-18 08:00:00,41.048006
2013-01-18 09:00:00,48.931236
2013-01-18 10:00:00,45.401281
2013-01-18 11:00:00,44.29803
2013-01-18 12:00:00,42.370353
2013-01-18 13:00:00,43.263727
2013-01-18 14:00:00,43.030653
2013-01-18 15:00:00,41.716666
2013-01-18 16:00:00,41.934606
2013-01-18 17:00:00,41.651675
2013-01-18 18:00:00,45.882438
2013-01-18 19:00:00,43.994408
2013-01-18 20:00:00,41.214804
2013-01-18 21:00:00,38.944365
2013-01-18 22:00:00,35.825916
2013-01-18 23:00:00,9.84
2013-01-19 00:00:00,9.84
2013-01-19 01:00:00,9.84
2013-01-19 02:00:00,9.84
2013-01-19 03:00:00,13.422976
2013-01-19 04:00:00,37.161225
2013-01-19 05:00:00,41.023071
2013-01-19 06:00:00,41.955884
2013-01-19 07:00:00,45.151071
2013-01-19 08:00:00,43.702646
2013-01-19 09:00:00,43.847222
2013-01-19 10:00:00,39.249622
2013-01-19 11:00:00,42.566292
2013-01-19 12:00:00,43.267246
2013-01-19 13:00:00,45.187883
2013-01-19 14:00:00,44.811176
2013-01-19 15:00:00,43.746522
2013-01-19 16:00:00,44.101115
2013-01-19 17:00:00,38.004594
2013-01-19 18:00:00,43.980071
2013-01-19 19:00:00,45.144327
2013-01-19 20:00:00,38.899826
2013-01-19 21:00:00,40.134499
2013-01-19 22:00:00,30.894104
2013-01-19 23:00:00,12.325063
2013-01-20 00:00:00,40.895346
2013-01-20 01:00:00,40.007121
2013-01-20 02:00:00,38.794655
2013-01-20 03:00:00,39.738779
2013-01-20 04:00:00,29.501943
2013-01-20 05:00:00,34.684752
2013-01-20 06:00:00,39.200039
2013-01-20 07:00:00,41.975437
2013-01-20 08:00:00,41.901636
2013-01-20 09:00:00,42.689122
2013-01-20 10:00:00,40.002891
2013-01-20 11:00:00,43.784031
2013-01-20 12:00:00,44.303833
2013-01-20 13:00:00,46.076919
2013-01-20 14:00:00,45.79381
2013-01-20 15:00:00,41.182858
2013-01-20 16:00:00,43.64720599
2013-01-20 17:00:00,11.385979
2013-01-20 18:00:00,9.84
2013-01-20 19:00:00,9.84
2013-01-20 20:00:00,9.84
2013-01-20 21:00:00,9.84
2013-01-20 22:00:00,9.84
2013-01-20 23:00:00,9.84
2013-01-21 00:00:00,9.84
2013-01-21 01:00:00,9.84
2013-01-21 02:00:00,9.84
2013-01-21 03:00:00,9.84
2013-01-21 04:00:00,11.19445501
2013-01-21 05:00:00,51.029407
2013-01-21 06:00:00,34.94828
2013-01-21 07:00:00,38.938641
2013-01-21 08:00:00,45.00716
2013-01-21 09:00:00,46.126239
2013-01-21 10:00:00,44.273522
2013-01-21 11:00:00,43.970306
2013-01-21 12:00:00,44.260572
2013-01-21 13:00:00,46.241205
2013-01-21 14:00:00,44.457304
2013-01-21 15:00:00,42.430654
2013-01-21 16:00:00,42.034836
2013-01-21 17:00:00,43.316383
2013-01-21 18:00:00,45.261755
2013-01-21 19:00:00,44.270354
2013-01-21 20:00:00,41.094398
2013-01-21 21:00:00,41.575454
2013-01-21 22:00:00,36.206686
2013-01-21 23:00:00,9.84
2013-01-22 00:00:00,9.84
2013-01-22 01:00:00,9.84
2013-01-22 02:00:00,9.84
2013-01-22 03:00:00,9.84
2013-01-22 04:00:00,9.84
2013-01-22 05:00:00,9.84
2013-01-22 06:00:00,12.463861
2013-01-22 07:00:00,42.078356
2013-01-22 08:00:00,40.317689
2013-01-22 09:00:00,42.345179
2013-01-22 10:00:00,43.598823
2013-01-22 11:00:00,41.124383
2013-01-22 12:00:00,44.196767
2013-01-22 13:00:00,44.47395
2013-01-22 14:00:00,46.297716
2013-01-22 15:00:00,46.671891
2013-01-22 16:00:00,42.700714
2013-01-22 17:00:00,32.894335
2013-01-22 18:00:00,47.184519
2013-01-22 19:00:00,41.248952
2013-01-22 20:00:00,43.607655
2013-01-22 21:00:00,39.360331
2013-01-22 22:00:00,36.752353
2013-01-22 23:00:00,9.84
2013-01-23 00:00:00,9.84
2013-01-23 01:00:00,9.84
2013-01-23 02:00:00,9.84
2013-01-23 03:00:00,9.84
2013-01-23 04:00:00,9.84
2013-01-23 05:00:00,9.84
2013-01-23 06:00:00,9.84
2013-01-23 07:00:00,14.28469301
2013-01-23 08:00:00,44.425
2013-01-23 09:00:00,46.080874
2013-01-23 10:00:00,47.639077
2013-01-23 11:00:00,49.518312
2013-01-23 12:00:00,45.69316
2013-01-23 13:00:00,46.052616
2013-01-23 14:00:00,46.420506
2013-01-23 15:00:00,45.590179
2013-01-23 16:00:00,46.008196
2013-01-23 17:00:00,42.181349
2013-01-23 18:00:00,46.413106
2013-01-23 19:00:00,44.489465
2013-01-23 20:00:00,47.66783
2013-01-23 21:00:00,39.123436
2013-01-23 22:00:00,9.84
2013-01-23 23:00:00,9.84
2013-01-24 00:00:00,9.84
2013-01-24 01:00:00,9.84
2013-01-24 02:00:00,9.84
2013-01-24 03:00:00,9.84
2013-01-24 04:00:00,9.84
2013-01-24 05:00:00,9.84
2013-01-24 06:00:00,11.634338
2013-01-24 07:00:00,40.118094
2013-01-24 08:00:00,44.490693
2013-01-24 09:00:00,46.204715
2013-01-24 10:00:00,44.889916
2013-01-24 11:00:00,43.801357
2013-01-24 12:00:00,42.805305
2013-01-24 13:00:00,43.666232
2013-01-24 14:00:00,45.248661
2013-01-24 15:00:00,42.010359
2013-01-24 16:00:00,42.230184
2013-01-24 17:00:00,43.544701
2013-01-24 18:00:00,44.989032
2013-01-24 19:00:00,44.234216
2013-01-24 20:00:00,41.684692
2013-01-24 21:00:00,38.16075
2013-01-24 22:00:00,36.592255
2013-01-24 23:00:00,11.853145
2013-01-25 00:00:00,9.84
2013-01-25 01:00:00,9.84
2013-01-25 02:00:00,9.84
2013-01-25 03:00:00,9.84
2013-01-25 04:00:00,9.84
2013-01-25 05:00:00,9.84
2013-01-25 06:00:00,9.84
2013-01-25 07:00:00,13.542611
2013-01-25 08:00:00,40.603646
2013-01-25 09:00:00,43.176357
2013-01-25 10:00:00,44.021424
2013-01-25 11:00:00,42.475692
2013-01-25 12:00:00,42.536867
2013-01-25 13:00:00,42.530089
2013-01-25 14:00:00,42.322016
2013-01-25 15:00:00,44.761566
2013-01-25 16:00:00,42.690437
2013-01-25 17:00:00,38.976281
2013-01-25 18:00:00,43.982578
2013-01-25 19:00:00,44.797651
2013-01-25 20:00:00,44.465447
2013-01-25 21:00:00,44.762578
2013-01-25 22:00:00,41.65005
2013-01-25 23:00:00,39.640201
2013-01-26 00:00:00,38.598154
2013-01-26 01:00:00,42.099479
2013-01-26 02:00:00,38.098432
2013-01-26 03:00:00,37.556995
2013-01-26 04:00:00,38.971727
2013-01-26 05:00:00,40.777836
2013-01-26 06:00:00,39.994624
2013-01-26 07:00:00,38.931421
2013-01-26 08:00:00,39.652618
2013-01-26 09:00:00,41.262673
2013-01-26 10:00:00,39.621013
2013-01-26 11:00:00,37.833848
2013-01-26 12:00:00,37.604285
2013-01-26 13:00:00,40.718424
2013-01-26 14:00:00,42.247331
2013-01-26 15:00:00,45.035658
2013-01-26 16:00:00,43.37122
2013-01-26 17:00:00,37.236766
2013-01-26 18:00:00,37.887658
2013-01-26 19:00:00,40.15021399
2013-01-26 20:00:00,9.84
2013-01-26 21:00:00,9.84
2013-01-26 22:00:00,9.840000001
2013-01-26 23:00:00,12.937527
2013-01-27 00:00:00,35.10343
2013-01-27 01:00:00,37.48573
2013-01-27 02:00:00,40.998622
2013-01-27 03:00:00,34.399923
2013-01-27 04:00:00,38.851848
2013-01-27 05:00:00,30.573431
2013-01-27 06:00:00,33.573679
2013-01-27 07:00:00,37.042243
2013-01-27 08:00:00,38.012589
2013-01-27 09:00:00,42.935725
2013-01-27 10:00:00,47.432858
2013-01-27 11:00:00,40.761602
2013-01-27 12:00:00,41.103605
2013-01-27 13:00:00,40.928449
2013-01-27 14:00:00,46.783159
2013-01-27 15:00:00,39.447498
2013-01-27 16:00:00,9.84
2013-01-27 17:00:00,9.84
2013-01-27 18:00:00,9.84
2013-01-27 19:00:00,9.84
2013-01-27 20:00:00,9.84
2013-01-27 21:00:00,9.84
2013-01-27 22:00:00,9.84
2013-01-27 23:00:00,9.84
2013-01-28 00:00:00,9.84
2013-01-28 01:00:00,9.84
2013-01-28 02:00:00,9.84
2013-01-28 03:00:00,9.84
2013-01-28 04:00:00,13.38664601
2013-01-28 05:00:00,43.993415
2013-01-28 06:00:00,42.044937
2013-01-28 07:00:00,39.760119
2013-01-28 08:00:00,42.70926
2013-01-28 09:00:00,42.950628
2013-01-28 10:00:00,44.312705
2013-01-28 11:00:00,42.024589
2013-01-28 12:00:00,41.84577
2013-01-28 13:00:00,48.133476
2013-01-28 14:00:00,47.105567
2013-01-28 15:00:00,47.46563
2013-01-28 16:00:00,40.694448
2013-01-28 17:00:00,40.458676
2013-01-28 18:00:00,46.009223
2013-01-28 19:00:00,43.173004
2013-01-28 20:00:00,39.652633
2013-01-28 21:00:00,9.84
2013-01-28 22:00:00,9.84
2013-01-28 23:00:00,9.84
2013-01-29 00:00:00,9.84
2013-01-29 01:00:00,9.84
2013-01-29 02:00:00,9.84
2013-01-29 03:00:00,9.84
2013-01-29 04:00:00,9.840000001
2013-01-29 05:00:00,13.468935
2013-01-29 06:00:00,43.151468
2013-01-29 07:00:00,35.42121
2013-01-29 08:00:00,45.101974
2013-01-29 09:00:00,46.736821
2013-01-29 10:00:00,45.818943
2013-01-29 11:00:00,45.939956
2013-01-29 12:00:00,41.498924
2013-01-29 13:00:00,46.946007
2013-01-29 14:00:00,43.622378
2013-01-29 15:00:00,46.56868
2013-01-29 16:00:00,41.290774
2013-01-29 17:00:00,38.086775
2013-01-29 18:00:00,43.975809
2013-01-29 19:00:00,46.903442
2013-01-29 20:00:00,46.192581
2013-01-29 21:00:00,42.058516
2013-01-29 22:00:00,9.84
2013-01-29 23:00:00,9.84
2013-01-30 00:00:00,9.84
2013-01-30 01:00:00,9.84
2013-01-30 02:00:00,9.84
2013-01-30 03:00:00,9.84
2013-01-30 04:00:00,9.84
2013-01-30 05:00:00,9.84
2013-01-30 06:00:00,11.860869
2013-01-30 07:00:00,38.131632
2013-01-30 08:00:00,44.464193
2013-01-30 09:00:00,43.388857
2013-01-30 10:00:00,43.46844
2013-01-30 11:00:00,40.36287
2013-01-30 12:00:00,42.109565
2013-01-30 13:00:00,44.065697
2013-01-30 14:00:00,42.639338
2013-01-30 15:00:00,41.812108
2013-01-30 16:00:00,43.408962
2013-01-30 17:00:00,43.582215
2013-01-30 18:00:00,43.614976
2013-01-30 19:00:00,45.915849
2013-01-30 20:00:00,44.320908
2013-01-30 21:00:00,37.815476
2013-01-30 22:00:00,36.612993
2013-01-30 23:00:00,9.84
2013-01-31 00:00:00,9.84
2013-01-31 01:00:00,9.84
2013-01-31 02:00:00,9.84
2013-01-31 03:00:00,9.84
2013-01-31 04:00:00,9.84
2013-01-31 05:00:00,9.84
2013-01-31 06:00:00,9.84
2013-01-31 07:00:00,15.438311
2013-01-31 08:00:00,40.51777
2013-01-31 09:00:00,46.163146
2013-01-31 10:00:00,37.231739
2013-01-31 11:00:00,41.45746
2013-01-31 12:00:00,39.251331
2013-01-31 13:00:00,45.605792
2013-01-31 14:00:00,43.184593
2013-01-31 15:00:00,42.442881
2013-01-31 16:00:00,44.312705
2013-01-31 17:00:00,39.554425
2013-01-31 18:00:00,43.579037
2013-01-31 19:00:00,44.34712
2013-01-31 20:00:00,42.134122
2013-01-31 21:00:00,41.98957
2013-01-31 22:00:00,39.53307999
2013-01-31 23:00:00,9.84
2013-02-01 00:00:00,9.84
2013-02-01 01:00:00,9.84
2013-02-01 02:00:00,9.84
2013-02-01 03:00:00,9.84
2013-02-01 04:00:00,13.23860301
2013-02-01 05:00:00,47.053607
2013-02-01 06:00:00,43.547118
2013-02-01 07:00:00,37.635683
2013-02-01 08:00:00,46.14419
2013-02-01 09:00:00,42.188487
2013-02-01 10:00:00,43.266259
2013-02-01 11:00:00,43.384819
2013-02-01 12:00:00,44.499003
2013-02-01 13:00:00,39.786512
2013-02-01 14:00:00,46.547769
2013-02-01 15:00:00,43.387461
2013-02-01 16:00:00,42.500219
2013-02-01 17:00:00,32.045266
2013-02-01 18:00:00,40.94751
2013-02-01 19:00:00,45.507291
2013-02-01 20:00:00,42.847256
2013-02-01 21:00:00,45.178719
2013-02-01 22:00:00,44.536352
2013-02-01 23:00:00,38.654015
2013-02-02 00:00:00,9.84
2013-02-02 01:00:00,9.84
2013-02-02 02:00:00,9.84
2013-02-02 03:00:00,9.84
2013-02-02 04:00:00,9.84
2013-02-02 05:00:00,9.84
2013-02-02 06:00:00,9.84
2013-02-02 07:00:00,9.84
2013-02-02 08:00:00,9.84
2013-02-02 09:00:00,13.55884
2013-02-02 10:00:00,39.682433
2013-02-02 11:00:00,40.717052
2013-02-02 12:00:00,45.356259
2013-02-02 13:00:00,46.675215
2013-02-02 14:00:00,43.7063
2013-02-02 15:00:00,43.713539
2013-02-02 16:00:00,42.353297
2013-02-02 17:00:00,41.239272
2013-02-02 18:00:00,45.448096
2013-02-02 19:00:00,45.474383
2013-02-02 20:00:00,40.751666
2013-02-02 21:00:00,42.754159
2013-02-02 22:00:00,40.81269099
2013-02-02 23:00:00,9.84
2013-02-03 00:00:00,9.84
2013-02-03 01:00:00,9.84
2013-02-03 02:00:00,9.84
2013-02-03 03:00:00,9.84
2013-02-03 04:00:00,12.61967501
2013-02-03 05:00:00,42.115044
2013-02-03 06:00:00,31.372375
2013-02-03 07:00:00,42.077799
2013-02-03 08:00:00,38.931393
2013-02-03 09:00:00,42.972725
2013-02-03 10:00:00,46.375391
2013-02-03 11:00:00,44.789009
2013-02-03 12:00:00,42.5442
2013-02-03 13:00:00,44.555734
2013-02-03 14:00:00,42.740867
2013-02-03 15:00:00,39.158482
2013-02-03 16:00:00,43.775581
2013-02-03 17:00:00,39.369602
2013-02-03 18:00:00,43.857918
2013-02-03 19:00:00,40.605439
2013-02-03 20:00:00,42.830336
2013-02-03 21:00:00,37.997352
2013-02-03 22:00:00,35.45929
2013-02-03 23:00:00,9.84
2013-02-04 00:00:00,8.71
2013-02-04 01:00:00,8.71
2013-02-04 02:00:00,8.71
2013-02-04 03:00:00,8.71
2013-02-04 04:00:00,8.710000001
2013-02-04 05:00:00,13.666446
2013-02-04 06:00:00,32.601314
2013-02-04 07:00:00,39.420063
2013-02-04 08:00:00,41.269722
2013-02-04 09:00:00,47.25938
2013-02-04 10:00:00,44.553987
2013-02-04 11:00:00,43.00778
2013-02-04 12:00:00,40.464528
2013-02-04 13:00:00,41.93035
2013-02-04 14:00:00,42.993443
2013-02-04 15:00:00,39.944747
2013-02-04 16:00:00,39.635507
2013-02-04 17:00:00,36.166553
2013-02-04 18:00:00,45.512741
2013-02-04 19:00:00,39.299985
2013-02-04 20:00:00,41.581148
2013-02-04 21:00:00,8.71
2013-02-04 22:00:00,8.71
2013-02-04 23:00:00,8.71
2013-02-05 00:00:00,8.71
2013-02-05 01:00:00,8.71
2013-02-05 02:00:00,8.71
2013-02-05 03:00:00,8.71
2013-02-05 04:00:00,8.710000001
2013-02-05 05:00:00,12.741801
2013-02-05 06:00:00,43.159575
2013-02-05 07:00:00,43.74266
2013-02-05 08:00:00,43.685335
2013-02-05 09:00:00,43.700231
2013-02-05 10:00:00,41.75868
2013-02-05 11:00:00,42.383872
2013-02-05 12:00:00,42.706926
2013-02-05 13:00:00,42.72154
2013-02-05 14:00:00,41.202043
2013-02-05 15:00:00,41.50294
2013-02-05 16:00:00,41.580133
2013-02-05 17:00:00,40.619863
2013-02-05 18:00:00,43.615757
2013-02-05 19:00:00,43.800885
2013-02-05 20:00:00,44.233256
2013-02-05 21:00:00,8.71
2013-02-05 22:00:00,8.71
2013-02-05 23:00:00,8.71
2013-02-06 00:00:00,8.71
2013-02-06 01:00:00,8.71
2013-02-06 02:00:00,8.71
2013-02-06 03:00:00,8.71
2013-02-06 04:00:00,8.71
2013-02-06 05:00:00,8.71
2013-02-06 06:00:00,8.71
2013-02-06 07:00:00,9.952926006
2013-02-06 08:00:00,46.570759
2013-02-06 09:00:00,43.161876
2013-02-06 10:00:00,42.355041
2013-02-06 11:00:00,42.232211
2013-02-06 12:00:00,41.915065
2013-02-06 13:00:00,42.188565
2013-02-06 14:00:00,42.193252
2013-02-06 15:00:00,40.226188
2013-02-06 16:00:00,40.374856
2013-02-06 17:00:00,42.196661
2013-02-06 18:00:00,43.368988
2013-02-06 19:00:00,39.194915
2013-02-06 20:00:00,38.31956
2013-02-06 21:00:00,35.814152
2013-02-06 22:00:00,8.71
2013-02-06 23:00:00,8.71
2013-02-07 00:00:00,8.71
2013-02-07 01:00:00,8.71
2013-02-07 02:00:00,8.71
2013-02-07 03:00:00,8.71
2013-02-07 04:00:00,12.47772801
2013-02-07 05:00:00,44.237287
2013-02-07 06:00:00,44.434631
2013-02-07 07:00:00,42.919944
2013-02-07 08:00:00,45.475718
2013-02-07 09:00:00,47.138111
2013-02-07 10:00:00,40.889104
2013-02-07 11:00:00,40.285957
2013-02-07 12:00:00,39.607695
2013-02-07 13:00:00,37.191373
2013-02-07 14:00:00,39.271391
2013-02-07 15:00:00,39.839531
2013-02-07 16:00:00,40.552162
2013-02-07 17:00:00,37.199074
2013-02-07 18:00:00,47.981252
2013-02-07 19:00:00,44.850625
2013-02-07 20:00:00,40.281599
2013-02-07 21:00:00,43.786798
2013-02-07 22:00:00,37.71489599
2013-02-07 23:00:00,8.71
2013-02-08 00:00:00,8.71
2013-02-08 01:00:00,8.71
2013-02-08 02:00:00,8.71
2013-02-08 03:00:00,8.71
2013-02-08 04:00:00,8.71
2013-02-08 05:00:00,8.71
2013-02-08 06:00:00,12.297079
2013-02-08 07:00:00,36.9122
2013-02-08 08:00:00,42.3945
2013-02-08 09:00:00,43.479051
2013-02-08 10:00:00,44.653392
2013-02-08 11:00:00,42.074605
2013-02-08 12:00:00,41.274446
2013-02-08 13:00:00,42.681848
2013-02-08 14:00:00,40.806307
2013-02-08 15:00:00,39.31565
2013-02-08 16:00:00,42.383457
2013-02-08 17:00:00,41.132667
2013-02-08 18:00:00,40.931865
2013-02-08 19:00:00,41.199383
2013-02-08 20:00:00,40.992676
2013-02-08 21:00:00,36.978008
2013-02-08 22:00:00,33.525991
2013-02-08 23:00:00,10.594285
2013-02-09 00:00:00,41.790922
2013-02-09 01:00:00,40.465659
2013-02-09 02:00:00,37.644111
2013-02-09 03:00:00,37.033141
2013-02-09 04:00:00,39.590874
2013-02-09 05:00:00,42.884513
2013-02-09 06:00:00,35.756859
2013-02-09 07:00:00,42.71135
2013-02-09 08:00:00,40.682892
2013-02-09 09:00:00,40.626744
2013-02-09 10:00:00,36.538052
2013-02-09 11:00:00,40.299016
2013-02-09 12:00:00,39.172323
2013-02-09 13:00:00,47.137067
2013-02-09 14:00:00,44.289916
2013-02-09 15:00:00,39.708907
2013-02-09 16:00:00,39.560929
2013-02-09 17:00:00,38.366646
2013-02-09 18:00:00,41.225174
2013-02-09 19:00:00,37.69129599
2013-02-09 20:00:00,8.71
2013-02-09 21:00:00,8.71
2013-02-09 22:00:00,8.71
2013-02-09 23:00:00,8.71
2013-02-10 00:00:00,8.71
2013-02-10 01:00:00,8.71
2013-02-10 02:00:00,8.71
2013-02-10 03:00:00,8.71
2013-02-10 04:00:00,13.31673301
2013-02-10 05:00:00,44.825483
2013-02-10 06:00:00,38.937041
2013-02-10 07:00:00,42.413021
2013-02-10 08:00:00,33.747668
2013-02-10 09:00:00,38.989963
2013-02-10 10:00:00,39.979993
2013-02-10 11:00:00,41.509868
2013-02-10 12:00:00,41.865475
2013-02-10 13:00:00,41.368781
2013-02-10 14:00:00,37.639951
2013-02-10 15:00:00,39.539129
2013-02-10 16:00:00,41.39261
2013-02-10 17:00:00,35.058126
2013-02-10 18:00:00,40.773479
2013-02-10 19:00:00,42.078606
2013-02-10 20:00:00,34.930145
2013-02-10 21:00:00,29.994906
2013-02-10 22:00:00,32.508712
2013-02-10 23:00:00,8.71
2013-02-11 00:00:00,8.71
2013-02-11 01:00:00,8.71
2013-02-11 02:00:00,8.71
2013-02-11 03:00:00,8.71
2013-02-11 04:00:00,11.16812701
2013-02-11 05:00:00,42.885161
2013-02-11 06:00:00,32.372377
2013-02-11 07:00:00,31.406386
2013-02-11 08:00:00,36.65517
2013-02-11 09:00:00,38.016095
2013-02-11 10:00:00,39.781242
2013-02-11 11:00:00,41.496382
2013-02-11 12:00:00,37.454981
2013-02-11 13:00:00,46.531607
2013-02-11 14:00:00,43.946443
2013-02-11 15:00:00,42.102369
2013-02-11 16:00:00,40.326885
2013-02-11 17:00:00,37.334001
2013-02-11 18:00:00,41.32524
2013-02-11 19:00:00,39.930396
2013-02-11 20:00:00,41.476939
2013-02-11 21:00:00,34.481341
2013-02-11 22:00:00,33.967028
2013-02-11 23:00:00,8.71
2013-02-12 00:00:00,8.71
2013-02-12 01:00:00,8.71
2013-02-12 02:00:00,8.71
2013-02-12 03:00:00,8.71
2013-02-12 04:00:00,10.82295101
2013-02-12 05:00:00,47.845062
2013-02-12 06:00:00,41.326998
2013-02-12 07:00:00,36.638646
2013-02-12 08:00:00,47.055395
2013-02-12 09:00:00,44.900079
2013-02-12 10:00:00,45.209195
2013-02-12 11:00:00,44.850783
2013-02-12 12:00:00,40.623082
2013-02-12 13:00:00,40.95238
2013-02-12 14:00:00,42.839228
2013-02-12 15:00:00,42.646674
2013-02-12 16:00:00,48.289241
2013-02-12 17:00:00,50.37046
2013-02-12 18:00:00,50.456143
2013-02-12 19:00:00,50.619709
2013-02-12 20:00:00,50.416017
2013-02-12 21:00:00,50.538448
2013-02-12 22:00:00,41.57589999
2013-02-12 23:00:00,8.71
2013-02-13 00:00:00,8.71
2013-02-13 01:00:00,8.71
2013-02-13 02:00:00,8.71
2013-02-13 03:00:00,8.71
2013-02-13 04:00:00,12.24517801
2013-02-13 05:00:00,50.15705
2013-02-13 06:00:00,52.001822
2013-02-13 07:00:00,48.841835
2013-02-13 08:00:00,50.528304
2013-02-13 09:00:00,50.638561
2013-02-13 10:00:00,50.684214
2013-02-13 11:00:00,50.49259
2013-02-13 12:00:00,50.868016
2013-02-13 13:00:00,50.615137
2013-02-13 14:00:00,50.647454
2013-02-13 15:00:00,50.453849
2013-02-13 16:00:00,50.423963
2013-02-13 17:00:00,50.646545
2013-02-13 18:00:00,50.85735
2013-02-13 19:00:00,50.467134
2013-02-13 20:00:00,50.562278
2013-02-13 21:00:00,51.03301
2013-02-13 22:00:00,42.05438599
2013-02-13 23:00:00,8.71
2013-02-14 00:00:00,8.71
2013-02-14 01:00:00,8.71
2013-02-14 02:00:00,8.71
2013-02-14 03:00:00,8.71
2013-02-14 04:00:00,8.71
2013-02-14 05:00:00,8.71
2013-02-14 06:00:00,14.347934
2013-02-14 07:00:00,49.352391
2013-02-14 08:00:00,50.355362
2013-02-14 09:00:00,50.727658
2013-02-14 10:00:00,50.728773
2013-02-14 11:00:00,50.790105
2013-02-14 12:00:00,50.790105
2013-02-14 13:00:00,50.713158
2013-02-14 14:00:00,50.799041
2013-02-14 15:00:00,51.199805
2013-02-14 16:00:00,50.538937
2013-02-14 17:00:00,50.219941
2013-02-14 18:00:00,50.600282
2013-02-14 19:00:00,50.680356
2013-02-14 20:00:00,50.636178
2013-02-14 21:00:00,50.633723
2013-02-14 22:00:00,48.54884099
2013-02-14 23:00:00,8.71
2013-02-15 00:00:00,8.71
2013-02-15 01:00:00,8.71
2013-02-15 02:00:00,8.71
2013-02-15 03:00:00,8.71
2013-02-15 04:00:00,8.71
2013-02-15 05:00:00,8.71
2013-02-15 06:00:00,50.081498
2013-02-15 07:00:00,50.711366
2013-02-15 08:00:00,50.503277
2013-02-15 09:00:00,50.753779
2013-02-15 10:00:00,51.067724
2013-02-15 11:00:00,50.124558
2013-02-15 12:00:00,50.838431
2013-02-15 13:00:00,50.946102
2013-02-15 14:00:00,50.273889
2013-02-15 15:00:00,48.222215
2013-02-15 16:00:00,35.796369
2013-02-15 17:00:00,33.483461
2013-02-15 18:00:00,41.347061
2013-02-15 19:00:00,41.220932
2013-02-15 20:00:00,40.890841
2013-02-15 21:00:00,35.560884
2013-02-15 22:00:00,30.165017
2013-02-15 23:00:00,8.71
2013-02-16 00:00:00,12.429429
2013-02-16 01:00:00,42.858678
2013-02-16 02:00:00,39.058641
2013-02-16 03:00:00,41.848917
2013-02-16 04:00:00,38.236358
2013-02-16 05:00:00,37.22639
2013-02-16 06:00:00,30.875537
2013-02-16 07:00:00,38.68572
2013-02-16 08:00:00,41.537092
2013-02-16 09:00:00,45.491406
2013-02-16 10:00:00,43.043311
2013-02-16 11:00:00,40.480469
2013-02-16 12:00:00,40.720813
2013-02-16 13:00:00,44.451223
2013-02-16 14:00:00,44.156218
2013-02-16 15:00:00,40.777627
2013-02-16 16:00:00,39.497647
2013-02-16 17:00:00,42.554307
2013-02-16 18:00:00,43.044079
2013-02-16 19:00:00,43.884717
2013-02-16 20:00:00,43.409139
2013-02-16 21:00:00,16.104401
2013-02-16 22:00:00,8.71
2013-02-16 23:00:00,8.71
2013-02-17 00:00:00,8.71
2013-02-17 01:00:00,8.71
2013-02-17 02:00:00,8.71
2013-02-17 03:00:00,8.71
2013-02-17 04:00:00,8.71
2013-02-17 05:00:00,8.71
2013-02-17 06:00:00,8.71
2013-02-17 07:00:00,37.706141
2013-02-17 08:00:00,35.812548
2013-02-17 09:00:00,38.992135
2013-02-17 10:00:00,38.443995
2013-02-17 11:00:00,37.991721
2013-02-17 12:00:00,39.263782
2013-02-17 13:00:00,40.128923
2013-02-17 14:00:00,37.311906
2013-02-17 15:00:00,39.584114
2013-02-17 16:00:00,44.529794
2013-02-17 17:00:00,40.37598
2013-02-17 18:00:00,38.96456
2013-02-17 19:00:00,42.130924
2013-02-17 20:00:00,43.467868
2013-02-17 21:00:00,38.486652
2013-02-17 22:00:00,37.74976899
2013-02-17 23:00:00,8.71
2013-02-18 00:00:00,8.71
2013-02-18 01:00:00,8.71
2013-02-18 02:00:00,8.71
2013-02-18 03:00:00,8.71
2013-02-18 04:00:00,12.92373301
2013-02-18 05:00:00,49.265648
2013-02-18 06:00:00,36.838466
2013-02-18 07:00:00,41.718545
2013-02-18 08:00:00,43.107647
2013-02-18 09:00:00,42.855646
2013-02-18 10:00:00,42.88205
2013-02-18 11:00:00,41.455725
2013-02-18 12:00:00,41.028069
2013-02-18 13:00:00,43.38237
2013-02-18 14:00:00,43.440012
2013-02-18 15:00:00,44.600559
2013-02-18 16:00:00,43.502369
2013-02-18 17:00:00,34.046771
2013-02-18 18:00:00,42.895918
2013-02-18 19:00:00,39.367171
2013-02-18 20:00:00,44.571683
2013-02-18 21:00:00,35.341579
2013-02-18 22:00:00,8.71
2013-02-18 23:00:00,8.71
2013-02-19 00:00:00,8.71
2013-02-19 01:00:00,8.71
2013-02-19 02:00:00,8.71
2013-02-19 03:00:00,8.71
2013-02-19 04:00:00,8.71
2013-02-19 05:00:00,11.41725
2013-02-19 06:00:00,37.123897
2013-02-19 07:00:00,39.498501
2013-02-19 08:00:00,35.353328
2013-02-19 09:00:00,42.638751
2013-02-19 10:00:00,41.779336
2013-02-19 11:00:00,40.372342
2013-02-19 12:00:00,41.105447
2013-02-19 13:00:00,42.289866
2013-02-19 14:00:00,42.687025
2013-02-19 15:00:00,42.265953
2013-02-19 16:00:00,43.006277
2013-02-19 17:00:00,34.477366
2013-02-19 18:00:00,44.805006
2013-02-19 19:00:00,42.693374
2013-02-19 20:00:00,41.452658
2013-02-19 21:00:00,40.004255
2013-02-19 22:00:00,35.152569
2013-02-19 23:00:00,8.71
2013-02-20 00:00:00,8.71
2013-02-20 01:00:00,8.71
2013-02-20 02:00:00,8.71
2013-02-20 03:00:00,8.71
2013-02-20 04:00:00,8.710000007
2013-02-20 05:00:00,47.058787
2013-02-20 06:00:00,41.854696
2013-02-20 07:00:00,44.582359
2013-02-20 08:00:00,41.679949
2013-02-20 09:00:00,45.091568
2013-02-20 10:00:00,40.863762
2013-02-20 11:00:00,40.768801
2013-02-20 12:00:00,44.635306
2013-02-20 13:00:00,44.530897
2013-02-20 14:00:00,48.620928
2013-02-20 15:00:00,44.840421
2013-02-20 16:00:00,44.25208
2013-02-20 17:00:00,37.355521
2013-02-20 18:00:00,42.689914
2013-02-20 19:00:00,42.555445
2013-02-20 20:00:00,41.794499
2013-02-20 21:00:00,41.493552
2013-02-20 22:00:00,37.297189
2013-02-20 23:00:00,8.71
2013-02-21 00:00:00,8.71
2013-02-21 01:00:00,8.71
2013-02-21 02:00:00,8.71
2013-02-21 03:00:00,8.71
2013-02-21 04:00:00,12.06907101
2013-02-21 05:00:00,42.537477
2013-02-21 06:00:00,37.248669
2013-02-21 07:00:00,36.912119
2013-02-21 08:00:00,48.265013
2013-02-21 09:00:00,45.476834
2013-02-21 10:00:00,46.364518
2013-02-21 11:00:00,41.316327
2013-02-21 12:00:00,41.380706
2013-02-21 13:00:00,44.865877
2013-02-21 14:00:00,48.010596
2013-02-21 15:00:00,44.434748
2013-02-21 16:00:00,41.49829
2013-02-21 17:00:00,37.500345
2013-02-21 18:00:00,45.14779
2013-02-21 19:00:00,45.576274
2013-02-21 20:00:00,44.418214
2013-02-21 21:00:00,38.746163
2013-02-21 22:00:00,34.578039
2013-02-21 23:00:00,8.71
2013-02-22 00:00:00,8.71
2013-02-22 01:00:00,12.384596
2013-02-22 02:00:00,33.700044
2013-02-22 03:00:00,32.236624
2013-02-22 04:00:00,33.96305
2013-02-22 05:00:00,40.895438
2013-02-22 06:00:00,37.163198
2013-02-22 07:00:00,41.971849
2013-02-22 08:00:00,43.070819
2013-02-22 09:00:00,44.979138
2013-02-22 10:00:00,42.550988
2013-02-22 11:00:00,42.008372
2013-02-22 12:00:00,41.958218
2013-02-22 13:00:00,45.036492
2013-02-22 14:00:00,44.082754
2013-02-22 15:00:00,42.405652
2013-02-22 16:00:00,42.095644
2013-02-22 17:00:00,42.889471
2013-02-22 18:00:00,41.461302
2013-02-22 19:00:00,42.765122
2013-02-22 20:00:00,43.51269
2013-02-22 21:00:00,35.102265
2013-02-22 22:00:00,8.71
2013-02-22 23:00:00,8.71
2013-02-23 00:00:00,8.71
2013-02-23 01:00:00,8.71
2013-02-23 02:00:00,8.71
2013-02-23 03:00:00,38.078367
2013-02-23 04:00:00,35.040428
2013-02-23 05:00:00,43.168138
2013-02-23 06:00:00,39.817563
2013-02-23 07:00:00,40.174177
2013-02-23 08:00:00,44.352569
2013-02-23 09:00:00,47.905531
2013-02-23 10:00:00,40.192019
2013-02-23 11:00:00,43.932149
2013-02-23 12:00:00,40.576838
2013-02-23 13:00:00,42.762253
2013-02-23 14:00:00,45.046748
2013-02-23 15:00:00,41.420418
2013-02-23 16:00:00,38.613544
2013-02-23 17:00:00,32.504044
2013-02-23 18:00:00,42.680444
2013-02-23 19:00:00,41.098203
2013-02-23 20:00:00,34.697095
2013-02-23 21:00:00,37.164921
2013-02-23 22:00:00,8.71
2013-02-23 23:00:00,8.71
2013-02-24 00:00:00,8.71
2013-02-24 01:00:00,8.71
2013-02-24 02:00:00,8.71
2013-02-24 03:00:00,8.71
2013-02-24 04:00:00,11.108001
2013-02-24 05:00:00,34.490515
2013-02-24 06:00:00,29.75951
2013-02-24 07:00:00,40.514913
2013-02-24 08:00:00,43.025288
2013-02-24 09:00:00,41.178713
2013-02-24 10:00:00,37.739189
2013-02-24 11:00:00,40.910683
2013-02-24 12:00:00,40.092284
2013-02-24 13:00:00,44.013405
2013-02-24 14:00:00,44.395059
2013-02-24 15:00:00,45.377023
2013-02-24 16:00:00,43.245763
2013-02-24 17:00:00,28.59959
2013-02-24 18:00:00,42.926349
2013-02-24 19:00:00,35.918123
2013-02-24 20:00:00,37.233809
2013-02-24 21:00:00,34.329267
2013-02-24 22:00:00,20.856213
2013-02-24 23:00:00,8.71
2013-02-25 00:00:00,8.71
2013-02-25 01:00:00,11.73596001
2013-02-25 02:00:00,41.152151
2013-02-25 03:00:00,39.614937
2013-02-25 04:00:00,42.693506
2013-02-25 05:00:00,49.417544
2013-02-25 06:00:00,49.543724
2013-02-25 07:00:00,47.141407
2013-02-25 08:00:00,50.300352
2013-02-25 09:00:00,48.646275
2013-02-25 10:00:00,46.555283
2013-02-25 11:00:00,46.941038
2013-02-25 12:00:00,40.696624
2013-02-25 13:00:00,40.892704
2013-02-25 14:00:00,44.875052
2013-02-25 15:00:00,41.208309
2013-02-25 16:00:00,42.107473
2013-02-25 17:00:00,37.652958
2013-02-25 18:00:00,40.400385
2013-02-25 19:00:00,40.789136
2013-02-25 20:00:00,43.732718
2013-02-25 21:00:00,40.24848
2013-02-25 22:00:00,33.967162
2013-02-25 23:00:00,8.71
2013-02-26 00:00:00,7.58
2013-02-26 01:00:00,7.58
2013-02-26 02:00:00,7.58
2013-02-26 03:00:00,7.58
2013-02-26 04:00:00,7.580000006
2013-02-26 05:00:00,41.515121
2013-02-26 06:00:00,39.410571
2013-02-26 07:00:00,36.904342
2013-02-26 08:00:00,39.610215
2013-02-26 09:00:00,37.955388
2013-02-26 10:00:00,42.373348
2013-02-26 11:00:00,34.691823
2013-02-26 12:00:00,44.279125
2013-02-26 13:00:00,45.336499
2013-02-26 14:00:00,43.718875
2013-02-26 15:00:00,41.446083
2013-02-26 16:00:00,39.576115
2013-02-26 17:00:00,34.664596
2013-02-26 18:00:00,42.066284
2013-02-26 19:00:00,46.141729
2013-02-26 20:00:00,43.215589
2013-02-26 21:00:00,43.931038
2013-02-26 22:00:00,42.29254399
2013-02-26 23:00:00,7.58
2013-02-27 00:00:00,7.58
2013-02-27 01:00:00,7.58
2013-02-27 02:00:00,7.58
2013-02-27 03:00:00,10.571417
2013-02-27 04:00:00,35.218183
2013-02-27 05:00:00,40.72574
2013-02-27 06:00:00,40.609325
2013-02-27 07:00:00,33.585556
2013-02-27 08:00:00,41.255411
2013-02-27 09:00:00,43.361059
2013-02-27 10:00:00,42.49001
2013-02-27 11:00:00,44.254056
2013-02-27 12:00:00,41.773571
2013-02-27 13:00:00,43.369299
2013-02-27 14:00:00,40.585315
2013-02-27 15:00:00,45.045339
2013-02-27 16:00:00,44.03986
2013-02-27 17:00:00,36.853431
2013-02-27 18:00:00,43.452138
2013-02-27 19:00:00,44.316618
2013-02-27 20:00:00,45.714751
2013-02-27 21:00:00,40.589894
2013-02-27 22:00:00,34.067786
2013-02-27 23:00:00,11.50683
2013-02-28 00:00:00,35.324123
2013-02-28 01:00:00,39.300336
2013-02-28 02:00:00,35.839735
2013-02-28 03:00:00,42.549661
2013-02-28 04:00:00,38.425915
2013-02-28 05:00:00,41.408843
2013-02-28 06:00:00,36.336581
2013-02-28 07:00:00,34.147004
2013-02-28 08:00:00,42.871534
2013-02-28 09:00:00,44.303125
2013-02-28 10:00:00,40.309298
2013-02-28 11:00:00,44.683411
2013-02-28 12:00:00,40.557065
2013-02-28 13:00:00,41.757119
2013-02-28 14:00:00,45.182805
2013-02-28 15:00:00,41.275922
2013-02-28 16:00:00,40.111301
2013-02-28 17:00:00,37.374417
2013-02-28 18:00:00,39.394644
2013-02-28 19:00:00,38.991736
2013-02-28 20:00:00,38.261223
2013-02-28 21:00:00,36.16136
2013-02-28 22:00:00,33.061682
2013-02-28 23:00:00,8.850118
2013-03-01 00:00:00,37.17424
2013-03-01 01:00:00,43.071538
2013-03-01 02:00:00,41.983597
2013-03-01 03:00:00,36.215897
2013-03-01 04:00:00,33.304403
2013-03-01 05:00:00,41.180016
2013-03-01 06:00:00,35.929592
2013-03-01 07:00:00,31.494372
2013-03-01 08:00:00,39.882263
2013-03-01 09:00:00,38.94094
2013-03-01 10:00:00,39.129112
2013-03-01 11:00:00,38.87766
2013-03-01 12:00:00,33.910449
2013-03-01 13:00:00,38.117266
2013-03-01 14:00:00,38.338428
2013-03-01 15:00:00,38.530918
2013-03-01 16:00:00,36.944849
2013-03-01 17:00:00,36.487934
2013-03-01 18:00:00,38.387152
2013-03-01 19:00:00,40.538419
2013-03-01 20:00:00,38.717121
2013-03-01 21:00:00,40.472688
2013-03-01 22:00:00,30.766849
2013-03-01 23:00:00,11.252206
2013-03-02 00:00:00,34.673778
2013-03-02 01:00:00,31.54333
2013-03-02 02:00:00,34.847789
2013-03-02 03:00:00,41.423305
2013-03-02 04:00:00,33.058275
2013-03-02 05:00:00,35.437991
2013-03-02 06:00:00,31.223688
2013-03-02 07:00:00,40.218116
2013-03-02 08:00:00,40.174081
2013-03-02 09:00:00,38.617667
2013-03-02 10:00:00,36.315826
2013-03-02 11:00:00,37.945835
2013-03-02 12:00:00,38.349941
2013-03-02 13:00:00,39.294654
2013-03-02 14:00:00,41.532784
2013-03-02 15:00:00,43.573891
2013-03-02 16:00:00,36.764219
2013-03-02 17:00:00,38.812539
2013-03-02 18:00:00,41.372717
2013-03-02 19:00:00,40.462262
2013-03-02 20:00:00,43.787024
2013-03-02 21:00:00,36.46381
2013-03-02 22:00:00,30.635117
2013-03-02 23:00:00,9.31809
2013-03-03 00:00:00,30.795165
2013-03-03 01:00:00,31.853574
2013-03-03 02:00:00,35.145126
2013-03-03 03:00:00,30.52051
2013-03-03 04:00:00,32.165205
2013-03-03 05:00:00,35.175512
2013-03-03 06:00:00,35.349557
2013-03-03 07:00:00,36.542893
2013-03-03 08:00:00,28.398758
2013-03-03 09:00:00,29.655629
2013-03-03 10:00:00,34.501687
2013-03-03 11:00:00,27.867788
2013-03-03 12:00:00,28.38469
2013-03-03 13:00:00,30.718473
2013-03-03 14:00:00,32.231429
2013-03-03 15:00:00,33.754597
2013-03-03 16:00:00,40.910369
2013-03-03 17:00:00,36.710682
2013-03-03 18:00:00,42.287431
2013-03-03 19:00:00,39.84581
2013-03-03 20:00:00,37.516848
2013-03-03 21:00:00,36.82269
2013-03-03 22:00:00,29.557246
2013-03-03 23:00:00,10.284126
2013-03-04 00:00:00,41.520977
2013-03-04 01:00:00,43.357115
2013-03-04 02:00:00,40.729698
2013-03-04 03:00:00,33.620242
2013-03-04 04:00:00,37.064043
2013-03-04 05:00:00,39.901522
2013-03-04 06:00:00,32.290171
2013-03-04 07:00:00,31.989941
2013-03-04 08:00:00,42.017116
2013-03-04 09:00:00,35.704785
2013-03-04 10:00:00,38.641786
2013-03-04 11:00:00,39.620699
2013-03-04 12:00:00,38.187344
2013-03-04 13:00:00,41.621207
2013-03-04 14:00:00,37.254772
2013-03-04 15:00:00,36.811178
2013-03-04 16:00:00,38.387146
2013-03-04 17:00:00,32.808437
2013-03-04 18:00:00,39.128134
2013-03-04 19:00:00,39.455244
2013-03-04 20:00:00,40.559663
2013-03-04 21:00:00,35.980219
2013-03-04 22:00:00,30.412659
2013-03-04 23:00:00,12.154372
2013-03-05 00:00:00,34.443659
2013-03-05 01:00:00,29.74794
2013-03-05 02:00:00,37.057875
2013-03-05 03:00:00,35.923342
2013-03-05 04:00:00,35.827924
2013-03-05 05:00:00,41.202152
2013-03-05 06:00:00,33.751941
2013-03-05 07:00:00,36.879625
2013-03-05 08:00:00,37.963367
2013-03-05 09:00:00,37.036067
2013-03-05 10:00:00,38.735166
2013-03-05 11:00:00,38.563797
2013-03-05 12:00:00,38.060759
2013-03-05 13:00:00,41.065716
2013-03-05 14:00:00,37.471332
2013-03-05 15:00:00,40.897276
2013-03-05 16:00:00,40.141854
2013-03-05 17:00:00,36.448846
2013-03-05 18:00:00,43.230426
2013-03-05 19:00:00,42.025336
2013-03-05 20:00:00,41.864847
2013-03-05 21:00:00,39.380211
2013-03-05 22:00:00,30.865187
2013-03-05 23:00:00,9.847327
2013-03-06 00:00:00,40.791177
2013-03-06 01:00:00,33.634975
2013-03-06 02:00:00,34.371183
2013-03-06 03:00:00,33.709824
2013-03-06 04:00:00,39.581074
2013-03-06 05:00:00,45.097807
2013-03-06 06:00:00,36.995407
2013-03-06 07:00:00,37.700656
2013-03-06 08:00:00,38.043999
2013-03-06 09:00:00,39.023858
2013-03-06 10:00:00,40.185596
2013-03-06 11:00:00,36.672973
2013-03-06 12:00:00,34.060229
2013-03-06 13:00:00,38.982188
2013-03-06 14:00:00,39.878895
2013-03-06 15:00:00,39.188983
2013-03-06 16:00:00,39.256814
2013-03-06 17:00:00,38.795362
2013-03-06 18:00:00,38.992682
2013-03-06 19:00:00,40.157179
2013-03-06 20:00:00,41.201043
2013-03-06 21:00:00,36.956192
2013-03-06 22:00:00,38.20230899
2013-03-06 23:00:00,7.58
2013-03-07 00:00:00,37.685248
2013-03-07 01:00:00,38.98506
2013-03-07 02:00:00,41.277742
2013-03-07 03:00:00,33.442987
2013-03-07 04:00:00,31.467652
2013-03-07 05:00:00,38.299019
2013-03-07 06:00:00,31.31203
2013-03-07 07:00:00,35.760303
2013-03-07 08:00:00,41.460621
2013-03-07 09:00:00,43.128595
2013-03-07 10:00:00,37.961974
2013-03-07 11:00:00,36.785998
2013-03-07 12:00:00,37.503008
2013-03-07 13:00:00,39.845852
2013-03-07 14:00:00,41.160848
2013-03-07 15:00:00,40.362498
2013-03-07 16:00:00,39.606846
2013-03-07 17:00:00,39.167356
2013-03-07 18:00:00,41.378465
2013-03-07 19:00:00,39.451014
2013-03-07 20:00:00,40.011234
2013-03-07 21:00:00,32.193829
2013-03-07 22:00:00,31.245536
2013-03-07 23:00:00,12.148926
2013-03-08 00:00:00,33.294437
2013-03-08 01:00:00,35.749704
2013-03-08 02:00:00,33.23217
2013-03-08 03:00:00,36.152273
2013-03-08 04:00:00,35.728097
2013-03-08 05:00:00,43.049649
2013-03-08 06:00:00,37.350085
2013-03-08 07:00:00,34.343762
2013-03-08 08:00:00,35.461304
2013-03-08 09:00:00,35.052356
2013-03-08 10:00:00,34.748065
2013-03-08 11:00:00,33.934295
2013-03-08 12:00:00,36.495596
2013-03-08 13:00:00,36.076124
2013-03-08 14:00:00,37.198774
2013-03-08 15:00:00,35.083772
2013-03-08 16:00:00,39.681566
2013-03-08 17:00:00,39.253864
2013-03-08 18:00:00,39.176472
2013-03-08 19:00:00,37.459809
2013-03-08 20:00:00,36.833962
2013-03-08 21:00:00,37.062743
2013-03-08 22:00:00,37.397039
2013-03-08 23:00:00,10.125913
2013-03-09 00:00:00,36.373651
2013-03-09 01:00:00,35.58286
2013-03-09 02:00:00,40.085891
2013-03-09 03:00:00,37.962568
2013-03-09 04:00:00,35.547578
2013-03-09 05:00:00,40.890328
2013-03-09 06:00:00,41.49144
2013-03-09 07:00:00,39.764298
2013-03-09 08:00:00,44.641697
2013-03-09 09:00:00,35.181413
2013-03-09 10:00:00,35.629115
2013-03-09 11:00:00,42.40811
2013-03-09 12:00:00,39.140174
2013-03-09 13:00:00,40.844041
2013-03-09 14:00:00,41.211785
2013-03-09 15:00:00,42.119498
2013-03-09 16:00:00,38.01003
2013-03-09 17:00:00,32.855176
2013-03-09 18:00:00,39.927271
2013-03-09 19:00:00,41.960292
2013-03-09 20:00:00,36.604591
2013-03-09 21:00:00,38.941268
2013-03-09 22:00:00,33.835001
2013-03-09 23:00:00,9.728287
2013-03-10 00:00:00,33.456184
2013-03-10 01:00:00,33.918771
2013-03-10 02:00:00,37.108914
2013-03-10 03:00:00,32.804669
2013-03-10 04:00:00,32.159953
2013-03-10 05:00:00,33.581576
2013-03-10 06:00:00,30.881
2013-03-10 07:00:00,40.421673
2013-03-10 08:00:00,36.852106
2013-03-10 09:00:00,34.975908
2013-03-10 10:00:00,36.086108
2013-03-10 11:00:00,37.918965
2013-03-10 12:00:00,38.203033
2013-03-10 13:00:00,36.201293
2013-03-10 14:00:00,40.256555
2013-03-10 15:00:00,44.498865
2013-03-10 16:00:00,39.763482
2013-03-10 17:00:00,39.17031
2013-03-10 18:00:00,39.200067
2013-03-10 19:00:00,43.442673
2013-03-10 20:00:00,38.764951
2013-03-10 21:00:00,36.436137
2013-03-10 22:00:00,34.362962
2013-03-10 23:00:00,11.242346
2013-03-11 00:00:00,35.866352
2013-03-11 01:00:00,35.15844
2013-03-11 02:00:00,37.065498
2013-03-11 03:00:00,35.301266
2013-03-11 04:00:00,33.923771
2013-03-11 05:00:00,36.827404
2013-03-11 06:00:00,35.960395
2013-03-11 07:00:00,36.80372
2013-03-11 08:00:00,44.813087
2013-03-11 09:00:00,45.502744
2013-03-11 10:00:00,43.312282
2013-03-11 11:00:00,39.175395
2013-03-11 12:00:00,39.346862
2013-03-11 13:00:00,47.972107
2013-03-11 14:00:00,42.763427
2013-03-11 15:00:00,40.792341
2013-03-11 16:00:00,38.597661
2013-03-11 17:00:00,35.555747
2013-03-11 18:00:00,40.227706
2013-03-11 19:00:00,44.212292
2013-03-11 20:00:00,44.558294
2013-03-11 21:00:00,43.930421
2013-03-11 22:00:00,35.426509
2013-03-11 23:00:00,10.877662
2013-03-12 00:00:00,38.097108
2013-03-12 01:00:00,38.099232
2013-03-12 02:00:00,33.997726
2013-03-12 03:00:00,37.12049
2013-03-12 04:00:00,36.951707
2013-03-12 05:00:00,47.406374
2013-03-12 06:00:00,44.875979
2013-03-12 07:00:00,43.478385
2013-03-12 08:00:00,44.98317
2013-03-12 09:00:00,43.705151
2013-03-12 10:00:00,43.93887
2013-03-12 11:00:00,45.201224
2013-03-12 12:00:00,38.596209
2013-03-12 13:00:00,43.886565
2013-03-12 14:00:00,44.395529
2013-03-12 15:00:00,42.432535
2013-03-12 16:00:00,40.864106
2013-03-12 17:00:00,36.030147
2013-03-12 18:00:00,44.56737
2013-03-12 19:00:00,43.286223
2013-03-12 20:00:00,42.508444
2013-03-12 21:00:00,40.7245
2013-03-12 22:00:00,33.083141
2013-03-12 23:00:00,11.021678
2013-03-13 00:00:00,11.02
2013-03-13 01:00:00,34.07
2013-03-13 02:00:00,30.62
2013-03-13 03:00:00,38.34
2013-03-13 04:00:00,32.73
2013-03-13 05:00:00,32.77
2013-03-13 06:00:00,36.13
2013-03-13 07:00:00,38.66
2013-03-13 08:00:00,41.16
2013-03-13 09:00:00,40.95
2013-03-13 10:00:00,38.12
2013-03-13 11:00:00,37.49
2013-03-13 12:00:00,37.63
2013-03-13 13:00:00,38.2
2013-03-13 14:00:00,38.12
2013-03-13 15:00:00,37.81
2013-03-13 16:00:00,38.78
2013-03-13 17:00:00,37.36
2013-03-13 18:00:00,40.52
2013-03-13 19:00:00,40.18
2013-03-13 20:00:00,39.64
2013-03-13 21:00:00,37.48
2013-03-13 22:00:00,38.29
2013-03-13 23:00:00,33.72
2013-03-14 00:00:00,9.43
2013-03-14 01:00:00,31.07
2013-03-14 02:00:00,31.25
2013-03-14 03:00:00,33.06
2013-03-14 04:00:00,32.44
2013-03-14 05:00:00,34.66
2013-03-14 06:00:00,35.61
2013-03-14 07:00:00,34.4
2013-03-14 08:00:00,34.4
2013-03-14 09:00:00,34.4
2013-03-14 10:00:00,34.4
2013-03-14 11:00:00,34.4
2013-03-14 12:00:00,34.4
2013-03-14 13:00:00,34.4
2013-03-14 14:00:00,34.4
2013-03-14 15:00:00,34.4
2013-03-14 16:00:00,34.4
2013-03-14 17:00:00,34.4
2013-03-14 18:00:00,34.4
2013-03-14 19:00:00,34.4
2013-03-14 20:00:00,34.4
2013-03-14 21:00:00,34.4
2013-03-14 22:00:00,34.4
2013-03-14 23:00:00,34.4
2013-03-15 00:00:00,31.22694
2013-03-15 01:00:00,27.497148
2013-03-15 02:00:00,32.694222
2013-03-15 03:00:00,26.252973
2013-03-15 04:00:00,29.473717
2013-03-15 05:00:00,36.514995
2013-03-15 06:00:00,33.121529
2013-03-15 07:00:00,32.267093
2013-03-15 08:00:00,30.731879
2013-03-15 09:00:00,32.407936
2013-03-15 10:00:00,36.062704
2013-03-15 11:00:00,35.459591
2013-03-15 12:00:00,34.79355
2013-03-15 13:00:00,34.316395
2013-03-15 14:00:00,32.124537
2013-03-15 15:00:00,31.859977
2013-03-15 16:00:00,29.869815
2013-03-15 17:00:00,30.48305
2013-03-15 18:00:00,39.142198
2013-03-15 19:00:00,31.236089
2013-03-15 20:00:00,32.28566
2013-03-15 21:00:00,30.906479
2013-03-15 22:00:00,21.978062
2013-03-15 23:00:00,6.829829
2013-03-16 00:00:00,32.04706
2013-03-16 01:00:00,27.229427
2013-03-16 02:00:00,26.621133
2013-03-16 03:00:00,29.55615
2013-03-16 04:00:00,32.881761
2013-03-16 05:00:00,35.013439
2013-03-16 06:00:00,30.189172
2013-03-16 07:00:00,35.937625
2013-03-16 08:00:00,34.728174
2013-03-16 09:00:00,36.457922
2013-03-16 10:00:00,38.729442
2013-03-16 11:00:00,33.164491
2013-03-16 12:00:00,27.193183
2013-03-16 13:00:00,35.12048
2013-03-16 14:00:00,32.162918
2013-03-16 15:00:00,34.179372
2013-03-16 16:00:00,35.257483
2013-03-16 17:00:00,31.487793
2013-03-16 18:00:00,33.664735
2013-03-16 19:00:00,34.139295
2013-03-16 20:00:00,32.135012
2013-03-16 21:00:00,31.718051
2013-03-16 22:00:00,31.787554
2013-03-16 23:00:00,30.419385
2013-03-17 00:00:00,32.539343
2013-03-17 01:00:00,31.429961
2013-03-17 02:00:00,31.403072
2013-03-17 03:00:00,31.999993
2013-03-17 04:00:00,28.134228
2013-03-17 05:00:00,28.228737
2013-03-17 06:00:00,30.480775
2013-03-17 07:00:00,29.996544
2013-03-17 08:00:00,28.905804
2013-03-17 09:00:00,35.637436
2013-03-17 10:00:00,38.058341
2013-03-17 11:00:00,31.395468
2013-03-17 12:00:00,36.414718
2013-03-17 13:00:00,32.618022
2013-03-17 14:00:00,35.062742
2013-03-17 15:00:00,32.357119
2013-03-17 16:00:00,34.275343
2013-03-17 17:00:00,36.526539
2013-03-17 18:00:00,36.847601
2013-03-17 19:00:00,40.919871
2013-03-17 20:00:00,32.845159
2013-03-17 21:00:00,34.490513
2013-03-17 22:00:00,32.818345
2013-03-17 23:00:00,34.278374
2013-03-18 00:00:00,27.094291
2013-03-18 01:00:00,28.966844
2013-03-18 02:00:00,37.191529
2013-03-18 03:00:00,37.524012
2013-03-18 04:00:00,33.750885
2013-03-18 05:00:00,35.33411
2013-03-18 06:00:00,38.09139
2013-03-18 07:00:00,37.587563
2013-03-18 08:00:00,36.90694
2013-03-18 09:00:00,35.529596
2013-03-18 10:00:00,33.092862
2013-03-18 11:00:00,36.893739
2013-03-18 12:00:00,35.504879
2013-03-18 13:00:00,33.625972
2013-03-18 14:00:00,35.675146
2013-03-18 15:00:00,32.172918
2013-03-18 16:00:00,32.903509
2013-03-18 17:00:00,33.17506
2013-03-18 18:00:00,35.466281
2013-03-18 19:00:00,29.990417
2013-03-18 20:00:00,35.851234
2013-03-18 21:00:00,33.717975
2013-03-18 22:00:00,21.322775
2013-03-18 23:00:00,7.403988
2013-03-19 00:00:00,29.273317
2013-03-19 01:00:00,31.917781
2013-03-19 02:00:00,32.948034
2013-03-19 03:00:00,24.358096
2013-03-19 04:00:00,24.818538
2013-03-19 05:00:00,35.520001
2013-03-19 06:00:00,37.155838
2013-03-19 07:00:00,36.76069
2013-03-19 08:00:00,33.365655
2013-03-19 09:00:00,33.883214
2013-03-19 10:00:00,31.930287
2013-03-19 11:00:00,34.288829
2013-03-19 12:00:00,37.530437
2013-03-19 13:00:00,33.38448
2013-03-19 14:00:00,32.681473
2013-03-19 15:00:00,31.292929
2013-03-19 16:00:00,29.974598
2013-03-19 17:00:00,28.361202
2013-03-19 18:00:00,34.22173
2013-03-19 19:00:00,32.58962
2013-03-19 20:00:00,34.664442
2013-03-19 21:00:00,34.345257
2013-03-19 22:00:00,29.821472
2013-03-19 23:00:00,4.753157
2013-03-20 00:00:00,35.224233
2013-03-20 01:00:00,33.300898
2013-03-20 02:00:00,29.337815
2013-03-20 03:00:00,33.498141
2013-03-20 04:00:00,31.941082
2013-03-20 05:00:00,34.955456
2013-03-20 06:00:00,28.611287
2013-03-20 07:00:00,30.616391
2013-03-20 08:00:00,33.91746
2013-03-20 09:00:00,36.293523
2013-03-20 10:00:00,36.78403
2013-03-20 11:00:00,35.877705
2013-03-20 12:00:00,33.215668
2013-03-20 13:00:00,32.547257
2013-03-20 14:00:00,32.846998
2013-03-20 15:00:00,32.893689
2013-03-20 16:00:00,33.991655
2013-03-20 17:00:00,30.855794
2013-03-20 18:00:00,36.65783
2013-03-20 19:00:00,35.486619
2013-03-20 20:00:00,38.263046
2013-03-20 21:00:00,32.949016
2013-03-20 22:00:00,25.504876
2013-03-20 23:00:00,6.130356
2013-03-21 00:00:00,27.257439
2013-03-21 01:00:00,29.225904
2013-03-21 02:00:00,31.112273
2013-03-21 03:00:00,32.742078
2013-03-21 04:00:00,26.19749
2013-03-21 05:00:00,33.25186
2013-03-21 06:00:00,26.144124
2013-03-21 07:00:00,29.129772
2013-03-21 08:00:00,34.378005
2013-03-21 09:00:00,29.093885
2013-03-21 10:00:00,36.494712
2013-03-21 11:00:00,32.307813
2013-03-21 12:00:00,32.939161
2013-03-21 13:00:00,31.721813
2013-03-21 14:00:00,34.980072
2013-03-21 15:00:00,30.132787
2013-03-21 16:00:00,33.589389
2013-03-21 17:00:00,28.189371
2013-03-21 18:00:00,32.815098
2013-03-21 19:00:00,32.032875
2013-03-21 20:00:00,30.226212
2013-03-21 21:00:00,32.058175
2013-03-21 22:00:00,30.12125
2013-03-21 23:00:00,28.12411
2013-03-22 00:00:00,28.590982
2013-03-22 01:00:00,29.315197
2013-03-22 02:00:00,24.249671
2013-03-22 03:00:00,28.28817
2013-03-22 04:00:00,28.686531
2013-03-22 05:00:00,33.281218
2013-03-22 06:00:00,36.807974
2013-03-22 07:00:00,36.000237
2013-03-22 08:00:00,36.469527
2013-03-22 09:00:00,34.477387
2013-03-22 10:00:00,31.98143
2013-03-22 11:00:00,30.492481
2013-03-22 12:00:00,28.666825
2013-03-22 13:00:00,30.275362
2013-03-22 14:00:00,30.374016
2013-03-22 15:00:00,31.711614
2013-03-22 16:00:00,29.023984
2013-03-22 17:00:00,30.130438
2013-03-22 18:00:00,35.691227
2013-03-22 19:00:00,32.698612
2013-03-22 20:00:00,34.071648
2013-03-22 21:00:00,32.102934
2013-03-22 22:00:00,30.127432
2013-03-22 23:00:00,29.932527
2013-03-23 00:00:00,36.453067
2013-03-23 01:00:00,28.338037
2013-03-23 02:00:00,33.055597
2013-03-23 03:00:00,30.554962
2013-03-23 04:00:00,31.503203
2013-03-23 05:00:00,31.476825
2013-03-23 06:00:00,29.901809
2013-03-23 07:00:00,33.840216
2013-03-23 08:00:00,32.107002
2013-03-23 09:00:00,30.064611
2013-03-23 10:00:00,36.63158
2013-03-23 11:00:00,32.323746
2013-03-23 12:00:00,27.724288
2013-03-23 13:00:00,30.474034
2013-03-23 14:00:00,26.851978
2013-03-23 15:00:00,29.858069
2013-03-23 16:00:00,36.362688
2013-03-23 17:00:00,31.998035
2013-03-23 18:00:00,33.910306
2013-03-23 19:00:00,34.828768
2013-03-23 20:00:00,33.613847
2013-03-23 21:00:00,30.743047
2013-03-23 22:00:00,29.700472
2013-03-23 23:00:00,6.439457
2013-03-24 00:00:00,30.934757
2013-03-24 01:00:00,29.464545
2013-03-24 02:00:00,33.698897
2013-03-24 03:00:00,27.657674
2013-03-24 04:00:00,28.2409
2013-03-24 05:00:00,28.266363
2013-03-24 06:00:00,30.037948
2013-03-24 07:00:00,31.125063
2013-03-24 08:00:00,31.44238
2013-03-24 09:00:00,33.153091
2013-03-24 10:00:00,34.660344
2013-03-24 11:00:00,36.186097
2013-03-24 12:00:00,35.825343
2013-03-24 13:00:00,31.889866
2013-03-24 14:00:00,33.030106
2013-03-24 15:00:00,34.077921
2013-03-24 16:00:00,33.450013
2013-03-24 17:00:00,35.925979
2013-03-24 18:00:00,32.243133
2013-03-24 19:00:00,35.270753
2013-03-24 20:00:00,35.491849
2013-03-24 21:00:00,31.783603
2013-03-24 22:00:00,23.549745
2013-03-24 23:00:00,6.783902
2013-03-25 00:00:00,28.253364
2013-03-25 01:00:00,32.004828
2013-03-25 02:00:00,24.171053
2013-03-25 03:00:00,25.974216
2013-03-25 04:00:00,33.281851
2013-03-25 05:00:00,33.429043
2013-03-25 06:00:00,26.453519
2013-03-25 07:00:00,35.1206
2013-03-25 08:00:00,32.152481
2013-03-25 09:00:00,33.586383
2013-03-25 10:00:00,35.570021
2013-03-25 11:00:00,33.00623
2013-03-25 12:00:00,33.05677
2013-03-25 13:00:00,33.707469
2013-03-25 14:00:00,33.618922
2013-03-25 15:00:00,33.030431
2013-03-25 16:00:00,34.491234
2013-03-25 17:00:00,30.800882
2013-03-25 18:00:00,32.72498
2013-03-25 19:00:00,36.820732
2013-03-25 20:00:00,32.717259
2013-03-25 21:00:00,30.206122
2013-03-25 22:00:00,24.203185
2013-03-25 23:00:00,6.117193
2013-03-26 00:00:00,29.057301
2013-03-26 01:00:00,29.212234
2013-03-26 02:00:00,28.765355
2013-03-26 03:00:00,30.29865
2013-03-26 04:00:00,27.057352
2013-03-26 05:00:00,26.427498
2013-03-26 06:00:00,22.766158
2013-03-26 07:00:00,29.496074
2013-03-26 08:00:00,28.613516
2013-03-26 09:00:00,31.181632
2013-03-26 10:00:00,32.220288
2013-03-26 11:00:00,30.623826
2013-03-26 12:00:00,30.87458
2013-03-26 13:00:00,34.028684
2013-03-26 14:00:00,30.230265
2013-03-26 15:00:00,31.272782
2013-03-26 16:00:00,34.04236
2013-03-26 17:00:00,27.074448
2013-03-26 18:00:00,33.645266
2013-03-26 19:00:00,35.18303
2013-03-26 20:00:00,32.269364
2013-03-26 21:00:00,28.970426
2013-03-26 22:00:00,23.644545
2013-03-26 23:00:00,2.84
2013-03-27 00:00:00,27.894795
2013-03-27 01:00:00,25.826183
2013-03-27 02:00:00,26.938989
2013-03-27 03:00:00,24.129237
2013-03-27 04:00:00,26.635734
2013-03-27 05:00:00,27.759439
2013-03-27 06:00:00,28.639161
2013-03-27 07:00:00,30.870274
2013-03-27 08:00:00,37.104061
2013-03-27 09:00:00,25.189954
2013-03-27 10:00:00,31.187319
2013-03-27 11:00:00,34.561409
2013-03-27 12:00:00,24.181628
2013-03-27 13:00:00,25.237392
2013-03-27 14:00:00,25.512029
2013-03-27 15:00:00,36.609768
2013-03-27 16:00:00,28.838451
2013-03-27 17:00:00,24.649538
2013-03-27 18:00:00,32.814774
2013-03-27 19:00:00,30.738777
2013-03-27 20:00:00,28.30403
2013-03-27 21:00:00,28.685015
2013-03-27 22:00:00,23.431455
2013-03-27 23:00:00,24.163595
2013-03-28 00:00:00,23.306526
2013-03-28 01:00:00,22.216568
2013-03-28 02:00:00,27.728991
2013-03-28 03:00:00,29.486823
2013-03-28 04:00:00,24.747195
2013-03-28 05:00:00,30.163553
2013-03-28 06:00:00,24.702312
2013-03-28 07:00:00,31.789702
2013-03-28 08:00:00,29.91506
2013-03-28 09:00:00,31.4105
2013-03-28 10:00:00,31.333471
2013-03-28 11:00:00,29.560078
2013-03-28 12:00:00,30.339409
2013-03-28 13:00:00,33.323129
2013-03-28 14:00:00,27.872438
2013-03-28 15:00:00,33.216504
2013-03-28 16:00:00,34.300082
2013-03-28 17:00:00,31.979777
2013-03-28 18:00:00,28.917607
2013-03-28 19:00:00,36.108198
2013-03-28 20:00:00,34.721152
2013-03-28 21:00:00,31.998063
2013-03-28 22:00:00,27.507839
2013-03-28 23:00:00,27.562197
2013-03-29 00:00:00,30.737368
2013-03-29 01:00:00,29.63896
2013-03-29 02:00:00,31.362102
2013-03-29 03:00:00,28.010532
2013-03-29 04:00:00,26.634997
2013-03-29 05:00:00,27.322903
2013-03-29 06:00:00,25.316604
2013-03-29 07:00:00,27.910814
2013-03-29 08:00:00,27.652445
2013-03-29 09:00:00,25.324698
2013-03-29 10:00:00,29.26518
2013-03-29 11:00:00,32.738233
2013-03-29 12:00:00,35.378402
2013-03-29 13:00:00,25.483059
2013-03-29 14:00:00,27.279548
2013-03-29 15:00:00,30.692612
2013-03-29 16:00:00,35.458427
2013-03-29 17:00:00,31.72624
2013-03-29 18:00:00,33.179616
2013-03-29 19:00:00,37.00985
2013-03-29 20:00:00,34.472835
2013-03-29 21:00:00,33.093747
2013-03-29 22:00:00,19.325669
2013-03-29 23:00:00,8.523988
2013-03-30 00:00:00,29.424082
2013-03-30 01:00:00,27.311616
2013-03-30 02:00:00,25.367789
2013-03-30 03:00:00,28.723682
2013-03-30 04:00:00,30.806434
2013-03-30 05:00:00,28.521357
2013-03-30 06:00:00,28.56124
2013-03-30 07:00:00,29.118989
2013-03-30 08:00:00,28.424903
2013-03-30 09:00:00,29.202397
2013-03-30 10:00:00,29.054522
2013-03-30 11:00:00,30.929674
2013-03-30 12:00:00,30.385365
2013-03-30 13:00:00,31.448795
2013-03-30 14:00:00,31.696064
2013-03-30 15:00:00,33.800378
2013-03-30 16:00:00,38.736996
2013-03-30 17:00:00,33.030584
2013-03-30 18:00:00,37.886798
2013-03-30 19:00:00,37.629926
2013-03-30 20:00:00,34.133369
2013-03-30 21:00:00,32.955355
2013-03-30 22:00:00,30.863142
2013-03-30 23:00:00,6.743442
2013-03-31 00:00:00,28.6822
2013-03-31 01:00:00,26.457035
2013-03-31 02:00:00,24.448736
2013-03-31 03:00:00,24.784328
2013-03-31 04:00:00,26.784994
2013-03-31 05:00:00,29.862827
2013-03-31 06:00:00,35.094605
2013-03-31 07:00:00,31.79251
2013-03-31 08:00:00,32.977095
2013-03-31 09:00:00,33.841742
2013-03-31 10:00:00,29.520395
2013-03-31 11:00:00,31.292727
2013-03-31 12:00:00,34.626186
2013-03-31 13:00:00,31.555976
2013-03-31 14:00:00,30.638021
2013-03-31 15:00:00,28.30543
2013-03-31 16:00:00,33.111907
2013-03-31 17:00:00,29.349123
2013-03-31 18:00:00,31.091205
2013-03-31 19:00:00,32.077943
2013-03-31 20:00:00,30.418775
2013-03-31 21:00:00,31.516983
2013-03-31 22:00:00,29.883731
2013-03-31 23:00:00,5.224927
2013-04-01 00:00:00,33.643658
2013-04-01 01:00:00,26.449648
2013-04-01 02:00:00,28.954248
2013-04-01 03:00:00,31.800568
2013-04-01 04:00:00,31.383543
2013-04-01 05:00:00,32.449625
2013-04-01 06:00:00,29.837423
2013-04-01 07:00:00,29.934319
2013-04-01 08:00:00,31.043504
2013-04-01 09:00:00,34.757789
2013-04-01 10:00:00,31.880893
2013-04-01 11:00:00,36.395061
2013-04-01 12:00:00,35.28589
2013-04-01 13:00:00,30.541907
2013-04-01 14:00:00,27.808344
2013-04-01 15:00:00,30.606498
2013-04-01 16:00:00,32.138944
2013-04-01 17:00:00,30.607181
2013-04-01 18:00:00,34.507946
2013-04-01 19:00:00,36.116738
2013-04-01 20:00:00,32.241911
2013-04-01 21:00:00,29.161151
2013-04-01 22:00:00,28.816152
2013-04-01 23:00:00,5.863042
2013-04-02 00:00:00,33.542644
2013-04-02 01:00:00,32.709617
2013-04-02 02:00:00,30.361269
2013-04-02 03:00:00,33.970637
2013-04-02 04:00:00,35.760505
2013-04-02 05:00:00,37.922591
2013-04-02 06:00:00,32.918049
2013-04-02 07:00:00,36.221923
2013-04-02 08:00:00,34.699045
2013-04-02 09:00:00,35.719236
2013-04-02 10:00:00,28.353117
2013-04-02 11:00:00,34.393162
2013-04-02 12:00:00,32.552008
2013-04-02 13:00:00,33.708623
2013-04-02 14:00:00,36.003238
2013-04-02 15:00:00,28.583475
2013-04-02 16:00:00,34.138191
2013-04-02 17:00:00,33.307751
2013-04-02 18:00:00,37.149617
2013-04-02 19:00:00,40.733026
2013-04-02 20:00:00,35.608411
2013-04-02 21:00:00,34.32445
2013-04-02 22:00:00,28.631226
2013-04-02 23:00:00,4.023074
2013-04-03 00:00:00,33.907239
2013-04-03 01:00:00,34.462706
2013-04-03 02:00:00,34.012904
2013-04-03 03:00:00,30.303188
2013-04-03 04:00:00,34.199177
2013-04-03 05:00:00,31.911567
2013-04-03 06:00:00,31.304297
2013-04-03 07:00:00,37.060459
2013-04-03 08:00:00,36.888325
2013-04-03 09:00:00,37.909739
2013-04-03 10:00:00,35.016323
2013-04-03 11:00:00,29.729379
2013-04-03 12:00:00,32.971899
2013-04-03 13:00:00,33.377656
2013-04-03 14:00:00,34.868379
2013-04-03 15:00:00,30.350948
2013-04-03 16:00:00,28.735311
2013-04-03 17:00:00,31.480015
2013-04-03 18:00:00,35.655502
2013-04-03 19:00:00,34.994084
2013-04-03 20:00:00,32.832474
2013-04-03 21:00:00,31.341424
2013-04-03 22:00:00,30.365787
2013-04-03 23:00:00,4.563707
2013-04-04 00:00:00,32.048727
2013-04-04 01:00:00,36.744183
2013-04-04 02:00:00,33.047501
2013-04-04 03:00:00,36.529174
2013-04-04 04:00:00,33.898999
2013-04-04 05:00:00,34.456185
2013-04-04 06:00:00,32.4294
2013-04-04 07:00:00,29.263473
2013-04-04 08:00:00,32.056495
2013-04-04 09:00:00,34.586297
2013-04-04 10:00:00,35.321894
2013-04-04 11:00:00,30.599071
2013-04-04 12:00:00,34.779989
2013-04-04 13:00:00,34.196275
2013-04-04 14:00:00,31.505365
2013-04-04 15:00:00,29.14588
2013-04-04 16:00:00,32.236339
2013-04-04 17:00:00,33.668495
2013-04-04 18:00:00,33.088101
2013-04-04 19:00:00,33.910759
2013-04-04 20:00:00,31.809859
2013-04-04 21:00:00,29.288301
2013-04-04 22:00:00,28.630899
2013-04-04 23:00:00,30.680673
2013-04-05 00:00:00,31.322422
2013-04-05 01:00:00,33.639548
2013-04-05 02:00:00,31.717289
2013-04-05 03:00:00,30.085558
2013-04-05 04:00:00,29.465373
2013-04-05 05:00:00,35.17823
2013-04-05 06:00:00,34.464143
2013-04-05 07:00:00,35.199846
2013-04-05 08:00:00,34.364754
2013-04-05 09:00:00,33.609183
2013-04-05 10:00:00,34.427959
2013-04-05 11:00:00,31.099523
2013-04-05 12:00:00,31.737223
2013-04-05 13:00:00,36.5283
2013-04-05 14:00:00,32.769411
2013-04-05 15:00:00,32.118639
2013-04-05 16:00:00,30.796297
2013-04-05 17:00:00,30.118589
2013-04-05 18:00:00,33.733738
2013-04-05 19:00:00,36.76975
2013-04-05 20:00:00,36.251415
2013-04-05 21:00:00,31.10352
2013-04-05 22:00:00,28.958285
2013-04-05 23:00:00,32.501212
2013-04-06 00:00:00,32.106388
2013-04-06 01:00:00,31.173343
2013-04-06 02:00:00,30.011483
2013-04-06 03:00:00,31.718579
2013-04-06 04:00:00,37.927241
2013-04-06 05:00:00,36.913361
2013-04-06 06:00:00,35.67515
2013-04-06 07:00:00,37.730225
2013-04-06 08:00:00,35.235862
2013-04-06 09:00:00,36.169304
2013-04-06 10:00:00,31.245274
2013-04-06 11:00:00,31.294554
2013-04-06 12:00:00,31.397107
2013-04-06 13:00:00,32.398772
2013-04-06 14:00:00,34.722832
2013-04-06 15:00:00,33.038244
2013-04-06 16:00:00,32.493882
2013-04-06 17:00:00,26.971314
2013-04-06 18:00:00,34.879863
2013-04-06 19:00:00,33.347254
2013-04-06 20:00:00,35.552247
2013-04-06 21:00:00,34.095969
2013-04-06 22:00:00,32.439159
2013-04-06 23:00:00,24.891956
2013-04-07 00:00:00,29.63169
2013-04-07 01:00:00,28.210023
2013-04-07 02:00:00,39.90619
2013-04-07 03:00:00,32.281682
2013-04-07 04:00:00,30.561221
2013-04-07 05:00:00,29.331537
2013-04-07 06:00:00,29.903061
2013-04-07 07:00:00,33.813342
2013-04-07 08:00:00,32.393159
2013-04-07 09:00:00,32.15941
2013-04-07 10:00:00,37.838615
2013-04-07 11:00:00,31.706465
2013-04-07 12:00:00,34.810696
2013-04-07 13:00:00,34.998074
2013-04-07 14:00:00,35.305132
2013-04-07 15:00:00,33.162816
2013-04-07 16:00:00,32.87294
2013-04-07 17:00:00,30.736506
2013-04-07 18:00:00,32.748977
2013-04-07 19:00:00,35.34242
2013-04-07 20:00:00,32.080368
2013-04-07 21:00:00,34.723866
2013-04-07 22:00:00,29.123859
2013-04-07 23:00:00,2.42
2013-04-08 00:00:00,35.031902
2013-04-08 01:00:00,33.611236
2013-04-08 02:00:00,33.710752
2013-04-08 03:00:00,34.361682
2013-04-08 04:00:00,34.573692
2013-04-08 05:00:00,35.993042
2013-04-08 06:00:00,35.647158
2013-04-08 07:00:00,39.093286
2013-04-08 08:00:00,43.627704
2013-04-08 09:00:00,43.430833
2013-04-08 10:00:00,43.936379
2013-04-08 11:00:00,43.219606
2013-04-08 12:00:00,43.374513
2013-04-08 13:00:00,43.463193
2013-04-08 14:00:00,43.743602
2013-04-08 15:00:00,43.351706
2013-04-08 16:00:00,43.644732
2013-04-08 17:00:00,43.862232
2013-04-08 18:00:00,43.520679
2013-04-08 19:00:00,43.709286
2013-04-08 20:00:00,43.706098
2013-04-08 21:00:00,43.756029
2013-04-08 22:00:00,41.43970399
2013-04-08 23:00:00,6.666007
2013-04-09 00:00:00,41.472441
2013-04-09 01:00:00,41.682874
2013-04-09 02:00:00,41.722261
2013-04-09 03:00:00,41.77925
2013-04-09 04:00:00,41.647943
2013-04-09 05:00:00,41.814465
2013-04-09 06:00:00,41.670495
2013-04-09 07:00:00,43.643738
2013-04-09 08:00:00,43.929907
2013-04-09 09:00:00,43.658386
2013-04-09 10:00:00,43.8978
2013-04-09 11:00:00,43.852529
2013-04-09 12:00:00,43.89672
2013-04-09 13:00:00,43.89672
2013-04-09 14:00:00,43.654052
2013-04-09 15:00:00,43.94458
2013-04-09 16:00:00,43.569579
2013-04-09 17:00:00,43.698048
2013-04-09 18:00:00,43.731726
2013-04-09 19:00:00,43.879226
2013-04-09 20:00:00,43.696358
2013-04-09 21:00:00,43.785932
2013-04-09 22:00:00,36.59390099
2013-04-09 23:00:00,6.282644
2013-04-10 00:00:00,43.623735
2013-04-10 01:00:00,43.723824
2013-04-10 02:00:00,43.72119
2013-04-10 03:00:00,43.556729
2013-04-10 04:00:00,43.741145
2013-04-10 05:00:00,43.68582
2013-04-10 06:00:00,44.156377
2013-04-10 07:00:00,43.700501
2013-04-10 08:00:00,43.444894
2013-04-10 09:00:00,43.636117
2013-04-10 10:00:00,43.783717
2013-04-10 11:00:00,43.799532
2013-04-10 12:00:00,43.497886
2013-04-10 13:00:00,43.737792
2013-04-10 14:00:00,43.513704
2013-04-10 15:00:00,43.409098
2013-04-10 16:00:00,43.651153
2013-04-10 17:00:00,43.616292
2013-04-10 18:00:00,43.634185
2013-04-10 19:00:00,43.634185
2013-04-10 20:00:00,43.564435
2013-04-10 21:00:00,43.709565
2013-04-10 22:00:00,34.17303099
2013-04-10 23:00:00,2.42
2013-04-11 00:00:00,42.712125
2013-04-11 01:00:00,43.78345
2013-04-11 02:00:00,43.804008
2013-04-11 03:00:00,43.787619
2013-04-11 04:00:00,43.636606
2013-04-11 05:00:00,43.82611
2013-04-11 06:00:00,43.973946
2013-04-11 07:00:00,44.208394
2013-04-11 08:00:00,43.819729
2013-04-11 09:00:00,43.916889
2013-04-11 10:00:00,44.167258
2013-04-11 11:00:00,43.929555
2013-04-11 12:00:00,43.754681
2013-04-11 13:00:00,43.799032
2013-04-11 14:00:00,43.957002
2013-04-11 15:00:00,43.847484
2013-04-11 16:00:00,44.021473
2013-04-11 17:00:00,43.907154
2013-04-11 18:00:00,43.713411
2013-04-11 19:00:00,43.824016
2013-04-11 20:00:00,43.802287
2013-04-11 21:00:00,43.762579
2013-04-11 22:00:00,43.79379
2013-04-11 23:00:00,43.944697
2013-04-12 00:00:00,43.608465
2013-04-12 01:00:00,43.915034
2013-04-12 02:00:00,43.742927
2013-04-12 03:00:00,43.983343
2013-04-12 04:00:00,43.773585
2013-04-12 05:00:00,43.786271
2013-04-12 06:00:00,43.886377
2013-04-12 07:00:00,44.095173
2013-04-12 08:00:00,43.927577
2013-04-12 09:00:00,43.794944
2013-04-12 10:00:00,43.923842
2013-04-12 11:00:00,43.862268
2013-04-12 12:00:00,43.898329
2013-04-12 13:00:00,43.836731
2013-04-12 14:00:00,43.836731
2013-04-12 15:00:00,43.949258
2013-04-12 16:00:00,44.052292
2013-04-12 17:00:00,43.860531
2013-04-12 18:00:00,43.767011
2013-04-12 19:00:00,43.958266
2013-04-12 20:00:00,44.143175
2013-04-12 21:00:00,43.813715
2013-04-12 22:00:00,43.882248
2013-04-12 23:00:00,31.026168
2013-04-13 00:00:00,2.42
2013-04-13 01:00:00,2.42
2013-04-13 02:00:00,2.42
2013-04-13 03:00:00,2.42
2013-04-13 04:00:00,2.42
2013-04-13 05:00:00,2.42
2013-04-13 06:00:00,2.42
2013-04-13 07:00:00,2.42
2013-04-13 08:00:00,2.42
2013-04-13 09:00:00,2.42
2013-04-13 10:00:00,2.42
2013-04-13 11:00:00,2.42
2013-04-13 12:00:00,2.42
2013-04-13 13:00:00,2.42
2013-04-13 14:00:00,2.42
2013-04-13 15:00:00,2.42
2013-04-13 16:00:00,2.42
2013-04-13 17:00:00,2.42
2013-04-13 18:00:00,2.42
2013-04-13 19:00:00,2.42
2013-04-13 20:00:00,2.42
2013-04-13 21:00:00,2.42
2013-04-13 22:00:00,2.42
2013-04-13 23:00:00,0
2013-04-14 00:00:00,2.42
2013-04-14 01:00:00,2.42
2013-04-14 02:00:00,2.42
2013-04-14 03:00:00,2.42
2013-04-14 04:00:00,2.42
2013-04-14 05:00:00,2.42
2013-04-14 06:00:00,0
2013-04-14 07:00:00,0
2013-04-14 08:00:00,0
2013-04-14 09:00:00,0
2013-04-14 10:00:00,0
2013-04-14 11:00:00,0
2013-04-14 12:00:00,0
2013-04-14 13:00:00,0
2013-04-14 14:00:00,0
2013-04-14 15:00:00,0
2013-04-14 16:00:00,0
2013-04-14 17:00:00,0
2013-04-14 18:00:00,0
2013-04-14 19:00:00,0
2013-04-14 20:00:00,0
2013-04-14 21:00:00,0
2013-04-14 22:00:00,0
2013-04-14 23:00:00,0
2013-04-15 00:00:00,2.42
2013-04-15 01:00:00,2.42
2013-04-15 02:00:00,2.42
2013-04-15 03:00:00,2.42
2013-04-15 04:00:00,2.42
2013-04-15 05:00:00,2.42
2013-04-15 06:00:00,2.42
2013-04-15 07:00:00,2.42
2013-04-15 08:00:00,2.42
2013-04-15 09:00:00,2.42
2013-04-15 10:00:00,2.42
2013-04-15 11:00:00,2.42
2013-04-15 12:00:00,2.42
2013-04-15 13:00:00,2.42
2013-04-15 14:00:00,2.42
2013-04-15 15:00:00,2.42
2013-04-15 16:00:00,2.42
2013-04-15 17:00:00,2.42
2013-04-15 18:00:00,2.42
2013-04-15 19:00:00,2.42
2013-04-15 20:00:00,2.42
2013-04-15 21:00:00,2.42
2013-04-15 22:00:00,2.42
2013-04-15 23:00:00,2.42
2013-04-16 00:00:00,2.42
2013-04-16 01:00:00,2.42
2013-04-16 02:00:00,2.42
2013-04-16 03:00:00,2.42
2013-04-16 04:00:00,2.42
2013-04-16 05:00:00,2.42
2013-04-16 06:00:00,2.42
2013-04-16 07:00:00,2.42
2013-04-16 08:00:00,2.42
2013-04-16 09:00:00,2.42
2013-04-16 10:00:00,2.42
2013-04-16 11:00:00,2.42
2013-04-16 12:00:00,2.42
2013-04-16 13:00:00,2.42
2013-04-16 14:00:00,2.42
2013-04-16 15:00:00,2.42
2013-04-16 16:00:00,2.42
2013-04-16 17:00:00,2.42
2013-04-16 18:00:00,2.42
2013-04-16 19:00:00,2.42
2013-04-16 20:00:00,2.42
2013-04-16 21:00:00,2.42
2013-04-16 22:00:00,2.42
2013-04-16 23:00:00,2.42
2013-04-17 00:00:00,2.42
2013-04-17 01:00:00,2.42
2013-04-17 02:00:00,2.42
2013-04-17 03:00:00,2.42
2013-04-17 04:00:00,2.42
2013-04-17 05:00:00,2.42
2013-04-17 06:00:00,2.42
2013-04-17 07:00:00,2.42
2013-04-17 08:00:00,2.42
2013-04-17 09:00:00,2.42
2013-04-17 10:00:00,2.42
2013-04-17 11:00:00,2.42
2013-04-17 12:00:00,2.42
2013-04-17 13:00:00,2.42
2013-04-17 14:00:00,2.42
2013-04-17 15:00:00,2.42
2013-04-17 16:00:00,2.42
2013-04-17 17:00:00,2.42
2013-04-17 18:00:00,2.42
2013-04-17 19:00:00,2.42
2013-04-17 20:00:00,2.42
2013-04-17 21:00:00,2.42
2013-04-17 22:00:00,2.42
2013-04-17 23:00:00,2.42
2013-04-18 00:00:00,2.42
2013-04-18 01:00:00,2.42
2013-04-18 02:00:00,2.42
2013-04-18 03:00:00,2.42
2013-04-18 04:00:00,2.42
2013-04-18 05:00:00,2.42
2013-04-18 06:00:00,2.42
2013-04-18 07:00:00,2.42
2013-04-18 08:00:00,2.42
2013-04-18 09:00:00,2.42
2013-04-18 10:00:00,2.42
2013-04-18 11:00:00,2.42
2013-04-18 12:00:00,2.42
2013-04-18 13:00:00,2.42
2013-04-18 14:00:00,2.42
2013-04-18 15:00:00,2.42
2013-04-18 16:00:00,2.42
2013-04-18 17:00:00,2.42
2013-04-18 18:00:00,2.42
2013-04-18 19:00:00,2.42
2013-04-18 20:00:00,2.42
2013-04-18 21:00:00,2.42
2013-04-18 22:00:00,2.42
2013-04-18 23:00:00,2.42
2013-04-19 00:00:00,2.42
2013-04-19 01:00:00,2.42
2013-04-19 02:00:00,2.42
2013-04-19 03:00:00,2.42
2013-04-19 04:00:00,2.42
2013-04-19 05:00:00,2.42
2013-04-19 06:00:00,2.42
2013-04-19 07:00:00,2.42
2013-04-19 08:00:00,2.42
2013-04-19 09:00:00,2.42
2013-04-19 10:00:00,2.42
2013-04-19 11:00:00,2.42
2013-04-19 12:00:00,2.42
2013-04-19 13:00:00,2.42
2013-04-19 14:00:00,2.42
2013-04-19 15:00:00,2.42
2013-04-19 16:00:00,2.42
2013-04-19 17:00:00,2.42
2013-04-19 18:00:00,2.42
2013-04-19 19:00:00,2.42
2013-04-19 20:00:00,2.42
2013-04-19 21:00:00,2.42
2013-04-19 22:00:00,2.42
2013-04-19 23:00:00,2.42
2013-04-20 00:00:00,2.42
2013-04-20 01:00:00,2.42
2013-04-20 02:00:00,2.42
2013-04-20 03:00:00,2.42
2013-04-20 04:00:00,2.42
2013-04-20 05:00:00,2.42
2013-04-20 06:00:00,2.42
2013-04-20 07:00:00,2.42
2013-04-20 08:00:00,2.42
2013-04-20 09:00:00,2.42
2013-04-20 10:00:00,2.42
2013-04-20 11:00:00,2.42
2013-04-20 12:00:00,2.42
2013-04-20 13:00:00,2.42
2013-04-20 14:00:00,2.42
2013-04-20 15:00:00,2.42
2013-04-20 16:00:00,2.42
2013-04-20 17:00:00,2.42
2013-04-20 18:00:00,2.42
2013-04-20 19:00:00,2.42
2013-04-20 20:00:00,2.42
2013-04-20 21:00:00,2.42
2013-04-20 22:00:00,2.42
2013-04-20 23:00:00,2.42
2013-04-21 00:00:00,2.42
2013-04-21 01:00:00,2.42
2013-04-21 02:00:00,2.42
2013-04-21 03:00:00,2.42
2013-04-21 04:00:00,2.42
2013-04-21 05:00:00,2.42
2013-04-21 06:00:00,2.42
2013-04-21 07:00:00,2.42
2013-04-21 08:00:00,2.42
2013-04-21 09:00:00,2.42
2013-04-21 10:00:00,2.42
2013-04-21 11:00:00,2.42
2013-04-21 12:00:00,2.42
2013-04-21 13:00:00,2.42
2013-04-21 14:00:00,2.42
2013-04-21 15:00:00,2.42
2013-04-21 16:00:00,2.42
2013-04-21 17:00:00,2.42
2013-04-21 18:00:00,2.42
2013-04-21 19:00:00,2.42
2013-04-21 20:00:00,2.42
2013-04-21 21:00:00,2.42
2013-04-21 22:00:00,2.42
2013-04-21 23:00:00,2.42
2013-04-22 00:00:00,2.42
2013-04-22 01:00:00,2.42
2013-04-22 02:00:00,2.42
2013-04-22 03:00:00,2.42
2013-04-22 04:00:00,2.42
2013-04-22 05:00:00,2.42
2013-04-22 06:00:00,2.42
2013-04-22 07:00:00,2.42
2013-04-22 08:00:00,2.42
2013-04-22 09:00:00,2.42
2013-04-22 10:00:00,2.42
2013-04-22 11:00:00,2.42
2013-04-22 12:00:00,2.42
2013-04-22 13:00:00,2.42
2013-04-22 14:00:00,2.42
2013-04-22 15:00:00,2.42
2013-04-22 16:00:00,2.42
2013-04-22 17:00:00,2.42
2013-04-22 18:00:00,2.42
2013-04-22 19:00:00,2.42
2013-04-22 20:00:00,2.42
2013-04-22 21:00:00,2.42
2013-04-22 22:00:00,2.42
2013-04-22 23:00:00,2.42
2013-04-23 00:00:00,2.42
2013-04-23 01:00:00,2.42
2013-04-23 02:00:00,2.42
2013-04-23 03:00:00,2.42
2013-04-23 04:00:00,2.42
2013-04-23 05:00:00,2.42
2013-04-23 06:00:00,2.42
2013-04-23 07:00:00,2.42
2013-04-23 08:00:00,2.42
2013-04-23 09:00:00,2.42
2013-04-23 10:00:00,2.42
2013-04-23 11:00:00,2.42
2013-04-23 12:00:00,2.42
2013-04-23 13:00:00,2.42
2013-04-23 14:00:00,2.42
2013-04-23 15:00:00,2.42
2013-04-23 16:00:00,2.42
2013-04-23 17:00:00,2.42
2013-04-23 18:00:00,2.42
2013-04-23 19:00:00,2.42
2013-04-23 20:00:00,2.42
2013-04-23 21:00:00,2.42
2013-04-23 22:00:00,2.42
2013-04-23 23:00:00,2.42
2013-04-24 00:00:00,2.42
2013-04-24 01:00:00,2.42
2013-04-24 02:00:00,2.42
2013-04-24 03:00:00,2.42
2013-04-24 04:00:00,2.42
2013-04-24 05:00:00,2.42
2013-04-24 06:00:00,2.42
2013-04-24 07:00:00,2.42
2013-04-24 08:00:00,2.42
2013-04-24 09:00:00,2.42
2013-04-24 10:00:00,2.42
2013-04-24 11:00:00,2.42
2013-04-24 12:00:00,2.42
2013-04-24 13:00:00,2.42
2013-04-24 14:00:00,2.42
2013-04-24 15:00:00,2.42
2013-04-24 16:00:00,2.42
2013-04-24 17:00:00,2.42
2013-04-24 18:00:00,2.42
2013-04-24 19:00:00,2.42
2013-04-24 20:00:00,2.42
2013-04-24 21:00:00,2.42
2013-04-24 22:00:00,2.42
2013-04-24 23:00:00,2.42
2013-04-25 00:00:00,2.42
2013-04-25 01:00:00,2.42
2013-04-25 02:00:00,2.42
2013-04-25 03:00:00,2.42
2013-04-25 04:00:00,2.42
2013-04-25 05:00:00,2.42
2013-04-25 06:00:00,2.42
2013-04-25 07:00:00,2.42
2013-04-25 08:00:00,2.42
2013-04-25 09:00:00,2.42
2013-04-25 10:00:00,2.42
2013-04-25 11:00:00,2.42
2013-04-25 12:00:00,2.42
2013-04-25 13:00:00,2.42
2013-04-25 14:00:00,2.42
2013-04-25 15:00:00,2.42
2013-04-25 16:00:00,2.42
2013-04-25 17:00:00,2.42
2013-04-25 18:00:00,2.42
2013-04-25 19:00:00,2.42
2013-04-25 20:00:00,2.42
2013-04-25 21:00:00,2.42
2013-04-25 22:00:00,2.42
2013-04-25 23:00:00,2.42
2013-04-26 00:00:00,2.42
2013-04-26 01:00:00,2.42
2013-04-26 02:00:00,2.42
2013-04-26 03:00:00,2.42
2013-04-26 04:00:00,2.42
2013-04-26 05:00:00,2.42
2013-04-26 06:00:00,2.42
2013-04-26 07:00:00,2.42
2013-04-26 08:00:00,2.42
2013-04-26 09:00:00,2.42
2013-04-26 10:00:00,2.42
2013-04-26 11:00:00,2.42
2013-04-26 12:00:00,2.42
2013-04-26 13:00:00,2.42
2013-04-26 14:00:00,2.42
2013-04-26 15:00:00,2.42
2013-04-26 16:00:00,2.42
2013-04-26 17:00:00,2.42
2013-04-26 18:00:00,2.42
2013-04-26 19:00:00,2.42
2013-04-26 20:00:00,2.42
2013-04-26 21:00:00,2.42
2013-04-26 22:00:00,2.42
2013-04-26 23:00:00,2.42
2013-04-27 00:00:00,2.42
2013-04-27 01:00:00,2.42
2013-04-27 02:00:00,2.42
2013-04-27 03:00:00,2.42
2013-04-27 04:00:00,2.42
2013-04-27 05:00:00,2.42
2013-04-27 06:00:00,2.42
2013-04-27 07:00:00,2.42
2013-04-27 08:00:00,2.42
2013-04-27 09:00:00,2.42
2013-04-27 10:00:00,2.42
2013-04-27 11:00:00,2.42
2013-04-27 12:00:00,2.42
2013-04-27 13:00:00,2.42
2013-04-27 14:00:00,2.42
2013-04-27 15:00:00,2.42
2013-04-27 16:00:00,2.42
2013-04-27 17:00:00,2.42
2013-04-27 18:00:00,2.42
2013-04-27 19:00:00,2.42
2013-04-27 20:00:00,2.42
2013-04-27 21:00:00,2.42
2013-04-27 22:00:00,2.42
2013-04-27 23:00:00,2.42
2013-04-28 00:00:00,2.42
2013-04-28 01:00:00,2.42
2013-04-28 02:00:00,2.42
2013-04-28 03:00:00,2.42
2013-04-28 04:00:00,2.42
2013-04-28 05:00:00,2.42
2013-04-28 06:00:00,2.42
2013-04-28 07:00:00,2.42
2013-04-28 08:00:00,2.42
2013-04-28 09:00:00,2.42
2013-04-28 10:00:00,2.42
2013-04-28 11:00:00,2.42
2013-04-28 12:00:00,2.42
2013-04-28 13:00:00,2.42
2013-04-28 14:00:00,2.42
2013-04-28 15:00:00,2.42
2013-04-28 16:00:00,2.42
2013-04-28 17:00:00,2.42
2013-04-28 18:00:00,2.42
2013-04-28 19:00:00,2.42
2013-04-28 20:00:00,2.42
2013-04-28 21:00:00,2.42
2013-04-28 22:00:00,2.42
2013-04-28 23:00:00,2.42
2013-04-29 00:00:00,2.42
2013-04-29 01:00:00,2.42
2013-04-29 02:00:00,2.42
2013-04-29 03:00:00,2.42
2013-04-29 04:00:00,2.42
2013-04-29 05:00:00,2.42
2013-04-29 06:00:00,2.42
2013-04-29 07:00:00,2.42
2013-04-29 08:00:00,2.42
2013-04-29 09:00:00,2.42
2013-04-29 10:00:00,2.42
2013-04-29 11:00:00,2.42
2013-04-29 12:00:00,2.42
2013-04-29 13:00:00,2.42
2013-04-29 14:00:00,2.42
2013-04-29 15:00:00,2.42
2013-04-29 16:00:00,2.42
2013-04-29 17:00:00,2.42
2013-04-29 18:00:00,2.42
2013-04-29 19:00:00,2.42
2013-04-29 20:00:00,2.42
2013-04-29 21:00:00,2.42
2013-04-29 22:00:00,2.42
2013-04-29 23:00:00,2.42
2013-04-30 00:00:00,2.42
2013-04-30 01:00:00,2.42
2013-04-30 02:00:00,2.42
2013-04-30 03:00:00,2.42
2013-04-30 04:00:00,2.42
2013-04-30 05:00:00,2.42
2013-04-30 06:00:00,2.42
2013-04-30 07:00:00,2.42
2013-04-30 08:00:00,2.42
2013-04-30 09:00:00,2.42
2013-04-30 10:00:00,2.42
2013-04-30 11:00:00,2.42
2013-04-30 12:00:00,2.42
2013-04-30 13:00:00,2.42
2013-04-30 14:00:00,2.42
2013-04-30 15:00:00,2.42
2013-04-30 16:00:00,2.42
2013-04-30 17:00:00,2.42
2013-04-30 18:00:00,2.42
2013-04-30 19:00:00,2.42
2013-04-30 20:00:00,2.42
2013-04-30 21:00:00,2.42
2013-04-30 22:00:00,2.42
2013-04-30 23:00:00,2.42
2013-05-01 00:00:00,2.42
2013-05-01 01:00:00,2.42
2013-05-01 02:00:00,2.42
2013-05-01 03:00:00,2.42
2013-05-01 04:00:00,2.42
2013-05-01 05:00:00,2.42
2013-05-01 06:00:00,2.42
2013-05-01 07:00:00,2.42
2013-05-01 08:00:00,2.42
2013-05-01 09:00:00,2.42
2013-05-01 10:00:00,2.42
2013-05-01 11:00:00,2.42
2013-05-01 12:00:00,2.42
2013-05-01 13:00:00,2.42
2013-05-01 14:00:00,2.42
2013-05-01 15:00:00,2.42
2013-05-01 16:00:00,2.42
2013-05-01 17:00:00,2.42
2013-05-01 18:00:00,2.42
2013-05-01 19:00:00,2.42
2013-05-01 20:00:00,2.42
2013-05-01 21:00:00,2.42
2013-05-01 22:00:00,2.42
2013-05-01 23:00:00,2.42
2013-05-02 00:00:00,2.42
2013-05-02 01:00:00,2.42
2013-05-02 02:00:00,2.42
2013-05-02 03:00:00,2.42
2013-05-02 04:00:00,2.42
2013-05-02 05:00:00,2.42
2013-05-02 06:00:00,2.42
2013-05-02 07:00:00,2.42
2013-05-02 08:00:00,2.42
2013-05-02 09:00:00,2.42
2013-05-02 10:00:00,2.42
2013-05-02 11:00:00,2.42
2013-05-02 12:00:00,2.42
2013-05-02 13:00:00,2.42
2013-05-02 14:00:00,2.42
2013-05-02 15:00:00,2.42
2013-05-02 16:00:00,2.42
2013-05-02 17:00:00,2.42
2013-05-02 18:00:00,2.42
2013-05-02 19:00:00,2.42
2013-05-02 20:00:00,2.42
2013-05-02 21:00:00,2.42
2013-05-02 22:00:00,2.42
2013-05-02 23:00:00,2.42
2013-05-03 00:00:00,2.42
2013-05-03 01:00:00,2.42
2013-05-03 02:00:00,2.42
2013-05-03 03:00:00,2.42
2013-05-03 04:00:00,2.42
2013-05-03 05:00:00,2.42
2013-05-03 06:00:00,2.42
2013-05-03 07:00:00,2.42
2013-05-03 08:00:00,2.42
2013-05-03 09:00:00,2.42
2013-05-03 10:00:00,2.42
2013-05-03 11:00:00,2.42
2013-05-03 12:00:00,2.42
2013-05-03 13:00:00,2.42
2013-05-03 14:00:00,2.42
2013-05-03 15:00:00,2.42
2013-05-03 16:00:00,2.42
2013-05-03 17:00:00,2.42
2013-05-03 18:00:00,2.42
2013-05-03 19:00:00,2.42
2013-05-03 20:00:00,2.42
2013-05-03 21:00:00,2.42
2013-05-03 22:00:00,2.42
2013-05-03 23:00:00,2.42
2013-05-04 00:00:00,2.42
2013-05-04 01:00:00,2.42
2013-05-04 02:00:00,2.42
2013-05-04 03:00:00,2.42
2013-05-04 04:00:00,2.42
2013-05-04 05:00:00,2.42
2013-05-04 06:00:00,2.42
2013-05-04 07:00:00,2.42
2013-05-04 08:00:00,2.42
2013-05-04 09:00:00,2.42
2013-05-04 10:00:00,2.42
2013-05-04 11:00:00,2.42
2013-05-04 12:00:00,2.42
2013-05-04 13:00:00,2.42
2013-05-04 14:00:00,2.42
2013-05-04 15:00:00,2.42
2013-05-04 16:00:00,2.42
2013-05-04 17:00:00,2.42
2013-05-04 18:00:00,2.42
2013-05-04 19:00:00,2.42
2013-05-04 20:00:00,2.42
2013-05-04 21:00:00,2.42
2013-05-04 22:00:00,2.42
2013-05-04 23:00:00,2.42
2013-05-05 00:00:00,16.049496
2013-05-05 01:00:00,43.717279
2013-05-05 02:00:00,43.889821
2013-05-05 03:00:00,43.896695
2013-05-05 04:00:00,44.056001
2013-05-05 05:00:00,43.872799
2013-05-05 06:00:00,43.988555
2013-05-05 07:00:00,44.710909
2013-05-05 08:00:00,43.853113
2013-05-05 09:00:00,43.849357
2013-05-05 10:00:00,43.830762
2013-05-05 11:00:00,43.899827
2013-05-05 12:00:00,43.813715
2013-05-05 13:00:00,43.904051
2013-05-05 14:00:00,43.882248
2013-05-05 15:00:00,44.061361
2013-05-05 16:00:00,43.961395
2013-05-05 17:00:00,44.016703
2013-05-05 18:00:00,43.918306
2013-05-05 19:00:00,44.236925
2013-05-05 20:00:00,43.938499
2013-05-05 21:00:00,44.004466
2013-05-05 22:00:00,43.205724
2013-05-05 23:00:00,20.369388
2013-05-06 00:00:00,43.967759
2013-05-06 01:00:00,43.906035
2013-05-06 02:00:00,44.283296
2013-05-06 03:00:00,44.275314
2013-05-06 04:00:00,44.330194
2013-05-06 05:00:00,43.989558
2013-05-06 06:00:00,44.478264
2013-05-06 07:00:00,44.286612
2013-05-06 08:00:00,44.298921
2013-05-06 09:00:00,44.227035
2013-05-06 10:00:00,44.276616
2013-05-06 11:00:00,44.8776
2013-05-06 12:00:00,43.986861
2013-05-06 13:00:00,44.174996
2013-05-06 14:00:00,44.047081
2013-05-06 15:00:00,44.331231
2013-05-06 16:00:00,44.133983
2013-05-06 17:00:00,44.204929
2013-05-06 18:00:00,44.210261
2013-05-06 19:00:00,44.068956
2013-05-06 20:00:00,44.346919
2013-05-06 21:00:00,44.156501
2013-05-06 22:00:00,43.035884
2013-05-06 23:00:00,20.905117
2013-05-07 00:00:00,35.134188
2013-05-07 01:00:00,35.219637
2013-05-07 02:00:00,35.223475
2013-05-07 03:00:00,35.257687
2013-05-07 04:00:00,35.17249
2013-05-07 05:00:00,35.344993
2013-05-07 06:00:00,35.180162
2013-05-07 07:00:00,35.267489
2013-05-07 08:00:00,35.1424
2013-05-07 09:00:00,35.233883
2013-05-07 10:00:00,35.38117
2013-05-07 11:00:00,35.495392
2013-05-07 12:00:00,35.620049
2013-05-07 13:00:00,35.513772
2013-05-07 14:00:00,35.556283
2013-05-07 15:00:00,35.877642
2013-05-07 16:00:00,35.5109
2013-05-07 17:00:00,35.502928
2013-05-07 18:00:00,35.614354
2013-05-07 19:00:00,35.48942
2013-05-07 20:00:00,35.651568
2013-05-07 21:00:00,35.430707
2013-05-07 22:00:00,35.611504
2013-05-07 23:00:00,35.356262
2013-05-08 00:00:00,35.553011
2013-05-08 01:00:00,35.539717
2013-05-08 02:00:00,35.583487
2013-05-08 03:00:00,35.539717
2013-05-08 04:00:00,35.566305
2013-05-08 05:00:00,35.499835
2013-05-08 06:00:00,35.499835
2013-05-08 07:00:00,35.636483
2013-05-08 08:00:00,35.4861
2013-05-08 09:00:00,35.5659
2013-05-08 10:00:00,35.803896
2013-05-08 11:00:00,35.307619
2013-05-08 12:00:00,35.467255
2013-05-08 13:00:00,35.500404
2013-05-08 14:00:00,35.477675
2013-05-08 15:00:00,35.810327
2013-05-08 16:00:00,35.361787
2013-05-08 17:00:00,35.567954
2013-05-08 18:00:00,35.309757
2013-05-08 19:00:00,35.362993
2013-05-08 20:00:00,35.412118
2013-05-08 21:00:00,35.546453
2013-05-08 22:00:00,35.495866
2013-05-08 23:00:00,34.374985
2013-05-09 00:00:00,1.78
2013-05-09 01:00:00,1.78
2013-05-09 02:00:00,1.78
2013-05-09 03:00:00,1.78
2013-05-09 04:00:00,1.78
2013-05-09 05:00:00,1.78
2013-05-09 06:00:00,5.677996
2013-05-09 07:00:00,30.340244
2013-05-09 08:00:00,35.431734
2013-05-09 09:00:00,35.612822
2013-05-09 10:00:00,35.530056
2013-05-09 11:00:00,35.511411
2013-05-09 12:00:00,35.578002
2013-05-09 13:00:00,35.467347
2013-05-09 14:00:00,35.471231
2013-05-09 15:00:00,35.47656
2013-05-09 16:00:00,35.469786
2013-05-09 17:00:00,35.617576
2013-05-09 18:00:00,35.51098
2013-05-09 19:00:00,35.608152
2013-05-09 20:00:00,35.574737
2013-05-09 21:00:00,35.286861
2013-05-09 22:00:00,31.74348999
2013-05-09 23:00:00,1.78
2013-05-10 00:00:00,1.78
2013-05-10 01:00:00,5.678921005
2013-05-10 02:00:00,32.786649
2013-05-10 03:00:00,33.000593
2013-05-10 04:00:00,32.871231
2013-05-10 05:00:00,32.9147
2013-05-10 06:00:00,32.980387
2013-05-10 07:00:00,32.845992
2013-05-10 08:00:00,34.971311
2013-05-10 09:00:00,35.611477
2013-05-10 10:00:00,35.463325
2013-05-10 11:00:00,35.950118
2013-05-10 12:00:00,35.496562
2013-05-10 13:00:00,35.453874
2013-05-10 14:00:00,35.609854
2013-05-10 15:00:00,35.928655
2013-05-10 16:00:00,35.611092
2013-05-10 17:00:00,35.55772
2013-05-10 18:00:00,35.534932
2013-05-10 19:00:00,35.493454
2013-05-10 20:00:00,35.640261
2013-05-10 21:00:00,35.565523
2013-05-10 22:00:00,4.605359
2013-05-10 23:00:00,1.78
2013-05-11 00:00:00,1.78
2013-05-11 01:00:00,1.78
2013-05-11 02:00:00,1.78
2013-05-11 03:00:00,5.358692
2013-05-11 04:00:00,30.329778
2013-05-11 05:00:00,32.914219
2013-05-11 06:00:00,33.003025
2013-05-11 07:00:00,33.175019
2013-05-11 08:00:00,35.529383
2013-05-11 09:00:00,35.527942
2013-05-11 10:00:00,35.653424
2013-05-11 11:00:00,35.766813
2013-05-11 12:00:00,35.714661
2013-05-11 13:00:00,35.671934
2013-05-11 14:00:00,35.771998
2013-05-11 15:00:00,33.355946
2013-05-11 16:00:00,33.008708
2013-05-11 17:00:00,35.651631
2013-05-11 18:00:00,35.952103
2013-05-11 19:00:00,35.922715
2013-05-11 20:00:00,36.177829
2013-05-11 21:00:00,35.780962
2013-05-11 22:00:00,34.00336799
2013-05-11 23:00:00,1.78
2013-05-12 00:00:00,1.78
2013-05-12 01:00:00,1.78
2013-05-12 02:00:00,1.78
2013-05-12 03:00:00,1.78
2013-05-12 04:00:00,1.78
2013-05-12 05:00:00,1.78
2013-05-12 06:00:00,1.78
2013-05-12 07:00:00,1.78
2013-05-12 08:00:00,1.78
2013-05-12 09:00:00,1.78
2013-05-12 10:00:00,1.780000001
2013-05-12 11:00:00,5.686313
2013-05-12 12:00:00,31.238617
2013-05-12 13:00:00,32.815621
2013-05-12 14:00:00,32.839577
2013-05-12 15:00:00,32.8706
2013-05-12 16:00:00,32.859036
2013-05-12 17:00:00,32.925567
2013-05-12 18:00:00,32.751518
2013-05-12 19:00:00,35.90424
2013-05-12 20:00:00,35.362245
2013-05-12 21:00:00,31.184338
2013-05-12 22:00:00,1.78
2013-05-12 23:00:00,1.78
2013-05-13 00:00:00,1.78
2013-05-13 01:00:00,1.78
2013-05-13 02:00:00,4.080315
2013-05-13 03:00:00,19.022526
2013-05-13 04:00:00,24.190396
2013-05-13 05:00:00,24.804073
2013-05-13 06:00:00,34.335992
2013-05-13 07:00:00,36.149807
2013-05-13 08:00:00,35.691527
2013-05-13 09:00:00,35.612607
2013-05-13 10:00:00,35.569851
2013-05-13 11:00:00,35.728769
2013-05-13 12:00:00,35.697948
2013-05-13 13:00:00,35.711313
2013-05-13 14:00:00,35.661773
2013-05-13 15:00:00,35.517634
2013-05-13 16:00:00,35.636845
2013-05-13 17:00:00,35.694199
2013-05-13 18:00:00,35.564506
2013-05-13 19:00:00,35.591229
2013-05-13 20:00:00,35.68868
2013-05-13 21:00:00,35.652509
2013-05-13 22:00:00,28.509549
2013-05-13 23:00:00,1.78
2013-05-14 00:00:00,1.78
2013-05-14 01:00:00,1.78
2013-05-14 02:00:00,1.78
2013-05-14 03:00:00,1.78
2013-05-14 04:00:00,1.78
2013-05-14 05:00:00,1.78
2013-05-14 06:00:00,1.78
2013-05-14 07:00:00,5.668679005
2013-05-14 08:00:00,35.923266
2013-05-14 09:00:00,35.932572
2013-05-14 10:00:00,35.999472
2013-05-14 11:00:00,35.935248
2013-05-14 12:00:00,35.965966
2013-05-14 13:00:00,36.012752
2013-05-14 14:00:00,35.999369
2013-05-14 15:00:00,35.888224
2013-05-14 16:00:00,35.905562
2013-05-14 17:00:00,22.246166
2013-05-14 18:00:00,29.17882
2013-05-14 19:00:00,35.525605
2013-05-14 20:00:00,35.498839
2013-05-14 21:00:00,29.075036
2013-05-14 22:00:00,4.031159
2013-05-14 23:00:00,1.78
2013-05-15 00:00:00,1.78
2013-05-15 01:00:00,1.780000006
2013-05-15 02:00:00,35.549072
2013-05-15 03:00:00,23.702688
2013-05-15 04:00:00,22.864201
2013-05-15 05:00:00,35.800701
2013-05-15 06:00:00,35.619766
2013-05-15 07:00:00,35.913101
2013-05-15 08:00:00,35.503101
2013-05-15 09:00:00,35.839338
2013-05-15 10:00:00,35.845968
2013-05-15 11:00:00,35.749637
2013-05-15 12:00:00,35.775172
2013-05-15 13:00:00,35.752317
2013-05-15 14:00:00,35.779114
2013-05-15 15:00:00,35.836658
2013-05-15 16:00:00,35.719992
2013-05-15 17:00:00,35.773599
2013-05-15 18:00:00,35.764139
2013-05-15 19:00:00,35.741271
2013-05-15 20:00:00,35.794891
2013-05-15 21:00:00,35.704992
2013-05-15 22:00:00,24.857195
2013-05-15 23:00:00,1.78
2013-05-16 00:00:00,1.78
2013-05-16 01:00:00,1.78
2013-05-16 02:00:00,1.78
2013-05-16 03:00:00,30.26664
2013-05-16 04:00:00,33.20893
2013-05-16 05:00:00,35.782288
2013-05-16 06:00:00,35.692315
2013-05-16 07:00:00,35.874791
2013-05-16 08:00:00,35.725775
2013-05-16 09:00:00,35.700193
2013-05-16 10:00:00,35.778031
2013-05-16 11:00:00,35.60481
2013-05-16 12:00:00,35.587262
2013-05-16 13:00:00,35.619478
2013-05-16 14:00:00,35.818001
2013-05-16 15:00:00,35.297312
2013-05-16 16:00:00,35.610179
2013-05-16 17:00:00,36.057086
2013-05-16 18:00:00,36.005873
2013-05-16 19:00:00,36.050145
2013-05-16 20:00:00,36.054129
2013-05-16 21:00:00,36.134727
2013-05-16 22:00:00,33.76179299
2013-05-16 23:00:00,1.78
2013-05-17 00:00:00,1.78
2013-05-17 01:00:00,1.78
2013-05-17 02:00:00,1.78
2013-05-17 03:00:00,33.098605
2013-05-17 04:00:00,33.023555
2013-05-17 05:00:00,33.1907
2013-05-17 06:00:00,33.904802
2013-05-17 07:00:00,33.357883
2013-05-17 08:00:00,33.821083
2013-05-17 09:00:00,33.565663
2013-05-17 10:00:00,33.589803
2013-05-17 11:00:00,34.081716
2013-05-17 12:00:00,33.554263
2013-05-17 13:00:00,35.689833
2013-05-17 14:00:00,35.888451
2013-05-17 15:00:00,35.986538
2013-05-17 16:00:00,35.940824
2013-05-17 17:00:00,35.858738
2013-05-17 18:00:00,35.878843
2013-05-17 19:00:00,35.946086
2013-05-17 20:00:00,35.847842
2013-05-17 21:00:00,35.900234
2013-05-17 22:00:00,31.36098199
2013-05-17 23:00:00,1.78
2013-05-18 00:00:00,1.78
2013-05-18 01:00:00,1.78
2013-05-18 02:00:00,1.78
2013-05-18 03:00:00,1.78
2013-05-18 04:00:00,1.78
2013-05-18 05:00:00,1.78
2013-05-18 06:00:00,29.074123
2013-05-18 07:00:00,33.354187
2013-05-18 08:00:00,33.431789
2013-05-18 09:00:00,33.268578
2013-05-18 10:00:00,33.299168
2013-05-18 11:00:00,33.379935
2013-05-18 12:00:00,33.394387
2013-05-18 13:00:00,33.424999
2013-05-18 14:00:00,33.206878
2013-05-18 15:00:00,33.467168
2013-05-18 16:00:00,33.144748
2013-05-18 17:00:00,33.427812
2013-05-18 18:00:00,35.96974
2013-05-18 19:00:00,35.937426
2013-05-18 20:00:00,35.942695
2013-05-18 21:00:00,35.969629
2013-05-18 22:00:00,31.38155199
2013-05-18 23:00:00,1.78
2013-05-19 00:00:00,1.78
2013-05-19 01:00:00,23.358327
2013-05-19 02:00:00,17.930023
2013-05-19 03:00:00,32.825047
2013-05-19 04:00:00,32.845553
2013-05-19 05:00:00,33.107063
2013-05-19 06:00:00,33.195432
2013-05-19 07:00:00,33.154307
2013-05-19 08:00:00,33.102482
2013-05-19 09:00:00,33.431783
2013-05-19 10:00:00,33.386349
2013-05-19 11:00:00,36.157905
2013-05-19 12:00:00,36.217217
2013-05-19 13:00:00,35.985362
2013-05-19 14:00:00,36.079721
2013-05-19 15:00:00,36.066241
2013-05-19 16:00:00,36.102677
2013-05-19 17:00:00,36.07172
2013-05-19 18:00:00,36.108147
2013-05-19 19:00:00,36.005838
2013-05-19 20:00:00,36.042259
2013-05-19 21:00:00,36.082671
2013-05-19 22:00:00,26.083549
2013-05-19 23:00:00,5.872567
2013-05-20 00:00:00,35.7977
2013-05-20 01:00:00,35.934971
2013-05-20 02:00:00,35.994186
2013-05-20 03:00:00,36.007644
2013-05-20 04:00:00,36.08162
2013-05-20 05:00:00,35.983312
2013-05-20 06:00:00,36.05331
2013-05-20 07:00:00,35.888955
2013-05-20 08:00:00,35.947966
2013-05-20 09:00:00,36.0692
2013-05-20 10:00:00,35.974907
2013-05-20 11:00:00,36.015318
2013-05-20 12:00:00,36.009829
2013-05-20 13:00:00,36.023302
2013-05-20 14:00:00,36.063723
2013-05-20 15:00:00,36.033985
2013-05-20 16:00:00,35.988164
2013-05-20 17:00:00,35.966601
2013-05-20 18:00:00,35.998946
2013-05-20 19:00:00,36.036585
2013-05-20 20:00:00,35.961098
2013-05-20 21:00:00,36.206433
2013-05-20 22:00:00,31.07916499
2013-05-20 23:00:00,1.78
2013-05-21 00:00:00,27.446591
2013-05-21 01:00:00,33.303077
2013-05-21 02:00:00,33.115732
2013-05-21 03:00:00,33.403599
2013-05-21 04:00:00,33.217965
2013-05-21 05:00:00,33.355172
2013-05-21 06:00:00,33.28351
2013-05-21 07:00:00,33.413521
2013-05-21 08:00:00,35.917962
2013-05-21 09:00:00,35.904482
2013-05-21 10:00:00,35.917962
2013-05-21 11:00:00,35.896522
2013-05-21 12:00:00,35.883045
2013-05-21 13:00:00,35.909999
2013-05-21 14:00:00,35.896522
2013-05-21 15:00:00,36.001537
2013-05-21 16:00:00,35.866603
2013-05-21 17:00:00,36.147051
2013-05-21 18:00:00,36.017614
2013-05-21 19:00:00,36.144355
2013-05-21 20:00:00,36.023007
2013-05-21 21:00:00,34.374469
2013-05-21 22:00:00,1.78
2013-05-21 23:00:00,1.78
2013-05-22 00:00:00,1.78
2013-05-22 01:00:00,30.367184
2013-05-22 02:00:00,30.246512
2013-05-22 03:00:00,30.067167
2013-05-22 04:00:00,30.302147
2013-05-22 05:00:00,30.578866
2013-05-22 06:00:00,31.744844
2013-05-22 07:00:00,33.602993
2013-05-22 08:00:00,34.312148
2013-05-22 09:00:00,35.887916
2013-05-22 10:00:00,35.941874
2013-05-22 11:00:00,36.063278
2013-05-22 12:00:00,36.026808
2013-05-22 13:00:00,36.098269
2013-05-22 14:00:00,36.044299
2013-05-22 15:00:00,36.103666
2013-05-22 16:00:00,36.099578
2013-05-22 17:00:00,36.073896
2013-05-22 18:00:00,35.960532
2013-05-22 19:00:00,36.033409
2013-05-22 20:00:00,36.010416
2013-05-22 21:00:00,36.079209
2013-05-22 22:00:00,26.534883
2013-05-22 23:00:00,5.497642
2013-05-23 00:00:00,36.411273
2013-05-23 01:00:00,35.77525
2013-05-23 02:00:00,36.200584
2013-05-23 03:00:00,36.174893
2013-05-23 04:00:00,36.311327
2013-05-23 05:00:00,36.015514
2013-05-23 06:00:00,36.411257
2013-05-23 07:00:00,36.35316
2013-05-23 08:00:00,36.030323
2013-05-23 09:00:00,36.057339
2013-05-23 10:00:00,36.327505
2013-05-23 11:00:00,36.232947
2013-05-23 12:00:00,36.10589
2013-05-23 13:00:00,36.213982
2013-05-23 14:00:00,36.159936
2013-05-23 15:00:00,36.404489
2013-05-23 16:00:00,36.159869
2013-05-23 17:00:00,36.111216
2013-05-23 18:00:00,36.213927
2013-05-23 19:00:00,36.166594
2013-05-23 20:00:00,36.154395
2013-05-23 21:00:00,36.081399
2013-05-23 22:00:00,32.126288
2013-05-23 23:00:00,5.486962
2013-05-24 00:00:00,35.973146
2013-05-24 01:00:00,35.745831
2013-05-24 02:00:00,36.013608
2013-05-24 03:00:00,36.181307
2013-05-24 04:00:00,36.82785
2013-05-24 05:00:00,36.67905
2013-05-24 06:00:00,37.044287
2013-05-24 07:00:00,36.817115
2013-05-24 08:00:00,36.768406
2013-05-24 09:00:00,36.641219
2013-05-24 10:00:00,36.730587
2013-05-24 11:00:00,36.638558
2013-05-24 12:00:00,36.625025
2013-05-24 13:00:00,36.106647
2013-05-24 14:00:00,36.026741
2013-05-24 15:00:00,36.186475
2013-05-24 16:00:00,36.18106
2013-05-24 17:00:00,36.021227
2013-05-24 18:00:00,36.088926
2013-05-24 19:00:00,36.105174
2013-05-24 20:00:00,35.996855
2013-05-24 21:00:00,36.110512
2013-05-24 22:00:00,36.80121199
2013-05-24 23:00:00,7.740413
2013-05-25 00:00:00,36.732176
2013-05-25 01:00:00,36.625194
2013-05-25 02:00:00,36.682088
2013-05-25 03:00:00,36.74982
2013-05-25 04:00:00,36.809509
2013-05-25 05:00:00,36.703823
2013-05-25 06:00:00,36.936874
2013-05-25 07:00:00,36.85427
2013-05-25 08:00:00,36.549383
2013-05-25 09:00:00,36.245803
2013-05-25 10:00:00,36.316277
2013-05-25 11:00:00,36.324381
2013-05-25 12:00:00,36.278291
2013-05-25 13:00:00,36.164421
2013-05-25 14:00:00,36.2498
2013-05-25 15:00:00,36.242998
2013-05-25 16:00:00,36.137238
2013-05-25 17:00:00,36.089739
2013-05-25 18:00:00,36.161577
2013-05-25 19:00:00,36.245663
2013-05-25 20:00:00,36.394847
2013-05-25 21:00:00,36.242903
2013-05-25 22:00:00,26.813641
2013-05-25 23:00:00,1.78
2013-05-26 00:00:00,1.78
2013-05-26 01:00:00,1.78
2013-05-26 02:00:00,1.78
2013-05-26 03:00:00,1.78
2013-05-26 04:00:00,1.78
2013-05-26 05:00:00,1.78
2013-05-26 06:00:00,1.78
2013-05-26 07:00:00,30.796512
2013-05-26 08:00:00,30.630423
2013-05-26 09:00:00,33.422261
2013-05-26 10:00:00,33.561698
2013-05-26 11:00:00,33.465716
2013-05-26 12:00:00,33.474243
2013-05-26 13:00:00,33.54069
2013-05-26 14:00:00,33.502422
2013-05-26 15:00:00,33.475745
2013-05-26 16:00:00,33.553293
2013-05-26 17:00:00,33.340588
2013-05-26 18:00:00,33.45746
2013-05-26 19:00:00,36.076973
2013-05-26 20:00:00,36.669376
2013-05-26 21:00:00,36.206601
2013-05-26 22:00:00,35.20931099
2013-05-26 23:00:00,1.78
2013-05-27 00:00:00,1.78
2013-05-27 01:00:00,1.78
2013-05-27 02:00:00,1.78
2013-05-27 03:00:00,1.78
2013-05-27 04:00:00,1.78
2013-05-27 05:00:00,1.78
2013-05-27 06:00:00,4.105429
2013-05-27 07:00:00,35.925556
2013-05-27 08:00:00,36.370575
2013-05-27 09:00:00,36.371938
2013-05-27 10:00:00,36.201451
2013-05-27 11:00:00,36.158216
2013-05-27 12:00:00,35.828256
2013-05-27 13:00:00,35.956807
2013-05-27 14:00:00,35.996079
2013-05-27 15:00:00,36.11106
2013-05-27 16:00:00,36.228718
2013-05-27 17:00:00,36.081399
2013-05-27 18:00:00,36.044948
2013-05-27 19:00:00,35.978773
2013-05-27 20:00:00,36.038332
2013-05-27 21:00:00,36.097783
2013-05-27 22:00:00,29.257796
2013-05-27 23:00:00,1.78
2013-05-28 00:00:00,1.78
2013-05-28 01:00:00,1.78
2013-05-28 02:00:00,1.78
2013-05-28 03:00:00,1.78
2013-05-28 04:00:00,27.015355
2013-05-28 05:00:00,30.938689
2013-05-28 06:00:00,30.828494
2013-05-28 07:00:00,35.886522
2013-05-28 08:00:00,35.886132
2013-05-28 09:00:00,35.845869
2013-05-28 10:00:00,35.888955
2013-05-28 11:00:00,35.87549
2013-05-28 12:00:00,35.818941
2013-05-28 13:00:00,35.899726
2013-05-28 14:00:00,35.872931
2013-05-28 15:00:00,36.114077
2013-05-28 16:00:00,35.806369
2013-05-28 17:00:00,35.86284
2013-05-28 18:00:00,36.002673
2013-05-28 19:00:00,35.997399
2013-05-28 20:00:00,36.024283
2013-05-28 21:00:00,28.28445
2013-05-28 22:00:00,1.78
2013-05-28 23:00:00,1.78
2013-05-29 00:00:00,1.78
2013-05-29 01:00:00,1.78
2013-05-29 02:00:00,1.78
2013-05-29 03:00:00,1.78
2013-05-29 04:00:00,1.78
2013-05-29 05:00:00,1.78
2013-05-29 06:00:00,13.113461
2013-05-29 07:00:00,26.056071
2013-05-29 08:00:00,35.81429
2013-05-29 09:00:00,35.913809
2013-05-29 10:00:00,36.180091
2013-05-29 11:00:00,35.959534
2013-05-29 12:00:00,36.013329
2013-05-29 13:00:00,35.954155
2013-05-29 14:00:00,36.134366
2013-05-29 15:00:00,35.773944
2013-05-29 16:00:00,36.016018
2013-05-29 17:00:00,36.118227
2013-05-29 18:00:00,35.99719
2013-05-29 19:00:00,35.878711
2013-05-29 20:00:00,36.228455
2013-05-29 21:00:00,35.191108
2013-05-29 22:00:00,30.62116899
2013-05-29 23:00:00,1.78
2013-05-30 00:00:00,1.78
2013-05-30 01:00:00,1.78
2013-05-30 02:00:00,1.78
2013-05-30 03:00:00,1.78
2013-05-30 04:00:00,1.78
2013-05-30 05:00:00,1.78
2013-05-30 06:00:00,4.921593
2013-05-30 07:00:00,23.484283
2013-05-30 08:00:00,30.159199
2013-05-30 09:00:00,30.526772
2013-05-30 10:00:00,35.887561
2013-05-30 11:00:00,35.892934
2013-05-30 12:00:00,35.858008
2013-05-30 13:00:00,35.9198
2013-05-30 14:00:00,35.871308
2013-05-30 15:00:00,35.863246
2013-05-30 16:00:00,35.817564
2013-05-30 17:00:00,35.793379
2013-05-30 18:00:00,35.783897
2013-05-30 19:00:00,36.072762
2013-05-30 20:00:00,35.669587
2013-05-30 21:00:00,35.766349
2013-05-30 22:00:00,30.83526299
2013-05-30 23:00:00,1.78
2013-05-31 00:00:00,1.78
2013-05-31 01:00:00,1.78
2013-05-31 02:00:00,1.78
2013-05-31 03:00:00,1.78
2013-05-31 04:00:00,1.78
2013-05-31 05:00:00,1.78
2013-05-31 06:00:00,1.78
2013-05-31 07:00:00,7.362410005
2013-05-31 08:00:00,35.937781
2013-05-31 09:00:00,35.925611
2013-05-31 10:00:00,35.943046
2013-05-31 11:00:00,35.905363
2013-05-31 12:00:00,35.928182
2013-05-31 13:00:00,35.959082
2013-05-31 14:00:00,35.662938
2013-05-31 15:00:00,35.74134
2013-05-31 16:00:00,22.245752
2013-05-31 17:00:00,1.78
2013-05-31 18:00:00,1.78
2013-05-31 19:00:00,1.78
2013-05-31 20:00:00,1.78
2013-05-31 21:00:00,1.78
2013-05-31 22:00:00,1.780000001
2013-05-31 23:00:00,5.426348
2013-06-01 00:00:00,12.29
2013-06-01 01:00:00,12.29
2013-06-01 02:00:00,12.29
2013-06-01 03:00:00,12.29
2013-06-01 04:00:00,12.29
2013-06-01 05:00:00,12.29
2013-06-01 06:00:00,12.29
2013-06-01 07:00:00,12.29
2013-06-01 08:00:00,12.29
2013-06-01 09:00:00,12.29
2013-06-01 10:00:00,12.29000001
2013-06-01 11:00:00,44.24
2013-06-01 12:00:00,35.39
2013-06-01 13:00:00,36.42
2013-06-01 14:00:00,38.61
2013-06-01 15:00:00,38.72
2013-06-01 16:00:00,40.94
2013-06-01 17:00:00,40.54
2013-06-01 18:00:00,40.72
2013-06-01 19:00:00,40.37
2013-06-01 20:00:00,39.83
2013-06-01 21:00:00,39.68
2013-06-01 22:00:00,38.09
2013-06-01 23:00:00,44.19
2013-06-02 00:00:00,31.01
2013-06-02 01:00:00,12.29
2013-06-02 02:00:00,12.29
2013-06-02 03:00:00,12.29
2013-06-02 04:00:00,12.29
2013-06-02 05:00:00,12.29
2013-06-02 06:00:00,12.29
2013-06-02 07:00:00,75
2013-06-02 08:00:00,75
2013-06-02 09:00:00,103
2013-06-02 10:00:00,107
2013-06-02 11:00:00,108
2013-06-02 12:00:00,108
2013-06-02 13:00:00,108
2013-06-02 14:00:00,108
2013-06-02 15:00:00,107
2013-06-02 16:00:00,107
2013-06-02 17:00:00,107
2013-06-02 18:00:00,108
2013-06-02 19:00:00,108
2013-06-02 20:00:00,108
2013-06-02 21:00:00,108
2013-06-02 22:00:00,108
2013-06-02 23:00:00,105
2013-06-03 00:00:00,48.68
2013-06-03 01:00:00,51.86
2013-06-03 02:00:00,52.06
2013-06-03 03:00:00,51.77
2013-06-03 04:00:00,53.8
2013-06-03 05:00:00,49.36
2013-06-03 06:00:00,52.16
2013-06-03 07:00:00,37.82
2013-06-03 08:00:00,36.04
2013-06-03 09:00:00,38.26
2013-06-03 10:00:00,37.21
2013-06-03 11:00:00,39.1
2013-06-03 12:00:00,39.76
2013-06-03 13:00:00,38.78
2013-06-03 14:00:00,39.02
2013-06-03 15:00:00,39.71
2013-06-03 16:00:00,39.36
2013-06-03 17:00:00,40.19
2013-06-03 18:00:00,39.52
2013-06-03 19:00:00,40.32
2013-06-03 20:00:00,39.5
2013-06-03 21:00:00,36.21
2013-06-03 22:00:00,38.86
2013-06-03 23:00:00,37.58
2013-06-04 00:00:00,13.4
2013-06-04 01:00:00,13.4
2013-06-04 02:00:00,13.4
2013-06-04 03:00:00,13.4
2013-06-04 04:00:00,13.4
2013-06-04 05:00:00,13.4
2013-06-04 06:00:00,13.4
2013-06-04 07:00:00,13.4
2013-06-04 08:00:00,13.4
2013-06-04 09:00:00,13.4
2013-06-04 10:00:00,16.70000001
2013-06-04 11:00:00,47.2
2013-06-04 12:00:00,39.9
2013-06-04 13:00:00,13.4
2013-06-04 14:00:00,13.4
2013-06-04 15:00:00,13.4
2013-06-04 16:00:00,13.4
2013-06-04 17:00:00,13.4
2013-06-04 18:00:00,13.4
2013-06-04 19:00:00,13.4
2013-06-04 20:00:00,17.08
2013-06-04 21:00:00,47.61
2013-06-04 22:00:00,46.20999999
2013-06-04 23:00:00,13.4
2013-06-05 00:00:00,13.4
2013-06-05 01:00:00,13.4
2013-06-05 02:00:00,13.4
2013-06-05 03:00:00,13.4
2013-06-05 04:00:00,13.4
2013-06-05 05:00:00,13.4
2013-06-05 06:00:00,13.4
2013-06-05 07:00:00,0
2013-06-05 08:00:00,0
2013-06-05 09:00:00,0
2013-06-05 10:00:00,5.000000004
2013-06-05 11:00:00,26.79
2013-06-05 12:00:00,26.96
2013-06-05 13:00:00,27.36
2013-06-05 14:00:00,28
2013-06-05 15:00:00,0
2013-06-05 16:00:00,0
2013-06-05 17:00:00,0
2013-06-05 18:00:00,0
2013-06-05 19:00:00,8.73E-10
2013-06-05 20:00:00,5
2013-06-05 21:00:00,29.84
2013-06-05 22:00:00,28
2013-06-05 23:00:00,0
2013-06-06 00:00:00,10.64
2013-06-06 01:00:00,1.78
2013-06-06 02:00:00,1.78
2013-06-06 03:00:00,5.77
2013-06-06 04:00:00,33.27
2013-06-06 05:00:00,33.6
2013-06-06 06:00:00,33.76
2013-06-06 07:00:00,33.58
2013-06-06 08:00:00,33.62
2013-06-06 09:00:00,35.28
2013-06-06 10:00:00,36.02
2013-06-06 11:00:00,36.02
2013-06-06 12:00:00,34.91
2013-06-06 13:00:00,36.99
2013-06-06 14:00:00,36.02
2013-06-06 15:00:00,35.94
2013-06-06 16:00:00,36.04
2013-06-06 17:00:00,35.86
2013-06-06 18:00:00,33.54
2013-06-06 19:00:00,33.65
2013-06-06 20:00:00,36.11
2013-06-06 21:00:00,36.09
2013-06-06 22:00:00,36.14
2013-06-06 23:00:00,25.92
2013-06-07 00:00:00,1.78
2013-06-07 01:00:00,1.78
2013-06-07 02:00:00,1.78
2013-06-07 03:00:00,1.78
2013-06-07 04:00:00,1.78
2013-06-07 05:00:00,1.78
2013-06-07 06:00:00,1.78
2013-06-07 07:00:00,3.330000006
2013-06-07 08:00:00,36.06
2013-06-07 09:00:00,36.78
2013-06-07 10:00:00,36.35
2013-06-07 11:00:00,36.67
2013-06-07 12:00:00,36
2013-06-07 13:00:00,36.4
2013-06-07 14:00:00,36.27
2013-06-07 15:00:00,36.52
2013-06-07 16:00:00,36.45
2013-06-07 17:00:00,36.38
2013-06-07 18:00:00,36.29
2013-06-07 19:00:00,36.29
2013-06-07 20:00:00,36.48
2013-06-07 21:00:00,36.26
2013-06-07 22:00:00,24.88
2013-06-07 23:00:00,1.78
2013-06-08 00:00:00,5.31
2013-06-08 01:00:00,33.5
2013-06-08 02:00:00,33.02
2013-06-08 03:00:00,33.19
2013-06-08 04:00:00,33.19
2013-06-08 05:00:00,33.19
2013-06-08 06:00:00,33.19
2013-06-08 07:00:00,33.2
2013-06-08 08:00:00,33.3
2013-06-08 09:00:00,33.16
2013-06-08 10:00:00,33.19
2013-06-08 11:00:00,33.44
2013-06-08 12:00:00,33.05
2013-06-08 13:00:00,33.42
2013-06-08 14:00:00,32.92
2013-06-08 15:00:00,33.18
2013-06-08 16:00:00,33.43
2013-06-08 17:00:00,31.93
2013-06-08 18:00:00,1.78
2013-06-08 19:00:00,1.78
2013-06-08 20:00:00,1.78
2013-06-08 21:00:00,1.78
2013-06-08 22:00:00,1.78
2013-06-08 23:00:00,1.78
2013-06-09 00:00:00,1.78
2013-06-09 01:00:00,1.78
2013-06-09 02:00:00,1.78
2013-06-09 03:00:00,1.78
2013-06-09 04:00:00,1.78
2013-06-09 05:00:00,1.78
2013-06-09 06:00:00,1.78
2013-06-09 07:00:00,1.78
2013-06-09 08:00:00,1.78
2013-06-09 09:00:00,6
2013-06-09 10:00:00,33.53
2013-06-09 11:00:00,33.8
2013-06-09 12:00:00,33.8
2013-06-09 13:00:00,36.01
2013-06-09 14:00:00,36.52
2013-06-09 15:00:00,36.1
2013-06-09 16:00:00,36.17
2013-06-09 17:00:00,36.25
2013-06-09 18:00:00,36.2
2013-06-09 19:00:00,36.38
2013-06-09 20:00:00,36.14
2013-06-09 21:00:00,36.28
2013-06-09 22:00:00,33.74
2013-06-09 23:00:00,28.72
2013-06-10 00:00:00,1.78
2013-06-10 01:00:00,1.78
2013-06-10 02:00:00,1.78
2013-06-10 03:00:00,6.06
2013-06-10 04:00:00,36.31
2013-06-10 05:00:00,36.39
2013-06-10 06:00:00,36.21
2013-06-10 07:00:00,30.6
2013-06-10 08:00:00,30.6
2013-06-10 09:00:00,30.6
2013-06-10 10:00:00,30.6
2013-06-10 11:00:00,30.6
2013-06-10 12:00:00,30.6
2013-06-10 13:00:00,30.6
2013-06-10 14:00:00,30.6
2013-06-10 15:00:00,30.6
2013-06-10 16:00:00,30.6
2013-06-10 17:00:00,30.6
2013-06-10 18:00:00,30.6
2013-06-10 19:00:00,30.6
2013-06-10 20:00:00,30.6
2013-06-10 21:00:00,30.6
2013-06-10 22:00:00,30.6
2013-06-10 23:00:00,30.6
2013-06-11 00:00:00,1.78
2013-06-11 01:00:00,1.78
2013-06-11 02:00:00,1.78
2013-06-11 03:00:00,1.78
2013-06-11 04:00:00,5.060000004
2013-06-11 05:00:00,26.33
2013-06-11 06:00:00,30.83
2013-06-11 07:00:00,31.26
2013-06-11 08:00:00,36.44
2013-06-11 09:00:00,36.44
2013-06-11 10:00:00,36.58
2013-06-11 11:00:00,36.59
2013-06-11 12:00:00,36.61
2013-06-11 13:00:00,36.67
2013-06-11 14:00:00,36.54
2013-06-11 15:00:00,36.56
2013-06-11 16:00:00,36.59
2013-06-11 17:00:00,36.63
2013-06-11 18:00:00,36.61
2013-06-11 19:00:00,36.46
2013-06-11 20:00:00,36.41
2013-06-11 21:00:00,36.42
2013-06-11 22:00:00,36.41
2013-06-11 23:00:00,25.76
2013-06-12 00:00:00,1.78
2013-06-12 01:00:00,1.78
2013-06-12 02:00:00,1.78
2013-06-12 03:00:00,1.78
2013-06-12 04:00:00,1.78
2013-06-12 05:00:00,1.78
2013-06-12 06:00:00,1.78
2013-06-12 07:00:00,22.69
2013-06-12 08:00:00,22.71
2013-06-12 09:00:00,30.56
2013-06-12 10:00:00,30.74
2013-06-12 11:00:00,30.82
2013-06-12 12:00:00,30.78
2013-06-12 13:00:00,30.9
2013-06-12 14:00:00,30.81
2013-06-12 15:00:00,30.9
2013-06-12 16:00:00,30.86
2013-06-12 17:00:00,30.81
2013-06-12 18:00:00,30.81
2013-06-12 19:00:00,30.77
2013-06-12 20:00:00,30.88
2013-06-12 21:00:00,30.69
2013-06-12 22:00:00,29.29
2013-06-12 23:00:00,1.78
2013-06-13 00:00:00,1.78
2013-06-13 01:00:00,1.78
2013-06-13 02:00:00,1.78
2013-06-13 03:00:00,1.78
2013-06-13 04:00:00,1.78
2013-06-13 05:00:00,3.12
2013-06-13 06:00:00,3.12
2013-06-13 07:00:00,35.71
2013-06-13 08:00:00,36.95
2013-06-13 09:00:00,36.25
2013-06-13 10:00:00,36.72
2013-06-13 11:00:00,36.57
2013-06-13 12:00:00,37.03
2013-06-13 13:00:00,36.31
2013-06-13 14:00:00,36.33
2013-06-13 15:00:00,36.38
2013-06-13 16:00:00,36.21
2013-06-13 17:00:00,36.39
2013-06-13 18:00:00,36.28
2013-06-13 19:00:00,36.31
2013-06-13 20:00:00,36.32
2013-06-13 21:00:00,36.23
2013-06-13 22:00:00,35.82
2013-06-13 23:00:00,22.65
2013-06-14 00:00:00,1.78
2013-06-14 01:00:00,1.78
2013-06-14 02:00:00,1.78
2013-06-14 03:00:00,1.78
2013-06-14 04:00:00,1.78
2013-06-14 05:00:00,1.78
2013-06-14 06:00:00,1.78
2013-06-14 07:00:00,27.85
2013-06-14 08:00:00,33.79
2013-06-14 09:00:00,33.4
2013-06-14 10:00:00,33.63
2013-06-14 11:00:00,36.48
2013-06-14 12:00:00,36.32
2013-06-14 13:00:00,36.34
2013-06-14 14:00:00,34.22
2013-06-14 15:00:00,34.34
2013-06-14 16:00:00,34.17
2013-06-14 17:00:00,33.89
2013-06-14 18:00:00,33.87
2013-06-14 19:00:00,33.89
2013-06-14 20:00:00,33.85
2013-06-14 21:00:00,33.77
2013-06-14 22:00:00,33.82
2013-06-14 23:00:00,31.87
2013-06-15 00:00:00,1.78
2013-06-15 01:00:00,1.78
2013-06-15 02:00:00,1.78
2013-06-15 03:00:00,1.78
2013-06-15 04:00:00,1.78
2013-06-15 05:00:00,1.78
2013-06-15 06:00:00,1.78
2013-06-15 07:00:00,31.15
2013-06-15 08:00:00,36.21
2013-06-15 09:00:00,36.23
2013-06-15 10:00:00,36.48
2013-06-15 11:00:00,36.42
2013-06-15 12:00:00,36.47
2013-06-15 13:00:00,36.56
2013-06-15 14:00:00,36.49
2013-06-15 15:00:00,35.08
2013-06-15 16:00:00,22.85
2013-06-15 17:00:00,17.44
2013-06-15 18:00:00,17.65
2013-06-15 19:00:00,33.31
2013-06-15 20:00:00,33.41
2013-06-15 21:00:00,33.54
2013-06-15 22:00:00,33.52
2013-06-15 23:00:00,32.37
2013-06-16 00:00:00,1.78
2013-06-16 01:00:00,1.78
2013-06-16 02:00:00,1.78
2013-06-16 03:00:00,1.78
2013-06-16 04:00:00,1.78
2013-06-16 05:00:00,1.78
2013-06-16 06:00:00,1.78
2013-06-16 07:00:00,27.6
2013-06-16 08:00:00,30.8
2013-06-16 09:00:00,30.8
2013-06-16 10:00:00,30.8
2013-06-16 11:00:00,30.8
2013-06-16 12:00:00,30.8
2013-06-16 13:00:00,30.8
2013-06-16 14:00:00,30.8
2013-06-16 15:00:00,30.8
2013-06-16 16:00:00,30.8
2013-06-16 17:00:00,30.8
2013-06-16 18:00:00,30.8
2013-06-16 19:00:00,30.8
2013-06-16 20:00:00,30.8
2013-06-16 21:00:00,30.8
2013-06-16 22:00:00,30.8
2013-06-16 23:00:00,30.8
2013-06-17 00:00:00,1.78
2013-06-17 01:00:00,1.78
2013-06-17 02:00:00,1.78
2013-06-17 03:00:00,1.78
2013-06-17 04:00:00,1.78
2013-06-17 05:00:00,1.78
2013-06-17 06:00:00,1.78
2013-06-17 07:00:00,29.45
2013-06-17 08:00:00,36.86
2013-06-17 09:00:00,36.06
2013-06-17 10:00:00,36.53
2013-06-17 11:00:00,36.22
2013-06-17 12:00:00,36.18
2013-06-17 13:00:00,36.23
2013-06-17 14:00:00,36.24
2013-06-17 15:00:00,36.31
2013-06-17 16:00:00,36.38
2013-06-17 17:00:00,36.28
2013-06-17 18:00:00,36.33
2013-06-17 19:00:00,36.32
2013-06-17 20:00:00,36.34
2013-06-17 21:00:00,36.32
2013-06-17 22:00:00,36.35
2013-06-17 23:00:00,34.99
2013-06-18 00:00:00,1.78
2013-06-18 01:00:00,1.62
2013-06-18 02:00:00,1.62
2013-06-18 03:00:00,1.62
2013-06-18 04:00:00,1.62
2013-06-18 05:00:00,1.62
2013-06-18 06:00:00,1.62
2013-06-18 07:00:00,1.620000001
2013-06-18 08:00:00,6.62
2013-06-18 09:00:00,32.22
2013-06-18 10:00:00,32.22
2013-06-18 11:00:00,32.22
2013-06-18 12:00:00,32.22
2013-06-18 13:00:00,29.62
2013-06-18 14:00:00,32.22
2013-06-18 15:00:00,32.22
2013-06-18 16:00:00,32.22
2013-06-18 17:00:00,32.02
2013-06-18 18:00:00,29.62
2013-06-18 19:00:00,29.62
2013-06-18 20:00:00,32.22
2013-06-18 21:00:00,32.22
2013-06-18 22:00:00,29.62
2013-06-18 23:00:00,1.62
2013-06-24 00:00:00,1.78
2013-06-24 01:00:00,1.78
2013-06-24 02:00:00,1.78
2013-06-24 03:00:00,1.78
2013-06-24 04:00:00,1.78
2013-06-24 05:00:00,1.78
2013-06-24 06:00:00,1.78
2013-06-24 07:00:00,1.78
2013-06-24 08:00:00,1.78
2013-06-24 09:00:00,1.78
2013-06-24 10:00:00,8.360000005
2013-06-24 11:00:00,36.02
2013-06-24 12:00:00,35.69
2013-06-24 13:00:00,36.11
2013-06-24 14:00:00,35.91
2013-06-24 15:00:00,36.05
2013-06-24 16:00:00,35.77
2013-06-24 17:00:00,36.05
2013-06-24 18:00:00,35.86
2013-06-24 19:00:00,35.99
2013-06-24 20:00:00,36.09
2013-06-24 21:00:00,36.03
2013-06-24 22:00:00,29.27
2013-06-24 23:00:00,1.78
2013-06-25 00:00:00,1.78
2013-06-25 01:00:00,1.78
2013-06-25 02:00:00,1.78
2013-06-25 03:00:00,1.78
2013-06-25 04:00:00,1.78
2013-06-25 05:00:00,1.78
2013-06-25 06:00:00,1.78
2013-06-25 07:00:00,1.78
2013-06-25 08:00:00,1.78
2013-06-25 09:00:00,1.78
2013-06-25 10:00:00,1.780000006
2013-06-25 11:00:00,35.14
2013-06-25 12:00:00,35.89
2013-06-25 13:00:00,35.85
2013-06-25 14:00:00,35.76
2013-06-25 15:00:00,35.8
2013-06-25 16:00:00,35.66
2013-06-25 17:00:00,33.68
2013-06-25 18:00:00,33.35
2013-06-25 19:00:00,33.41
2013-06-25 20:00:00,35.52
2013-06-25 21:00:00,28.94
2013-06-25 22:00:00,1.78
2013-06-25 23:00:00,1.78
2013-06-26 00:00:00,1.78
2013-06-26 01:00:00,1.78
2013-06-26 02:00:00,1.78
2013-06-26 03:00:00,1.78
2013-06-26 04:00:00,27.74
2013-06-26 05:00:00,28.13
2013-06-26 06:00:00,35.85
2013-06-26 07:00:00,35.89
2013-06-26 08:00:00,35.75
2013-06-26 09:00:00,36.21
2013-06-26 10:00:00,35.96
2013-06-26 11:00:00,35.85
2013-06-26 12:00:00,36.33
2013-06-26 13:00:00,35.77
2013-06-26 14:00:00,36.44
2013-06-26 15:00:00,26.28
2013-06-26 16:00:00,24.76
2013-06-26 17:00:00,24.7
2013-06-26 18:00:00,24.73
2013-06-26 19:00:00,24.79
2013-06-26 20:00:00,24.8
2013-06-26 21:00:00,24.86
2013-06-26 22:00:00,24.91
2013-06-26 23:00:00,21.63
2013-06-27 00:00:00,1.78
2013-06-27 01:00:00,1.78
2013-06-27 02:00:00,1.78
2013-06-27 03:00:00,1.78
2013-06-27 04:00:00,1.78
2013-06-27 05:00:00,1.78
2013-06-27 06:00:00,1.78
2013-06-27 07:00:00,1.78
2013-06-27 08:00:00,1.78
2013-06-27 09:00:00,30.01
2013-06-27 10:00:00,35.37
2013-06-27 11:00:00,35.82
2013-06-27 12:00:00,36.55
2013-06-27 13:00:00,36.18
2013-06-27 14:00:00,35.81
2013-06-27 15:00:00,36.13
2013-06-27 16:00:00,36.13
2013-06-27 17:00:00,36.11
2013-06-27 18:00:00,31.53
2013-06-27 19:00:00,23.05
2013-06-27 20:00:00,35.82
2013-06-27 21:00:00,35.63
2013-06-27 22:00:00,34.54999999
2013-06-27 23:00:00,1.78
2013-06-28 00:00:00,1.78
2013-06-28 01:00:00,1.78
2013-06-28 02:00:00,1.78
2013-06-28 03:00:00,1.78
2013-06-28 04:00:00,1.78
2013-06-28 05:00:00,1.78
2013-06-28 06:00:00,1.78
2013-06-28 07:00:00,1.78
2013-06-28 08:00:00,1.78
2013-06-28 09:00:00,5.96
2013-06-28 10:00:00,35.37
2013-06-28 11:00:00,36.22
2013-06-28 12:00:00,35.8
2013-06-28 13:00:00,36
2013-06-28 14:00:00,35.79
2013-06-28 15:00:00,36.1
2013-06-28 16:00:00,36.19
2013-06-28 17:00:00,35.95
2013-06-28 18:00:00,35.82
2013-06-28 19:00:00,35.8
2013-06-28 20:00:00,35.77
2013-06-28 21:00:00,35.83
2013-06-28 22:00:00,30.58999999
2013-06-28 23:00:00,1.78
2013-06-29 00:00:00,1.78
2013-06-29 01:00:00,1.78
2013-06-29 02:00:00,1.78
2013-06-29 03:00:00,1.78
2013-06-29 04:00:00,1.78
2013-06-29 05:00:00,1.78
2013-06-29 06:00:00,1.78
2013-06-29 07:00:00,1.78
2013-06-29 08:00:00,1.78
2013-06-29 09:00:00,3.85
2013-06-29 10:00:00,35.26
2013-06-29 11:00:00,35.76
2013-06-29 12:00:00,35.95
2013-06-29 13:00:00,35.96
2013-06-29 14:00:00,35.84
2013-06-29 15:00:00,31.08
2013-06-29 16:00:00,1.78
2013-06-29 17:00:00,1.78
2013-06-29 18:00:00,1.78
2013-06-29 19:00:00,5.240000005
2013-06-29 20:00:00,35.78
2013-06-29 21:00:00,35.67
2013-06-29 22:00:00,35.83
2013-06-29 23:00:00,30.19
2013-06-30 00:00:00,1.78
2013-06-30 01:00:00,1.78
2013-06-30 02:00:00,1.78
2013-06-30 03:00:00,1.78
2013-06-30 04:00:00,1.78
2013-06-30 05:00:00,1.78
2013-06-30 06:00:00,1.78
2013-06-30 07:00:00,1.78
2013-06-30 08:00:00,1.78
2013-06-30 09:00:00,1.78
2013-06-30 10:00:00,1.78
2013-06-30 11:00:00,1.78
2013-06-30 12:00:00,1.78
2013-06-30 13:00:00,1.78
2013-06-30 14:00:00,1.78
2013-06-30 15:00:00,1.78
2013-06-30 16:00:00,1.78
2013-06-30 17:00:00,1.78
2013-06-30 18:00:00,1.78
2013-06-30 19:00:00,5.810000004
2013-06-30 20:00:00,30.1
2013-06-30 21:00:00,26.46
2013-06-30 22:00:00,1.78
2013-06-30 23:00:00,1.78
2013-07-01 00:00:00,1.78
2013-07-01 01:00:00,2.42
2013-07-01 02:00:00,2.42
2013-07-01 03:00:00,2.42
2013-07-01 04:00:00,2.42
2013-07-01 05:00:00,2.42
2013-07-01 06:00:00,2.42
2013-07-01 07:00:00,2.42
2013-07-01 08:00:00,2.42
2013-07-01 09:00:00,2.42
2013-07-01 10:00:00,2.42
2013-07-01 11:00:00,2.42
2013-07-01 12:00:00,2.42
2013-07-01 13:00:00,2.420000005
2013-07-01 14:00:00,33.39
2013-07-01 15:00:00,33.95
2013-07-01 16:00:00,32.53999999
2013-07-01 17:00:00,2.42
2013-07-01 18:00:00,2.42
2013-07-01 19:00:00,2.42
2013-07-01 20:00:00,2.42
2013-07-01 21:00:00,2.42
2013-07-01 22:00:00,2.42
2013-07-01 23:00:00,2.42
2013-07-02 00:00:00,2.42
2013-07-02 01:00:00,2.42
2013-07-02 02:00:00,2.42
2013-07-02 03:00:00,2.42
2013-07-02 04:00:00,2.42
2013-07-02 05:00:00,2.42
2013-07-02 06:00:00,2.42
2013-07-02 07:00:00,2.42
2013-07-02 08:00:00,2.42
2013-07-02 09:00:00,2.42
2013-07-02 10:00:00,2.42
2013-07-02 11:00:00,2.42
2013-07-02 12:00:00,2.42
2013-07-02 13:00:00,6.370000006
2013-07-02 14:00:00,38.61
2013-07-02 15:00:00,32.44
2013-07-02 16:00:00,34.01999999
2013-07-02 17:00:00,2.42
2013-07-02 18:00:00,2.42
2013-07-02 19:00:00,2.42
2013-07-02 20:00:00,2.42
2013-07-02 21:00:00,2.42
2013-07-02 22:00:00,2.42
2013-07-02 23:00:00,2.42
2013-07-03 00:00:00,12.11
2013-07-03 01:00:00,2.42
2013-07-03 02:00:00,2.42
2013-07-03 03:00:00,2.42
2013-07-03 04:00:00,2.42
2013-07-03 05:00:00,2.42
2013-07-03 06:00:00,2.42
2013-07-03 07:00:00,2.42
2013-07-03 08:00:00,4.88
2013-07-03 09:00:00,35.62
2013-07-03 10:00:00,35.96
2013-07-03 11:00:00,34.87
2013-07-03 12:00:00,2.42
2013-07-03 13:00:00,2.42
2013-07-03 14:00:00,2.42
2013-07-03 15:00:00,2.42
2013-07-03 16:00:00,2.42
2013-07-03 17:00:00,2.42
2013-07-03 18:00:00,2.42
2013-07-03 19:00:00,2.42
2013-07-03 20:00:00,2.42
2013-07-03 21:00:00,2.42
2013-07-03 22:00:00,2.42
2013-07-03 23:00:00,2.42
2013-07-04 00:00:00,2.42
2013-07-04 01:00:00,2.42
2013-07-04 02:00:00,2.42
2013-07-04 03:00:00,2.42
2013-07-04 04:00:00,2.42
2013-07-04 05:00:00,2.42
2013-07-04 06:00:00,2.42
2013-07-04 07:00:00,2.42
2013-07-04 08:00:00,2.42
2013-07-04 09:00:00,2.42
2013-07-04 10:00:00,2.420000003
2013-07-04 11:00:00,20.3
2013-07-04 12:00:00,22.43
2013-07-04 13:00:00,20.28
2013-07-04 14:00:00,20.22
2013-07-04 15:00:00,22.53
2013-07-04 16:00:00,20.12
2013-07-04 17:00:00,4.47
2013-07-04 18:00:00,2.42
2013-07-04 19:00:00,2.42
2013-07-04 20:00:00,2.42
2013-07-04 21:00:00,2.42
2013-07-04 22:00:00,2.42
2013-07-04 23:00:00,2.42
2013-07-05 00:00:00,2.42
2013-07-05 01:00:00,2.42
2013-07-05 02:00:00,2.42
2013-07-05 03:00:00,2.42
2013-07-05 04:00:00,2.42
2013-07-05 05:00:00,2.42
2013-07-05 06:00:00,2.42
2013-07-05 07:00:00,2.42
2013-07-05 08:00:00,2.42
2013-07-05 09:00:00,2.42
2013-07-05 10:00:00,2.42
2013-07-05 11:00:00,2.42
2013-07-05 12:00:00,24.74
2013-07-05 13:00:00,24.9
2013-07-05 14:00:00,24.99
2013-07-05 15:00:00,24.88
2013-07-05 16:00:00,22.97
2013-07-05 17:00:00,2.42
2013-07-05 18:00:00,2.42
2013-07-05 19:00:00,2.42
2013-07-05 20:00:00,2.42
2013-07-05 21:00:00,2.42
2013-07-05 22:00:00,2.42
2013-07-05 23:00:00,2.42
2013-07-06 00:00:00,2.42
2013-07-06 01:00:00,2.42
2013-07-06 02:00:00,2.42
2013-07-06 03:00:00,2.42
2013-07-06 04:00:00,2.42
2013-07-06 05:00:00,2.42
2013-07-06 06:00:00,2.42
2013-07-06 07:00:00,2.42
2013-07-06 08:00:00,2.42
2013-07-06 09:00:00,2.42
2013-07-06 10:00:00,6.300000004
2013-07-06 11:00:00,27.57
2013-07-06 12:00:00,30.57
2013-07-06 13:00:00,29.56
2013-07-06 14:00:00,2.42
2013-07-06 15:00:00,2.42
2013-07-06 16:00:00,2.42
2013-07-06 17:00:00,2.42
2013-07-06 18:00:00,2.42
2013-07-06 19:00:00,3.880000006
2013-07-06 20:00:00,36.5
2013-07-06 21:00:00,31.28
2013-07-06 22:00:00,29.25
2013-07-06 23:00:00,2.42
2013-07-07 00:00:00,2.42
2013-07-07 01:00:00,2.42
2013-07-07 02:00:00,2.42
2013-07-07 03:00:00,2.42
2013-07-07 04:00:00,2.42
2013-07-07 05:00:00,2.42
2013-07-07 06:00:00,2.42
2013-07-07 07:00:00,2.42
2013-07-07 08:00:00,2.42
2013-07-07 09:00:00,2.42
2013-07-07 10:00:00,2.42
2013-07-07 11:00:00,2.42
2013-07-07 12:00:00,2.42
2013-07-07 13:00:00,2.42
2013-07-07 14:00:00,2.42
2013-07-07 15:00:00,2.42
2013-07-07 16:00:00,2.42
2013-07-07 17:00:00,2.42
2013-07-07 18:00:00,2.42
2013-07-07 19:00:00,2.42
2013-07-07 20:00:00,2.42
2013-07-07 21:00:00,2.42
2013-07-07 22:00:00,2.42
2013-07-07 23:00:00,2.42
2013-07-08 00:00:00,2.42
2013-07-08 01:00:00,2.84
2013-07-08 02:00:00,2.84
2013-07-08 03:00:00,2.84
2013-07-08 04:00:00,2.84
2013-07-08 05:00:00,2.84
2013-07-08 06:00:00,2.84
2013-07-08 07:00:00,2.84
2013-07-08 08:00:00,2.84
2013-07-08 09:00:00,2.84
2013-07-08 10:00:00,2.840000001
2013-07-08 11:00:00,6.36
2013-07-08 12:00:00,36.05
2013-07-08 13:00:00,36.32
2013-07-08 14:00:00,34.94
2013-07-08 15:00:00,34.46
2013-07-08 16:00:00,33.69999999
2013-07-08 17:00:00,2.84
2013-07-08 18:00:00,2.84
2013-07-08 19:00:00,2.84
2013-07-08 20:00:00,2.84
2013-07-08 21:00:00,2.84
2013-07-08 22:00:00,2.84
2013-07-08 23:00:00,2.84
2013-07-09 00:00:00,2.84
2013-07-09 01:00:00,2.84
2013-07-09 02:00:00,2.84
2013-07-09 03:00:00,2.84
2013-07-09 04:00:00,2.84
2013-07-09 05:00:00,2.84
2013-07-09 06:00:00,2.84
2013-07-09 07:00:00,2.84
2013-07-09 08:00:00,2.84
2013-07-09 09:00:00,2.84
2013-07-09 10:00:00,6.580000005
2013-07-09 11:00:00,32.53
2013-07-09 12:00:00,33.79
2013-07-09 13:00:00,36.21
2013-07-09 14:00:00,37.11
2013-07-09 15:00:00,36.47
2013-07-09 16:00:00,34.55
2013-07-09 17:00:00,29.69
2013-07-09 18:00:00,2.84
2013-07-09 19:00:00,2.84
2013-07-09 20:00:00,2.84
2013-07-09 21:00:00,2.84
2013-07-09 22:00:00,2.84
2013-07-09 23:00:00,2.84
2013-07-10 00:00:00,2.84
2013-07-10 01:00:00,2.84
2013-07-10 02:00:00,2.84
2013-07-10 03:00:00,2.84
2013-07-10 04:00:00,2.84
2013-07-10 05:00:00,2.84
2013-07-10 06:00:00,2.84
2013-07-10 07:00:00,2.84
2013-07-10 08:00:00,2.84
2013-07-10 09:00:00,2.84
2013-07-10 10:00:00,2.84
2013-07-10 11:00:00,2.84
2013-07-10 12:00:00,2.84
2013-07-10 13:00:00,37.34
2013-07-10 14:00:00,39.68
2013-07-10 15:00:00,33.97
2013-07-10 16:00:00,32.09
2013-07-10 17:00:00,30.76
2013-07-10 18:00:00,2.84
2013-07-10 19:00:00,2.84
2013-07-10 20:00:00,2.84
2013-07-10 21:00:00,2.84
2013-07-10 22:00:00,2.84
2013-07-10 23:00:00,2.84
2013-07-11 00:00:00,2.84
2013-07-11 01:00:00,2.84
2013-07-11 02:00:00,2.84
2013-07-11 03:00:00,2.84
2013-07-11 04:00:00,2.84
2013-07-11 05:00:00,2.84
2013-07-11 06:00:00,2.84
2013-07-11 07:00:00,2.84
2013-07-11 08:00:00,2.84
2013-07-11 09:00:00,2.84
2013-07-11 10:00:00,2.84
2013-07-11 11:00:00,2.84
2013-07-11 12:00:00,2.84
2013-07-11 13:00:00,2.84
2013-07-11 14:00:00,2.84
2013-07-11 15:00:00,2.84
2013-07-11 16:00:00,28.51
2013-07-11 17:00:00,31.27
2013-07-11 18:00:00,31.24
2013-07-11 19:00:00,32.94
2013-07-11 20:00:00,34.49
2013-07-11 21:00:00,2.84
2013-07-11 22:00:00,2.84
2013-07-11 23:00:00,2.84
2013-07-12 00:00:00,2.84
2013-07-12 01:00:00,2.84
2013-07-12 02:00:00,2.84
2013-07-12 03:00:00,2.84
2013-07-12 04:00:00,2.84
2013-07-12 05:00:00,2.84
2013-07-12 06:00:00,2.84
2013-07-12 07:00:00,2.84
2013-07-12 08:00:00,2.84
2013-07-12 09:00:00,4.31
2013-07-12 10:00:00,30.38
2013-07-12 11:00:00,31.35
2013-07-12 12:00:00,30.57
2013-07-12 13:00:00,31
2013-07-12 14:00:00,30.77
2013-07-12 15:00:00,14.56
2013-07-12 16:00:00,2.84
2013-07-12 17:00:00,2.84
2013-07-12 18:00:00,2.84
2013-07-12 19:00:00,2.84
2013-07-12 20:00:00,2.84
2013-07-12 21:00:00,2.84
2013-07-12 22:00:00,2.84
2013-07-12 23:00:00,2.84
2013-07-13 00:00:00,2.84
2013-07-13 01:00:00,2.84
2013-07-13 02:00:00,2.84
2013-07-13 03:00:00,2.84
2013-07-13 04:00:00,2.84
2013-07-13 05:00:00,2.84
2013-07-13 06:00:00,2.84
2013-07-13 07:00:00,2.84
2013-07-13 08:00:00,2.84
2013-07-13 09:00:00,2.84
2013-07-13 10:00:00,2.84
2013-07-13 11:00:00,2.84
2013-07-13 12:00:00,2.84
2013-07-13 13:00:00,2.84
2013-07-13 14:00:00,2.84
2013-07-13 15:00:00,2.84
2013-07-13 16:00:00,2.84
2013-07-13 17:00:00,2.84
2013-07-13 18:00:00,2.84
2013-07-13 19:00:00,2.84
2013-07-13 20:00:00,2.84
2013-07-13 21:00:00,2.84
2013-07-13 22:00:00,2.84
2013-07-13 23:00:00,2.84
2013-07-14 00:00:00,2.84
2013-07-14 01:00:00,2.84
2013-07-14 02:00:00,2.84
2013-07-14 03:00:00,2.84
2013-07-14 04:00:00,2.84
2013-07-14 05:00:00,2.84
2013-07-14 06:00:00,2.84
2013-07-14 07:00:00,2.84
2013-07-14 08:00:00,2.84
2013-07-14 09:00:00,2.84
2013-07-14 10:00:00,2.84
2013-07-14 11:00:00,2.84
2013-07-14 12:00:00,2.84
2013-07-14 13:00:00,2.84
2013-07-14 14:00:00,2.84
2013-07-14 15:00:00,2.84
2013-07-14 16:00:00,2.84
2013-07-14 17:00:00,2.84
2013-07-14 18:00:00,2.84
2013-07-14 19:00:00,2.84
2013-07-14 20:00:00,2.84
2013-07-14 21:00:00,2.84
2013-07-14 22:00:00,2.84
2013-07-14 23:00:00,2.84
2013-07-15 00:00:00,2.84
2013-07-15 01:00:00,2.84
2013-07-15 02:00:00,2.84
2013-07-15 03:00:00,2.84
2013-07-15 04:00:00,2.84
2013-07-15 05:00:00,2.84
2013-07-15 06:00:00,2.84
2013-07-15 07:00:00,2.84
2013-07-15 08:00:00,2.84
2013-07-15 09:00:00,2.84
2013-07-15 10:00:00,2.84
2013-07-15 11:00:00,2.84
2013-07-15 12:00:00,2.84
2013-07-15 13:00:00,2.84
2013-07-15 14:00:00,2.84
2013-07-15 15:00:00,2.84
2013-07-15 16:00:00,31.24
2013-07-15 17:00:00,32.16
2013-07-15 18:00:00,32.09
2013-07-15 19:00:00,5.66
2013-07-15 20:00:00,2.84
2013-07-15 21:00:00,2.84
2013-07-15 22:00:00,2.84
2013-07-15 23:00:00,2.84
2013-07-16 00:00:00,2.84
2013-07-16 01:00:00,2.84
2013-07-16 02:00:00,2.84
2013-07-16 03:00:00,2.84
2013-07-16 04:00:00,2.84
2013-07-16 05:00:00,2.84
2013-07-16 06:00:00,2.84
2013-07-16 07:00:00,2.84
2013-07-16 08:00:00,2.84
2013-07-16 09:00:00,2.84
2013-07-16 10:00:00,2.84
2013-07-16 11:00:00,2.84
2013-07-16 12:00:00,2.84
2013-07-16 13:00:00,31.06
2013-07-16 14:00:00,33.52
2013-07-16 15:00:00,32.21
2013-07-16 16:00:00,30.61
2013-07-16 17:00:00,32.36
2013-07-16 18:00:00,30.05
2013-07-16 19:00:00,30.76
2013-07-16 20:00:00,2.84
2013-07-16 21:00:00,2.84
2013-07-16 22:00:00,2.84
2013-07-16 23:00:00,2.84
2013-07-17 00:00:00,2.84
2013-07-17 01:00:00,2.84
2013-07-17 02:00:00,2.84
2013-07-17 03:00:00,2.84
2013-07-17 04:00:00,2.84
2013-07-17 05:00:00,2.84
2013-07-17 06:00:00,2.84
2013-07-17 07:00:00,2.84
2013-07-17 08:00:00,2.84
2013-07-17 09:00:00,2.84
2013-07-17 10:00:00,2.84
2013-07-17 11:00:00,2.84
2013-07-17 12:00:00,2.84
2013-07-17 13:00:00,32.56
2013-07-17 14:00:00,34.95
2013-07-17 15:00:00,35.43
2013-07-17 16:00:00,34.39
2013-07-17 17:00:00,18.09
2013-07-17 18:00:00,2.84
2013-07-17 19:00:00,2.840000005
2013-07-17 20:00:00,33.07
2013-07-17 21:00:00,25.3
2013-07-17 22:00:00,2.84
2013-07-17 23:00:00,2.84
2013-07-18 00:00:00,2.84
2013-07-18 01:00:00,2.84
2013-07-18 02:00:00,2.84
2013-07-18 03:00:00,2.84
2013-07-18 04:00:00,2.84
2013-07-18 05:00:00,2.84
2013-07-18 06:00:00,2.84
2013-07-18 07:00:00,2.84
2013-07-18 08:00:00,2.84
2013-07-18 09:00:00,2.84
2013-07-18 10:00:00,2.840000004
2013-07-18 11:00:00,26.9
2013-07-18 12:00:00,29.97
2013-07-18 13:00:00,32.15
2013-07-18 14:00:00,32.88
2013-07-18 15:00:00,31.15
2013-07-18 16:00:00,32.22
2013-07-18 17:00:00,28.9
2013-07-18 18:00:00,2.84
2013-07-18 19:00:00,2.840000005
2013-07-18 20:00:00,31.6
2013-07-18 21:00:00,2.84
2013-07-18 22:00:00,2.84
2013-07-18 23:00:00,2.84
2013-07-19 00:00:00,2.84
2013-07-19 01:00:00,2.84
2013-07-19 02:00:00,2.84
2013-07-19 03:00:00,2.84
2013-07-19 04:00:00,2.84
2013-07-19 05:00:00,2.84
2013-07-19 06:00:00,2.84
2013-07-19 07:00:00,2.840000001
2013-07-19 08:00:00,6.05
2013-07-19 09:00:00,33.78
2013-07-19 10:00:00,32.25
2013-07-19 11:00:00,33.15
2013-07-19 12:00:00,32.73
2013-07-19 13:00:00,31.38
2013-07-19 14:00:00,33.78
2013-07-19 15:00:00,33.76
2013-07-19 16:00:00,32.49
2013-07-19 17:00:00,32.32
2013-07-19 18:00:00,30.88
2013-07-19 19:00:00,2.84
2013-07-19 20:00:00,2.84
2013-07-19 21:00:00,2.84
2013-07-19 22:00:00,2.84
2013-07-19 23:00:00,2.84
2013-07-20 00:00:00,2.84
2013-07-20 01:00:00,2.84
2013-07-20 02:00:00,2.84
2013-07-20 03:00:00,2.84
2013-07-20 04:00:00,2.84
2013-07-20 05:00:00,2.84
2013-07-20 06:00:00,2.84
2013-07-20 07:00:00,2.84
2013-07-20 08:00:00,2.84
2013-07-20 09:00:00,2.84
2013-07-20 10:00:00,2.84
2013-07-20 11:00:00,2.84
2013-07-20 12:00:00,2.84
2013-07-20 13:00:00,2.84
2013-07-20 14:00:00,2.84
2013-07-20 15:00:00,2.84
2013-07-20 16:00:00,2.84
2013-07-20 17:00:00,2.84
2013-07-20 18:00:00,2.84
2013-07-20 19:00:00,2.84
2013-07-20 20:00:00,2.84
2013-07-20 21:00:00,2.84
2013-07-20 22:00:00,2.84
2013-07-20 23:00:00,2.84
2013-07-21 00:00:00,2.84
2013-07-21 01:00:00,2.84
2013-07-21 02:00:00,2.84
2013-07-21 03:00:00,2.84
2013-07-21 04:00:00,2.84
2013-07-21 05:00:00,2.84
2013-07-21 06:00:00,2.84
2013-07-21 07:00:00,2.84
2013-07-21 08:00:00,2.84
2013-07-21 09:00:00,2.84
2013-07-21 10:00:00,2.84
2013-07-21 11:00:00,2.84
2013-07-21 12:00:00,2.84
2013-07-21 13:00:00,2.84
2013-07-21 14:00:00,2.84
2013-07-21 15:00:00,2.84
2013-07-21 16:00:00,2.84
2013-07-21 17:00:00,2.84
2013-07-21 18:00:00,2.84
2013-07-21 19:00:00,2.84
2013-07-21 20:00:00,2.84
2013-07-21 21:00:00,2.84
2013-07-21 22:00:00,2.84
2013-07-21 23:00:00,2.84
2013-07-22 00:00:00,2.84
2013-07-22 01:00:00,2.84
2013-07-22 02:00:00,2.84
2013-07-22 03:00:00,2.84
2013-07-22 04:00:00,2.84
2013-07-22 05:00:00,2.84
2013-07-22 06:00:00,2.84
2013-07-22 07:00:00,2.84
2013-07-22 08:00:00,2.84
2013-07-22 09:00:00,2.84
2013-07-22 10:00:00,2.84
2013-07-22 11:00:00,2.84
2013-07-22 12:00:00,2.84
2013-07-22 13:00:00,2.84
2013-07-22 14:00:00,2.84
2013-07-22 15:00:00,5.25
2013-07-22 16:00:00,33.78
2013-07-22 17:00:00,30.04
2013-07-22 18:00:00,31.94
2013-07-22 19:00:00,31.56999999
2013-07-22 20:00:00,2.84
2013-07-22 21:00:00,2.84
2013-07-22 22:00:00,2.84
2013-07-22 23:00:00,2.84
2013-07-23 00:00:00,2.84
2013-07-23 01:00:00,2.84
2013-07-23 02:00:00,2.84
2013-07-23 03:00:00,2.84
2013-07-23 04:00:00,2.84
2013-07-23 05:00:00,2.84
2013-07-23 06:00:00,2.84
2013-07-23 07:00:00,0
2013-07-23 08:00:00,0
2013-07-23 09:00:00,0
2013-07-23 10:00:00,0
2013-07-23 11:00:00,0
2013-07-23 12:00:00,0
2013-07-23 13:00:00,0
2013-07-23 14:00:00,0
2013-07-23 15:00:00,4
2013-07-23 16:00:00,25.4
2013-07-23 17:00:00,25.4
2013-07-23 18:00:00,25.4
2013-07-23 19:00:00,25.4
2013-07-23 20:00:00,25.4
2013-07-23 21:00:00,25.8
2013-07-23 22:00:00,25.4
2013-07-23 23:00:00,0
2013-07-24 00:00:00,2.84
2013-07-24 01:00:00,7.58
2013-07-24 02:00:00,7.58
2013-07-24 03:00:00,7.58
2013-07-24 04:00:00,7.58
2013-07-24 05:00:00,7.58
2013-07-24 06:00:00,7.58
2013-07-24 07:00:00,0
2013-07-24 08:00:00,0
2013-07-24 09:00:00,0
2013-07-24 10:00:00,0
2013-07-24 11:00:00,0
2013-07-24 12:00:00,0
2013-07-24 13:00:00,5.76E-09
2013-07-24 14:00:00,33
2013-07-24 15:00:00,33
2013-07-24 16:00:00,33
2013-07-24 17:00:00,28
2013-07-24 18:00:00,29
2013-07-24 19:00:00,33
2013-07-24 20:00:00,33
2013-07-24 21:00:00,33
2013-07-24 22:00:00,0
2013-07-24 23:00:00,0
2013-07-25 00:00:00,7.58
2013-07-25 01:00:00,7.58
2013-07-25 02:00:00,7.58
2013-07-25 03:00:00,7.58
2013-07-25 04:00:00,7.58
2013-07-25 05:00:00,7.58
2013-07-25 06:00:00,7.58
2013-07-25 07:00:00,7.58
2013-07-25 08:00:00,7.58
2013-07-25 09:00:00,7.58
2013-07-25 10:00:00,7.58
2013-07-25 11:00:00,7.58
2013-07-25 12:00:00,7.58
2013-07-25 13:00:00,7.58
2013-07-25 14:00:00,7.58
2013-07-25 15:00:00,11.32
2013-07-25 16:00:00,42.11
2013-07-25 17:00:00,37.94
2013-07-25 18:00:00,7.58
2013-07-25 19:00:00,10.85
2013-07-25 20:00:00,37.41
2013-07-25 21:00:00,39.14
2013-07-25 22:00:00,7.58
2013-07-25 23:00:00,7.58
2013-07-26 00:00:00,7.58
2013-07-26 01:00:00,7.58
2013-07-26 02:00:00,7.58
2013-07-26 03:00:00,7.58
2013-07-26 04:00:00,7.58
2013-07-26 05:00:00,7.58
2013-07-26 06:00:00,7.58
2013-07-26 07:00:00,7.58
2013-07-26 08:00:00,9.33
2013-07-26 09:00:00,39.65
2013-07-26 10:00:00,38.81
2013-07-26 11:00:00,38.43
2013-07-26 12:00:00,37.69
2013-07-26 13:00:00,37.04
2013-07-26 14:00:00,38.3
2013-07-26 15:00:00,37.32
2013-07-26 16:00:00,35.94
2013-07-26 17:00:00,37.68
2013-07-26 18:00:00,37.6
2013-07-26 19:00:00,38.61
2013-07-26 20:00:00,38.46
2013-07-26 21:00:00,37.81
2013-07-26 22:00:00,38.67
2013-07-26 23:00:00,38.71
2013-07-27 00:00:00,7.58
2013-07-27 01:00:00,7.58
2013-07-27 02:00:00,7.58
2013-07-27 03:00:00,7.58
2013-07-27 04:00:00,7.58
2013-07-27 05:00:00,7.58
2013-07-27 06:00:00,7.58
2013-07-27 07:00:00,7.58
2013-07-27 08:00:00,7.58
2013-07-27 09:00:00,7.58
2013-07-27 10:00:00,7.58
2013-07-27 11:00:00,7.58
2013-07-27 12:00:00,7.58
2013-07-27 13:00:00,7.58
2013-07-27 14:00:00,7.58
2013-07-27 15:00:00,7.58
2013-07-27 16:00:00,7.58
2013-07-27 17:00:00,7.58
2013-07-27 18:00:00,13.07
2013-07-27 19:00:00,36.92
2013-07-27 20:00:00,40.84
2013-07-27 21:00:00,36.79
2013-07-27 22:00:00,20.03
2013-07-27 23:00:00,7.58
2013-07-28 00:00:00,7.58
2013-07-28 01:00:00,7.58
2013-07-28 02:00:00,7.58
2013-07-28 03:00:00,7.58
2013-07-28 04:00:00,7.58
2013-07-28 05:00:00,7.58
2013-07-28 06:00:00,7.58
2013-07-28 07:00:00,7.58
2013-07-28 08:00:00,7.58
2013-07-28 09:00:00,7.58
2013-07-28 10:00:00,7.58
2013-07-28 11:00:00,7.58
2013-07-28 12:00:00,7.58
2013-07-28 13:00:00,7.58
2013-07-28 14:00:00,7.58
2013-07-28 15:00:00,7.58
2013-07-28 16:00:00,7.580000004
2013-07-28 17:00:00,33.34
2013-07-28 18:00:00,40.25
2013-07-28 19:00:00,41.48
2013-07-28 20:00:00,39.76
2013-07-28 21:00:00,32.76
2013-07-28 22:00:00,7.58
2013-07-28 23:00:00,7.58
2013-07-29 00:00:00,2.08
2013-07-29 01:00:00,7.58
2013-07-29 02:00:00,7.58
2013-07-29 03:00:00,7.58
2013-07-29 04:00:00,7.58
2013-07-29 05:00:00,7.58
2013-07-29 06:00:00,7.58
2013-07-29 07:00:00,7.58
2013-07-29 08:00:00,7.58
2013-07-29 09:00:00,7.58
2013-07-29 10:00:00,10.43
2013-07-29 11:00:00,38.22
2013-07-29 12:00:00,37.35
2013-07-29 13:00:00,38.75
2013-07-29 14:00:00,37.2
2013-07-29 15:00:00,38.31
2013-07-29 16:00:00,37.77
2013-07-29 17:00:00,37.33
2013-07-29 18:00:00,38.54
2013-07-29 19:00:00,39.74
2013-07-29 20:00:00,39.02
2013-07-29 21:00:00,33.95
2013-07-29 22:00:00,7.58
2013-07-29 23:00:00,7.58
2013-07-30 00:00:00,7.58
2013-07-30 01:00:00,7.58
2013-07-30 02:00:00,7.58
2013-07-30 03:00:00,7.58
2013-07-30 04:00:00,7.58
2013-07-30 05:00:00,7.58
2013-07-30 06:00:00,7.58
2013-07-30 07:00:00,7.58
2013-07-30 08:00:00,7.58
2013-07-30 09:00:00,7.58
2013-07-30 10:00:00,7.58
2013-07-30 11:00:00,7.58
2013-07-30 12:00:00,7.58
2013-07-30 13:00:00,7.58
2013-07-30 14:00:00,7.58
2013-07-30 15:00:00,7.58
2013-07-30 16:00:00,35.92
2013-07-30 17:00:00,36.69
2013-07-30 18:00:00,38.89
2013-07-30 19:00:00,38.38
2013-07-30 20:00:00,37.51
2013-07-30 21:00:00,37.62
2013-07-30 22:00:00,36.67
2013-07-30 23:00:00,35.3
2013-07-31 00:00:00,7.58
2013-07-31 01:00:00,7.58
2013-07-31 02:00:00,7.58
2013-07-31 03:00:00,7.58
2013-07-31 04:00:00,7.58
2013-07-31 05:00:00,7.58
2013-07-31 06:00:00,7.58
2013-07-31 07:00:00,7.58
2013-07-31 08:00:00,7.58
2013-07-31 09:00:00,7.58
2013-07-31 10:00:00,7.58
2013-07-31 11:00:00,7.58
2013-07-31 12:00:00,7.58
2013-07-31 13:00:00,8.870000005
2013-07-31 14:00:00,40.1
2013-07-31 15:00:00,36.04
2013-07-31 16:00:00,36.99
2013-07-31 17:00:00,35.64
2013-07-31 18:00:00,37.03
2013-07-31 19:00:00,37.47
2013-07-31 20:00:00,36.17
2013-07-31 21:00:00,35.58
2013-07-31 22:00:00,7.58
2013-07-31 23:00:00,7.58
2013-08-01 00:00:00,7.58
2013-08-01 01:00:00,7.58
2013-08-01 02:00:00,7.58
2013-08-01 03:00:00,7.58
2013-08-01 04:00:00,7.58
2013-08-01 05:00:00,7.58
2013-08-01 06:00:00,7.58
2013-08-01 07:00:00,7.58
2013-08-01 08:00:00,7.58
2013-08-01 09:00:00,7.58
2013-08-01 10:00:00,7.58
2013-08-01 11:00:00,7.58
2013-08-01 12:00:00,7.58
2013-08-01 13:00:00,7.58
2013-08-01 14:00:00,7.58
2013-08-01 15:00:00,7.58
2013-08-01 16:00:00,37.75
2013-08-01 17:00:00,38.43
2013-08-01 18:00:00,37.21
2013-08-01 19:00:00,36.29
2013-08-01 20:00:00,38.52
2013-08-01 21:00:00,34.36
2013-08-01 22:00:00,7.58
2013-08-01 23:00:00,7.58
2013-08-02 00:00:00,7.58
2013-08-02 01:00:00,7.58
2013-08-02 02:00:00,7.58
2013-08-02 03:00:00,7.58
2013-08-02 04:00:00,7.58
2013-08-02 05:00:00,7.58
2013-08-02 06:00:00,7.58
2013-08-02 07:00:00,7.58
2013-08-02 08:00:00,7.58
2013-08-02 09:00:00,7.58
2013-08-02 10:00:00,36.89
2013-08-02 11:00:00,37.71
2013-08-02 12:00:00,34.81
2013-08-02 13:00:00,7.58
2013-08-02 14:00:00,7.58
2013-08-02 15:00:00,9.66
2013-08-02 16:00:00,36.47
2013-08-02 17:00:00,35.29
2013-08-02 18:00:00,7.58
2013-08-02 19:00:00,7.58
2013-08-02 20:00:00,7.58
2013-08-02 21:00:00,7.58
2013-08-02 22:00:00,7.58
2013-08-02 23:00:00,7.58
2013-08-03 00:00:00,7.58
2013-08-03 01:00:00,7.58
2013-08-03 02:00:00,7.58
2013-08-03 03:00:00,7.58
2013-08-03 04:00:00,7.58
2013-08-03 05:00:00,7.58
2013-08-03 06:00:00,7.58
2013-08-03 07:00:00,7.58
2013-08-03 08:00:00,7.58
2013-08-03 09:00:00,7.58
2013-08-03 10:00:00,7.58
2013-08-03 11:00:00,7.58
2013-08-03 12:00:00,7.58
2013-08-03 13:00:00,7.58
2013-08-03 14:00:00,7.58
2013-08-03 15:00:00,7.58
2013-08-03 16:00:00,7.58
2013-08-03 17:00:00,7.58
2013-08-03 18:00:00,7.58
2013-08-03 19:00:00,10.56
2013-08-03 20:00:00,36.58
2013-08-03 21:00:00,32.86
2013-08-03 22:00:00,35.25
2013-08-03 23:00:00,33.92
2013-08-04 00:00:00,7.58
2013-08-04 01:00:00,7.58
2013-08-04 02:00:00,7.58
2013-08-04 03:00:00,7.58
2013-08-04 04:00:00,7.58
2013-08-04 05:00:00,7.58
2013-08-04 06:00:00,7.58
2013-08-04 07:00:00,7.58
2013-08-04 08:00:00,7.58
2013-08-04 09:00:00,7.58
2013-08-04 10:00:00,7.58
2013-08-04 11:00:00,7.58
2013-08-04 12:00:00,7.58
2013-08-04 13:00:00,7.58
2013-08-04 14:00:00,7.58
2013-08-04 15:00:00,7.58
2013-08-04 16:00:00,7.58
2013-08-04 17:00:00,7.58
2013-08-04 18:00:00,7.58
2013-08-04 19:00:00,7.58
2013-08-04 20:00:00,7.58
2013-08-04 21:00:00,7.58
2013-08-04 22:00:00,7.58
2013-08-04 23:00:00,7.58
2013-08-05 00:00:00,7.58
2013-08-05 01:00:00,7.58
2013-08-05 02:00:00,7.58
2013-08-05 03:00:00,7.58
2013-08-05 04:00:00,7.58
2013-08-05 05:00:00,7.58
2013-08-05 06:00:00,7.58
2013-08-05 07:00:00,0
2013-08-05 08:00:00,0
2013-08-05 09:00:00,0
2013-08-05 10:00:00,0
2013-08-05 11:00:00,0
2013-08-05 12:00:00,0
2013-08-05 13:00:00,0
2013-08-05 14:00:00,0
2013-08-05 15:00:00,0
2013-08-05 16:00:00,0
2013-08-05 17:00:00,0
2013-08-05 18:00:00,0
2013-08-05 19:00:00,1.40E-09
2013-08-05 20:00:00,8
2013-08-05 21:00:00,29
2013-08-05 22:00:00,0
2013-08-05 23:00:00,0
2013-08-06 00:00:00,7.58
2013-08-06 01:00:00,7.58
2013-08-06 02:00:00,7.58
2013-08-06 03:00:00,7.58
2013-08-06 04:00:00,7.58
2013-08-06 05:00:00,7.58
2013-08-06 06:00:00,7.58
2013-08-06 07:00:00,7.58
2013-08-06 08:00:00,7.58
2013-08-06 09:00:00,7.58
2013-08-06 10:00:00,7.58
2013-08-06 11:00:00,7.58
2013-08-06 12:00:00,7.58
2013-08-06 13:00:00,7.58
2013-08-06 14:00:00,7.58
2013-08-06 15:00:00,7.58
2013-08-06 16:00:00,7.58
2013-08-06 17:00:00,7.58
2013-08-06 18:00:00,7.58
2013-08-06 19:00:00,9.690000005
2013-08-06 20:00:00,37.91
2013-08-06 21:00:00,37.76
2013-08-06 22:00:00,34.02
2013-08-06 23:00:00,35.1
2013-08-07 00:00:00,7.58
2013-08-07 01:00:00,7.58
2013-08-07 02:00:00,7.58
2013-08-07 03:00:00,7.58
2013-08-07 04:00:00,7.58
2013-08-07 05:00:00,7.58
2013-08-07 06:00:00,7.58
2013-08-07 07:00:00,7.58
2013-08-07 08:00:00,7.58
2013-08-07 09:00:00,7.58
2013-08-07 10:00:00,7.58
2013-08-07 11:00:00,7.58
2013-08-07 12:00:00,7.58
2013-08-07 13:00:00,7.58
2013-08-07 14:00:00,7.58
2013-08-07 15:00:00,10.82
2013-08-07 16:00:00,36.27
2013-08-07 17:00:00,35.92
2013-08-07 18:00:00,34.65
2013-08-07 19:00:00,36.35999999
2013-08-07 20:00:00,7.58
2013-08-07 21:00:00,7.58
2013-08-07 22:00:00,7.58
2013-08-07 23:00:00,7.58
2013-08-08 00:00:00,7.58
2013-08-08 01:00:00,7.58
2013-08-08 02:00:00,7.58
2013-08-08 03:00:00,7.58
2013-08-08 04:00:00,7.58
2013-08-08 05:00:00,7.58
2013-08-08 06:00:00,7.58
2013-08-08 07:00:00,7.58
2013-08-08 08:00:00,7.58
2013-08-08 09:00:00,7.58
2013-08-08 10:00:00,7.58
2013-08-08 11:00:00,7.58
2013-08-08 12:00:00,7.58
2013-08-08 13:00:00,7.580000005
2013-08-08 14:00:00,37.05
2013-08-08 15:00:00,37.04
2013-08-08 16:00:00,33.48
2013-08-08 17:00:00,7.58
2013-08-08 18:00:00,7.58
2013-08-08 19:00:00,7.58
2013-08-08 20:00:00,7.58
2013-08-08 21:00:00,7.58
2013-08-08 22:00:00,7.58
2013-08-08 23:00:00,7.58
2013-08-09 00:00:00,7.58
2013-08-09 01:00:00,7.58
2013-08-09 02:00:00,7.58
2013-08-09 03:00:00,7.58
2013-08-09 04:00:00,7.58
2013-08-09 05:00:00,7.58
2013-08-09 06:00:00,7.58
2013-08-09 07:00:00,7.58
2013-08-09 08:00:00,7.58
2013-08-09 09:00:00,7.58
2013-08-09 10:00:00,7.58
2013-08-09 11:00:00,7.58
2013-08-09 12:00:00,7.58
2013-08-09 13:00:00,7.58
2013-08-09 14:00:00,7.58
2013-08-09 15:00:00,7.58
2013-08-09 16:00:00,10.2
2013-08-09 17:00:00,36.21
2013-08-09 18:00:00,34.35
2013-08-09 19:00:00,33.87
2013-08-09 20:00:00,36.39
2013-08-09 21:00:00,7.58
2013-08-09 22:00:00,7.58
2013-08-09 23:00:00,7.58
2013-08-10 00:00:00,7.58
2013-08-10 01:00:00,7.58
2013-08-10 02:00:00,7.58
2013-08-10 03:00:00,7.58
2013-08-10 04:00:00,7.58
2013-08-10 05:00:00,7.58
2013-08-10 06:00:00,7.58
2013-08-10 07:00:00,7.58
2013-08-10 08:00:00,7.58
2013-08-10 09:00:00,7.58
2013-08-10 10:00:00,7.580000005
2013-08-10 11:00:00,36.54
2013-08-10 12:00:00,40.86
2013-08-10 13:00:00,13.09
2013-08-10 14:00:00,7.58
2013-08-10 15:00:00,7.58
2013-08-10 16:00:00,7.58
2013-08-10 17:00:00,7.58
2013-08-10 18:00:00,7.58
2013-08-10 19:00:00,19.96
2013-08-10 20:00:00,39.22
2013-08-10 21:00:00,7.58
2013-08-10 22:00:00,7.58
2013-08-10 23:00:00,7.58
2013-08-11 00:00:00,7.58
2013-08-11 01:00:00,7.58
2013-08-11 02:00:00,7.58
2013-08-11 03:00:00,7.58
2013-08-11 04:00:00,7.58
2013-08-11 05:00:00,7.58
2013-08-11 06:00:00,7.58
2013-08-11 07:00:00,7.58
2013-08-11 08:00:00,7.58
2013-08-11 09:00:00,7.58
2013-08-11 10:00:00,7.58
2013-08-11 11:00:00,7.58
2013-08-11 12:00:00,7.58
2013-08-11 13:00:00,7.58
2013-08-11 14:00:00,7.58
2013-08-11 15:00:00,7.58
2013-08-11 16:00:00,7.58
2013-08-11 17:00:00,7.58
2013-08-11 18:00:00,36.72
2013-08-11 19:00:00,40.59
2013-08-11 20:00:00,35.04
2013-08-11 21:00:00,35.5
2013-08-11 22:00:00,7.58
2013-08-11 23:00:00,7.58
2013-08-12 00:00:00,7.58
2013-08-12 01:00:00,7.58
2013-08-12 02:00:00,7.58
2013-08-12 03:00:00,7.58
2013-08-12 04:00:00,7.58
2013-08-12 05:00:00,7.58
2013-08-12 06:00:00,7.58
2013-08-12 07:00:00,7.58
2013-08-12 08:00:00,7.58
2013-08-12 09:00:00,7.58
2013-08-12 10:00:00,7.58
2013-08-12 11:00:00,7.58
2013-08-12 12:00:00,36.9
2013-08-12 13:00:00,38.21
2013-08-12 14:00:00,36.88
2013-08-12 15:00:00,37.23
2013-08-12 16:00:00,36.6
2013-08-12 17:00:00,34.11
2013-08-12 18:00:00,7.58
2013-08-12 19:00:00,7.58
2013-08-12 20:00:00,7.58
2013-08-12 21:00:00,7.58
2013-08-12 22:00:00,7.58
2013-08-12 23:00:00,7.58
2013-08-13 00:00:00,7.58
2013-08-13 01:00:00,7.58
2013-08-13 02:00:00,7.58
2013-08-13 03:00:00,7.58
2013-08-13 04:00:00,7.58
2013-08-13 05:00:00,7.58
2013-08-13 06:00:00,7.58
2013-08-13 07:00:00,7.58
2013-08-13 08:00:00,7.58
2013-08-13 09:00:00,10.75
2013-08-13 10:00:00,36.14
2013-08-13 11:00:00,34.85
2013-08-13 12:00:00,33.98
2013-08-13 13:00:00,33.87
2013-08-13 14:00:00,37.26
2013-08-13 15:00:00,33.69
2013-08-13 16:00:00,34.84
2013-08-13 17:00:00,33.57
2013-08-13 18:00:00,7.58
2013-08-13 19:00:00,7.58
2013-08-13 20:00:00,7.58
2013-08-13 21:00:00,7.58
2013-08-13 22:00:00,7.58
2013-08-13 23:00:00,7.58
2013-08-14 00:00:00,7.58
2013-08-14 01:00:00,7.58
2013-08-14 02:00:00,7.58
2013-08-14 03:00:00,7.58
2013-08-14 04:00:00,7.58
2013-08-14 05:00:00,7.58
2013-08-14 06:00:00,7.58
2013-08-14 07:00:00,7.58
2013-08-14 08:00:00,7.58
2013-08-14 09:00:00,11.34
2013-08-14 10:00:00,40.16
2013-08-14 11:00:00,39.8
2013-08-14 12:00:00,39.25
2013-08-14 13:00:00,36.9
2013-08-14 14:00:00,38.28
2013-08-14 15:00:00,38.03
2013-08-14 16:00:00,37.73
2013-08-14 17:00:00,32.68
2013-08-14 18:00:00,7.58
2013-08-14 19:00:00,7.58
2013-08-14 20:00:00,7.58
2013-08-14 21:00:00,7.58
2013-08-14 22:00:00,7.58
2013-08-14 23:00:00,7.58
2013-08-15 00:00:00,7.58
2013-08-15 01:00:00,7.58
2013-08-15 02:00:00,7.58
2013-08-15 03:00:00,7.58
2013-08-15 04:00:00,7.58
2013-08-15 05:00:00,7.58
2013-08-15 06:00:00,7.58
2013-08-15 07:00:00,7.58
2013-08-15 08:00:00,7.58
2013-08-15 09:00:00,7.58
2013-08-15 10:00:00,7.58
2013-08-15 11:00:00,7.58
2013-08-15 12:00:00,7.58
2013-08-15 13:00:00,7.580000005
2013-08-15 14:00:00,37.23
2013-08-15 15:00:00,37.39
2013-08-15 16:00:00,35.8
2013-08-15 17:00:00,7.58
2013-08-15 18:00:00,7.58
2013-08-15 19:00:00,7.58
2013-08-15 20:00:00,7.58
2013-08-15 21:00:00,7.58
2013-08-15 22:00:00,7.58
2013-08-15 23:00:00,7.58
2013-08-16 00:00:00,7.58
2013-08-16 01:00:00,7.58
2013-08-16 02:00:00,7.58
2013-08-16 03:00:00,7.58
2013-08-16 04:00:00,7.58
2013-08-16 05:00:00,7.58
2013-08-16 06:00:00,7.58
2013-08-16 07:00:00,7.58
2013-08-16 08:00:00,7.58
2013-08-16 09:00:00,9.96
2013-08-16 10:00:00,38.16
2013-08-16 11:00:00,38.71
2013-08-16 12:00:00,37.83
2013-08-16 13:00:00,36.79
2013-08-16 14:00:00,40.3
2013-08-16 15:00:00,37.9
2013-08-16 16:00:00,36.59
2013-08-16 17:00:00,37
2013-08-16 18:00:00,37.59
2013-08-16 19:00:00,37.14
2013-08-16 20:00:00,34.8
2013-08-16 21:00:00,34.39
2013-08-16 22:00:00,7.58
2013-08-16 23:00:00,7.58
2013-08-17 00:00:00,7.58
2013-08-17 01:00:00,7.58
2013-08-17 02:00:00,7.58
2013-08-17 03:00:00,7.58
2013-08-17 04:00:00,7.58
2013-08-17 05:00:00,7.58
2013-08-17 06:00:00,7.58
2013-08-17 07:00:00,7.58
2013-08-17 08:00:00,7.58
2013-08-17 09:00:00,7.58
2013-08-17 10:00:00,7.58
2013-08-17 11:00:00,7.58
2013-08-17 12:00:00,7.58
2013-08-17 13:00:00,7.58
2013-08-17 14:00:00,7.58
2013-08-17 15:00:00,7.58
2013-08-17 16:00:00,7.58
2013-08-17 17:00:00,7.58
2013-08-17 18:00:00,7.58
2013-08-17 19:00:00,7.58
2013-08-17 20:00:00,7.58
2013-08-17 21:00:00,7.58
2013-08-17 22:00:00,7.58
2013-08-17 23:00:00,7.58
2013-08-18 00:00:00,12.29
2013-08-18 01:00:00,12.29
2013-08-18 02:00:00,12.29
2013-08-18 03:00:00,12.29
2013-08-18 04:00:00,12.29
2013-08-18 05:00:00,12.29
2013-08-18 06:00:00,12.29
2013-08-18 07:00:00,12.29
2013-08-18 08:00:00,12.29
2013-08-18 09:00:00,12.29
2013-08-18 10:00:00,12.29
2013-08-18 11:00:00,12.29
2013-08-18 12:00:00,12.29
2013-08-18 13:00:00,12.29
2013-08-18 14:00:00,14.96
2013-08-18 15:00:00,36.9
2013-08-18 16:00:00,33.86
2013-08-18 17:00:00,12.29
2013-08-18 18:00:00,12.29
2013-08-18 19:00:00,18.36
2013-08-18 20:00:00,34.73
2013-08-18 21:00:00,12.29
2013-08-18 22:00:00,12.29
2013-08-18 23:00:00,12.29
2013-08-19 00:00:00,12.29
2013-08-19 01:00:00,12.29
2013-08-19 02:00:00,12.29
2013-08-19 03:00:00,12.29
2013-08-19 04:00:00,12.29
2013-08-19 05:00:00,12.29
2013-08-19 06:00:00,12.29
2013-08-19 07:00:00,0
2013-08-19 08:00:00,0
2013-08-19 09:00:00,0
2013-08-19 10:00:00,8.73E-10
2013-08-19 11:00:00,5
2013-08-19 12:00:00,33
2013-08-19 13:00:00,30
2013-08-19 14:00:00,25
2013-08-19 15:00:00,0
2013-08-19 16:00:00,0
2013-08-19 17:00:00,0
2013-08-19 18:00:00,0
2013-08-19 19:00:00,5.000000005
2013-08-19 20:00:00,33
2013-08-19 21:00:00,0
2013-08-19 22:00:00,0
2013-08-19 23:00:00,0
2013-08-20 00:00:00,7.58
2013-08-20 01:00:00,7.58
2013-08-20 02:00:00,7.58
2013-08-20 03:00:00,7.58
2013-08-20 04:00:00,7.58
2013-08-20 05:00:00,7.58
2013-08-20 06:00:00,7.58
2013-08-20 07:00:00,7.58
2013-08-20 08:00:00,7.58
2013-08-20 09:00:00,7.58
2013-08-20 10:00:00,7.58
2013-08-20 11:00:00,7.58
2013-08-20 12:00:00,7.58
2013-08-20 13:00:00,7.58
2013-08-20 14:00:00,7.58
2013-08-20 15:00:00,30.01
2013-08-20 16:00:00,31.91
2013-08-20 17:00:00,7.58
2013-08-20 18:00:00,7.58
2013-08-20 19:00:00,7.58
2013-08-20 20:00:00,7.58
2013-08-20 21:00:00,7.58
2013-08-20 22:00:00,7.58
2013-08-20 23:00:00,7.58
2013-08-21 00:00:00,7.58
2013-08-21 01:00:00,8.71
2013-08-21 02:00:00,8.71
2013-08-21 03:00:00,8.71
2013-08-21 04:00:00,8.71
2013-08-21 05:00:00,8.71
2013-08-21 06:00:00,8.71
2013-08-21 07:00:00,8.71
2013-08-21 08:00:00,8.71
2013-08-21 09:00:00,8.71
2013-08-21 10:00:00,8.71
2013-08-21 11:00:00,8.71
2013-08-21 12:00:00,8.71
2013-08-21 13:00:00,8.71
2013-08-21 14:00:00,8.71
2013-08-21 15:00:00,8.71
2013-08-21 16:00:00,8.71
2013-08-21 17:00:00,8.71
2013-08-21 18:00:00,8.71
2013-08-21 19:00:00,8.71
2013-08-21 20:00:00,8.71
2013-08-21 21:00:00,8.71
2013-08-21 22:00:00,8.71
2013-08-21 23:00:00,8.71
2013-08-22 00:00:00,8.71
2013-08-22 01:00:00,8.71
2013-08-22 02:00:00,8.71
2013-08-22 03:00:00,8.71
2013-08-22 04:00:00,8.71
2013-08-22 05:00:00,8.71
2013-08-22 06:00:00,8.71
2013-08-22 07:00:00,8.71
2013-08-22 08:00:00,8.71
2013-08-22 09:00:00,8.71
2013-08-22 10:00:00,8.71
2013-08-22 11:00:00,8.71
2013-08-22 12:00:00,8.71
2013-08-22 13:00:00,8.71
2013-08-22 14:00:00,8.71
2013-08-22 15:00:00,8.71
2013-08-22 16:00:00,8.71
2013-08-22 17:00:00,8.71
2013-08-22 18:00:00,8.71
2013-08-22 19:00:00,8.71
2013-08-22 20:00:00,8.71
2013-08-22 21:00:00,8.71
2013-08-22 22:00:00,8.71
2013-08-22 23:00:00,8.71
2013-08-23 00:00:00,8.71
2013-08-23 01:00:00,8.71
2013-08-23 02:00:00,8.71
2013-08-23 03:00:00,8.71
2013-08-23 04:00:00,8.71
2013-08-23 05:00:00,8.71
2013-08-23 06:00:00,8.71
2013-08-23 07:00:00,8.71
2013-08-23 08:00:00,8.71
2013-08-23 09:00:00,8.71
2013-08-23 10:00:00,8.71
2013-08-23 11:00:00,8.71
2013-08-23 12:00:00,8.71
2013-08-23 13:00:00,8.71
2013-08-23 14:00:00,8.71
2013-08-23 15:00:00,8.71
2013-08-23 16:00:00,8.71
2013-08-23 17:00:00,8.71
2013-08-23 18:00:00,8.71
2013-08-23 19:00:00,8.71
2013-08-23 20:00:00,8.71
2013-08-23 21:00:00,8.71
2013-08-23 22:00:00,8.71
2013-08-23 23:00:00,8.71
2013-08-24 00:00:00,8.71
2013-08-24 01:00:00,8.71
2013-08-24 02:00:00,8.71
2013-08-24 03:00:00,8.71
2013-08-24 04:00:00,8.71
2013-08-24 05:00:00,8.71
2013-08-24 06:00:00,8.71
2013-08-24 07:00:00,8.71
2013-08-24 08:00:00,8.71
2013-08-24 09:00:00,8.71
2013-08-24 10:00:00,8.71
2013-08-24 11:00:00,8.71
2013-08-24 12:00:00,8.71
2013-08-24 13:00:00,8.71
2013-08-24 14:00:00,8.71
2013-08-24 15:00:00,8.71
2013-08-24 16:00:00,8.71
2013-08-24 17:00:00,8.71
2013-08-24 18:00:00,8.71
2013-08-24 19:00:00,8.71
2013-08-24 20:00:00,8.71
2013-08-24 21:00:00,8.71
2013-08-24 22:00:00,8.71
2013-08-24 23:00:00,8.71
2013-08-25 00:00:00,8.71
2013-08-25 01:00:00,8.71
2013-08-25 02:00:00,8.71
2013-08-25 03:00:00,8.71
2013-08-25 04:00:00,8.71
2013-08-25 05:00:00,8.71
2013-08-25 06:00:00,8.71
2013-08-25 07:00:00,8.71
2013-08-25 08:00:00,8.71
2013-08-25 09:00:00,8.71
2013-08-25 10:00:00,8.71
2013-08-25 11:00:00,8.71
2013-08-25 12:00:00,8.71
2013-08-25 13:00:00,8.71
2013-08-25 14:00:00,8.71
2013-08-25 15:00:00,8.71
2013-08-25 16:00:00,8.71
2013-08-25 17:00:00,8.71
2013-08-25 18:00:00,8.71
2013-08-25 19:00:00,8.71
2013-08-25 20:00:00,8.71
2013-08-25 21:00:00,8.71
2013-08-25 22:00:00,8.71
2013-08-25 23:00:00,8.71
2013-08-26 00:00:00,8.71
2013-08-26 01:00:00,8.71
2013-08-26 02:00:00,8.71
2013-08-26 03:00:00,8.71
2013-08-26 04:00:00,8.71
2013-08-26 05:00:00,8.71
2013-08-26 06:00:00,8.71
2013-08-26 07:00:00,8.71
2013-08-26 08:00:00,8.71
2013-08-26 09:00:00,8.71
2013-08-26 10:00:00,8.71
2013-08-26 11:00:00,8.71
2013-08-26 12:00:00,8.71
2013-08-26 13:00:00,8.71
2013-08-26 14:00:00,8.71
2013-08-26 15:00:00,8.71
2013-08-26 16:00:00,8.71
2013-08-26 17:00:00,8.71
2013-08-26 18:00:00,8.71
2013-08-26 19:00:00,8.71
2013-08-26 20:00:00,8.71
2013-08-26 21:00:00,8.71
2013-08-26 22:00:00,8.71
2013-08-26 23:00:00,8.71
2013-08-27 00:00:00,8.71
2013-08-27 01:00:00,8.71
2013-08-27 02:00:00,8.71
2013-08-27 03:00:00,8.71
2013-08-27 04:00:00,8.71
2013-08-27 05:00:00,8.71
2013-08-27 06:00:00,8.71
2013-08-27 07:00:00,8.71
2013-08-27 08:00:00,8.71
2013-08-27 09:00:00,8.71
2013-08-27 10:00:00,8.71
2013-08-27 11:00:00,8.71
2013-08-27 12:00:00,8.71
2013-08-27 13:00:00,8.71
2013-08-27 14:00:00,8.71
2013-08-27 15:00:00,8.71
2013-08-27 16:00:00,8.71
2013-08-27 17:00:00,8.71
2013-08-27 18:00:00,8.71
2013-08-27 19:00:00,8.71
2013-08-27 20:00:00,8.71
2013-08-27 21:00:00,8.71
2013-08-27 22:00:00,8.71
2013-08-27 23:00:00,8.71
2013-08-28 00:00:00,8.71
2013-08-28 01:00:00,8.71
2013-08-28 02:00:00,8.71
2013-08-28 03:00:00,8.71
2013-08-28 04:00:00,8.71
2013-08-28 05:00:00,8.71
2013-08-28 06:00:00,8.71
2013-08-28 07:00:00,8.71
2013-08-28 08:00:00,8.71
2013-08-28 09:00:00,8.71
2013-08-28 10:00:00,8.71
2013-08-28 11:00:00,8.71
2013-08-28 12:00:00,8.71
2013-08-28 13:00:00,8.71
2013-08-28 14:00:00,8.71
2013-08-28 15:00:00,8.71
2013-08-28 16:00:00,8.71
2013-08-28 17:00:00,8.71
2013-08-28 18:00:00,8.71
2013-08-28 19:00:00,8.71
2013-08-28 20:00:00,8.71
2013-08-28 21:00:00,8.71
2013-08-28 22:00:00,8.71
2013-08-28 23:00:00,8.71
2013-08-29 00:00:00,8.71
2013-08-29 01:00:00,8.71
2013-08-29 02:00:00,8.71
2013-08-29 03:00:00,8.71
2013-08-29 04:00:00,8.71
2013-08-29 05:00:00,8.71
2013-08-29 06:00:00,8.71
2013-08-29 07:00:00,8.71
2013-08-29 08:00:00,8.71
2013-08-29 09:00:00,8.71
2013-08-29 10:00:00,8.71
2013-08-29 11:00:00,8.71
2013-08-29 12:00:00,8.71
2013-08-29 13:00:00,8.71
2013-08-29 14:00:00,8.71
2013-08-29 15:00:00,8.71
2013-08-29 16:00:00,8.71
2013-08-29 17:00:00,8.71
2013-08-29 18:00:00,8.71
2013-08-29 19:00:00,8.71
2013-08-29 20:00:00,8.71
2013-08-29 21:00:00,8.71
2013-08-29 22:00:00,8.71
2013-08-29 23:00:00,8.71
2013-08-30 00:00:00,8.71
2013-08-30 01:00:00,8.71
2013-08-30 02:00:00,8.71
2013-08-30 03:00:00,8.71
2013-08-30 04:00:00,8.71
2013-08-30 05:00:00,8.71
2013-08-30 06:00:00,8.71
2013-08-30 07:00:00,8.71
2013-08-30 08:00:00,8.71
2013-08-30 09:00:00,8.71
2013-08-30 10:00:00,8.71
2013-08-30 11:00:00,8.71
2013-08-30 12:00:00,8.71
2013-08-30 13:00:00,8.71
2013-08-30 14:00:00,8.71
2013-08-30 15:00:00,8.71
2013-08-30 16:00:00,8.71
2013-08-30 17:00:00,8.71
2013-08-30 18:00:00,8.71
2013-08-30 19:00:00,8.71
2013-08-30 20:00:00,8.71
2013-08-30 21:00:00,8.71
2013-08-30 22:00:00,8.71
2013-08-30 23:00:00,8.71
2013-08-31 00:00:00,8.71
2013-08-31 01:00:00,8.71
2013-08-31 02:00:00,8.71
2013-08-31 03:00:00,8.71
2013-08-31 04:00:00,8.71
2013-08-31 05:00:00,8.71
2013-08-31 06:00:00,8.71
2013-08-31 07:00:00,8.71
2013-08-31 08:00:00,8.71
2013-08-31 09:00:00,8.71
2013-08-31 10:00:00,8.71
2013-08-31 11:00:00,8.71
2013-08-31 12:00:00,8.71
2013-08-31 13:00:00,8.71
2013-08-31 14:00:00,8.71
2013-08-31 15:00:00,8.71
2013-08-31 16:00:00,8.71
2013-08-31 17:00:00,8.71
2013-08-31 18:00:00,8.71
2013-08-31 19:00:00,8.71
2013-08-31 20:00:00,8.71
2013-08-31 21:00:00,8.71
2013-08-31 22:00:00,8.71
2013-08-31 23:00:00,8.71
2013-09-01 00:00:00,8.71
2013-09-01 01:00:00,9.84
2013-09-01 02:00:00,9.84
2013-09-01 03:00:00,9.84
2013-09-01 04:00:00,9.84
2013-09-01 05:00:00,9.84
2013-09-01 06:00:00,9.84
2013-09-01 07:00:00,9.84
2013-09-01 08:00:00,9.84
2013-09-01 09:00:00,9.84
2013-09-01 10:00:00,9.84
2013-09-01 11:00:00,9.84
2013-09-01 12:00:00,9.84
2013-09-01 13:00:00,9.84
2013-09-01 14:00:00,9.84
2013-09-01 15:00:00,9.84
2013-09-01 16:00:00,9.84
2013-09-01 17:00:00,9.84
2013-09-01 18:00:00,9.84
2013-09-01 19:00:00,9.84
2013-09-01 20:00:00,9.84
2013-09-01 21:00:00,9.84
2013-09-01 22:00:00,9.84
2013-09-01 23:00:00,9.84
2013-09-02 00:00:00,9.84
2013-09-02 01:00:00,9.84
2013-09-02 02:00:00,9.84
2013-09-02 03:00:00,9.84
2013-09-02 04:00:00,9.84
2013-09-02 05:00:00,9.84
2013-09-02 06:00:00,9.84
2013-09-02 07:00:00,9.84
2013-09-02 08:00:00,9.84
2013-09-02 09:00:00,9.84
2013-09-02 10:00:00,9.84
2013-09-02 11:00:00,9.84
2013-09-02 12:00:00,9.84
2013-09-02 13:00:00,9.84
2013-09-02 14:00:00,9.84
2013-09-02 15:00:00,9.84
2013-09-02 16:00:00,9.84
2013-09-02 17:00:00,9.84
2013-09-02 18:00:00,9.84
2013-09-02 19:00:00,9.84
2013-09-02 20:00:00,9.84
2013-09-02 21:00:00,9.84
2013-09-02 22:00:00,9.84
2013-09-02 23:00:00,9.84
2013-09-03 00:00:00,12.11
2013-09-03 01:00:00,9.84
2013-09-03 02:00:00,9.84
2013-09-03 03:00:00,9.84
2013-09-03 04:00:00,9.84
2013-09-03 05:00:00,9.84
2013-09-03 06:00:00,9.84
2013-09-03 07:00:00,9.84
2013-09-03 08:00:00,9.84
2013-09-03 09:00:00,9.84
2013-09-03 10:00:00,9.84
2013-09-03 11:00:00,9.84
2013-09-03 12:00:00,9.84
2013-09-03 13:00:00,9.84
2013-09-03 14:00:00,9.84
2013-09-03 15:00:00,9.84
2013-09-03 16:00:00,9.84
2013-09-03 17:00:00,9.84
2013-09-03 18:00:00,9.84
2013-09-03 19:00:00,9.84
2013-09-03 20:00:00,9.84
2013-09-03 21:00:00,9.84
2013-09-03 22:00:00,9.84
2013-09-03 23:00:00,9.84
2013-09-04 00:00:00,9.84
2013-09-04 01:00:00,9.84
2013-09-04 02:00:00,9.84
2013-09-04 03:00:00,9.84
2013-09-04 04:00:00,9.84
2013-09-04 05:00:00,9.84
2013-09-04 06:00:00,9.84
2013-09-04 07:00:00,9.84
2013-09-04 08:00:00,9.84
2013-09-04 09:00:00,9.84
2013-09-04 10:00:00,9.84
2013-09-04 11:00:00,9.84
2013-09-04 12:00:00,9.84
2013-09-04 13:00:00,9.84
2013-09-04 14:00:00,9.84
2013-09-04 15:00:00,9.84
2013-09-04 16:00:00,9.84
2013-09-04 17:00:00,9.84
2013-09-04 18:00:00,9.84
2013-09-04 19:00:00,9.84
2013-09-04 20:00:00,9.84
2013-09-04 21:00:00,9.84
2013-09-04 22:00:00,9.84
2013-09-04 23:00:00,9.84
2013-09-05 00:00:00,9.84
2013-09-05 01:00:00,9.84
2013-09-05 02:00:00,9.84
2013-09-05 03:00:00,9.84
2013-09-05 04:00:00,9.84
2013-09-05 05:00:00,9.84
2013-09-05 06:00:00,9.84
2013-09-05 07:00:00,9.84
2013-09-05 08:00:00,9.84
2013-09-05 09:00:00,9.84
2013-09-05 10:00:00,9.84
2013-09-05 11:00:00,9.84
2013-09-05 12:00:00,9.84
2013-09-05 13:00:00,9.84
2013-09-05 14:00:00,9.84
2013-09-05 15:00:00,9.84
2013-09-05 16:00:00,9.84
2013-09-05 17:00:00,9.84
2013-09-05 18:00:00,9.84
2013-09-05 19:00:00,9.84
2013-09-05 20:00:00,9.84
2013-09-05 21:00:00,9.84
2013-09-05 22:00:00,9.84
2013-09-05 23:00:00,9.84
2013-09-06 00:00:00,9.84
2013-09-06 01:00:00,9.84
2013-09-06 02:00:00,9.84
2013-09-06 03:00:00,9.84
2013-09-06 04:00:00,9.84
2013-09-06 05:00:00,9.84
2013-09-06 06:00:00,9.84
2013-09-06 07:00:00,9.84
2013-09-06 08:00:00,9.84
2013-09-06 09:00:00,9.84
2013-09-06 10:00:00,9.84
2013-09-06 11:00:00,9.84
2013-09-06 12:00:00,9.84
2013-09-06 13:00:00,9.84
2013-09-06 14:00:00,9.84
2013-09-06 15:00:00,9.84
2013-09-06 16:00:00,9.84
2013-09-06 17:00:00,9.84
2013-09-06 18:00:00,9.84
2013-09-06 19:00:00,9.84
2013-09-06 20:00:00,9.84
2013-09-06 21:00:00,9.84
2013-09-06 22:00:00,9.84
2013-09-06 23:00:00,9.84
2013-09-07 00:00:00,9.84
2013-09-07 01:00:00,9.84
2013-09-07 02:00:00,9.84
2013-09-07 03:00:00,9.84
2013-09-07 04:00:00,9.84
2013-09-07 05:00:00,9.84
2013-09-07 06:00:00,9.84
2013-09-07 07:00:00,0
2013-09-07 08:00:00,0
2013-09-07 09:00:00,0
2013-09-07 10:00:00,0
2013-09-07 11:00:00,0
2013-09-07 12:00:00,0
2013-09-07 13:00:00,0
2013-09-07 14:00:00,0
2013-09-07 15:00:00,0
2013-09-07 16:00:00,0
2013-09-07 17:00:00,0
2013-09-07 18:00:00,0
2013-09-07 19:00:00,0
2013-09-07 20:00:00,0
2013-09-07 21:00:00,0
2013-09-07 22:00:00,0
2013-09-07 23:00:00,0
2013-09-08 00:00:00,9.84
2013-09-08 01:00:00,9.84
2013-09-08 02:00:00,9.84
2013-09-08 03:00:00,9.84
2013-09-08 04:00:00,9.84
2013-09-08 05:00:00,9.84
2013-09-08 06:00:00,9.84
2013-09-08 07:00:00,9.84
2013-09-08 08:00:00,9.84
2013-09-08 09:00:00,9.84
2013-09-08 10:00:00,9.84
2013-09-08 11:00:00,9.84
2013-09-08 12:00:00,9.84
2013-09-08 13:00:00,9.84
2013-09-08 14:00:00,9.84
2013-09-08 15:00:00,9.84
2013-09-08 16:00:00,9.84
2013-09-08 17:00:00,9.84
2013-09-08 18:00:00,9.84
2013-09-08 19:00:00,9.84
2013-09-08 20:00:00,9.84
2013-09-08 21:00:00,9.84
2013-09-08 22:00:00,9.84
2013-09-08 23:00:00,9.84
2013-09-09 00:00:00,9.84
2013-09-09 01:00:00,11.28
2013-09-09 02:00:00,11.28
2013-09-09 03:00:00,11.28
2013-09-09 04:00:00,11.28
2013-09-09 05:00:00,11.28
2013-09-09 06:00:00,11.28
2013-09-09 07:00:00,11.28
2013-09-09 08:00:00,11.28
2013-09-09 09:00:00,11.28
2013-09-09 10:00:00,11.28
2013-09-09 11:00:00,11.28
2013-09-09 12:00:00,11.28
2013-09-09 13:00:00,11.28
2013-09-09 14:00:00,11.28
2013-09-09 15:00:00,11.28
2013-09-09 16:00:00,11.28
2013-09-09 17:00:00,11.28
2013-09-09 18:00:00,11.28
2013-09-09 19:00:00,11.28
2013-09-09 20:00:00,11.28
2013-09-09 21:00:00,11.28
2013-09-09 22:00:00,11.28
2013-09-09 23:00:00,11.28
2013-09-10 00:00:00,11.28
2013-09-10 01:00:00,11.28
2013-09-10 02:00:00,11.28
2013-09-10 03:00:00,11.28
2013-09-10 04:00:00,11.28
2013-09-10 05:00:00,11.28
2013-09-10 06:00:00,11.28
2013-09-10 07:00:00,11.28
2013-09-10 08:00:00,11.28
2013-09-10 09:00:00,11.28
2013-09-10 10:00:00,11.28
2013-09-10 11:00:00,11.28
2013-09-10 12:00:00,11.28
2013-09-10 13:00:00,11.28
2013-09-10 14:00:00,11.28
2013-09-10 15:00:00,11.28
2013-09-10 16:00:00,11.28
2013-09-10 17:00:00,11.28
2013-09-10 18:00:00,11.28
2013-09-10 19:00:00,11.28
2013-09-10 20:00:00,11.28
2013-09-10 21:00:00,11.28
2013-09-10 22:00:00,11.28
2013-09-10 23:00:00,11.28
2013-09-11 00:00:00,11.28
2013-09-11 01:00:00,11.28
2013-09-11 02:00:00,11.28
2013-09-11 03:00:00,11.28
2013-09-11 04:00:00,11.28
2013-09-11 05:00:00,11.28
2013-09-11 06:00:00,11.28
2013-09-11 07:00:00,11.28
2013-09-11 08:00:00,11.28
2013-09-11 09:00:00,11.28
2013-09-11 10:00:00,11.28
2013-09-11 11:00:00,11.28
2013-09-11 12:00:00,11.28
2013-09-11 13:00:00,11.28
2013-09-11 14:00:00,11.28
2013-09-11 15:00:00,11.28
2013-09-11 16:00:00,11.28
2013-09-11 17:00:00,11.28
2013-09-11 18:00:00,11.28
2013-09-11 19:00:00,11.28
2013-09-11 20:00:00,11.28
2013-09-11 21:00:00,11.28
2013-09-11 22:00:00,11.28
2013-09-11 23:00:00,11.28
2013-09-12 00:00:00,0
2013-09-12 01:00:00,11.28
2013-09-12 02:00:00,11.28
2013-09-12 03:00:00,11.28
2013-09-12 04:00:00,11.28
2013-09-12 05:00:00,11.28
2013-09-12 06:00:00,11.28
2013-09-12 07:00:00,11.28
2013-09-12 08:00:00,11.28
2013-09-12 09:00:00,11.28
2013-09-12 10:00:00,11.28
2013-09-12 11:00:00,11.28
2013-09-12 12:00:00,11.28
2013-09-12 13:00:00,11.28
2013-09-12 14:00:00,11.28
2013-09-12 15:00:00,11.28
2013-09-12 16:00:00,11.28
2013-09-12 17:00:00,11.28
2013-09-12 18:00:00,11.28
2013-09-12 19:00:00,11.28
2013-09-12 20:00:00,11.28
2013-09-12 21:00:00,11.28
2013-09-12 22:00:00,11.28
2013-09-12 23:00:00,11.28
2013-09-13 00:00:00,11.28
2013-09-13 01:00:00,11.28
2013-09-13 02:00:00,11.28
2013-09-13 03:00:00,11.28
2013-09-13 04:00:00,11.28
2013-09-13 05:00:00,11.28
2013-09-13 06:00:00,11.28
2013-09-13 07:00:00,11.28
2013-09-13 08:00:00,11.28
2013-09-13 09:00:00,11.28
2013-09-13 10:00:00,11.28
2013-09-13 11:00:00,11.28
2013-09-13 12:00:00,11.28
2013-09-13 13:00:00,11.28
2013-09-13 14:00:00,11.28
2013-09-13 15:00:00,11.28
2013-09-13 16:00:00,11.28
2013-09-13 17:00:00,11.28
2013-09-13 18:00:00,11.28
2013-09-13 19:00:00,11.28
2013-09-13 20:00:00,11.28
2013-09-13 21:00:00,11.28
2013-09-13 22:00:00,11.28
2013-09-13 23:00:00,11.28
2013-09-14 00:00:00,11.28
2013-09-14 01:00:00,12.29
2013-09-14 02:00:00,12.29
2013-09-14 03:00:00,12.29
2013-09-14 04:00:00,12.29
2013-09-14 05:00:00,12.29
2013-09-14 06:00:00,12.29
2013-09-14 07:00:00,12.29
2013-09-14 08:00:00,12.29
2013-09-14 09:00:00,12.29
2013-09-14 10:00:00,12.29
2013-09-14 11:00:00,12.29
2013-09-14 12:00:00,12.29
2013-09-14 13:00:00,12.29
2013-09-14 14:00:00,12.29
2013-09-14 15:00:00,12.29
2013-09-14 16:00:00,12.29
2013-09-14 17:00:00,12.29
2013-09-14 18:00:00,12.29
2013-09-14 19:00:00,12.29
2013-09-14 20:00:00,12.29
2013-09-14 21:00:00,12.29
2013-09-14 22:00:00,12.29
2013-09-14 23:00:00,12.29
2013-09-15 00:00:00,0
2013-09-15 01:00:00,12.29
2013-09-15 02:00:00,12.29
2013-09-15 03:00:00,12.29
2013-09-15 04:00:00,12.29
2013-09-15 05:00:00,12.29
2013-09-15 06:00:00,12.29
2013-09-15 07:00:00,12.29
2013-09-15 08:00:00,12.29
2013-09-15 09:00:00,12.29
2013-09-15 10:00:00,12.29
2013-09-15 11:00:00,12.29
2013-09-15 12:00:00,12.29
2013-09-15 13:00:00,12.29
2013-09-15 14:00:00,12.29
2013-09-15 15:00:00,12.29
2013-09-15 16:00:00,12.29
2013-09-15 17:00:00,12.29
2013-09-15 18:00:00,12.29
2013-09-15 19:00:00,12.29
2013-09-15 20:00:00,12.29
2013-09-15 21:00:00,12.29
2013-09-15 22:00:00,12.29
2013-09-15 23:00:00,12.29
2013-09-16 00:00:00,12.29
2013-09-16 01:00:00,12.29
2013-09-16 02:00:00,12.29
2013-09-16 03:00:00,12.29
2013-09-16 04:00:00,12.29
2013-09-16 05:00:00,12.29
2013-09-16 06:00:00,12.29
2013-09-16 07:00:00,12.29
2013-09-16 08:00:00,12.29
2013-09-16 09:00:00,12.29
2013-09-16 10:00:00,12.29
2013-09-16 11:00:00,12.29
2013-09-16 12:00:00,12.29
2013-09-16 13:00:00,14.87
2013-09-16 14:00:00,39.07
2013-09-16 15:00:00,39.37
2013-09-16 16:00:00,35.02
2013-09-16 17:00:00,12.29
2013-09-16 18:00:00,12.29
2013-09-16 19:00:00,15.06
2013-09-16 20:00:00,33.08
2013-09-16 21:00:00,12.29
2013-09-16 22:00:00,12.29
2013-09-16 23:00:00,12.29
2013-09-17 00:00:00,12.29
2013-09-17 01:00:00,12.29
2013-09-17 02:00:00,12.29
2013-09-17 03:00:00,12.29
2013-09-17 04:00:00,12.29
2013-09-17 05:00:00,12.29
2013-09-17 06:00:00,12.29
2013-09-17 07:00:00,12.29
2013-09-17 08:00:00,12.29
2013-09-17 09:00:00,12.29
2013-09-17 10:00:00,12.29
2013-09-17 11:00:00,14.39
2013-09-17 12:00:00,37.15
2013-09-17 13:00:00,34.73
2013-09-17 14:00:00,36.94
2013-09-17 15:00:00,38.83
2013-09-17 16:00:00,36.37
2013-09-17 17:00:00,12.29
2013-09-17 18:00:00,12.29
2013-09-17 19:00:00,15.91
2013-09-17 20:00:00,36.6
2013-09-17 21:00:00,12.29
2013-09-17 22:00:00,12.29
2013-09-17 23:00:00,12.29
2013-09-18 00:00:00,12.29
2013-09-18 01:00:00,12.29
2013-09-18 02:00:00,12.29
2013-09-18 03:00:00,12.29
2013-09-18 04:00:00,12.29
2013-09-18 05:00:00,12.29
2013-09-18 06:00:00,12.29
2013-09-18 07:00:00,0
2013-09-18 08:00:00,0
2013-09-18 09:00:00,0
2013-09-18 10:00:00,0
2013-09-18 11:00:00,0
2013-09-18 12:00:00,0
2013-09-18 13:00:00,8.73E-10
2013-09-18 14:00:00,5
2013-09-18 15:00:00,33
2013-09-18 16:00:00,29.99999999
2013-09-18 17:00:00,0
2013-09-18 18:00:00,0
2013-09-18 19:00:00,5.000000005
2013-09-18 20:00:00,33
2013-09-18 21:00:00,0
2013-09-18 22:00:00,0
2013-09-18 23:00:00,0
2013-09-19 00:00:00,12.29
2013-09-19 01:00:00,12.29
2013-09-19 02:00:00,12.29
2013-09-19 03:00:00,12.29
2013-09-19 04:00:00,12.29
2013-09-19 05:00:00,12.29
2013-09-19 06:00:00,12.29
2013-09-19 07:00:00,12.29
2013-09-19 08:00:00,12.29
2013-09-19 09:00:00,12.29
2013-09-19 10:00:00,12.29
2013-09-19 11:00:00,13.67
2013-09-19 12:00:00,37.62
2013-09-19 13:00:00,37.98
2013-09-19 14:00:00,37.66
2013-09-19 15:00:00,12.29
2013-09-19 16:00:00,12.29
2013-09-19 17:00:00,12.29
2013-09-19 18:00:00,12.29
2013-09-19 19:00:00,12.29
2013-09-19 20:00:00,35.95
2013-09-19 21:00:00,12.29
2013-09-19 22:00:00,12.29
2013-09-19 23:00:00,12.29
2013-09-20 00:00:00,12.29
2013-09-20 01:00:00,12.29
2013-09-20 02:00:00,12.29
2013-09-20 03:00:00,12.29
2013-09-20 04:00:00,12.29
2013-09-20 05:00:00,12.29
2013-09-20 06:00:00,12.29
2013-09-20 07:00:00,12.29
2013-09-20 08:00:00,12.29
2013-09-20 09:00:00,12.29
2013-09-20 10:00:00,14.85
2013-09-20 11:00:00,35.06
2013-09-20 12:00:00,39.76
2013-09-20 13:00:00,38.08
2013-09-20 14:00:00,42.69
2013-09-20 15:00:00,45.64
2013-09-20 16:00:00,43.06999999
2013-09-20 17:00:00,12.29
2013-09-20 18:00:00,12.29
2013-09-20 19:00:00,28.42
2013-09-20 20:00:00,39.1
2013-09-20 21:00:00,12.29
2013-09-20 22:00:00,12.29
2013-09-20 23:00:00,12.29
2013-09-21 00:00:00,12.29
2013-09-21 01:00:00,12.29
2013-09-21 02:00:00,12.29
2013-09-21 03:00:00,12.29
2013-09-21 04:00:00,12.29
2013-09-21 05:00:00,12.29
2013-09-21 06:00:00,12.29
2013-09-21 07:00:00,12.29
2013-09-21 08:00:00,12.29
2013-09-21 09:00:00,12.29
2013-09-21 10:00:00,12.29
2013-09-21 11:00:00,12.29
2013-09-21 12:00:00,12.29
2013-09-21 13:00:00,12.29
2013-09-21 14:00:00,12.29
2013-09-21 15:00:00,12.29
2013-09-21 16:00:00,12.29
2013-09-21 17:00:00,12.29
2013-09-21 18:00:00,12.29
2013-09-21 19:00:00,12.29
2013-09-21 20:00:00,12.29
2013-09-21 21:00:00,12.29
2013-09-21 22:00:00,12.29
2013-09-21 23:00:00,12.29
2013-09-22 00:00:00,12.29
2013-09-22 01:00:00,12.29
2013-09-22 02:00:00,12.29
2013-09-22 03:00:00,12.29
2013-09-22 04:00:00,12.29
2013-09-22 05:00:00,12.29
2013-09-22 06:00:00,12.29
2013-09-22 07:00:00,12.29
2013-09-22 08:00:00,12.29
2013-09-22 09:00:00,12.29
2013-09-22 10:00:00,12.29
2013-09-22 11:00:00,12.29
2013-09-22 12:00:00,12.29
2013-09-22 13:00:00,12.29
2013-09-22 14:00:00,12.29
2013-09-22 15:00:00,12.29
2013-09-22 16:00:00,12.29
2013-09-22 17:00:00,12.29
2013-09-22 18:00:00,12.29
2013-09-22 19:00:00,12.29
2013-09-22 20:00:00,12.29
2013-09-22 21:00:00,12.29
2013-09-22 22:00:00,12.29
2013-09-22 23:00:00,12.29
2013-09-23 00:00:00,12.29
2013-09-23 01:00:00,12.29
2013-09-23 02:00:00,12.29
2013-09-23 03:00:00,12.29
2013-09-23 04:00:00,12.29
2013-09-23 05:00:00,12.29
2013-09-23 06:00:00,12.29
2013-09-23 07:00:00,12.29
2013-09-23 08:00:00,12.29
2013-09-23 09:00:00,12.29
2013-09-23 10:00:00,12.29
2013-09-23 11:00:00,12.29
2013-09-23 12:00:00,12.29
2013-09-23 13:00:00,12.29000001
2013-09-23 14:00:00,48.71
2013-09-23 15:00:00,49.51
2013-09-23 16:00:00,41.90999999
2013-09-23 17:00:00,12.29
2013-09-23 18:00:00,12.29
2013-09-23 19:00:00,14.81000001
2013-09-23 20:00:00,44.31
2013-09-23 21:00:00,12.29
2013-09-23 22:00:00,12.29
2013-09-23 23:00:00,12.29
2013-09-24 00:00:00,12.29
2013-09-24 01:00:00,12.29
2013-09-24 02:00:00,12.29
2013-09-24 03:00:00,12.29
2013-09-24 04:00:00,12.29
2013-09-24 05:00:00,12.29
2013-09-24 06:00:00,12.29
2013-09-24 07:00:00,12.29
2013-09-24 08:00:00,12.29
2013-09-24 09:00:00,12.29
2013-09-24 10:00:00,12.29
2013-09-24 11:00:00,12.29
2013-09-24 12:00:00,12.29
2013-09-24 13:00:00,12.29
2013-09-24 14:00:00,12.29
2013-09-24 15:00:00,43.99
2013-09-24 16:00:00,45.36999999
2013-09-24 17:00:00,12.29
2013-09-24 18:00:00,14.93
2013-09-24 19:00:00,44.17
2013-09-24 20:00:00,44.15
2013-09-24 21:00:00,12.29
2013-09-24 22:00:00,12.29
2013-09-24 23:00:00,12.29
2013-09-25 00:00:00,12.29
2013-09-25 01:00:00,12.29
2013-09-25 02:00:00,12.29
2013-09-25 03:00:00,12.29
2013-09-25 04:00:00,12.29
2013-09-25 05:00:00,12.29
2013-09-25 06:00:00,12.29
2013-09-25 07:00:00,12.29
2013-09-25 08:00:00,12.29
2013-09-25 09:00:00,17.98
2013-09-25 10:00:00,49.36
2013-09-25 11:00:00,42.61
2013-09-25 12:00:00,46.11
2013-09-25 13:00:00,37.37
2013-09-25 14:00:00,42.89
2013-09-25 15:00:00,47.85
2013-09-25 16:00:00,47.44
2013-09-25 17:00:00,38.33
2013-09-25 18:00:00,12.29
2013-09-25 19:00:00,13.59
2013-09-25 20:00:00,41.39
2013-09-25 21:00:00,12.29
2013-09-25 22:00:00,12.29
2013-09-25 23:00:00,12.29
2013-09-26 00:00:00,12.29
2013-09-26 01:00:00,12.29
2013-09-26 02:00:00,12.29
2013-09-26 03:00:00,12.29
2013-09-26 04:00:00,12.29
2013-09-26 05:00:00,12.29
2013-09-26 06:00:00,12.29
2013-09-26 07:00:00,0
2013-09-26 08:00:00,0
2013-09-26 09:00:00,0
2013-09-26 10:00:00,16.91
2013-09-26 11:00:00,32.67
2013-09-26 12:00:00,32.67
2013-09-26 13:00:00,25.75
2013-09-26 14:00:00,19.26
2013-09-26 15:00:00,19.22
2013-09-26 16:00:00,9.949999998
2013-09-26 17:00:00,0
2013-09-26 18:00:00,0
2013-09-26 19:00:00,17
2013-09-26 20:00:00,17
2013-09-26 21:00:00,0
2013-09-26 22:00:00,0
2013-09-26 23:00:00,0
2013-09-27 00:00:00,12.29
2013-09-27 01:00:00,13.4
2013-09-27 02:00:00,13.4
2013-09-27 03:00:00,13.4
2013-09-27 04:00:00,13.4
2013-09-27 05:00:00,13.4
2013-09-27 06:00:00,13.4
2013-09-27 07:00:00,13.4
2013-09-27 08:00:00,13.4
2013-09-27 09:00:00,13.4
2013-09-27 10:00:00,16.5
2013-09-27 11:00:00,43.01
2013-09-27 12:00:00,47.37
2013-09-27 13:00:00,39.87
2013-09-27 14:00:00,48.93
2013-09-27 15:00:00,44.92
2013-09-27 16:00:00,42.32999999
2013-09-27 17:00:00,13.4
2013-09-27 18:00:00,13.4
2013-09-27 19:00:00,13.40000001
2013-09-27 20:00:00,44.29
2013-09-27 21:00:00,45.28
2013-09-27 22:00:00,13.4
2013-09-27 23:00:00,13.4
2013-09-28 00:00:00,13.4
2013-09-28 01:00:00,13.4
2013-09-28 02:00:00,13.4
2013-09-28 03:00:00,13.4
2013-09-28 04:00:00,13.4
2013-09-28 05:00:00,13.4
2013-09-28 06:00:00,13.4
2013-09-28 07:00:00,13.4
2013-09-28 08:00:00,13.4
2013-09-28 09:00:00,13.4
2013-09-28 10:00:00,13.4
2013-09-28 11:00:00,13.4
2013-09-28 12:00:00,13.4
2013-09-28 13:00:00,13.4
2013-09-28 14:00:00,13.4
2013-09-28 15:00:00,13.4
2013-09-28 16:00:00,13.4
2013-09-28 17:00:00,13.4
2013-09-28 18:00:00,13.4
2013-09-28 19:00:00,13.4
2013-09-28 20:00:00,13.4
2013-09-28 21:00:00,13.4
2013-09-28 22:00:00,13.4
2013-09-28 23:00:00,13.4
2013-09-29 00:00:00,13.4
2013-09-29 01:00:00,13.4
2013-09-29 02:00:00,13.4
2013-09-29 03:00:00,13.4
2013-09-29 04:00:00,13.4
2013-09-29 05:00:00,13.4
2013-09-29 06:00:00,13.4
2013-09-29 07:00:00,13.4
2013-09-29 08:00:00,13.4
2013-09-29 09:00:00,13.4
2013-09-29 10:00:00,13.4
2013-09-29 11:00:00,13.4
2013-09-29 12:00:00,13.4
2013-09-29 13:00:00,13.4
2013-09-29 14:00:00,13.4
2013-09-29 15:00:00,13.4
2013-09-29 16:00:00,13.4
2013-09-29 17:00:00,13.4
2013-09-29 18:00:00,13.4
2013-09-29 19:00:00,13.4
2013-09-29 20:00:00,13.4
2013-09-29 21:00:00,13.4
2013-09-29 22:00:00,13.4
2013-09-29 23:00:00,13.4
2013-09-30 00:00:00,13.4
2013-09-30 01:00:00,13.4
2013-09-30 02:00:00,13.4
2013-09-30 03:00:00,13.4
2013-09-30 04:00:00,13.4
2013-09-30 05:00:00,13.4
2013-09-30 06:00:00,13.4
2013-09-30 07:00:00,13.4
2013-09-30 08:00:00,13.4
2013-09-30 09:00:00,13.4
2013-09-30 10:00:00,13.4
2013-09-30 11:00:00,15.09
2013-09-30 12:00:00,44.92
2013-09-30 13:00:00,40.42
2013-09-30 14:00:00,48.36
2013-09-30 15:00:00,13.4
2013-09-30 16:00:00,13.4
2013-09-30 17:00:00,13.4
2013-09-30 18:00:00,14.97
2013-09-30 19:00:00,46.62
2013-09-30 20:00:00,43.53
2013-09-30 21:00:00,13.4
2013-09-30 22:00:00,13.4
2013-09-30 23:00:00,13.4
2013-10-01 00:00:00,13.4
2013-10-01 01:00:00,13.4
2013-10-01 02:00:00,13.4
2013-10-01 03:00:00,13.4
2013-10-01 04:00:00,13.4
2013-10-01 05:00:00,13.4
2013-10-01 06:00:00,13.4
2013-10-01 07:00:00,13.4
2013-10-01 08:00:00,13.4
2013-10-01 09:00:00,13.4
2013-10-01 10:00:00,13.4
2013-10-01 11:00:00,13.4
2013-10-01 12:00:00,41.9
2013-10-01 13:00:00,44.28
2013-10-01 14:00:00,43.92
2013-10-01 15:00:00,13.4
2013-10-01 16:00:00,13.4
2013-10-01 17:00:00,13.4
2013-10-01 18:00:00,15.36
2013-10-01 19:00:00,48.75999999
2013-10-01 20:00:00,13.4
2013-10-01 21:00:00,13.4
2013-10-01 22:00:00,13.4
2013-10-01 23:00:00,13.4
2013-10-02 00:00:00,13.4
2013-10-02 01:00:00,13.4
2013-10-02 02:00:00,13.4
2013-10-02 03:00:00,13.4
2013-10-02 04:00:00,13.4
2013-10-02 05:00:00,13.4
2013-10-02 06:00:00,13.4
2013-10-02 07:00:00,13.4
2013-10-02 08:00:00,13.4
2013-10-02 09:00:00,13.4
2013-10-02 10:00:00,13.4
2013-10-02 11:00:00,16.45
2013-10-02 12:00:00,48.65
2013-10-02 13:00:00,45.82
2013-10-02 14:00:00,49.76
2013-10-02 15:00:00,45.23
2013-10-02 16:00:00,45.35999999
2013-10-02 17:00:00,13.4
2013-10-02 18:00:00,13.4
2013-10-02 19:00:00,13.4
2013-10-02 20:00:00,13.4
2013-10-02 21:00:00,13.4
2013-10-02 22:00:00,13.4
2013-10-02 23:00:00,13.4
2013-10-03 00:00:00,13.4
2013-10-03 01:00:00,13.4
2013-10-03 02:00:00,13.4
2013-10-03 03:00:00,13.4
2013-10-03 04:00:00,13.4
2013-10-03 05:00:00,13.4
2013-10-03 06:00:00,13.4
2013-10-03 07:00:00,0
2013-10-03 08:00:00,0
2013-10-03 09:00:00,0
2013-10-03 10:00:00,4.000000005
2013-10-03 11:00:00,31.8
2013-10-03 12:00:00,38.8
2013-10-03 13:00:00,31.79999999
2013-10-03 14:00:00,0
2013-10-03 15:00:00,0
2013-10-03 16:00:00,0
2013-10-03 17:00:00,0
2013-10-03 18:00:00,0
2013-10-03 19:00:00,6.98E-10
2013-10-03 20:00:00,4
2013-10-03 21:00:00,31.8
2013-10-03 22:00:00,0
2013-10-03 23:00:00,0
2013-10-05 00:00:00,13.4
2013-10-05 01:00:00,13.4
2013-10-05 02:00:00,13.4
2013-10-05 03:00:00,13.4
2013-10-05 04:00:00,13.4
2013-10-05 05:00:00,13.4
2013-10-05 06:00:00,13.4
2013-10-05 07:00:00,13.4
2013-10-05 08:00:00,13.4
2013-10-05 09:00:00,13.4
2013-10-05 10:00:00,13.40000001
2013-10-05 11:00:00,47.04
2013-10-05 12:00:00,45.7
2013-10-05 13:00:00,41.14
2013-10-05 14:00:00,44.08
2013-10-05 15:00:00,13.4
2013-10-05 16:00:00,13.4
2013-10-05 17:00:00,13.4
2013-10-05 18:00:00,13.4
2013-10-05 19:00:00,13.4
2013-10-05 20:00:00,13.4
2013-10-05 21:00:00,45.52
2013-10-05 22:00:00,42.16999999
2013-10-05 23:00:00,13.4
2013-10-06 00:00:00,13.4
2013-10-06 01:00:00,13.4
2013-10-06 02:00:00,13.4
2013-10-06 03:00:00,13.4
2013-10-06 04:00:00,13.4
2013-10-06 05:00:00,13.4
2013-10-06 06:00:00,13.4
2013-10-06 07:00:00,0
2013-10-06 08:00:00,0
2013-10-06 09:00:00,0
2013-10-06 10:00:00,0
2013-10-06 11:00:00,0
2013-10-06 12:00:00,0
2013-10-06 13:00:00,0
2013-10-06 14:00:00,0
2013-10-06 15:00:00,0
2013-10-06 16:00:00,0
2013-10-06 17:00:00,0
2013-10-06 18:00:00,0
2013-10-06 19:00:00,0
2013-10-06 20:00:00,0
2013-10-06 21:00:00,0
2013-10-06 22:00:00,0
2013-10-06 23:00:00,0
2013-10-07 00:00:00,13.4
2013-10-07 01:00:00,13.4
2013-10-07 02:00:00,13.4
2013-10-07 03:00:00,13.4
2013-10-07 04:00:00,13.4
2013-10-07 05:00:00,13.4
2013-10-07 06:00:00,13.4
2013-10-07 07:00:00,13.4
2013-10-07 08:00:00,13.4
2013-10-07 09:00:00,13.4
2013-10-07 10:00:00,14.53000001
2013-10-07 11:00:00,46.69
2013-10-07 12:00:00,46.29
2013-10-07 13:00:00,13.4
2013-10-07 14:00:00,14.97
2013-10-07 15:00:00,45.58
2013-10-07 16:00:00,45.21999999
2013-10-07 17:00:00,13.4
2013-10-07 18:00:00,13.4
2013-10-07 19:00:00,13.4
2013-10-07 20:00:00,13.4
2013-10-07 21:00:00,13.4
2013-10-07 22:00:00,13.4
2013-10-07 23:00:00,13.4
2013-10-08 00:00:00,13.4
2013-10-08 01:00:00,13.4
2013-10-08 02:00:00,13.4
2013-10-08 03:00:00,13.4
2013-10-08 04:00:00,13.4
2013-10-08 05:00:00,13.4
2013-10-08 06:00:00,13.4
2013-10-08 07:00:00,13.4
2013-10-08 08:00:00,13.4
2013-10-08 09:00:00,13.4
2013-10-08 10:00:00,13.4
2013-10-08 11:00:00,13.4
2013-10-08 12:00:00,13.4
2013-10-08 13:00:00,14.53
2013-10-08 14:00:00,42.86
2013-10-08 15:00:00,45.02
2013-10-08 16:00:00,41.27
2013-10-08 17:00:00,13.4
2013-10-08 18:00:00,13.4
2013-10-08 19:00:00,13.40000001
2013-10-08 20:00:00,42.86
2013-10-08 21:00:00,13.4
2013-10-08 22:00:00,13.4
2013-10-08 23:00:00,13.4
2013-10-09 00:00:00,13.4
2013-10-09 01:00:00,13.4
2013-10-09 02:00:00,13.4
2013-10-09 03:00:00,13.4
2013-10-09 04:00:00,13.4
2013-10-09 05:00:00,13.4
2013-10-09 06:00:00,13.4
2013-10-09 07:00:00,13.4
2013-10-09 08:00:00,13.4
2013-10-09 09:00:00,13.4
2013-10-09 10:00:00,13.4
2013-10-09 11:00:00,13.4
2013-10-09 12:00:00,13.4
2013-10-09 13:00:00,13.4
2013-10-09 14:00:00,13.4
2013-10-09 15:00:00,17.26
2013-10-09 16:00:00,50.43
2013-10-09 17:00:00,41.89
2013-10-09 18:00:00,13.4
2013-10-09 19:00:00,13.40000001
2013-10-09 20:00:00,45.95
2013-10-09 21:00:00,50.01
2013-10-09 22:00:00,13.4
2013-10-09 23:00:00,13.4
2013-10-10 00:00:00,13.4
2013-10-10 01:00:00,13.4
2013-10-10 02:00:00,13.4
2013-10-10 03:00:00,13.4
2013-10-10 04:00:00,13.4
2013-10-10 05:00:00,13.4
2013-10-10 06:00:00,13.4
2013-10-10 07:00:00,13.4
2013-10-10 08:00:00,13.4
2013-10-10 09:00:00,13.4
2013-10-10 10:00:00,13.4
2013-10-10 11:00:00,13.4
2013-10-10 12:00:00,13.4
2013-10-10 13:00:00,13.4
2013-10-10 14:00:00,13.4
2013-10-10 15:00:00,43.6
2013-10-10 16:00:00,47.01999999
2013-10-10 17:00:00,16.43
2013-10-10 18:00:00,19.08
2013-10-10 19:00:00,38.58
2013-10-10 20:00:00,13.4
2013-10-10 21:00:00,13.4
2013-10-10 22:00:00,13.4
2013-10-10 23:00:00,13.4
2013-10-11 00:00:00,13.4
2013-10-11 01:00:00,13.4
2013-10-11 02:00:00,13.4
2013-10-11 03:00:00,13.4
2013-10-11 04:00:00,13.4
2013-10-11 05:00:00,13.4
2013-10-11 06:00:00,13.4
2013-10-11 07:00:00,13.4
2013-10-11 08:00:00,13.4
2013-10-11 09:00:00,13.4
2013-10-11 10:00:00,13.4
2013-10-11 11:00:00,13.4
2013-10-11 12:00:00,13.4
2013-10-11 13:00:00,13.4
2013-10-11 14:00:00,13.4
2013-10-11 15:00:00,45.27
2013-10-11 16:00:00,46.58999999
2013-10-11 17:00:00,14.77
2013-10-11 18:00:00,16.94
2013-10-11 19:00:00,43.56
2013-10-11 20:00:00,42.21
2013-10-11 21:00:00,13.4
2013-10-11 22:00:00,13.4
2013-10-11 23:00:00,13.4
2013-10-12 00:00:00,13.4
2013-10-12 01:00:00,13.4
2013-10-12 02:00:00,13.4
2013-10-12 03:00:00,13.4
2013-10-12 04:00:00,13.4
2013-10-12 05:00:00,13.4
2013-10-12 06:00:00,13.4
2013-10-12 07:00:00,13.4
2013-10-12 08:00:00,13.4
2013-10-12 09:00:00,13.4
2013-10-12 10:00:00,13.4
2013-10-12 11:00:00,13.4
2013-10-12 12:00:00,13.4
2013-10-12 13:00:00,13.4
2013-10-12 14:00:00,13.4
2013-10-12 15:00:00,13.4
2013-10-12 16:00:00,13.4
2013-10-12 17:00:00,13.4
2013-10-12 18:00:00,18.01
2013-10-12 19:00:00,47.06
2013-10-12 20:00:00,38.55
2013-10-12 21:00:00,13.4
2013-10-12 22:00:00,13.4
2013-10-12 23:00:00,13.4
2013-10-13 00:00:00,13.4
2013-10-13 01:00:00,13.4
2013-10-13 02:00:00,13.4
2013-10-13 03:00:00,13.4
2013-10-13 04:00:00,13.4
2013-10-13 05:00:00,13.4
2013-10-13 06:00:00,13.4
2013-10-13 07:00:00,13.4
2013-10-13 08:00:00,13.4
2013-10-13 09:00:00,13.4
2013-10-13 10:00:00,13.4
2013-10-13 11:00:00,13.4
2013-10-13 12:00:00,13.4
2013-10-13 13:00:00,13.4
2013-10-13 14:00:00,13.4
2013-10-13 15:00:00,13.4
2013-10-13 16:00:00,13.4
2013-10-13 17:00:00,13.4
2013-10-13 18:00:00,13.4
2013-10-13 19:00:00,13.4
2013-10-13 20:00:00,13.4
2013-10-13 21:00:00,13.4
2013-10-13 22:00:00,13.4
2013-10-13 23:00:00,13.4
2013-10-14 00:00:00,13.4
2013-10-14 01:00:00,13.4
2013-10-14 02:00:00,13.4
2013-10-14 03:00:00,13.4
2013-10-14 04:00:00,13.4
2013-10-14 05:00:00,13.4
2013-10-14 06:00:00,13.4
2013-10-14 07:00:00,13.4
2013-10-14 08:00:00,13.4
2013-10-14 09:00:00,13.4
2013-10-14 10:00:00,13.4
2013-10-14 11:00:00,17.11
2013-10-14 12:00:00,39.47
2013-10-14 13:00:00,13.4
2013-10-14 14:00:00,13.4
2013-10-14 15:00:00,13.4
2013-10-14 16:00:00,13.4
2013-10-14 17:00:00,13.4
2013-10-14 18:00:00,17.41
2013-10-14 19:00:00,48.17
2013-10-14 20:00:00,42.99
2013-10-14 21:00:00,13.4
2013-10-14 22:00:00,13.4
2013-10-14 23:00:00,13.4
2013-10-15 00:00:00,13.4
2013-10-15 01:00:00,13.4
2013-10-15 02:00:00,13.4
2013-10-15 03:00:00,13.4
2013-10-15 04:00:00,13.4
2013-10-15 05:00:00,13.4
2013-10-15 06:00:00,13.4
2013-10-15 07:00:00,13.4
2013-10-15 08:00:00,13.4
2013-10-15 09:00:00,13.4
2013-10-15 10:00:00,13.4
2013-10-15 11:00:00,13.4
2013-10-15 12:00:00,13.4
2013-10-15 13:00:00,13.4
2013-10-15 14:00:00,16.95
2013-10-15 15:00:00,46.5
2013-10-15 16:00:00,42.70999999
2013-10-15 17:00:00,13.4
2013-10-15 18:00:00,17.19
2013-10-15 19:00:00,46.05
2013-10-15 20:00:00,47.4
2013-10-15 21:00:00,45.55
2013-10-15 22:00:00,42.44
2013-10-15 23:00:00,39.65
2013-10-16 00:00:00,13.4
2013-10-16 01:00:00,14.35
2013-10-16 02:00:00,14.35
2013-10-16 03:00:00,14.35
2013-10-16 04:00:00,14.35
2013-10-16 05:00:00,14.35
2013-10-16 06:00:00,14.35
2013-10-16 07:00:00,14.35
2013-10-16 08:00:00,14.35
2013-10-16 09:00:00,14.35
2013-10-16 10:00:00,14.35
2013-10-16 11:00:00,14.35
2013-10-16 12:00:00,14.35
2013-10-16 13:00:00,14.35
2013-10-16 14:00:00,14.35
2013-10-16 15:00:00,44.18
2013-10-16 16:00:00,38.89
2013-10-16 17:00:00,14.35
2013-10-16 18:00:00,20.47
2013-10-16 19:00:00,47.95
2013-10-16 20:00:00,46.72
2013-10-16 21:00:00,50.52
2013-10-16 22:00:00,47.04
2013-10-16 23:00:00,40.3
2013-10-17 00:00:00,14.35
2013-10-17 01:00:00,14.35
2013-10-17 02:00:00,14.35
2013-10-17 03:00:00,14.35
2013-10-17 04:00:00,14.35
2013-10-17 05:00:00,14.35
2013-10-17 06:00:00,14.35
2013-10-17 07:00:00,0
2013-10-17 08:00:00,0
2013-10-17 09:00:00,0
2013-10-17 10:00:00,0
2013-10-17 11:00:00,0
2013-10-17 12:00:00,0
2013-10-17 13:00:00,8.73E-10
2013-10-17 14:00:00,5
2013-10-17 15:00:00,31.6
2013-10-17 16:00:00,33.6
2013-10-17 17:00:00,31.6
2013-10-17 18:00:00,5
2013-10-17 19:00:00,40
2013-10-17 20:00:00,40
2013-10-17 21:00:00,40
2013-10-17 22:00:00,40
2013-10-17 23:00:00,40
2013-10-18 00:00:00,14.35
2013-10-18 01:00:00,14.35
2013-10-18 02:00:00,14.35
2013-10-18 03:00:00,14.35
2013-10-18 04:00:00,14.35
2013-10-18 05:00:00,14.35
2013-10-18 06:00:00,14.35
2013-10-18 07:00:00,14.35
2013-10-18 08:00:00,14.35
2013-10-18 09:00:00,14.35
2013-10-18 10:00:00,18.26
2013-10-18 11:00:00,40.5
2013-10-18 12:00:00,46.93
2013-10-18 13:00:00,45.86
2013-10-18 14:00:00,50.03
2013-10-18 15:00:00,46.81
2013-10-18 16:00:00,42.03
2013-10-18 17:00:00,42.48
2013-10-18 18:00:00,45.71
2013-10-18 19:00:00,46.17
2013-10-18 20:00:00,48.06
2013-10-18 21:00:00,43.55
2013-10-18 22:00:00,14.35
2013-10-18 23:00:00,14.35
2013-10-19 00:00:00,14.35
2013-10-19 01:00:00,14.35
2013-10-19 02:00:00,14.35
2013-10-19 03:00:00,14.35
2013-10-19 04:00:00,14.35
2013-10-19 05:00:00,14.35
2013-10-19 06:00:00,14.35
2013-10-19 07:00:00,14.35
2013-10-19 08:00:00,14.35
2013-10-19 09:00:00,15.61
2013-10-19 10:00:00,45.1
2013-10-19 11:00:00,45.52
2013-10-19 12:00:00,44.46
2013-10-19 13:00:00,33.07
2013-10-19 14:00:00,14.35
2013-10-19 15:00:00,14.35
2013-10-19 16:00:00,14.35
2013-10-19 17:00:00,14.35
2013-10-19 18:00:00,17.19
2013-10-19 19:00:00,42.74
2013-10-19 20:00:00,43.14
2013-10-19 21:00:00,39.99
2013-10-19 22:00:00,14.35
2013-10-19 23:00:00,14.35
2013-10-20 00:00:00,14.35
2013-10-20 01:00:00,14.35
2013-10-20 02:00:00,14.35
2013-10-20 03:00:00,14.35
2013-10-20 04:00:00,14.35
2013-10-20 05:00:00,14.35
2013-10-20 06:00:00,14.35
2013-10-20 07:00:00,14.35
2013-10-20 08:00:00,14.35
2013-10-20 09:00:00,14.35
2013-10-20 10:00:00,14.35
2013-10-20 11:00:00,14.35
2013-10-20 12:00:00,14.35
2013-10-20 13:00:00,14.35
2013-10-20 14:00:00,14.35
2013-10-20 15:00:00,14.35
2013-10-20 16:00:00,14.35
2013-10-20 17:00:00,16.13
2013-10-20 18:00:00,50.29
2013-10-20 19:00:00,47.21
2013-10-20 20:00:00,42.73
2013-10-20 21:00:00,42.46
2013-10-20 22:00:00,42.62
2013-10-20 23:00:00,14.35
2013-10-21 00:00:00,14.35
2013-10-21 01:00:00,14.35
2013-10-21 02:00:00,14.35
2013-10-21 03:00:00,14.35
2013-10-21 04:00:00,14.35
2013-10-21 05:00:00,14.35
2013-10-21 06:00:00,14.35
2013-10-21 07:00:00,14.35
2013-10-21 08:00:00,14.35
2013-10-21 09:00:00,14.35
2013-10-21 10:00:00,17.03
2013-10-21 11:00:00,44.06
2013-10-21 12:00:00,49.95
2013-10-21 13:00:00,44.54
2013-10-21 14:00:00,47.02
2013-10-21 15:00:00,42.88
2013-10-21 16:00:00,43.7
2013-10-21 17:00:00,43.34
2013-10-21 18:00:00,41.26
2013-10-21 19:00:00,41.35
2013-10-21 20:00:00,46.45
2013-10-21 21:00:00,46.82
2013-10-21 22:00:00,40.32
2013-10-21 23:00:00,14.35
2013-10-22 00:00:00,14.35
2013-10-22 01:00:00,14.35
2013-10-22 02:00:00,14.35
2013-10-22 03:00:00,14.35
2013-10-22 04:00:00,14.35
2013-10-22 05:00:00,14.35
2013-10-22 06:00:00,14.35
2013-10-22 07:00:00,14.35
2013-10-22 08:00:00,17.97
2013-10-22 09:00:00,43.98
2013-10-22 10:00:00,53.06
2013-10-22 11:00:00,51.39
2013-10-22 12:00:00,51
2013-10-22 13:00:00,53.18
2013-10-22 14:00:00,53.73
2013-10-22 15:00:00,53.11
2013-10-22 16:00:00,52.51
2013-10-22 17:00:00,50.91
2013-10-22 18:00:00,51.09
2013-10-22 19:00:00,52.38
2013-10-22 20:00:00,55.99
2013-10-22 21:00:00,51.89
2013-10-22 22:00:00,48.15999999
2013-10-22 23:00:00,14.35
2013-10-23 00:00:00,14.35
2013-10-23 01:00:00,14.35
2013-10-23 02:00:00,14.35
2013-10-23 03:00:00,14.35
2013-10-23 04:00:00,14.35
2013-10-23 05:00:00,14.35
2013-10-23 06:00:00,17.72
2013-10-23 07:00:00,51.28
2013-10-23 08:00:00,50.6
2013-10-23 09:00:00,49.94
2013-10-23 10:00:00,55.83
2013-10-23 11:00:00,54.84
2013-10-23 12:00:00,54.06
2013-10-23 13:00:00,51.31000001
2013-10-23 14:00:00,104.32
2013-10-23 15:00:00,104.7
2013-10-23 16:00:00,103.42
2013-10-23 17:00:00,103.31
2013-10-23 18:00:00,103.37
2013-10-23 19:00:00,153.64
2013-10-23 20:00:00,153.51
2013-10-23 21:00:00,152.71
2013-10-23 22:00:00,201.44
2013-10-23 23:00:00,189.68
2013-10-24 00:00:00,164.35
2013-10-24 01:00:00,264.35
2013-10-24 02:00:00,294.35
2013-10-24 03:00:00,294.35
2013-10-24 04:00:00,294.35
2013-10-24 05:00:00,294.35
2013-10-24 06:00:00,294.35
2013-10-24 07:00:00,301.93
2013-10-24 08:00:00,333.41
2013-10-24 09:00:00,382.46
2013-10-24 10:00:00,382.19
2013-10-24 11:00:00,403.98
2013-10-24 12:00:00,400.43
2013-10-24 13:00:00,401.95
2013-10-24 14:00:00,402.04
2013-10-24 15:00:00,401.86
2013-10-24 16:00:00,402.73
2013-10-24 17:00:00,350.29
2013-10-24 18:00:00,354.18
2013-10-24 19:00:00,352.94
2013-10-24 20:00:00,302.81
2013-10-24 21:00:00,253.35
2013-10-24 22:00:00,250.37
2013-10-24 23:00:00,243.52
2013-10-25 00:00:00,174.35
2013-10-25 01:00:00,174.35
2013-10-25 02:00:00,174.35
2013-10-25 03:00:00,174.35
2013-10-25 04:00:00,174.35
2013-10-25 05:00:00,174.35
2013-10-25 06:00:00,174.35
2013-10-25 07:00:00,134.35
2013-10-25 08:00:00,134.35
2013-10-25 09:00:00,94.35
2013-10-25 10:00:00,132.4
2013-10-25 11:00:00,134.3
2013-10-25 12:00:00,133.83
2013-10-25 13:00:00,131
2013-10-25 14:00:00,133.44
2013-10-25 15:00:00,79.76
2013-10-25 16:00:00,83.49
2013-10-25 17:00:00,83.02
2013-10-25 18:00:00,83.63
2013-10-25 19:00:00,81.43
2013-10-25 20:00:00,84.05
2013-10-25 21:00:00,81.89
2013-10-25 22:00:00,80.27
2013-10-25 23:00:00,80.84
2013-10-26 00:00:00,78.62
2013-10-26 01:00:00,44.35
2013-10-26 02:00:00,44.35
2013-10-26 03:00:00,44.35
2013-10-26 04:00:00,44.35
2013-10-26 05:00:00,48.89
2013-10-26 06:00:00,82.74
2013-10-26 07:00:00,83.28
2013-10-26 08:00:00,82.52
2013-10-26 09:00:00,80.62
2013-10-26 10:00:00,82.72
2013-10-26 11:00:00,80.89
2013-10-26 12:00:00,79.64
2013-10-26 13:00:00,80.38
2013-10-26 14:00:00,82.06
2013-10-26 15:00:00,82.44
2013-10-26 16:00:00,83.54
2013-10-26 17:00:00,82.56
2013-10-26 18:00:00,82.35
2013-10-26 19:00:00,85.07
2013-10-26 20:00:00,81.16
2013-10-26 21:00:00,81.99
2013-10-26 22:00:00,83.31
2013-10-26 23:00:00,81.34
2013-10-27 00:00:00,78.51
2013-10-27 01:00:00,48.95
2013-10-27 02:00:00,44.35
2013-10-27 03:00:00,44.35
2013-10-27 04:00:00,44.35
2013-10-27 05:00:00,44.35
2013-10-27 06:00:00,44.35
2013-10-27 07:00:00,47.71000001
2013-10-27 08:00:00,82.99
2013-10-27 09:00:00,81.24
2013-10-27 10:00:00,82.78
2013-10-27 11:00:00,82.66
2013-10-27 12:00:00,83.22
2013-10-27 13:00:00,82.64
2013-10-27 14:00:00,83.34
2013-10-27 15:00:00,83.42
2013-10-27 16:00:00,82.31
2013-10-27 17:00:00,82.64
2013-10-27 18:00:00,81.4
2013-10-27 19:00:00,81.54
2013-10-27 20:00:00,83.06
2013-10-27 21:00:00,82.42
2013-10-27 22:00:00,81.5
2013-10-27 23:00:00,80.87
2013-10-28 00:00:00,80.1
2013-10-28 01:00:00,72.93
2013-10-28 02:00:00,44.35
2013-10-28 03:00:00,44.35
2013-10-28 04:00:00,44.35
2013-10-28 05:00:00,59.43
2013-10-28 06:00:00,83.2
2013-10-28 07:00:00,83.62
2013-10-28 08:00:00,82.32
2013-10-28 09:00:00,83.21
2013-10-28 10:00:00,81.44
2013-10-28 11:00:00,83.8
2013-10-28 12:00:00,83.5
2013-10-28 13:00:00,80.12
2013-10-28 14:00:00,78.72
2013-10-28 15:00:00,83.35
2013-10-28 16:00:00,93.41
2013-10-28 17:00:00,93.62
2013-10-28 18:00:00,94.14
2013-10-28 19:00:00,92.07
2013-10-28 20:00:00,93.9
2013-10-28 21:00:00,91.95
2013-10-28 22:00:00,88.94
2013-10-28 23:00:00,89.35
2013-10-29 00:00:00,89.35
2013-10-29 01:00:00,89.35
2013-10-29 02:00:00,89.35
2013-10-29 03:00:00,89.35
2013-10-29 04:00:00,89.35
2013-10-29 05:00:00,89.35
2013-10-29 06:00:00,107.95
2013-10-29 07:00:00,127.47
2013-10-29 08:00:00,126.3
2013-10-29 09:00:00,128.43
2013-10-29 10:00:00,128.61
2013-10-29 11:00:00,128.83
2013-10-29 12:00:00,129.3
2013-10-29 13:00:00,128.93
2013-10-29 14:00:00,130.76
2013-10-29 15:00:00,129.61
2013-10-29 16:00:00,128.36
2013-10-29 17:00:00,128.01
2013-10-29 18:00:00,125.24
2013-10-29 19:00:00,127.56
2013-10-29 20:00:00,127.83
2013-10-29 21:00:00,127.48
2013-10-29 22:00:00,122.99
2013-10-29 23:00:00,110.7
2013-10-30 00:00:00,89.35
2013-10-30 01:00:00,89.35
2013-10-30 02:00:00,89.35
2013-10-30 03:00:00,89.35
2013-10-30 04:00:00,89.35
2013-10-30 05:00:00,89.35
2013-10-30 06:00:00,118.41
2013-10-30 07:00:00,126.66
2013-10-30 08:00:00,126.5
2013-10-30 09:00:00,126.06
2013-10-30 10:00:00,102.72
2013-10-30 11:00:00,104.65
2013-10-30 12:00:00,102.09
2013-10-30 13:00:00,102.76
2013-10-30 14:00:00,103.03
2013-10-30 15:00:00,72.12
2013-10-30 16:00:00,72.95
2013-10-30 17:00:00,74.5
2013-10-30 18:00:00,72.89
2013-10-30 19:00:00,72.59
2013-10-30 20:00:00,73.9
2013-10-30 21:00:00,74.38
2013-10-30 22:00:00,70.65
2013-10-30 23:00:00,50.76
2013-10-31 00:00:00,40.73
2013-10-31 01:00:00,14.35
2013-10-31 02:00:00,14.35
2013-10-31 03:00:00,14.35
2013-10-31 04:00:00,14.35
2013-10-31 05:00:00,17.82
2013-10-31 06:00:00,53.22
2013-10-31 07:00:00,51.81
2013-10-31 08:00:00,54.36
2013-10-31 09:00:00,52.49
2013-10-31 10:00:00,53.23
2013-10-31 11:00:00,53.1
2013-10-31 12:00:00,51.08
2013-10-31 13:00:00,50.34
2013-10-31 14:00:00,53.89
2013-10-31 15:00:00,53.32
2013-10-31 16:00:00,52.89
2013-10-31 17:00:00,52.68
2013-10-31 18:00:00,53.95
2013-10-31 19:00:00,52.95
2013-10-31 20:00:00,52.44
2013-10-31 21:00:00,52.24
2013-10-31 22:00:00,49.98
2013-10-31 23:00:00,45.91
2013-11-01 00:00:00,14.35
2013-11-01 01:00:00,14.35
2013-11-01 02:00:00,14.35
2013-11-01 03:00:00,14.35
2013-11-01 04:00:00,14.35
2013-11-01 05:00:00,17.5
2013-11-01 06:00:00,49.27
2013-11-01 07:00:00,48.5
2013-11-01 08:00:00,49.53
2013-11-01 09:00:00,53.4
2013-11-01 10:00:00,52.01
2013-11-01 11:00:00,52.62
2013-11-01 12:00:00,51.94
2013-11-01 13:00:00,52.89
2013-11-01 14:00:00,53.65
2013-11-01 15:00:00,50.81
2013-11-01 16:00:00,52.89
2013-11-01 17:00:00,49.03
2013-11-01 18:00:00,48.46
2013-11-01 19:00:00,52.43
2013-11-01 20:00:00,50.95
2013-11-01 21:00:00,51.41
2013-11-01 22:00:00,50.82
2013-11-01 23:00:00,32.92
2013-11-02 00:00:00,14.35
2013-11-02 01:00:00,14.35
2013-11-02 02:00:00,14.35
2013-11-02 03:00:00,14.35
2013-11-02 04:00:00,14.35
2013-11-02 05:00:00,14.35
2013-11-02 06:00:00,14.35
2013-11-02 07:00:00,14.35
2013-11-02 08:00:00,14.35
2013-11-02 09:00:00,14.35
2013-11-02 10:00:00,50.83
2013-11-02 11:00:00,51.98
2013-11-02 12:00:00,52.37
2013-11-02 13:00:00,53.69
2013-11-02 14:00:00,54.79
2013-11-02 15:00:00,51.58
2013-11-02 16:00:00,52.76
2013-11-02 17:00:00,51.71
2013-11-02 18:00:00,53.21
2013-11-02 19:00:00,52.73
2013-11-02 20:00:00,51.94
2013-11-02 21:00:00,50.94
2013-11-02 22:00:00,40.37
2013-11-02 23:00:00,14.35
2013-11-03 00:00:00,12.11
2013-11-03 01:00:00,14.35
2013-11-03 02:00:00,14.35
2013-11-03 03:00:00,14.35
2013-11-03 04:00:00,14.35
2013-11-03 05:00:00,14.35
2013-11-03 06:00:00,14.35
2013-11-03 07:00:00,14.35
2013-11-03 08:00:00,14.35
2013-11-03 09:00:00,18.25
2013-11-03 10:00:00,52.93
2013-11-03 11:00:00,52.49
2013-11-03 12:00:00,54.55
2013-11-03 13:00:00,53.21
2013-11-03 14:00:00,53.37
2013-11-03 15:00:00,52.55
2013-11-03 16:00:00,51.76
2013-11-03 17:00:00,52.16
2013-11-03 18:00:00,52.98
2013-11-03 19:00:00,54.65
2013-11-03 20:00:00,51.17
2013-11-03 21:00:00,51.52
2013-11-03 22:00:00,48.17999999
2013-11-03 23:00:00,14.35
2013-11-04 00:00:00,14.35
2013-11-04 01:00:00,14.35
2013-11-04 02:00:00,14.35
2013-11-04 03:00:00,14.35
2013-11-04 04:00:00,14.35
2013-11-04 05:00:00,14.35
2013-11-04 06:00:00,18.82
2013-11-04 07:00:00,40
2013-11-04 08:00:00,40
2013-11-04 09:00:00,40
2013-11-04 10:00:00,40
2013-11-04 11:00:00,40
2013-11-04 12:00:00,40
2013-11-04 13:00:00,40
2013-11-04 14:00:00,40
2013-11-04 15:00:00,40
2013-11-04 16:00:00,40
2013-11-04 17:00:00,40
2013-11-04 18:00:00,40
2013-11-04 19:00:00,40
2013-11-04 20:00:00,40
2013-11-04 21:00:00,40
2013-11-04 22:00:00,40
2013-11-04 23:00:00,40
2013-11-05 00:00:00,34.07
2013-11-05 01:00:00,14.35
2013-11-05 02:00:00,14.35
2013-11-05 03:00:00,14.35
2013-11-05 04:00:00,14.35
2013-11-05 05:00:00,14.35
2013-11-05 06:00:00,39.33
2013-11-05 07:00:00,52.27
2013-11-05 08:00:00,49.9
2013-11-05 09:00:00,51.33
2013-11-05 10:00:00,50.79
2013-11-05 11:00:00,49.76
2013-11-05 12:00:00,51.94
2013-11-05 13:00:00,51.67
2013-11-05 14:00:00,52.96
2013-11-05 15:00:00,54.24
2013-11-05 16:00:00,51.53
2013-11-05 17:00:00,51.01
2013-11-05 18:00:00,52.69
2013-11-05 19:00:00,51.64
2013-11-05 20:00:00,51.82
2013-11-05 21:00:00,51.28
2013-11-05 22:00:00,51.18
2013-11-05 23:00:00,51.52
2013-11-06 00:00:00,34.07
2013-11-06 01:00:00,14.35
2013-11-06 02:00:00,14.35
2013-11-06 03:00:00,14.35
2013-11-06 04:00:00,14.35
2013-11-06 05:00:00,14.35
2013-11-06 06:00:00,39.33
2013-11-06 07:00:00,52.27
2013-11-06 08:00:00,49.9
2013-11-06 09:00:00,51.33
2013-11-06 10:00:00,50.79
2013-11-06 11:00:00,49.76
2013-11-06 12:00:00,51.94
2013-11-06 13:00:00,51.67
2013-11-06 14:00:00,52.96
2013-11-06 15:00:00,54.24
2013-11-06 16:00:00,51.53
2013-11-06 17:00:00,51.01
2013-11-06 18:00:00,52.69
2013-11-06 19:00:00,51.64
2013-11-06 20:00:00,51.82
2013-11-06 21:00:00,51.28
2013-11-06 22:00:00,51.18
2013-11-06 23:00:00,51.52
2013-11-07 00:00:00,14.35
2013-11-07 01:00:00,17.90000001
2013-11-07 02:00:00,53.43
2013-11-07 03:00:00,54.15
2013-11-07 04:00:00,51.11
2013-11-07 05:00:00,53.27
2013-11-07 06:00:00,53.98
2013-11-07 07:00:00,52.4
2013-11-07 08:00:00,53.82
2013-11-07 09:00:00,53.36
2013-11-07 10:00:00,53.69
2013-11-07 11:00:00,53.69
2013-11-07 12:00:00,51.94
2013-11-07 13:00:00,52.99
2013-11-07 14:00:00,51.97
2013-11-07 15:00:00,52.56
2013-11-07 16:00:00,53.79
2013-11-07 17:00:00,52.39
2013-11-07 18:00:00,54.01
2013-11-07 19:00:00,54.56
2013-11-07 20:00:00,53.44
2013-11-07 21:00:00,52.67
2013-11-07 22:00:00,52.14
2013-11-07 23:00:00,48.42
2013-11-08 00:00:00,18.53
2013-11-08 01:00:00,52.48
2013-11-08 02:00:00,52.92
2013-11-08 03:00:00,52.29
2013-11-08 04:00:00,53.17
2013-11-08 05:00:00,53.59
2013-11-08 06:00:00,54.88
2013-11-08 07:00:00,51.89
2013-11-08 08:00:00,54.21
2013-11-08 09:00:00,52.25
2013-11-08 10:00:00,54.32
2013-11-08 11:00:00,54.38
2013-11-08 12:00:00,52.21
2013-11-08 13:00:00,51.23
2013-11-08 14:00:00,53.25
2013-11-08 15:00:00,52.89
2013-11-08 16:00:00,52.46
2013-11-08 17:00:00,51.84
2013-11-08 18:00:00,55.29
2013-11-08 19:00:00,52.83
2013-11-08 20:00:00,53.85
2013-11-08 21:00:00,53.22
2013-11-08 22:00:00,53.91
2013-11-08 23:00:00,48.85
2013-11-09 00:00:00,17.5
2013-11-09 01:00:00,52.19
2013-11-09 02:00:00,53.32
2013-11-09 03:00:00,54.01
2013-11-09 04:00:00,52.71
2013-11-09 05:00:00,53.2
2013-11-09 06:00:00,52.86
2013-11-09 07:00:00,51.53
2013-11-09 08:00:00,52.24
2013-11-09 09:00:00,54.53
2013-11-09 10:00:00,51.66
2013-11-09 11:00:00,50.17
2013-11-09 12:00:00,47.71
2013-11-09 13:00:00,52.06
2013-11-09 14:00:00,56.3
2013-11-09 15:00:00,52.48
2013-11-09 16:00:00,52.62
2013-11-09 17:00:00,52.82
2013-11-09 18:00:00,53.32
2013-11-09 19:00:00,54.75
2013-11-09 20:00:00,53.66
2013-11-09 21:00:00,54.01
2013-11-09 22:00:00,53.32
2013-11-09 23:00:00,49.53
2013-11-10 00:00:00,18.34
2013-11-11 00:00:00,18.79
2013-11-11 01:00:00,53.26
2013-11-11 02:00:00,51.66
2013-11-11 03:00:00,55.41
2013-11-11 04:00:00,54.38
2013-11-11 05:00:00,50.57
2013-11-11 06:00:00,55.94
2013-11-11 07:00:00,53.57
2013-11-11 08:00:00,54.54
2013-11-11 09:00:00,50.63
2013-11-11 10:00:00,53.22
2013-11-11 11:00:00,52.36
2013-11-11 12:00:00,53.53
2013-11-11 13:00:00,53.06
2013-11-11 14:00:00,53.15
2013-11-11 15:00:00,53.14
2013-11-11 16:00:00,53.2
2013-11-11 17:00:00,53.65
2013-11-11 18:00:00,51.53
2013-11-11 19:00:00,54.92
2013-11-11 20:00:00,53.52
2013-11-11 21:00:00,52.09
2013-11-11 22:00:00,50.99
2013-11-11 23:00:00,52.45
2013-11-12 00:00:00,52.85
2013-11-12 01:00:00,51.46
2013-11-12 02:00:00,51.82
2013-11-12 03:00:00,53.98
2013-11-12 04:00:00,54.25
2013-11-12 05:00:00,51.88
2013-11-12 06:00:00,50.55
2013-11-12 07:00:00,51.26
2013-11-12 08:00:00,52.94
2013-11-12 09:00:00,54.6
2013-11-12 10:00:00,53.86
2013-11-12 11:00:00,54.61
2013-11-12 12:00:00,51.92
2013-11-12 13:00:00,54.64
2013-11-12 14:00:00,53.9
2013-11-12 15:00:00,53.76
2013-11-12 16:00:00,52.53
2013-11-12 17:00:00,53.19
2013-11-12 18:00:00,54.1
2013-11-12 19:00:00,54.06
2013-11-12 20:00:00,53.48
2013-11-12 21:00:00,53.01
2013-11-12 22:00:00,53.25
2013-11-12 23:00:00,52.78
2013-11-13 00:00:00,52.93
2013-11-13 01:00:00,50.69
2013-11-13 02:00:00,54.21
2013-11-13 03:00:00,53.62
2013-11-13 04:00:00,52.69
2013-11-13 05:00:00,51.58
2013-11-13 06:00:00,53.18
2013-11-13 07:00:00,55.55
2013-11-13 08:00:00,54.97
2013-11-13 09:00:00,55.01
2013-11-13 10:00:00,53.86
2013-11-13 11:00:00,53.06
2013-11-13 12:00:00,54.04
2013-11-13 13:00:00,52.4
2013-11-13 14:00:00,52.61
2013-11-13 15:00:00,53.24
2013-11-13 16:00:00,52.06
2013-11-13 17:00:00,51.54
2013-11-13 18:00:00,51.03
2013-11-13 19:00:00,51.89
2013-11-13 20:00:00,52.71
2013-11-13 21:00:00,52.93
2013-11-13 22:00:00,53.07
2013-11-13 23:00:00,53
2013-11-14 00:00:00,53.36
2013-11-14 01:00:00,51.53
2013-11-14 02:00:00,51.98
2013-11-14 03:00:00,53.52
2013-11-14 04:00:00,55.08
2013-11-14 05:00:00,51.91
2013-11-14 06:00:00,51.79
2013-11-14 07:00:00,52.29
2013-11-14 08:00:00,52.89
2013-11-14 09:00:00,53.96
2013-11-14 10:00:00,53.9
2013-11-14 11:00:00,53.35
2013-11-14 12:00:00,53.99
2013-11-14 13:00:00,53.96
2013-11-14 14:00:00,54.12
2013-11-14 15:00:00,53.27
2013-11-14 16:00:00,53.66
2013-11-14 17:00:00,53.24
2013-11-14 18:00:00,54.34
2013-11-14 19:00:00,53.12
2013-11-14 20:00:00,52.44
2013-11-14 21:00:00,53.29
2013-11-14 22:00:00,52.33
2013-11-14 23:00:00,52.27
2013-11-15 00:00:00,51.82
2013-11-15 01:00:00,51.49
2013-11-15 02:00:00,53.42
2013-11-15 03:00:00,52.75
2013-11-15 04:00:00,53.06
2013-11-15 05:00:00,54.55
2013-11-15 06:00:00,51.03
2013-11-15 07:00:00,53.87
2013-11-15 08:00:00,55.37
2013-11-15 09:00:00,54.54
2013-11-15 10:00:00,54.38
2013-11-15 11:00:00,51.76
2013-11-15 12:00:00,54.27
2013-11-15 13:00:00,51.38
2013-11-15 14:00:00,50.91
2013-11-15 15:00:00,53.27
2013-11-15 16:00:00,53.15
2013-11-15 17:00:00,54.36
2013-11-15 18:00:00,54.66
2013-11-15 19:00:00,53.88
2013-11-15 20:00:00,54.1
2013-11-15 21:00:00,53.99
2013-11-15 22:00:00,53.25
2013-11-15 23:00:00,53.06
2013-11-16 00:00:00,52.93
2013-11-16 01:00:00,52.75
2013-11-16 02:00:00,52.59
2013-11-16 03:00:00,52.84
2013-11-16 04:00:00,53.76
2013-11-16 05:00:00,54.32
2013-11-16 06:00:00,52.33
2013-11-16 07:00:00,52.9
2013-11-16 08:00:00,54.01
2013-11-16 09:00:00,53.69
2013-11-16 10:00:00,52.78
2013-11-16 11:00:00,52.5
2013-11-16 12:00:00,52.92
2013-11-16 13:00:00,52.31
2013-11-16 14:00:00,53.58
2013-11-16 15:00:00,52.57
2013-11-16 16:00:00,53.08
2013-11-16 17:00:00,52.12
2013-11-16 18:00:00,51.21
2013-11-16 19:00:00,56.95
2013-11-16 20:00:00,54.44
2013-11-16 21:00:00,53.41
2013-11-16 22:00:00,52.93
2013-11-16 23:00:00,54.15
2013-11-17 00:00:00,52.44
2013-11-17 01:00:00,49.35
2013-11-17 02:00:00,52.53
2013-11-17 03:00:00,49.86
2013-11-17 04:00:00,51.34
2013-11-17 05:00:00,52.42
2013-11-17 06:00:00,53.23
2013-11-17 07:00:00,53.85
2013-11-17 08:00:00,54.34
2013-11-17 09:00:00,53.97
2013-11-17 10:00:00,51.74
2013-11-17 11:00:00,53.9
2013-11-17 12:00:00,53.22
2013-11-17 13:00:00,51.73
2013-11-17 14:00:00,53.07
2013-11-17 15:00:00,51.03
2013-11-17 16:00:00,54.28
2013-11-17 17:00:00,53.78
2013-11-17 18:00:00,51.73
2013-11-17 19:00:00,53.96
2013-11-17 20:00:00,53.84
2013-11-17 21:00:00,53.53
2013-11-17 22:00:00,52.72
2013-11-17 23:00:00,51.29
2013-11-18 00:00:00,50.6
2013-11-18 01:00:00,53.35
2013-11-18 02:00:00,52.18
2013-11-18 03:00:00,50.89
2013-11-18 04:00:00,52.8
2013-11-18 05:00:00,51.09
2013-11-18 06:00:00,52.33
2013-11-18 07:00:00,40.1
2013-11-18 08:00:00,40.1
2013-11-18 09:00:00,40.1
2013-11-18 10:00:00,40.1
2013-11-18 11:00:00,40.1
2013-11-18 12:00:00,40.1
2013-11-18 13:00:00,40.1
2013-11-18 14:00:00,40.1
2013-11-18 15:00:00,40.1
2013-11-18 16:00:00,40.1
2013-11-18 17:00:00,40.1
2013-11-18 18:00:00,40.1
2013-11-18 19:00:00,40.1
2013-11-18 20:00:00,40
2013-11-18 21:00:00,40
2013-11-18 22:00:00,40
2013-11-18 23:00:00,40
2013-11-19 00:00:00,53.13
2013-11-19 01:00:00,53.16
2013-11-19 02:00:00,54.41
2013-11-19 03:00:00,51.65
2013-11-19 04:00:00,51.88
2013-11-19 05:00:00,51.86
2013-11-19 06:00:00,52.89
2013-11-19 07:00:00,53.03
2013-11-19 08:00:00,54.66
2013-11-19 09:00:00,54.44
2013-11-19 10:00:00,53.8
2013-11-19 11:00:00,53.01
2013-11-19 12:00:00,53.84
2013-11-19 13:00:00,51.78
2013-11-19 14:00:00,53.08
2013-11-19 15:00:00,53.01
2013-11-19 16:00:00,53.68
2013-11-19 17:00:00,53.92
2013-11-19 18:00:00,53.12
2013-11-19 19:00:00,51.56
2013-11-19 20:00:00,53.49
2013-11-19 21:00:00,53.28
2013-11-19 22:00:00,52.15
2013-11-19 23:00:00,51.51
2013-11-20 00:00:00,51.24
2013-11-20 01:00:00,51.29
2013-11-20 02:00:00,52.74
2013-11-20 03:00:00,52.91
2013-11-20 04:00:00,52.36
2013-11-20 05:00:00,52.56
2013-11-20 06:00:00,53.58
2013-11-20 07:00:00,52.13
2013-11-20 08:00:00,52.03
2013-11-20 09:00:00,53.53
2013-11-20 10:00:00,53.93
2013-11-20 11:00:00,52.81
2013-11-20 12:00:00,51.03
2013-11-20 13:00:00,49.46
2013-11-20 14:00:00,52.24
2013-11-20 15:00:00,51.66
2013-11-20 16:00:00,51.59
2013-11-20 17:00:00,53.29
2013-11-20 18:00:00,53.19
2013-11-20 19:00:00,53.67
2013-11-20 20:00:00,52.93
2013-11-20 21:00:00,52.95
2013-11-20 22:00:00,53.16
2013-11-20 23:00:00,52.36
2013-11-21 00:00:00,52.5
2013-11-21 01:00:00,50.11
2013-11-21 02:00:00,52.08
2013-11-21 03:00:00,50.89
2013-11-21 04:00:00,53.25
2013-11-21 05:00:00,50.99
2013-11-21 06:00:00,51.02
2013-11-21 07:00:00,40.15
2013-11-21 08:00:00,40.15
2013-11-21 09:00:00,40.15
2013-11-21 10:00:00,40.15
2013-11-21 11:00:00,40.15
2013-11-21 12:00:00,40.1
2013-11-21 13:00:00,40.1
2013-11-21 14:00:00,40.1
2013-11-21 15:00:00,40.1
2013-11-21 16:00:00,40.1
2013-11-21 17:00:00,40.15
2013-11-21 18:00:00,40.15
2013-11-21 19:00:00,40.15
2013-11-21 20:00:00,40.1
2013-11-21 21:00:00,40.15
2013-11-21 22:00:00,40.1
2013-11-21 23:00:00,40.1
2013-11-22 00:00:00,52.81
2013-11-22 01:00:00,52.41
2013-11-22 02:00:00,53.09
2013-11-22 03:00:00,52.3
2013-11-22 04:00:00,53.25
2013-11-22 05:00:00,52.27
2013-11-22 06:00:00,51.88
2013-11-22 07:00:00,53.7
2013-11-22 08:00:00,53.15
2013-11-22 09:00:00,53.93
2013-11-22 10:00:00,53.17
2013-11-22 11:00:00,52
2013-11-22 12:00:00,51.22
2013-11-22 13:00:00,50.39
2013-11-22 14:00:00,52.73
2013-11-22 15:00:00,54.48
2013-11-22 16:00:00,53.52
2013-11-22 17:00:00,52.04
2013-11-22 18:00:00,53.83
2013-11-22 19:00:00,53.03
2013-11-22 20:00:00,54.3
2013-11-22 21:00:00,54.56
2013-11-22 22:00:00,53.52
2013-11-22 23:00:00,51.55
2013-11-23 00:00:00,51.9
2013-11-23 01:00:00,55.68
2013-11-23 02:00:00,52.87
2013-11-23 03:00:00,53.04
2013-11-23 04:00:00,52.73
2013-11-23 05:00:00,53.6
2013-11-23 06:00:00,52.21
2013-11-23 07:00:00,40.2
2013-11-23 08:00:00,40.25
2013-11-23 09:00:00,40.25
2013-11-23 10:00:00,40.25
2013-11-23 11:00:00,40.25
2013-11-23 12:00:00,40.25
2013-11-23 13:00:00,40.25
2013-11-23 14:00:00,40.25
2013-11-23 15:00:00,40.25
2013-11-23 16:00:00,40.25
2013-11-23 17:00:00,40.2
2013-11-23 18:00:00,40.2
2013-11-23 19:00:00,40.2
2013-11-23 20:00:00,40.2
2013-11-23 21:00:00,40.2
2013-11-23 22:00:00,40.25
2013-11-23 23:00:00,40.25
2013-11-24 00:00:00,52.32
2013-11-24 01:00:00,52.49
2013-11-24 02:00:00,53.49
2013-11-24 03:00:00,52.12
2013-11-24 04:00:00,52.99
2013-11-24 05:00:00,52.82
2013-11-24 06:00:00,51.8
2013-11-24 07:00:00,48.96
2013-11-24 08:00:00,51.57
2013-11-24 09:00:00,52.92
2013-11-24 10:00:00,50.4
2013-11-24 11:00:00,54.48
2013-11-24 12:00:00,53.6
2013-11-24 13:00:00,51.91
2013-11-24 14:00:00,52.65
2013-11-24 15:00:00,52.47
2013-11-24 16:00:00,52.32
2013-11-24 17:00:00,51.28
2013-11-24 18:00:00,50.9
2013-11-24 19:00:00,53.96
2013-11-24 20:00:00,53.31
2013-11-24 21:00:00,51.71
2013-11-24 22:00:00,51.61
2013-11-24 23:00:00,51.79
2013-11-25 00:00:00,52.19
2013-11-25 01:00:00,52.52
2013-11-25 02:00:00,52.18
2013-11-25 03:00:00,53.38
2013-11-25 04:00:00,52.9
2013-11-25 05:00:00,53.44
2013-11-25 06:00:00,52.6
2013-11-25 07:00:00,40.2
2013-11-25 08:00:00,40.2
2013-11-25 09:00:00,40.2
2013-11-25 10:00:00,40.1
2013-11-25 11:00:00,40.15
2013-11-25 12:00:00,40.2
2013-11-25 13:00:00,40.15
2013-11-25 14:00:00,40.2
2013-11-25 15:00:00,40.1
2013-11-25 16:00:00,40.15
2013-11-25 17:00:00,40.2
2013-11-25 18:00:00,40.2
2013-11-25 19:00:00,40.15
2013-11-25 20:00:00,40.15
2013-11-25 21:00:00,40.2
2013-11-25 22:00:00,40.2
2013-11-25 23:00:00,40.2
2013-11-26 00:00:00,50.07
2013-11-26 01:00:00,52.13
2013-11-26 02:00:00,50.93
2013-11-26 03:00:00,51.33
2013-11-26 04:00:00,52.27
2013-11-26 05:00:00,53.67
2013-11-26 06:00:00,52.76
2013-11-26 07:00:00,53.25
2013-11-26 08:00:00,53.89
2013-11-26 09:00:00,53.84
2013-11-26 10:00:00,53.92
2013-11-26 11:00:00,53.08
2013-11-26 12:00:00,54.49
2013-11-26 13:00:00,51.9
2013-11-26 14:00:00,52.67
2013-11-26 15:00:00,53.46
2013-11-26 16:00:00,53.66
2013-11-26 17:00:00,53.35
2013-11-26 18:00:00,52.97
2013-11-26 19:00:00,53.7
2013-11-26 20:00:00,52.75
2013-11-26 21:00:00,51.44
2013-11-26 22:00:00,52.74
2013-11-26 23:00:00,51
2013-11-27 00:00:00,52.11
2013-11-27 01:00:00,52.31
2013-11-27 02:00:00,52.44
2013-11-27 03:00:00,53.25
2013-11-27 04:00:00,53.23
2013-11-27 05:00:00,53.54
2013-11-27 06:00:00,52.26
2013-11-27 07:00:00,40.2
2013-11-27 08:00:00,40.2
2013-11-27 09:00:00,40.2
2013-11-27 10:00:00,40.2
2013-11-27 11:00:00,40.2
2013-11-27 12:00:00,40.2
2013-11-27 13:00:00,40.2
2013-11-27 14:00:00,40.2
2013-11-27 15:00:00,40.2
2013-11-27 16:00:00,40.2
2013-11-27 17:00:00,40.2
2013-11-27 18:00:00,40.2
2013-11-27 19:00:00,40.2
2013-11-27 20:00:00,40.2
2013-11-27 21:00:00,40.2
2013-11-27 22:00:00,40.2
2013-11-27 23:00:00,40.2
2013-11-28 00:00:00,52.65
2013-11-28 01:00:00,51.07
2013-11-28 02:00:00,52.42
2013-11-28 03:00:00,51.36
2013-11-28 04:00:00,52.13
2013-11-28 05:00:00,51.33
2013-11-28 06:00:00,51.18
2013-11-28 07:00:00,51.64
2013-11-28 08:00:00,52.67
2013-11-28 09:00:00,51.43
2013-11-28 10:00:00,51.76
2013-11-28 11:00:00,51.5
2013-11-28 12:00:00,51.87
2013-11-28 13:00:00,52.03
2013-11-28 14:00:00,54.33
2013-11-28 15:00:00,49.96
2013-11-28 16:00:00,53.25
2013-11-28 17:00:00,52.65
2013-11-28 18:00:00,51.02
2013-11-28 19:00:00,51.61
2013-11-28 20:00:00,51.21
2013-11-28 21:00:00,49.49
2013-11-28 22:00:00,50.71
2013-11-28 23:00:00,50.16
2013-11-29 00:00:00,50.49
2013-11-29 01:00:00,51.1
2013-11-29 02:00:00,50.54
2013-11-29 03:00:00,53.4
2013-11-29 04:00:00,52.74
2013-11-29 05:00:00,52.12
2013-11-29 06:00:00,54.46
2013-11-29 07:00:00,52.11
2013-11-29 08:00:00,50.6
2013-11-29 09:00:00,51.84
2013-11-29 10:00:00,51.77
2013-11-29 11:00:00,50.9
2013-11-29 12:00:00,50.66
2013-11-29 13:00:00,52.05
2013-11-29 14:00:00,52.69
2013-11-29 15:00:00,49.28
2013-11-29 16:00:00,50.72
2013-11-29 17:00:00,49.28
2013-11-29 18:00:00,51.51
2013-11-29 19:00:00,53.03
2013-11-29 20:00:00,51.42
2013-11-29 21:00:00,52.04
2013-11-29 22:00:00,51.66
2013-11-29 23:00:00,49.18
2013-11-30 00:00:00,50.07
2013-11-30 01:00:00,51.96
2013-11-30 02:00:00,49.56
2013-11-30 03:00:00,50.5
2013-11-30 04:00:00,50.07
2013-11-30 05:00:00,51.96
2013-11-30 06:00:00,52.66
2013-11-30 07:00:00,53.21
2013-11-30 08:00:00,51.38
2013-11-30 09:00:00,50.47
2013-11-30 10:00:00,51.44
2013-11-30 11:00:00,52.82
2013-11-30 12:00:00,49.6
2013-11-30 13:00:00,49.34
2013-11-30 14:00:00,52.92
2013-11-30 15:00:00,53.97
2013-11-30 16:00:00,52.96
2013-11-30 17:00:00,50.98
2013-11-30 18:00:00,49.31
2013-11-30 19:00:00,53.15
2013-11-30 20:00:00,52.34
2013-11-30 21:00:00,50
2013-11-30 22:00:00,51.96
2013-11-30 23:00:00,49.74
2013-12-01 00:00:00,35.8
2013-12-01 01:00:00,13.4
2013-12-01 02:00:00,13.4
2013-12-01 03:00:00,13.4
2013-12-01 04:00:00,13.4
2013-12-01 05:00:00,13.4
2013-12-01 06:00:00,13.4
2013-12-01 07:00:00,6.98E-10
2013-12-01 08:00:00,4
2013-12-01 09:00:00,40.2
2013-12-01 10:00:00,40.2
2013-12-01 11:00:00,40.2
2013-12-01 12:00:00,40.2
2013-12-01 13:00:00,40.2
2013-12-01 14:00:00,40.2
2013-12-01 15:00:00,40.2
2013-12-01 16:00:00,40.2
2013-12-01 17:00:00,40.2
2013-12-01 18:00:00,40.2
2013-12-01 19:00:00,40.2
2013-12-01 20:00:00,40.2
2013-12-01 21:00:00,40.2
2013-12-01 22:00:00,40.2
2013-12-01 23:00:00,40.2
2013-12-03 00:00:00,48.68
2013-12-03 01:00:00,51.86
2013-12-03 02:00:00,52.08
2013-12-03 03:00:00,51.77
2013-12-03 04:00:00,53.82
2013-12-03 05:00:00,49.31
2013-12-03 06:00:00,52.1
2013-12-03 07:00:00,49.3
2013-12-03 08:00:00,50.77
2013-12-03 09:00:00,51.82
2013-12-03 10:00:00,53.08
2013-12-03 11:00:00,54.52
2013-12-03 12:00:00,51.91
2013-12-03 13:00:00,52.77
2013-12-03 14:00:00,50.3
2013-12-03 15:00:00,52.15
2013-12-03 16:00:00,53.42
2013-12-03 17:00:00,52.49
2013-12-03 18:00:00,52.43
2013-12-03 19:00:00,51.5
2013-12-03 20:00:00,53.47
2013-12-03 21:00:00,53.04
2013-12-03 22:00:00,52.13
2013-12-03 23:00:00,50.93
2013-12-04 00:00:00,53.49
2013-12-04 01:00:00,51.42
2013-12-04 02:00:00,51.7
2013-12-04 03:00:00,51.81
2013-12-04 04:00:00,51.3
2013-12-04 05:00:00,52.38
2013-12-04 06:00:00,50.16
2013-12-04 07:00:00,51.04
2013-12-04 08:00:00,51.74
2013-12-04 09:00:00,53.99
2013-12-04 10:00:00,51.98
2013-12-04 11:00:00,52.95
2013-12-04 12:00:00,52.75
2013-12-04 13:00:00,52.19
2013-12-04 14:00:00,52.7
2013-12-04 15:00:00,53.36
2013-12-04 16:00:00,53.02
2013-12-04 17:00:00,51.28
2013-12-04 18:00:00,51.3
2013-12-04 19:00:00,52.38
2013-12-04 20:00:00,52.98
2013-12-04 21:00:00,51.85
2013-12-04 22:00:00,52.41
2013-12-04 23:00:00,50.56
2013-12-05 00:00:00,51
2013-12-05 01:00:00,50.34
2013-12-05 02:00:00,52.22
2013-12-05 03:00:00,49.83
2013-12-05 04:00:00,50.82
2013-12-05 05:00:00,50.64
2013-12-05 06:00:00,51.46
2013-12-05 07:00:00,51.45
2013-12-05 08:00:00,51.06
2013-12-05 09:00:00,54.36
2013-12-05 10:00:00,51.86
2013-12-05 11:00:00,53.21
2013-12-05 12:00:00,52.29
2013-12-05 13:00:00,52.49
2013-12-05 14:00:00,53.39
2013-12-05 15:00:00,52.66
2013-12-05 16:00:00,53.65
2013-12-05 17:00:00,53.67
2013-12-05 18:00:00,52.74
2013-12-05 19:00:00,52.17
2013-12-05 20:00:00,53.29
2013-12-05 21:00:00,53.74
2013-12-05 22:00:00,53.47
2013-12-05 23:00:00,52.75
2013-12-06 00:00:00,51.95
2013-12-06 01:00:00,53.15
2013-12-06 02:00:00,51.01
2013-12-06 03:00:00,50.87
2013-12-06 04:00:00,49.88
2013-12-06 05:00:00,47.88
2013-12-06 06:00:00,50.18
2013-12-06 07:00:00,48.78
2013-12-06 08:00:00,53.22
2013-12-06 09:00:00,51.84
2013-12-06 10:00:00,52.48
2013-12-06 11:00:00,54.49
2013-12-06 12:00:00,52.65
2013-12-06 13:00:00,51.4
2013-12-06 14:00:00,54.08
2013-12-06 15:00:00,52.53
2013-12-06 16:00:00,53.75
2013-12-06 17:00:00,52.71
2013-12-06 18:00:00,53.17
2013-12-06 19:00:00,53.74
2013-12-06 20:00:00,53.07
2013-12-06 21:00:00,52.67
2013-12-06 22:00:00,53.19
2013-12-06 23:00:00,51.34
2013-12-07 00:00:00,51.47
2013-12-07 01:00:00,51.44
2013-12-07 02:00:00,51.82
2013-12-07 03:00:00,51.39
2013-12-07 04:00:00,51.68
2013-12-07 05:00:00,49.83
2013-12-07 06:00:00,50.92
2013-12-07 07:00:00,53.02
2013-12-07 08:00:00,51.46
2013-12-07 09:00:00,53.67
2013-12-07 10:00:00,52.97
2013-12-07 11:00:00,53.5
2013-12-07 12:00:00,53.19
2013-12-07 13:00:00,51.78
2013-12-07 14:00:00,54.29
2013-12-07 15:00:00,53.36
2013-12-07 16:00:00,53.4
2013-12-07 17:00:00,52.64
2013-12-07 18:00:00,52.04
2013-12-07 19:00:00,53.8
2013-12-07 20:00:00,53.17
2013-12-07 21:00:00,52.77
2013-12-07 22:00:00,52.82
2013-12-07 23:00:00,52.78
2013-12-08 00:00:00,89.12
2013-12-08 01:00:00,51.58
2013-12-08 02:00:00,51.57
2013-12-08 03:00:00,50.8
2013-12-08 04:00:00,51.13
2013-12-08 05:00:00,53.43
2013-12-08 06:00:00,54.59
2013-12-08 07:00:00,49.92
2013-12-08 08:00:00,51.68
2013-12-08 09:00:00,49.19
2013-12-08 10:00:00,50.56
2013-12-08 11:00:00,50.28
2013-12-08 12:00:00,50.08
2013-12-08 13:00:00,52.37
2013-12-08 14:00:00,51.65
2013-12-08 15:00:00,51.98
2013-12-08 16:00:00,50.64
2013-12-08 17:00:00,50.77
2013-12-08 18:00:00,48.6
2013-12-08 19:00:00,53.39
2013-12-08 20:00:00,53.58
2013-12-08 21:00:00,51.57
2013-12-08 22:00:00,53.77
2013-12-08 23:00:00,52.3
2013-12-09 00:00:00,50.58
2013-12-09 01:00:00,50.74
2013-12-09 02:00:00,50.56
2013-12-09 03:00:00,52.31
2013-12-09 04:00:00,51.58
2013-12-09 05:00:00,51.51
2013-12-09 06:00:00,55.12
2013-12-09 07:00:00,51.13
2013-12-09 08:00:00,53.34
2013-12-09 09:00:00,53.55
2013-12-09 10:00:00,52.76
2013-12-09 11:00:00,53.24
2013-12-09 12:00:00,52.18
2013-12-09 13:00:00,52.24
2013-12-09 14:00:00,52.53
2013-12-09 15:00:00,55.04
2013-12-09 16:00:00,53.62
2013-12-09 17:00:00,52.15
2013-12-09 18:00:00,52.12
2013-12-09 19:00:00,52.4
2013-12-09 20:00:00,53.48
2013-12-09 21:00:00,54.69
2013-12-09 22:00:00,53.18
2013-12-09 23:00:00,51.88
2013-12-10 00:00:00,52.26
2013-12-10 01:00:00,50.08
2013-12-10 02:00:00,50.49
2013-12-10 03:00:00,53.56
2013-12-10 04:00:00,52.39
2013-12-10 05:00:00,54.41
2013-12-10 06:00:00,51.79
2013-12-10 07:00:00,51.72
2013-12-10 08:00:00,53.2
2013-12-10 09:00:00,50.71
2013-12-10 10:00:00,52.31
2013-12-10 11:00:00,53.77
2013-12-10 12:00:00,50.33
2013-12-10 13:00:00,49.59
2013-12-10 14:00:00,53.02
2013-12-10 15:00:00,53.1
2013-12-10 16:00:00,52.15
2013-12-10 17:00:00,54.15
2013-12-10 18:00:00,52.44
2013-12-10 19:00:00,54.4
2013-12-10 20:00:00,54.04
2013-12-10 21:00:00,52.79
2013-12-10 22:00:00,52.52
2013-12-10 23:00:00,53.48
2013-12-11 00:00:00,52.22
2013-12-11 01:00:00,52.83
2013-12-11 02:00:00,52.08
2013-12-11 03:00:00,49.51
2013-12-11 04:00:00,52.97
2013-12-11 05:00:00,51.86
2013-12-11 06:00:00,52.99
2013-12-11 07:00:00,53.38
2013-12-11 08:00:00,53.18
2013-12-11 09:00:00,52.61
2013-12-11 10:00:00,54.03
2013-12-11 11:00:00,53.83
2013-12-11 12:00:00,52.64
2013-12-11 13:00:00,51.43
2013-12-11 14:00:00,53.02
2013-12-11 15:00:00,55.38
2013-12-11 16:00:00,54.33
2013-12-11 17:00:00,54.17
2013-12-11 18:00:00,51.58
2013-12-11 19:00:00,53.78
2013-12-11 20:00:00,54.3
2013-12-11 21:00:00,53.36
2013-12-11 22:00:00,54.56
2013-12-11 23:00:00,50.95
2013-12-12 00:00:00,53.41
2013-12-12 01:00:00,49.34
2013-12-12 02:00:00,50.12
2013-12-12 03:00:00,49.26
2013-12-12 04:00:00,48.83
2013-12-12 05:00:00,49.3
2013-12-12 06:00:00,51.89
2013-12-12 07:00:00,50.45
2013-12-12 08:00:00,50.79
2013-12-12 09:00:00,53.95
2013-12-12 10:00:00,51.1
2013-12-12 11:00:00,54.18
2013-12-12 12:00:00,54.02
2013-12-12 13:00:00,53.7
2013-12-12 14:00:00,53.69
2013-12-12 15:00:00,53.12
2013-12-12 16:00:00,52.95
2013-12-12 17:00:00,52.03
2013-12-12 18:00:00,51.55
2013-12-12 19:00:00,52.8
2013-12-12 20:00:00,53.14
2013-12-12 21:00:00,52.21
2013-12-12 22:00:00,51.75
2013-12-12 23:00:00,50.47
2013-12-13 00:00:00,44.13
2013-12-13 01:00:00,37.46
2013-12-13 02:00:00,33.72
2013-12-13 03:00:00,38.03
2013-12-13 04:00:00,39.3
2013-12-13 05:00:00,38.19
2013-12-13 06:00:00,40.01
2013-12-13 07:00:00,44.96
2013-12-13 08:00:00,40.33
2013-12-13 09:00:00,47.72
2013-12-13 10:00:00,43.89
2013-12-13 11:00:00,45.49
2013-12-13 12:00:00,44.4
2013-12-13 13:00:00,44.86
2013-12-13 14:00:00,41.71
2013-12-13 15:00:00,42.66
2013-12-13 16:00:00,40.25
2013-12-13 17:00:00,40.48
2013-12-13 18:00:00,40.94
2013-12-13 19:00:00,43.65
2013-12-13 20:00:00,41.7
2013-12-13 21:00:00,42.94
2013-12-13 22:00:00,42.65
2013-12-13 23:00:00,40.31
2013-12-14 00:00:00,36.51
2013-12-14 01:00:00,13.62
2013-12-14 02:00:00,12.29
2013-12-14 03:00:00,12.29
2013-12-14 04:00:00,12.29
2013-12-14 05:00:00,12.29
2013-12-14 06:00:00,12.29
2013-12-14 07:00:00,12.29
2013-12-14 08:00:00,12.29
2013-12-14 09:00:00,41.42
2013-12-14 10:00:00,42.02
2013-12-14 11:00:00,43.47
2013-12-14 12:00:00,42.48
2013-12-14 13:00:00,37.72
2013-12-14 14:00:00,42.66
2013-12-14 15:00:00,47.33
2013-12-14 16:00:00,42.74
2013-12-14 17:00:00,41.97
2013-12-14 18:00:00,42.03
2013-12-14 19:00:00,43.06
2013-12-14 20:00:00,42.78
2013-12-14 21:00:00,41.68
2013-12-14 22:00:00,40.38
2013-12-14 23:00:00,32.95
2013-12-15 00:00:00,12.29
2013-12-15 01:00:00,12.29
2013-12-15 02:00:00,12.29
2013-12-15 03:00:00,12.29
2013-12-15 04:00:00,12.29
2013-12-15 05:00:00,12.29
2013-12-15 06:00:00,12.29
2013-12-15 07:00:00,12.29
2013-12-15 08:00:00,17.59
2013-12-15 09:00:00,41.07
2013-12-15 10:00:00,39.29
2013-12-15 11:00:00,32.82
2013-12-15 12:00:00,36.48
2013-12-15 13:00:00,39.65
2013-12-15 14:00:00,43.54
2013-12-15 15:00:00,40.45
2013-12-15 16:00:00,39.82
2013-12-15 17:00:00,40.33
2013-12-15 18:00:00,42.27
2013-12-15 19:00:00,46.5
2013-12-15 20:00:00,43.94
2013-12-15 21:00:00,44.55
2013-12-15 22:00:00,40.81
2013-12-15 23:00:00,35.62
2013-12-16 00:00:00,12.29
2013-12-16 01:00:00,12.29
2013-12-16 02:00:00,12.29
2013-12-16 03:00:00,12.29
2013-12-16 04:00:00,12.29
2013-12-16 05:00:00,12.29
2013-12-16 06:00:00,12.29
2013-12-16 07:00:00,12.29
2013-12-16 08:00:00,13.44
2013-12-16 09:00:00,45.13
2013-12-16 10:00:00,45.47
2013-12-16 11:00:00,44.52
2013-12-16 12:00:00,45.48
2013-12-16 13:00:00,44.26
2013-12-16 14:00:00,44.51
2013-12-16 15:00:00,46.95
2013-12-16 16:00:00,40.55
2013-12-16 17:00:00,42.87
2013-12-16 18:00:00,40.66
2013-12-16 19:00:00,45.64
2013-12-16 20:00:00,44.82
2013-12-16 21:00:00,39.76
2013-12-16 22:00:00,42.93
2013-12-16 23:00:00,16.45
2013-12-17 00:00:00,12.29
2013-12-17 01:00:00,12.29
2013-12-17 02:00:00,12.29
2013-12-17 03:00:00,12.29
2013-12-17 04:00:00,12.29
2013-12-17 05:00:00,12.29
2013-12-17 06:00:00,12.29
2013-12-17 07:00:00,12.29
2013-12-17 08:00:00,14.32
2013-12-17 09:00:00,41.84
2013-12-17 10:00:00,41.51
2013-12-17 11:00:00,44.35
2013-12-17 12:00:00,44.82
2013-12-17 13:00:00,40.53
2013-12-17 14:00:00,41.66
2013-12-17 15:00:00,43.48
2013-12-17 16:00:00,42.5
2013-12-17 17:00:00,41.29
2013-12-17 18:00:00,40.62
2013-12-17 19:00:00,42.75
2013-12-17 20:00:00,42.97
2013-12-17 21:00:00,39.87
2013-12-17 22:00:00,36.47
2013-12-17 23:00:00,12.29
2013-12-18 00:00:00,12.29
2013-12-18 01:00:00,12.29
2013-12-18 02:00:00,12.29
2013-12-18 03:00:00,12.29
2013-12-18 04:00:00,12.29
2013-12-18 05:00:00,12.29
2013-12-18 06:00:00,12.29
2013-12-18 07:00:00,14.33
2013-12-18 08:00:00,40.66
2013-12-18 09:00:00,42.19
2013-12-18 10:00:00,44.26
2013-12-18 11:00:00,45.29
2013-12-18 12:00:00,42.75
2013-12-18 13:00:00,42.08
2013-12-18 14:00:00,42.42
2013-12-18 15:00:00,42.45
2013-12-18 16:00:00,41.28
2013-12-18 17:00:00,39.15
2013-12-18 18:00:00,37.56
2013-12-18 19:00:00,45.64
2013-12-18 20:00:00,42.98
2013-12-18 21:00:00,41.87
2013-12-18 22:00:00,37.3
2013-12-18 23:00:00,12.29
2013-12-19 00:00:00,12.29
2013-12-19 01:00:00,12.29
2013-12-19 02:00:00,12.29
2013-12-19 03:00:00,12.29
2013-12-19 04:00:00,12.29
2013-12-19 05:00:00,12.29
2013-12-19 06:00:00,12.29
2013-12-19 07:00:00,15.6
2013-12-19 08:00:00,37.44
2013-12-19 09:00:00,39.6
2013-12-19 10:00:00,40.94
2013-12-19 11:00:00,42.82
2013-12-19 12:00:00,39.57
2013-12-19 13:00:00,43.09
2013-12-19 14:00:00,45.27
2013-12-19 15:00:00,40.59
2013-12-19 16:00:00,43.36
2013-12-19 17:00:00,41.73
2013-12-19 18:00:00,36.74
2013-12-19 19:00:00,43.04
2013-12-19 20:00:00,40.8
2013-12-19 21:00:00,41.15
2013-12-19 22:00:00,39.57
2013-12-19 23:00:00,15.14
2013-12-20 00:00:00,12.29
2013-12-20 01:00:00,12.29
2013-12-20 02:00:00,12.29
2013-12-20 03:00:00,12.29
2013-12-20 04:00:00,12.29
2013-12-20 05:00:00,12.29
2013-12-20 06:00:00,12.29
2013-12-20 07:00:00,12.29
2013-12-20 08:00:00,12.29
2013-12-20 09:00:00,16.7
2013-12-20 10:00:00,42.16
2013-12-20 11:00:00,41.54
2013-12-20 12:00:00,46.27
2013-12-20 13:00:00,42.87
2013-12-20 14:00:00,45.36
2013-12-20 15:00:00,48.73
2013-12-20 16:00:00,44.12
2013-12-20 17:00:00,40.25
2013-12-20 18:00:00,42.31
2013-12-20 19:00:00,44.75
2013-12-20 20:00:00,43.14
2013-12-20 21:00:00,40.9
2013-12-20 22:00:00,42.98
2013-12-20 23:00:00,37.13
2013-12-21 00:00:00,12.29
2013-12-21 01:00:00,12.29
2013-12-21 02:00:00,12.29
2013-12-21 03:00:00,12.29
2013-12-21 04:00:00,12.29
2013-12-21 05:00:00,12.29
2013-12-21 06:00:00,12.29
2013-12-21 07:00:00,12.29
2013-12-21 08:00:00,15.97
2013-12-21 09:00:00,40.63
2013-12-21 10:00:00,40.58
2013-12-21 11:00:00,42.61
2013-12-21 12:00:00,38.55
2013-12-21 13:00:00,41.02
2013-12-21 14:00:00,48.77
2013-12-21 15:00:00,51.22
2013-12-21 16:00:00,40.66
2013-12-21 17:00:00,34.89
2013-12-21 18:00:00,31.22
2013-12-21 19:00:00,48.91
2013-12-21 20:00:00,43.54
2013-12-21 21:00:00,39.8
2013-12-21 22:00:00,41.36
2013-12-21 23:00:00,13.96
2013-12-22 00:00:00,12.29
2013-12-22 01:00:00,12.29
2013-12-22 02:00:00,12.29
2013-12-22 03:00:00,12.29
2013-12-22 04:00:00,12.29
2013-12-22 05:00:00,12.29
2013-12-22 06:00:00,12.29
2013-12-22 07:00:00,12.29
2013-12-22 08:00:00,15.4
2013-12-22 09:00:00,38.27
2013-12-22 10:00:00,40.25
2013-12-22 11:00:00,37.59
2013-12-22 12:00:00,34.96
2013-12-22 13:00:00,44.31
2013-12-22 14:00:00,43.25
2013-12-22 15:00:00,42.13
2013-12-22 16:00:00,39.22
2013-12-22 17:00:00,44.19
2013-12-22 18:00:00,35.59
2013-12-22 19:00:00,43.29
2013-12-22 20:00:00,41.43
2013-12-22 21:00:00,42.36
2013-12-22 22:00:00,40.24
2013-12-22 23:00:00,15.47
2013-12-23 00:00:00,12.29
2013-12-23 01:00:00,12.29
2013-12-23 02:00:00,12.29
2013-12-23 03:00:00,12.29
2013-12-23 04:00:00,12.29
2013-12-23 05:00:00,12.29
2013-12-23 06:00:00,12.29
2013-12-23 07:00:00,12.29
2013-12-23 08:00:00,12.29
2013-12-23 09:00:00,12.29
2013-12-23 10:00:00,43.27
2013-12-23 11:00:00,47.23
2013-12-23 12:00:00,43.17
2013-12-23 13:00:00,40.69
2013-12-23 14:00:00,41.89
2013-12-23 15:00:00,45.59
2013-12-23 16:00:00,44.23
2013-12-23 17:00:00,38.91
2013-12-23 18:00:00,39.2
2013-12-23 19:00:00,42.98
2013-12-23 20:00:00,44.98
2013-12-23 21:00:00,42.45
2013-12-23 22:00:00,37.36
2013-12-23 23:00:00,12.29
2013-12-24 00:00:00,12.29
2013-12-24 01:00:00,12.29
2013-12-24 02:00:00,12.29
2013-12-24 03:00:00,12.29
2013-12-24 04:00:00,12.29
2013-12-24 05:00:00,12.29
2013-12-24 06:00:00,12.29
2013-12-24 07:00:00,12.29
2013-12-24 08:00:00,16.23
2013-12-24 09:00:00,38.26
2013-12-24 10:00:00,38.39
2013-12-24 11:00:00,40.8
2013-12-24 12:00:00,35.06
2013-12-24 13:00:00,39.07
2013-12-24 14:00:00,40.98
2013-12-24 15:00:00,41.37
2013-12-24 16:00:00,37.86
2013-12-24 17:00:00,36.62
2013-12-24 18:00:00,35.85
2013-12-24 19:00:00,42.81
2013-12-24 20:00:00,41.45
2013-12-24 21:00:00,43.11
2013-12-24 22:00:00,41.96
2013-12-24 23:00:00,38.57
2013-12-25 00:00:00,12.29
2013-12-25 01:00:00,12.29
2013-12-25 02:00:00,12.29
2013-12-25 03:00:00,12.29
2013-12-25 04:00:00,12.29
2013-12-25 05:00:00,12.29
2013-12-25 06:00:00,12.29
2013-12-25 07:00:00,35.47
2013-12-25 08:00:00,42.14
2013-12-25 09:00:00,38.82
2013-12-25 10:00:00,39.19
2013-12-25 11:00:00,39.29
2013-12-25 12:00:00,40.18
2013-12-25 13:00:00,43.21
2013-12-25 14:00:00,37.04
2013-12-25 15:00:00,37.2
2013-12-25 16:00:00,42.32
2013-12-25 17:00:00,39.04
2013-12-25 18:00:00,37.95
2013-12-25 19:00:00,39.37
2013-12-25 20:00:00,38.37
2013-12-25 21:00:00,37.91
2013-12-25 22:00:00,41.54
2013-12-25 23:00:00,14.15
2013-12-26 00:00:00,0
2013-12-26 01:00:00,12.29
2013-12-26 02:00:00,12.29
2013-12-26 03:00:00,12.29
2013-12-26 04:00:00,12.29
2013-12-26 05:00:00,12.29
2013-12-26 06:00:00,12.29
2013-12-26 07:00:00,12.29
2013-12-26 08:00:00,15.85
2013-12-26 09:00:00,41.46
2013-12-26 10:00:00,43.34
2013-12-26 11:00:00,45.03
2013-12-26 12:00:00,45.93
2013-12-26 13:00:00,43.03
2013-12-26 14:00:00,45.44
2013-12-26 15:00:00,42.46
2013-12-26 16:00:00,43.9
2013-12-26 17:00:00,41.38
2013-12-26 18:00:00,43.07
2013-12-26 19:00:00,41.23
2013-12-26 20:00:00,43
2013-12-26 21:00:00,40.67
2013-12-26 22:00:00,41.75
2013-12-26 23:00:00,14.18
2013-12-27 00:00:00,12.29
2013-12-27 01:00:00,12.29
2013-12-27 02:00:00,12.29
2013-12-27 03:00:00,12.29
2013-12-27 04:00:00,12.29
2013-12-27 05:00:00,12.29
2013-12-27 06:00:00,12.29
2013-12-27 07:00:00,12.29
2013-12-27 08:00:00,12.29
2013-12-27 09:00:00,15.98
2013-12-27 10:00:00,31.83
2013-12-27 11:00:00,38.3
2013-12-27 12:00:00,40.41
2013-12-27 13:00:00,35.36
2013-12-27 14:00:00,40.8
2013-12-27 15:00:00,43.61
2013-12-27 16:00:00,44.58
2013-12-27 17:00:00,42.56
2013-12-27 18:00:00,39.58
2013-12-27 19:00:00,44.23
2013-12-27 20:00:00,43.84
2013-12-27 21:00:00,42.02
2013-12-27 22:00:00,39.95
2013-12-27 23:00:00,12.29
2013-12-28 00:00:00,12.29
2013-12-28 01:00:00,12.29
2013-12-28 02:00:00,12.29
2013-12-28 03:00:00,12.29
2013-12-28 04:00:00,12.29
2013-12-28 05:00:00,12.29
2013-12-28 06:00:00,12.29
2013-12-28 07:00:00,12.29
2013-12-28 08:00:00,12.29
2013-12-28 09:00:00,12.29
2013-12-28 10:00:00,37.82
2013-12-28 11:00:00,42.08
2013-12-28 12:00:00,39.68
2013-12-28 13:00:00,40.04
2013-12-28 14:00:00,44.5
2013-12-28 15:00:00,44.42
2013-12-28 16:00:00,43.78
2013-12-28 17:00:00,42.71
2013-12-28 18:00:00,38.36
2013-12-28 19:00:00,42.78
2013-12-28 20:00:00,42.99
2013-12-28 21:00:00,40.12
2013-12-28 22:00:00,39.79
2013-12-28 23:00:00,39.47
2013-12-29 00:00:00,12.29
2013-12-29 01:00:00,12.29
2013-12-29 02:00:00,12.29
2013-12-29 03:00:00,12.29
2013-12-29 04:00:00,12.29
2013-12-29 05:00:00,12.29
2013-12-29 06:00:00,12.29
2013-12-29 07:00:00,14.83
2013-12-29 08:00:00,39.69
2013-12-29 09:00:00,39.67
2013-12-29 10:00:00,37.75
2013-12-29 11:00:00,44.52
2013-12-29 12:00:00,37.59
2013-12-29 13:00:00,39.03
2013-12-29 14:00:00,41.18
2013-12-29 15:00:00,38.99
2013-12-29 16:00:00,42.5
2013-12-29 17:00:00,43.13
2013-12-29 18:00:00,40.31
2013-12-29 19:00:00,42.35
2013-12-29 20:00:00,43.33
2013-12-29 21:00:00,43.86
2013-12-29 22:00:00,40.84
2013-12-29 23:00:00,37.33
2013-12-30 00:00:00,12.29
2013-12-30 01:00:00,12.29
2013-12-30 02:00:00,12.29
2013-12-30 03:00:00,12.29
2013-12-30 04:00:00,12.29
2013-12-30 05:00:00,12.29
2013-12-30 06:00:00,12.29
2013-12-30 07:00:00,12.29
2013-12-30 08:00:00,15.64
2013-12-30 09:00:00,40.26
2013-12-30 10:00:00,36.29
2013-12-30 11:00:00,39.96
2013-12-30 12:00:00,42.85
2013-12-30 13:00:00,39.14
2013-12-30 14:00:00,43.92
2013-12-30 15:00:00,45.47
2013-12-30 16:00:00,39.06
2013-12-30 17:00:00,38.81
2013-12-30 18:00:00,38.98
2013-12-30 19:00:00,42.68
2013-12-30 20:00:00,43.97
2013-12-30 21:00:00,44.41
2013-12-30 22:00:00,43.29999999
2013-12-30 23:00:00,12.29
2013-12-31 00:00:00,12.29
2013-12-31 01:00:00,12.29
2013-12-31 02:00:00,12.29
2013-12-31 03:00:00,12.29
2013-12-31 04:00:00,12.29
2013-12-31 05:00:00,12.29
2013-12-31 06:00:00,12.29
2013-12-31 07:00:00,12.29
2013-12-31 08:00:00,12.29
2013-12-31 09:00:00,12.29
2013-12-31 10:00:00,12.29
2013-12-31 11:00:00,12.29
2013-12-31 12:00:00,32.93
2013-12-31 13:00:00,37.09
2013-12-31 14:00:00,36.77
2013-12-31 15:00:00,38.07
2013-12-31 16:00:00,40.58
2013-12-31 17:00:00,40.33
2013-12-31 18:00:00,40
2013-12-31 19:00:00,40.16
2013-12-31 20:00:00,40.69
2013-12-31 21:00:00,40.77
2013-12-31 22:00:00,43.11
2013-12-31 23:00:00,36.25
2014-01-01 00:00:00,12.29
2014-01-01 01:00:00,12.29
2014-01-01 02:00:00,12.29
2014-01-01 03:00:00,12.29
2014-01-01 04:00:00,12.29
2014-01-01 05:00:00,12.29
2014-01-01 06:00:00,12.29
2014-01-01 07:00:00,0
2014-01-01 08:00:00,0
2014-01-01 09:00:00,0
2014-01-01 10:00:00,30
2014-01-01 11:00:00,30
2014-01-01 12:00:00,30
2014-01-01 13:00:00,30
2014-01-01 14:00:00,30
2014-01-01 15:00:00,26
2014-01-01 16:00:00,26
2014-01-01 17:00:00,27
2014-01-01 18:00:00,32
2014-01-01 19:00:00,32
2014-01-01 20:00:00,32
2014-01-01 21:00:00,32
2014-01-01 22:00:00,32
2014-01-01 23:00:00,32
2014-01-02 00:00:00,12.29
2014-01-02 01:00:00,12.29
2014-01-02 02:00:00,12.29
2014-01-02 03:00:00,12.29
2014-01-02 04:00:00,12.29
2014-01-02 05:00:00,12.29
2014-01-02 06:00:00,12.29
2014-01-02 07:00:00,12.29
2014-01-02 08:00:00,12.29
2014-01-02 09:00:00,12.29
2014-01-02 10:00:00,12.29000001
2014-01-02 11:00:00,44.24
2014-01-02 12:00:00,35.39
2014-01-02 13:00:00,36.42
2014-01-02 14:00:00,38.61
2014-01-02 15:00:00,38.72
2014-01-02 16:00:00,40.94
2014-01-02 17:00:00,40.54
2014-01-02 18:00:00,40.72
2014-01-02 19:00:00,40.37
2014-01-02 20:00:00,39.83
2014-01-02 21:00:00,39.68
2014-01-02 22:00:00,38.09
2014-01-02 23:00:00,44.19
2014-01-03 00:00:00,12.11
2014-01-03 01:00:00,12.26
2014-01-03 02:00:00,12.26
2014-01-03 03:00:00,12.26
2014-01-03 04:00:00,12.26
2014-01-03 05:00:00,12.26
2014-01-03 06:00:00,12.26
2014-01-03 07:00:00,15.87
2014-01-03 08:00:00,42.28
2014-01-03 09:00:00,43.34
2014-01-03 10:00:00,35.87
2014-01-03 11:00:00,44.05
2014-01-03 12:00:00,43.56
2014-01-03 13:00:00,43
2014-01-03 14:00:00,43.22
2014-01-03 15:00:00,41.04
2014-01-03 16:00:00,41.71
2014-01-03 17:00:00,41.37
2014-01-03 18:00:00,40.97
2014-01-03 19:00:00,40.44
2014-01-03 20:00:00,39.34
2014-01-03 21:00:00,39.38
2014-01-03 22:00:00,38.9
2014-01-03 23:00:00,30.88
2014-01-04 00:00:00,12.26
2014-01-04 01:00:00,12.29
2014-01-04 02:00:00,12.29
2014-01-04 03:00:00,12.29
2014-01-04 04:00:00,12.29
2014-01-04 05:00:00,12.29
2014-01-04 06:00:00,12.29
2014-01-04 07:00:00,12.29
2014-01-04 08:00:00,38
2014-01-04 09:00:00,39.11
2014-01-04 10:00:00,37.65
2014-01-04 11:00:00,33.85
2014-01-04 12:00:00,37.05
2014-01-04 13:00:00,37.92
2014-01-04 14:00:00,42.65
2014-01-04 15:00:00,42.72
2014-01-04 16:00:00,43.28
2014-01-04 17:00:00,41.84
2014-01-04 18:00:00,39.41
2014-01-04 19:00:00,42.85
2014-01-04 20:00:00,42.86
2014-01-04 21:00:00,42.9
2014-01-04 22:00:00,43.03
2014-01-04 23:00:00,15.19
2014-01-05 00:00:00,12.29
2014-01-05 01:00:00,12.29
2014-01-05 02:00:00,12.29
2014-01-05 03:00:00,12.29
2014-01-05 04:00:00,12.29
2014-01-05 05:00:00,12.29
2014-01-05 06:00:00,12.29
2014-01-05 07:00:00,12.29
2014-01-05 08:00:00,14.09
2014-01-05 09:00:00,37.85
2014-01-05 10:00:00,34.18
2014-01-05 11:00:00,37.87
2014-01-05 12:00:00,36.14
2014-01-05 13:00:00,39.59
2014-01-05 14:00:00,39.15
2014-01-05 15:00:00,39.64
2014-01-05 16:00:00,42.22
2014-01-05 17:00:00,41.38
2014-01-05 18:00:00,36.91
2014-01-05 19:00:00,42.91
2014-01-05 20:00:00,43.17
2014-01-05 21:00:00,36.78
2014-01-05 22:00:00,40.21
2014-01-05 23:00:00,31.21
2014-01-06 00:00:00,12.29
2014-01-06 01:00:00,12.29
2014-01-06 02:00:00,12.29
2014-01-06 03:00:00,12.29
2014-01-06 04:00:00,12.29
2014-01-06 05:00:00,12.29
2014-01-06 06:00:00,12.29
2014-01-06 07:00:00,43.61
2014-01-06 08:00:00,43.48
2014-01-06 09:00:00,45.22
2014-01-06 10:00:00,45.2
2014-01-06 11:00:00,42.27
2014-01-06 12:00:00,41.88
2014-01-06 13:00:00,41.85
2014-01-06 14:00:00,42.61
2014-01-06 15:00:00,42.85
2014-01-06 16:00:00,42.1
2014-01-06 17:00:00,42.34
2014-01-06 18:00:00,35.22
2014-01-06 19:00:00,43.81
2014-01-06 20:00:00,43.04
2014-01-06 21:00:00,43.84
2014-01-06 22:00:00,43.85
2014-01-06 23:00:00,29.76
2014-01-07 00:00:00,12.29
2014-01-07 01:00:00,11.28
2014-01-07 02:00:00,11.28
2014-01-07 03:00:00,11.28
2014-01-07 04:00:00,11.28
2014-01-07 05:00:00,11.28
2014-01-07 06:00:00,11.28
2014-01-07 07:00:00,40.15
2014-01-07 08:00:00,42.93
2014-01-07 09:00:00,43.78
2014-01-07 10:00:00,39.97
2014-01-07 11:00:00,40.57
2014-01-07 12:00:00,39.01
2014-01-07 13:00:00,39.89
2014-01-07 14:00:00,40.1
2014-01-07 15:00:00,38.84
2014-01-07 16:00:00,38.57
2014-01-07 17:00:00,41.4
2014-01-07 18:00:00,37.01
2014-01-07 19:00:00,42.04
2014-01-07 20:00:00,39.85
2014-01-07 21:00:00,41.67
2014-01-07 22:00:00,41.24
2014-01-07 23:00:00,35.88
2014-01-08 00:00:00,11.28
2014-01-08 01:00:00,11.28
2014-01-08 02:00:00,11.28
2014-01-08 03:00:00,11.28
2014-01-08 04:00:00,11.28
2014-01-08 05:00:00,15.5
2014-01-08 06:00:00,35.37
2014-01-08 07:00:00,38.59
2014-01-08 08:00:00,44.22
2014-01-08 09:00:00,47.08
2014-01-08 10:00:00,37.2
2014-01-08 11:00:00,38.39
2014-01-08 12:00:00,42.55
2014-01-08 13:00:00,41.81
2014-01-08 14:00:00,41.84
2014-01-08 15:00:00,43.53
2014-01-08 16:00:00,42.28
2014-01-08 17:00:00,41.18
2014-01-08 18:00:00,39.51
2014-01-08 19:00:00,45.64
2014-01-08 20:00:00,44.78
2014-01-08 21:00:00,38.84
2014-01-08 22:00:00,41.44
2014-01-08 23:00:00,32.89
2014-01-09 00:00:00,11.28
2014-01-09 01:00:00,11.28
2014-01-09 02:00:00,11.28
2014-01-09 03:00:00,11.28
2014-01-09 04:00:00,11.28
2014-01-09 05:00:00,11.28
2014-01-09 06:00:00,14.54
2014-01-09 07:00:00,37.72
2014-01-09 08:00:00,37.2
2014-01-09 09:00:00,38.36
2014-01-09 10:00:00,41.1
2014-01-09 11:00:00,41.68
2014-01-09 12:00:00,43.49
2014-01-09 13:00:00,41.4
2014-01-09 14:00:00,41.39
2014-01-09 15:00:00,41.03
2014-01-09 16:00:00,39.8
2014-01-09 17:00:00,39.7
2014-01-09 18:00:00,34.78
2014-01-09 19:00:00,40.37
2014-01-09 20:00:00,40.36
2014-01-09 21:00:00,40.18
2014-01-09 22:00:00,40.59999999
2014-01-09 23:00:00,11.28
2014-01-10 00:00:00,11.28
2014-01-10 01:00:00,11.28
2014-01-10 02:00:00,11.28
2014-01-10 03:00:00,11.28
2014-01-10 04:00:00,11.28
2014-01-10 05:00:00,11.28
2014-01-10 06:00:00,14.93
2014-01-10 07:00:00,38.14
2014-01-10 08:00:00,37.2
2014-01-10 09:00:00,37.73
2014-01-10 10:00:00,38.6
2014-01-10 11:00:00,38.91
2014-01-10 12:00:00,35.72
2014-01-10 13:00:00,37.08
2014-01-10 14:00:00,41.31
2014-01-10 15:00:00,37.35
2014-01-10 16:00:00,35.9
2014-01-10 17:00:00,35.23
2014-01-10 18:00:00,33.83
2014-01-10 19:00:00,40.87
2014-01-10 20:00:00,36.79
2014-01-10 21:00:00,40.14
2014-01-10 22:00:00,40.67
2014-01-10 23:00:00,35.1
2014-01-11 00:00:00,11.28
2014-01-11 01:00:00,11.28
2014-01-11 02:00:00,11.28
2014-01-11 03:00:00,11.28
2014-01-11 04:00:00,11.28
2014-01-11 05:00:00,11.28
2014-01-11 06:00:00,11.28
2014-01-11 07:00:00,11.28
2014-01-11 08:00:00,15.83
2014-01-11 09:00:00,39.47
2014-01-11 10:00:00,39.2
2014-01-11 11:00:00,39.69
2014-01-11 12:00:00,35.37
2014-01-11 13:00:00,37.33
2014-01-11 14:00:00,37.02
2014-01-11 15:00:00,43.39
2014-01-11 16:00:00,38.56
2014-01-11 17:00:00,39.1
2014-01-11 18:00:00,34.71
2014-01-11 19:00:00,39.62
2014-01-11 20:00:00,38.53
2014-01-11 21:00:00,37.95
2014-01-11 22:00:00,39.37
2014-01-11 23:00:00,12.93
2014-01-12 00:00:00,11.28
2014-01-12 01:00:00,11.28
2014-01-12 02:00:00,11.28
2014-01-12 03:00:00,11.28
2014-01-12 04:00:00,11.28
2014-01-12 05:00:00,11.28
2014-01-12 06:00:00,11.28
2014-01-12 07:00:00,11.28000001
2014-01-12 08:00:00,40.67
2014-01-12 09:00:00,35.03
2014-01-12 10:00:00,46.46
2014-01-12 11:00:00,41.11
2014-01-12 12:00:00,34.28
2014-01-12 13:00:00,37.29
2014-01-12 14:00:00,40.38
2014-01-12 15:00:00,38.87
2014-01-12 16:00:00,38.35
2014-01-12 17:00:00,37.59
2014-01-12 18:00:00,31.67
2014-01-12 19:00:00,40.58
2014-01-12 20:00:00,40.64
2014-01-12 21:00:00,38.75
2014-01-12 22:00:00,35.71
2014-01-12 23:00:00,31.61
2014-01-13 00:00:00,11.28
2014-01-13 01:00:00,11.28
2014-01-13 02:00:00,11.28
2014-01-13 03:00:00,11.28
2014-01-13 04:00:00,11.28
2014-01-13 05:00:00,11.28
2014-01-13 06:00:00,11.28
2014-01-13 07:00:00,11.28000001
2014-01-13 08:00:00,40.17
2014-01-13 09:00:00,43.02
2014-01-13 10:00:00,38.35
2014-01-13 11:00:00,45.11
2014-01-13 12:00:00,43.85
2014-01-13 13:00:00,35.29
2014-01-13 14:00:00,42.46
2014-01-13 15:00:00,41.93
2014-01-13 16:00:00,41.71
2014-01-13 17:00:00,39.18
2014-01-13 18:00:00,32.75
2014-01-13 19:00:00,37.5
2014-01-13 20:00:00,35.44
2014-01-13 21:00:00,35.54
2014-01-13 22:00:00,36.45
2014-01-13 23:00:00,32.37
2014-01-14 00:00:00,11.28
2014-01-14 01:00:00,11.28
2014-01-14 02:00:00,11.28
2014-01-14 03:00:00,11.28
2014-01-14 04:00:00,11.28
2014-01-14 05:00:00,11.28
2014-01-14 06:00:00,39.04
2014-01-14 07:00:00,32.25
2014-01-14 08:00:00,34.4
2014-01-14 09:00:00,41.17
2014-01-14 10:00:00,38.23
2014-01-14 11:00:00,39.03
2014-01-14 12:00:00,40.6
2014-01-14 13:00:00,43.27
2014-01-14 14:00:00,40.42
2014-01-14 15:00:00,40.82
2014-01-14 16:00:00,39.8
2014-01-14 17:00:00,38.99
2014-01-14 18:00:00,29.52
2014-01-14 19:00:00,41.78
2014-01-14 20:00:00,37.75
2014-01-14 21:00:00,36.72
2014-01-14 22:00:00,44.53
2014-01-14 23:00:00,36.92
2014-01-15 00:00:00,11.28
2014-01-15 01:00:00,11.28
2014-01-15 02:00:00,11.28
2014-01-15 03:00:00,11.28
2014-01-15 04:00:00,13.53
2014-01-15 05:00:00,31.95
2014-01-15 06:00:00,37.77
2014-01-15 07:00:00,36.47
2014-01-15 08:00:00,33.34
2014-01-15 09:00:00,38.48
2014-01-15 10:00:00,40.05
2014-01-15 11:00:00,42.85
2014-01-15 12:00:00,39.68
2014-01-15 13:00:00,37.05
2014-01-15 14:00:00,40.99
2014-01-15 15:00:00,38.25
2014-01-15 16:00:00,36.87
2014-01-15 17:00:00,40.17
2014-01-15 18:00:00,32.4
2014-01-15 19:00:00,41.36
2014-01-15 20:00:00,40.07
2014-01-15 21:00:00,40.28
2014-01-15 22:00:00,35.66
2014-01-15 23:00:00,13.64
2014-01-16 00:00:00,11.28
2014-01-16 01:00:00,11.28
2014-01-16 02:00:00,11.28
2014-01-16 03:00:00,11.28
2014-01-16 04:00:00,11.28
2014-01-16 05:00:00,11.28
2014-01-16 06:00:00,11.28
2014-01-16 07:00:00,40.29
2014-01-16 08:00:00,35.15
2014-01-16 09:00:00,36.11
2014-01-16 10:00:00,37.32
2014-01-16 11:00:00,34.78
2014-01-16 12:00:00,32.66
2014-01-16 13:00:00,35.81
2014-01-16 14:00:00,33.05
2014-01-16 15:00:00,31.56
2014-01-16 16:00:00,32.58
2014-01-16 17:00:00,37.84
2014-01-16 18:00:00,31.69
2014-01-16 19:00:00,37.79
2014-01-16 20:00:00,34.83
2014-01-16 21:00:00,37.32
2014-01-16 22:00:00,35.5
2014-01-16 23:00:00,39.44
2014-01-17 00:00:00,11.28
2014-01-17 01:00:00,11.28
2014-01-17 02:00:00,11.28
2014-01-17 03:00:00,11.28
2014-01-17 04:00:00,11.28
2014-01-17 05:00:00,11.28
2014-01-17 06:00:00,11.28
2014-01-17 07:00:00,34.66
2014-01-17 08:00:00,37.58
2014-01-17 09:00:00,35.63
2014-01-17 10:00:00,34.03
2014-01-17 11:00:00,36.26
2014-01-17 12:00:00,35.49
2014-01-17 13:00:00,34.8
2014-01-17 14:00:00,44.29
2014-01-17 15:00:00,48.37
2014-01-17 16:00:00,43.4
2014-01-17 17:00:00,32.69
2014-01-17 18:00:00,31.06
2014-01-17 19:00:00,48.12
2014-01-17 20:00:00,41.63
2014-01-17 21:00:00,36.29
2014-01-17 22:00:00,37.74
2014-01-17 23:00:00,35
2014-01-18 00:00:00,11.28
2014-01-18 01:00:00,11.28
2014-01-18 02:00:00,11.28
2014-01-18 03:00:00,11.28
2014-01-18 04:00:00,11.28
2014-01-18 05:00:00,11.28
2014-01-18 06:00:00,11.28
2014-01-18 07:00:00,11.28
2014-01-18 08:00:00,14.8
2014-01-18 09:00:00,43.42
2014-01-18 10:00:00,43.65
2014-01-18 11:00:00,39.86
2014-01-18 12:00:00,40.02
2014-01-18 13:00:00,36.41
2014-01-18 14:00:00,35.78
2014-01-18 15:00:00,38.08
2014-01-18 16:00:00,38.26
2014-01-18 17:00:00,38.34
2014-01-18 18:00:00,31.62
2014-01-18 19:00:00,41.89
2014-01-18 20:00:00,35.72
2014-01-18 21:00:00,38.26
2014-01-18 22:00:00,36.98
2014-01-18 23:00:00,11.28
2014-01-19 00:00:00,11.28
2014-01-19 01:00:00,11.28
2014-01-19 02:00:00,11.28
2014-01-19 03:00:00,11.28
2014-01-19 04:00:00,11.28
2014-01-19 05:00:00,11.28
2014-01-19 06:00:00,11.28
2014-01-19 07:00:00,11.28
2014-01-19 08:00:00,11.28
2014-01-19 09:00:00,11.28
2014-01-19 10:00:00,11.28
2014-01-19 11:00:00,11.28
2014-01-19 12:00:00,11.28
2014-01-19 13:00:00,40.4
2014-01-19 14:00:00,44.21
2014-01-19 15:00:00,43.7
2014-01-19 16:00:00,41.11
2014-01-19 17:00:00,45.27
2014-01-19 18:00:00,39.04
2014-01-19 19:00:00,38.57
2014-01-19 20:00:00,43.42
2014-01-19 21:00:00,37.36
2014-01-19 22:00:00,36.52
2014-01-19 23:00:00,36.38
2014-01-20 00:00:00,32.98
2014-01-20 01:00:00,26.72
2014-01-20 02:00:00,11.28
2014-01-20 03:00:00,11.28
2014-01-20 04:00:00,11.28
2014-01-20 05:00:00,11.28
2014-01-20 06:00:00,11.28
2014-01-20 07:00:00,11.28
2014-01-20 08:00:00,31.95
2014-01-20 09:00:00,40.92
2014-01-20 10:00:00,45.25
2014-01-20 11:00:00,42.27
2014-01-20 12:00:00,42.93
2014-01-20 13:00:00,37.42
2014-01-20 14:00:00,39.29
2014-01-20 15:00:00,45.39
2014-01-20 16:00:00,45.44
2014-01-20 17:00:00,39.74
2014-01-20 18:00:00,30.25
2014-01-20 19:00:00,43.79
2014-01-20 20:00:00,41.3
2014-01-20 21:00:00,36.88
2014-01-20 22:00:00,38.62
2014-01-20 23:00:00,34.44
2014-01-21 00:00:00,11.28
2014-01-21 01:00:00,11.28
2014-01-21 02:00:00,11.28
2014-01-21 03:00:00,11.28
2014-01-21 04:00:00,11.28
2014-01-21 05:00:00,11.28
2014-01-21 06:00:00,11.28
2014-01-21 07:00:00,15.06
2014-01-21 08:00:00,36.2
2014-01-21 09:00:00,37.02
2014-01-21 10:00:00,41.66
2014-01-21 11:00:00,40.83
2014-01-21 12:00:00,40.01
2014-01-21 13:00:00,41.52
2014-01-21 14:00:00,41.15
2014-01-21 15:00:00,39.17
2014-01-21 16:00:00,39.37
2014-01-21 17:00:00,40.23
2014-01-21 18:00:00,33.95
2014-01-21 19:00:00,43.82
2014-01-21 20:00:00,40.82
2014-01-21 21:00:00,46.27
2014-01-21 22:00:00,44.77
2014-01-21 23:00:00,32.3
2014-01-22 00:00:00,11.28
2014-01-22 01:00:00,11.28
2014-01-22 02:00:00,11.28
2014-01-22 03:00:00,11.28
2014-01-22 04:00:00,11.28
2014-01-22 05:00:00,11.28
2014-01-22 06:00:00,11.28
2014-01-22 07:00:00,14.65
2014-01-22 08:00:00,36.23
2014-01-22 09:00:00,41.11
2014-01-22 10:00:00,39.23
2014-01-22 11:00:00,36.24
2014-01-22 12:00:00,40.93
2014-01-22 13:00:00,35.66
2014-01-22 14:00:00,40.73
2014-01-22 15:00:00,37.35
2014-01-22 16:00:00,35.65
2014-01-22 17:00:00,39.88
2014-01-22 18:00:00,33.01
2014-01-22 19:00:00,37.26
2014-01-22 20:00:00,36.37
2014-01-22 21:00:00,39.13
2014-01-22 22:00:00,36.77
2014-01-22 23:00:00,38.67
2014-01-23 00:00:00,12.85
2014-01-23 01:00:00,11.28
2014-01-23 02:00:00,11.28
2014-01-23 03:00:00,11.28
2014-01-23 04:00:00,11.28
2014-01-23 05:00:00,11.28
2014-01-23 06:00:00,11.28
2014-01-23 07:00:00,33.6
2014-01-23 08:00:00,37.1
2014-01-23 09:00:00,37.76
2014-01-23 10:00:00,38.9
2014-01-23 11:00:00,42.06
2014-01-23 12:00:00,42.06
2014-01-23 13:00:00,35.62
2014-01-23 14:00:00,42.97
2014-01-23 15:00:00,41.62
2014-01-23 16:00:00,40.49
2014-01-23 17:00:00,34.88
2014-01-23 18:00:00,33.06
2014-01-23 19:00:00,40.41
2014-01-23 20:00:00,38.84
2014-01-23 21:00:00,38.95
2014-01-23 22:00:00,42.38
2014-01-23 23:00:00,36.42
2014-01-24 00:00:00,11.28
2014-01-24 01:00:00,11.28
2014-01-24 02:00:00,11.28
2014-01-24 03:00:00,11.28
2014-01-24 04:00:00,11.28
2014-01-24 05:00:00,11.28
2014-01-24 06:00:00,14.79
2014-01-24 07:00:00,40.18
2014-01-24 08:00:00,32.65
2014-01-24 09:00:00,44.58
2014-01-24 10:00:00,43.38
2014-01-24 11:00:00,35.41
2014-01-24 12:00:00,36.51
2014-01-24 13:00:00,38.23
2014-01-24 14:00:00,39.3
2014-01-24 15:00:00,38.67
2014-01-24 16:00:00,35.75
2014-01-24 17:00:00,38.97
2014-01-24 18:00:00,38.56
2014-01-24 19:00:00,39.48
2014-01-24 20:00:00,38.17
2014-01-24 21:00:00,42.98
2014-01-24 22:00:00,41.45
2014-01-24 23:00:00,33.41
2014-01-25 00:00:00,11.28
2014-01-25 01:00:00,11.28
2014-01-25 02:00:00,11.28
2014-01-25 03:00:00,11.28
2014-01-25 04:00:00,11.28
2014-01-25 05:00:00,11.28
2014-01-25 06:00:00,11.28
2014-01-25 07:00:00,11.28
2014-01-25 08:00:00,14.91
2014-01-25 09:00:00,45.15
2014-01-25 10:00:00,43.39
2014-01-25 11:00:00,39
2014-01-25 12:00:00,36.49
2014-01-25 13:00:00,37.13
2014-01-25 14:00:00,44.16
2014-01-25 15:00:00,44.4
2014-01-25 16:00:00,41.29
2014-01-25 17:00:00,40.11
2014-01-25 18:00:00,34.21
2014-01-25 19:00:00,38.95
2014-01-25 20:00:00,39.12
2014-01-25 21:00:00,37.03
2014-01-25 22:00:00,36.66
2014-01-25 23:00:00,13.84
2014-01-26 00:00:00,11.28
2014-01-26 01:00:00,11.28
2014-01-26 02:00:00,11.28
2014-01-26 03:00:00,11.28
2014-01-26 04:00:00,11.28
2014-01-26 05:00:00,11.28
2014-01-26 06:00:00,11.28
2014-01-26 07:00:00,11.28
2014-01-26 08:00:00,14.07
2014-01-26 09:00:00,39.72
2014-01-26 10:00:00,41.06
2014-01-26 11:00:00,41.61
2014-01-26 12:00:00,37.31
2014-01-26 13:00:00,45.4
2014-01-26 14:00:00,37.47
2014-01-26 15:00:00,38.13
2014-01-26 16:00:00,44.26
2014-01-26 17:00:00,32.58
2014-01-26 18:00:00,29.89
2014-01-26 19:00:00,46.41
2014-01-26 20:00:00,46.97
2014-01-26 21:00:00,36.38
2014-01-26 22:00:00,39.22
2014-01-26 23:00:00,11.28
2014-01-27 00:00:00,11.28
2014-01-27 01:00:00,11.28
2014-01-27 02:00:00,11.28
2014-01-27 03:00:00,11.28
2014-01-27 04:00:00,11.28
2014-01-27 05:00:00,11.28
2014-01-27 06:00:00,15.59
2014-01-27 07:00:00,39.92
2014-01-27 08:00:00,37.9
2014-01-27 09:00:00,41.06
2014-01-27 10:00:00,38.09
2014-01-27 11:00:00,44.03
2014-01-27 12:00:00,41.47
2014-01-27 13:00:00,39.85
2014-01-27 14:00:00,40.83
2014-01-27 15:00:00,38.6
2014-01-27 16:00:00,39.56
2014-01-27 17:00:00,37.18
2014-01-27 18:00:00,30.13
2014-01-27 19:00:00,47.28
2014-01-27 20:00:00,41.17
2014-01-27 21:00:00,37.62
2014-01-27 22:00:00,38.17
2014-01-27 23:00:00,11.28
2014-01-28 00:00:00,11.28
2014-01-28 01:00:00,11.28
2014-01-28 02:00:00,11.28
2014-01-28 03:00:00,11.28
2014-01-28 04:00:00,11.28
2014-01-28 05:00:00,11.28
2014-01-28 06:00:00,17.43
2014-01-28 07:00:00,40.23
2014-01-28 08:00:00,39.74
2014-01-28 09:00:00,38.3
2014-01-28 10:00:00,40.15
2014-01-28 11:00:00,37.18
2014-01-28 12:00:00,43.27
2014-01-28 13:00:00,33.51
2014-01-28 14:00:00,41.91
2014-01-28 15:00:00,41.84
2014-01-28 16:00:00,42.86
2014-01-28 17:00:00,39.68
2014-01-28 18:00:00,43.49
2014-01-28 19:00:00,46.31
2014-01-28 20:00:00,41.25
2014-01-28 21:00:00,42.19
2014-01-28 22:00:00,43.19999999
2014-01-28 23:00:00,14.36
2014-01-29 00:00:00,11.28
2014-01-29 01:00:00,11.28
2014-01-29 02:00:00,11.28
2014-01-29 03:00:00,11.28
2014-01-29 04:00:00,11.28
2014-01-29 05:00:00,11.28
2014-01-29 06:00:00,11.28
2014-01-29 07:00:00,37.41
2014-01-29 08:00:00,38.7
2014-01-29 09:00:00,38.82
2014-01-29 10:00:00,43.23
2014-01-29 11:00:00,39.34
2014-01-29 12:00:00,40.78
2014-01-29 13:00:00,42.42
2014-01-29 14:00:00,42.53
2014-01-29 15:00:00,41.59
2014-01-29 16:00:00,41.66
2014-01-29 17:00:00,41.4
2014-01-29 18:00:00,35.42
2014-01-29 19:00:00,40.27
2014-01-29 20:00:00,39.33
2014-01-29 21:00:00,36.87
2014-01-29 22:00:00,38.93
2014-01-29 23:00:00,11.28
2014-01-30 00:00:00,11.28
2014-01-30 01:00:00,11.28
2014-01-30 02:00:00,11.28
2014-01-30 03:00:00,11.28
2014-01-30 04:00:00,11.28
2014-01-30 05:00:00,11.28
2014-01-30 06:00:00,14.32
2014-01-30 07:00:00,36.26
2014-01-30 08:00:00,35.42
2014-01-30 09:00:00,39.36
2014-01-30 10:00:00,40.89
2014-01-30 11:00:00,42.18
2014-01-30 12:00:00,43.1
2014-01-30 13:00:00,44.84
2014-01-30 14:00:00,48.32
2014-01-30 15:00:00,41.77
2014-01-30 16:00:00,41.17
2014-01-30 17:00:00,38.62
2014-01-30 18:00:00,32.12
2014-01-30 19:00:00,44.13
2014-01-30 20:00:00,42.47
2014-01-30 21:00:00,40.29
2014-01-30 22:00:00,42.7
2014-01-30 23:00:00,33.95
2014-01-31 00:00:00,11.28
2014-01-31 01:00:00,11.28
2014-01-31 02:00:00,11.28
2014-01-31 03:00:00,11.28
2014-01-31 04:00:00,11.28
2014-01-31 05:00:00,11.28
2014-01-31 06:00:00,11.28
2014-01-31 07:00:00,14.85
2014-01-31 08:00:00,36.4
2014-01-31 09:00:00,42.83
2014-01-31 10:00:00,40.28
2014-01-31 11:00:00,43.15
2014-01-31 12:00:00,42.35
2014-01-31 13:00:00,42.5
2014-01-31 14:00:00,43.44
2014-01-31 15:00:00,40.76
2014-01-31 16:00:00,42.61
2014-01-31 17:00:00,39.38
2014-01-31 18:00:00,30.98
2014-01-31 19:00:00,41.36
2014-01-31 20:00:00,42.38
2014-01-31 21:00:00,39.46
2014-01-31 22:00:00,41.42
2014-01-31 23:00:00,35.06
2014-02-01 00:00:00,11.28
2014-02-01 01:00:00,11.28
2014-02-01 02:00:00,11.28
2014-02-01 03:00:00,11.28
2014-02-01 04:00:00,11.28
2014-02-01 05:00:00,11.28
2014-02-01 06:00:00,11.28
2014-02-01 07:00:00,36.77
2014-02-01 08:00:00,39.23
2014-02-01 09:00:00,46.3
2014-02-01 10:00:00,35.96
2014-02-01 11:00:00,37.29
2014-02-01 12:00:00,40.77
2014-02-01 13:00:00,42.33
2014-02-01 14:00:00,45.29
2014-02-01 15:00:00,43.61
2014-02-01 16:00:00,40.44
2014-02-01 17:00:00,48.14
2014-02-01 18:00:00,43.47
2014-02-01 19:00:00,42.56
2014-02-01 20:00:00,40.74
2014-02-01 21:00:00,41.72
2014-02-01 22:00:00,41.81
2014-02-01 23:00:00,14.11
2014-02-02 00:00:00,11.28
2014-02-02 01:00:00,11.58
2014-02-02 02:00:00,11.58
2014-02-02 03:00:00,11.58
2014-02-02 04:00:00,11.58
2014-02-02 05:00:00,13.77
2014-02-02 06:00:00,38.75
2014-02-02 07:00:00,28
2014-02-02 08:00:00,28
2014-02-02 09:00:00,28
2014-02-02 10:00:00,30
2014-02-02 11:00:00,30
2014-02-02 12:00:00,30
2014-02-02 13:00:00,30
2014-02-02 14:00:00,30
2014-02-02 15:00:00,30
2014-02-02 16:00:00,30
2014-02-02 17:00:00,30
2014-02-02 18:00:00,30
2014-02-02 19:00:00,30
2014-02-02 20:00:00,30
2014-02-02 21:00:00,30
2014-02-02 22:00:00,30
2014-02-02 23:00:00,30
2014-02-03 00:00:00,12.11
2014-02-03 01:00:00,11.28
2014-02-03 02:00:00,11.28
2014-02-03 03:00:00,11.28
2014-02-03 04:00:00,11.28
2014-02-03 05:00:00,11.28
2014-02-03 06:00:00,14.31
2014-02-03 07:00:00,41.15
2014-02-03 08:00:00,44.69
2014-02-03 09:00:00,42.89
2014-02-03 10:00:00,41.76
2014-02-03 11:00:00,40.33
2014-02-03 12:00:00,43.11
2014-02-03 13:00:00,41.72
2014-02-03 14:00:00,43.32
2014-02-03 15:00:00,41.3
2014-02-03 16:00:00,41.32
2014-02-03 17:00:00,37.6
2014-02-03 18:00:00,35.6
2014-02-03 19:00:00,39.59
2014-02-03 20:00:00,40.89
2014-02-03 21:00:00,38.58
2014-02-03 22:00:00,34.03
2014-02-03 23:00:00,34.2
2014-02-04 00:00:00,13.89
2014-02-04 01:00:00,9.84
2014-02-04 02:00:00,9.84
2014-02-04 03:00:00,9.84
2014-02-04 04:00:00,9.84
2014-02-04 05:00:00,9.84
2014-02-04 06:00:00,9.84
2014-02-04 07:00:00,9.840000004
2014-02-04 08:00:00,31.62
2014-02-04 09:00:00,39.36
2014-02-04 10:00:00,41.26
2014-02-04 11:00:00,43.61
2014-02-04 12:00:00,39.48
2014-02-04 13:00:00,40.25
2014-02-04 14:00:00,40.84
2014-02-04 15:00:00,39.9
2014-02-04 16:00:00,43.51
2014-02-04 17:00:00,40.79
2014-02-04 18:00:00,37.08
2014-02-04 19:00:00,38.16
2014-02-04 20:00:00,37.14
2014-02-04 21:00:00,34.05
2014-02-04 22:00:00,34.48
2014-02-04 23:00:00,35.57
2014-02-05 00:00:00,9.84
2014-02-05 01:00:00,9.84
2014-02-05 02:00:00,9.84
2014-02-05 03:00:00,9.84
2014-02-05 04:00:00,9.84
2014-02-05 05:00:00,9.84
2014-02-05 06:00:00,9.84
2014-02-05 07:00:00,39.74
2014-02-05 08:00:00,40.19
2014-02-05 09:00:00,38.75
2014-02-05 10:00:00,39.74
2014-02-05 11:00:00,40.43
2014-02-05 12:00:00,43.97
2014-02-05 13:00:00,37.74
2014-02-05 14:00:00,39.77
2014-02-05 15:00:00,40.27
2014-02-05 16:00:00,40.79
2014-02-05 17:00:00,35.8
2014-02-05 18:00:00,29.86
2014-02-05 19:00:00,45.3
2014-02-05 20:00:00,40.34
2014-02-05 21:00:00,41.52
2014-02-05 22:00:00,32.91
2014-02-05 23:00:00,9.84
2014-02-06 00:00:00,9.84
2014-02-06 01:00:00,9.84
2014-02-06 02:00:00,9.84
2014-02-06 03:00:00,9.84
2014-02-06 04:00:00,31.8
2014-02-06 05:00:00,41.53
2014-02-06 06:00:00,45.51
2014-02-06 07:00:00,47.47
2014-02-06 08:00:00,39.46
2014-02-06 09:00:00,39.53
2014-02-06 10:00:00,39.87
2014-02-06 11:00:00,37.76
2014-02-06 12:00:00,39.71
2014-02-06 13:00:00,40.3
2014-02-06 14:00:00,40.81
2014-02-06 15:00:00,38.67
2014-02-06 16:00:00,38.37
2014-02-06 17:00:00,40.42
2014-02-06 18:00:00,34.43
2014-02-06 19:00:00,38.28
2014-02-06 20:00:00,42.28
2014-02-06 21:00:00,39.71
2014-02-06 22:00:00,34.24
2014-02-06 23:00:00,35.2
2014-02-07 00:00:00,9.84
2014-02-07 01:00:00,9.84
2014-02-07 02:00:00,9.84
2014-02-07 03:00:00,9.84
2014-02-07 04:00:00,9.840000005
2014-02-07 05:00:00,37.74
2014-02-07 06:00:00,43.94
2014-02-07 07:00:00,33.61
2014-02-07 08:00:00,40.93
2014-02-07 09:00:00,42.28
2014-02-07 10:00:00,37.87
2014-02-07 11:00:00,42.12
2014-02-07 12:00:00,43.11
2014-02-07 13:00:00,38.58
2014-02-07 14:00:00,43.99
2014-02-07 15:00:00,41.43
2014-02-07 16:00:00,41.01
2014-02-07 17:00:00,39.93
2014-02-07 18:00:00,36.97
2014-02-07 19:00:00,39.91
2014-02-07 20:00:00,37.54
2014-02-07 21:00:00,39.31
2014-02-07 22:00:00,37.59
2014-02-07 23:00:00,37.25
2014-02-08 00:00:00,9.84
2014-02-08 01:00:00,9.84
2014-02-08 02:00:00,9.84
2014-02-08 03:00:00,9.84
2014-02-08 04:00:00,9.84
2014-02-08 05:00:00,9.84
2014-02-08 06:00:00,42.54
2014-02-08 07:00:00,42.21
2014-02-08 08:00:00,41.34
2014-02-08 09:00:00,44.45
2014-02-08 10:00:00,39.97
2014-02-08 11:00:00,39.81
2014-02-08 12:00:00,44.47
2014-02-08 13:00:00,34.05
2014-02-08 14:00:00,39.79
2014-02-08 15:00:00,41.15
2014-02-08 16:00:00,40.44
2014-02-08 17:00:00,40.17
2014-02-08 18:00:00,36.42
2014-02-08 19:00:00,41.36
2014-02-08 20:00:00,42.25
2014-02-08 21:00:00,38.02
2014-02-08 22:00:00,39.84
2014-02-08 23:00:00,31.38
2014-02-09 00:00:00,9.84
2014-02-09 01:00:00,9.84
2014-02-09 02:00:00,9.84
2014-02-09 03:00:00,9.84
2014-02-09 04:00:00,9.840000001
2014-02-09 05:00:00,13.22
2014-02-09 06:00:00,34.61
2014-02-09 07:00:00,33.97
2014-02-09 08:00:00,34.28
2014-02-09 09:00:00,38.26
2014-02-09 10:00:00,39.82
2014-02-09 11:00:00,35.29
2014-02-09 12:00:00,36.08
2014-02-09 13:00:00,41.18
2014-02-09 14:00:00,44.9
2014-02-09 15:00:00,43.8
2014-02-09 16:00:00,45.98
2014-02-09 17:00:00,44.74
2014-02-09 18:00:00,38.64
2014-02-09 19:00:00,44.68
2014-02-09 20:00:00,45.01
2014-02-09 21:00:00,39.66
2014-02-09 22:00:00,37.47
2014-02-09 23:00:00,38.47
2014-02-10 00:00:00,9.84
2014-02-10 01:00:00,9.84
2014-02-10 02:00:00,9.84
2014-02-10 03:00:00,9.84
2014-02-10 04:00:00,9.84
2014-02-10 05:00:00,9.84
2014-02-10 06:00:00,42.85
2014-02-10 07:00:00,34.74
2014-02-10 08:00:00,34.64
2014-02-10 09:00:00,42.18
2014-02-10 10:00:00,45.84
2014-02-10 11:00:00,45.42
2014-02-10 12:00:00,43.72
2014-02-10 13:00:00,40.88
2014-02-10 14:00:00,45.64
2014-02-10 15:00:00,39.88
2014-02-10 16:00:00,44.7
2014-02-10 17:00:00,42.21
2014-02-10 18:00:00,39.47
2014-02-10 19:00:00,41.64
2014-02-10 20:00:00,42.1
2014-02-10 21:00:00,36.85
2014-02-10 22:00:00,37.02
2014-02-10 23:00:00,34.02
2014-02-11 00:00:00,9.84
2014-02-11 01:00:00,9.84
2014-02-11 02:00:00,9.84
2014-02-11 03:00:00,9.84
2014-02-11 04:00:00,9.840000001
2014-02-11 05:00:00,13.57
2014-02-11 06:00:00,43.55
2014-02-11 07:00:00,43.48
2014-02-11 08:00:00,41.19
2014-02-11 09:00:00,40.19
2014-02-11 10:00:00,44.59
2014-02-11 11:00:00,44.2
2014-02-11 12:00:00,45.39
2014-02-11 13:00:00,41.47
2014-02-11 14:00:00,42.75
2014-02-11 15:00:00,47.22
2014-02-11 16:00:00,49.53
2014-02-11 17:00:00,38.54
2014-02-11 18:00:00,35.42
2014-02-11 19:00:00,42.33
2014-02-11 20:00:00,43.57
2014-02-11 21:00:00,41.16
2014-02-11 22:00:00,36.79
2014-02-11 23:00:00,31.13
2014-02-12 00:00:00,9.84
2014-02-12 01:00:00,9.84
2014-02-12 02:00:00,9.84
2014-02-12 03:00:00,9.84
2014-02-12 04:00:00,9.840000001
2014-02-12 05:00:00,12.71
2014-02-12 06:00:00,43.89
2014-02-12 07:00:00,41.3
2014-02-12 08:00:00,34.35
2014-02-12 09:00:00,42.8
2014-02-12 10:00:00,43.63
2014-02-12 11:00:00,42.18
2014-02-12 12:00:00,41.09
2014-02-12 13:00:00,39.9
2014-02-12 14:00:00,43.75
2014-02-12 15:00:00,44.77
2014-02-12 16:00:00,45.14
2014-02-12 17:00:00,41.64
2014-02-12 18:00:00,35.86
2014-02-12 19:00:00,42.3
2014-02-12 20:00:00,40.41
2014-02-12 21:00:00,42.51
2014-02-12 22:00:00,37.44
2014-02-12 23:00:00,32.49
2014-02-13 00:00:00,9.84
2014-02-13 01:00:00,9.84
2014-02-13 02:00:00,9.84
2014-02-13 03:00:00,9.84
2014-02-13 04:00:00,9.84
2014-02-13 05:00:00,9.84
2014-02-13 06:00:00,46.15
2014-02-13 07:00:00,36.4
2014-02-13 08:00:00,40.65
2014-02-13 09:00:00,38.14
2014-02-13 10:00:00,44.08
2014-02-13 11:00:00,41.02
2014-02-13 12:00:00,41.72
2014-02-13 13:00:00,35.82
2014-02-13 14:00:00,41.08
2014-02-13 15:00:00,43.43
2014-02-13 16:00:00,44.66
2014-02-13 17:00:00,41.36
2014-02-13 18:00:00,36.98
2014-02-13 19:00:00,40.25
2014-02-13 20:00:00,40.41
2014-02-13 21:00:00,42.01
2014-02-13 22:00:00,38.85
2014-02-13 23:00:00,35.96
2014-02-14 00:00:00,9.84
2014-02-14 01:00:00,9.84
2014-02-14 02:00:00,9.84
2014-02-14 03:00:00,9.84
2014-02-14 04:00:00,9.84
2014-02-14 05:00:00,12.7
2014-02-14 06:00:00,45.11
2014-02-14 07:00:00,39.01
2014-02-14 08:00:00,41.99
2014-02-14 09:00:00,36.11
2014-02-14 10:00:00,42.47
2014-02-14 11:00:00,41.47
2014-02-14 12:00:00,39.22
2014-02-14 13:00:00,43.47
2014-02-14 14:00:00,47.01
2014-02-14 15:00:00,39.3
2014-02-14 16:00:00,38.64
2014-02-14 17:00:00,43.37
2014-02-14 18:00:00,33.93
2014-02-14 19:00:00,36.06
2014-02-14 20:00:00,38.27
2014-02-14 21:00:00,43.18
2014-02-14 22:00:00,43.36
2014-02-14 23:00:00,38.55
2014-02-15 00:00:00,11.78
2014-02-15 01:00:00,9.84
2014-02-15 02:00:00,9.84
2014-02-15 03:00:00,9.84
2014-02-15 04:00:00,9.84
2014-02-15 05:00:00,12.57
2014-02-15 06:00:00,40.57
2014-02-15 07:00:00,39.72
2014-02-15 08:00:00,35.19
2014-02-15 09:00:00,42.34
2014-02-15 10:00:00,46.5
2014-02-15 11:00:00,48.44
2014-02-15 12:00:00,49.93
2014-02-15 13:00:00,43.05
2014-02-15 14:00:00,43.07
2014-02-15 15:00:00,43.6
2014-02-15 16:00:00,42.15
2014-02-15 17:00:00,43.83
2014-02-15 18:00:00,37.41
2014-02-15 19:00:00,44.8
2014-02-15 20:00:00,43.46
2014-02-15 21:00:00,42.99
2014-02-15 22:00:00,36.11
2014-02-15 23:00:00,30.8
2014-02-16 00:00:00,9.84
2014-02-16 01:00:00,9.84
2014-02-16 02:00:00,9.84
2014-02-16 03:00:00,9.84
2014-02-16 04:00:00,9.840000001
2014-02-16 05:00:00,12.98
2014-02-16 06:00:00,45.06
2014-02-16 07:00:00,41.09
2014-02-16 08:00:00,46.28
2014-02-16 09:00:00,45.65
2014-02-16 10:00:00,35.51
2014-02-16 11:00:00,39.8
2014-02-16 12:00:00,42.31
2014-02-16 13:00:00,39.39
2014-02-16 14:00:00,41.87
2014-02-16 15:00:00,43.08
2014-02-16 16:00:00,42.69
2014-02-16 17:00:00,41.61
2014-02-16 18:00:00,39.66
2014-02-16 19:00:00,35.91
2014-02-16 20:00:00,42.82
2014-02-16 21:00:00,40.95
2014-02-16 22:00:00,38.99
2014-02-16 23:00:00,35.84
2014-02-17 00:00:00,9.84
2014-02-17 01:00:00,9.84
2014-02-17 02:00:00,9.84
2014-02-17 03:00:00,9.84
2014-02-17 04:00:00,9.840000005
2014-02-17 05:00:00,40.58
2014-02-17 06:00:00,45.47
2014-02-17 07:00:00,40.04
2014-02-17 08:00:00,42.72
2014-02-17 09:00:00,43.23
2014-02-17 10:00:00,46.05
2014-02-17 11:00:00,46.93
2014-02-17 12:00:00,42.73
2014-02-17 13:00:00,41.14
2014-02-17 14:00:00,41.88
2014-02-17 15:00:00,44.96
2014-02-17 16:00:00,45.34
2014-02-17 17:00:00,40.93
2014-02-17 18:00:00,31.65
2014-02-17 19:00:00,41.94
2014-02-17 20:00:00,41.3
2014-02-17 21:00:00,44.15
2014-02-17 22:00:00,39.89
2014-02-17 23:00:00,35.21
2014-02-18 00:00:00,14.55
2014-02-18 01:00:00,22.44
2014-02-18 02:00:00,9.84
2014-02-18 03:00:00,9.84
2014-02-18 04:00:00,11.91
2014-02-18 05:00:00,32.53
2014-02-18 06:00:00,39.61
2014-02-18 07:00:00,35.13
2014-02-18 08:00:00,42.78
2014-02-18 09:00:00,40.31
2014-02-18 10:00:00,44.73
2014-02-18 11:00:00,43.25
2014-02-18 12:00:00,40.12
2014-02-18 13:00:00,42.16
2014-02-18 14:00:00,42.07
2014-02-18 15:00:00,42.96
2014-02-18 16:00:00,40.35
2014-02-18 17:00:00,41.63
2014-02-18 18:00:00,33.31
2014-02-18 19:00:00,41.31
2014-02-18 20:00:00,43.75
2014-02-18 21:00:00,43.1
2014-02-18 22:00:00,37.08
2014-02-18 23:00:00,25.6
2014-02-19 00:00:00,9.84
2014-02-19 01:00:00,9.84
2014-02-19 02:00:00,9.84
2014-02-19 03:00:00,9.84
2014-02-19 04:00:00,9.840000004
2014-02-19 05:00:00,33.43
2014-02-19 06:00:00,41.49
2014-02-19 07:00:00,37.04
2014-02-19 08:00:00,39.68
2014-02-19 09:00:00,46.48
2014-02-19 10:00:00,42.54
2014-02-19 11:00:00,39.37
2014-02-19 12:00:00,44.01
2014-02-19 13:00:00,36.97
2014-02-19 14:00:00,44.1
2014-02-19 15:00:00,37.24
2014-02-19 16:00:00,41.48
2014-02-19 17:00:00,41.42
2014-02-19 18:00:00,35.49
2014-02-19 19:00:00,41.6
2014-02-19 20:00:00,44.43
2014-02-19 21:00:00,41.04
2014-02-19 22:00:00,41.3
2014-02-19 23:00:00,39.73
2014-02-20 00:00:00,9.84
2014-02-20 01:00:00,9.84
2014-02-20 02:00:00,9.84
2014-02-20 03:00:00,9.84
2014-02-20 04:00:00,11.22
2014-02-20 05:00:00,36.49
2014-02-20 06:00:00,40.86
2014-02-20 07:00:00,35.95
2014-02-20 08:00:00,36.65
2014-02-20 09:00:00,42.38
2014-02-20 10:00:00,46.71
2014-02-20 11:00:00,42.5
2014-02-20 12:00:00,40.95
2014-02-20 13:00:00,38.04
2014-02-20 14:00:00,46.16
2014-02-20 15:00:00,41.24
2014-02-20 16:00:00,42.65
2014-02-20 17:00:00,42.04
2014-02-20 18:00:00,32.37
2014-02-20 19:00:00,41.42
2014-02-20 20:00:00,43.03
2014-02-20 21:00:00,44.35
2014-02-20 22:00:00,35.96
2014-02-20 23:00:00,34.62
2014-02-21 00:00:00,9.84
2014-02-21 01:00:00,9.84
2014-02-21 02:00:00,9.84
2014-02-21 03:00:00,9.84
2014-02-21 04:00:00,12.7
2014-02-21 05:00:00,35.48
2014-02-21 06:00:00,45.76
2014-02-21 07:00:00,33.98
2014-02-21 08:00:00,33.58
2014-02-21 09:00:00,42.7
2014-02-21 10:00:00,44.44
2014-02-21 11:00:00,41.96
2014-02-21 12:00:00,41.63
2014-02-21 13:00:00,40.26
2014-02-21 14:00:00,47.91
2014-02-21 15:00:00,41.74
2014-02-21 16:00:00,41.93
2014-02-21 17:00:00,41.69
2014-02-21 18:00:00,37.79
2014-02-21 19:00:00,42.62
2014-02-21 20:00:00,39.59
2014-02-21 21:00:00,40.81
2014-02-21 22:00:00,42.13
2014-02-21 23:00:00,32.77
2014-02-22 00:00:00,9.84
2014-02-22 01:00:00,9.84
2014-02-22 02:00:00,9.84
2014-02-22 03:00:00,9.84
2014-02-22 04:00:00,12.8
2014-02-22 05:00:00,32.54
2014-02-22 06:00:00,41.82
2014-02-22 07:00:00,36.94
2014-02-22 08:00:00,38.59
2014-02-22 09:00:00,45.26
2014-02-22 10:00:00,36.35
2014-02-22 11:00:00,37.22
2014-02-22 12:00:00,38.29
2014-02-22 13:00:00,40.64
2014-02-22 14:00:00,43.64
2014-02-22 15:00:00,42.27
2014-02-22 16:00:00,43.57
2014-02-22 17:00:00,41.52
2014-02-22 18:00:00,33.96
2014-02-22 19:00:00,39.44
2014-02-22 20:00:00,39.78
2014-02-22 21:00:00,45.56
2014-02-22 22:00:00,36.77
2014-02-22 23:00:00,36.17
2014-02-23 00:00:00,9.84
2014-02-23 01:00:00,9.84
2014-02-23 02:00:00,9.84
2014-02-23 03:00:00,9.84
2014-02-23 04:00:00,9.84
2014-02-23 05:00:00,9.84
2014-02-23 06:00:00,13.02
2014-02-23 07:00:00,37.07
2014-02-23 08:00:00,38.85
2014-02-23 09:00:00,41.32
2014-02-23 10:00:00,36.49
2014-02-23 11:00:00,41.8
2014-02-23 12:00:00,43.91
2014-02-23 13:00:00,47.37
2014-02-23 14:00:00,44.36
2014-02-23 15:00:00,42.58
2014-02-23 16:00:00,43.8
2014-02-23 17:00:00,39.88
2014-02-23 18:00:00,38.37
2014-02-23 19:00:00,44.96
2014-02-23 20:00:00,38.23
2014-02-23 21:00:00,37.25
2014-02-23 22:00:00,42.33
2014-02-23 23:00:00,37.03
2014-02-24 00:00:00,9.84
2014-02-24 01:00:00,9.84
2014-02-24 02:00:00,9.84
2014-02-24 03:00:00,9.84
2014-02-24 04:00:00,13.18
2014-02-24 05:00:00,34
2014-02-24 06:00:00,42.26
2014-02-24 07:00:00,37.19
2014-02-24 08:00:00,35.63
2014-02-24 09:00:00,39.05
2014-02-24 10:00:00,44.27
2014-02-24 11:00:00,42.06
2014-02-24 12:00:00,44.07
2014-02-24 13:00:00,43.35
2014-02-24 14:00:00,45.49
2014-02-24 15:00:00,45.02
2014-02-24 16:00:00,41.68
2014-02-24 17:00:00,45.77
2014-02-24 18:00:00,32.73
2014-02-24 19:00:00,46.21
2014-02-24 20:00:00,46.58
2014-02-24 21:00:00,41.77
2014-02-24 22:00:00,40.29
2014-02-24 23:00:00,35.84
2014-02-25 00:00:00,9.84
2014-02-25 01:00:00,9.84
2014-02-25 02:00:00,9.84
2014-02-25 03:00:00,9.84
2014-02-25 04:00:00,9.840000005
2014-02-25 05:00:00,40.1
2014-02-25 06:00:00,43.39
2014-02-25 07:00:00,42.25
2014-02-25 08:00:00,43.19
2014-02-25 09:00:00,45.08
2014-02-25 10:00:00,46.91
2014-02-25 11:00:00,45.86
2014-02-25 12:00:00,43.62
2014-02-25 13:00:00,44.15
2014-02-25 14:00:00,47.63
2014-02-25 15:00:00,45.7
2014-02-25 16:00:00,46.01
2014-02-25 17:00:00,44.2
2014-02-25 18:00:00,39.75
2014-02-25 19:00:00,41.29
2014-02-25 20:00:00,43
2014-02-25 21:00:00,40.52
2014-02-25 22:00:00,39.73
2014-02-25 23:00:00,33.58
2014-02-26 00:00:00,9.84
2014-02-26 01:00:00,8.71
2014-02-26 02:00:00,8.71
2014-02-26 03:00:00,8.71
2014-02-26 04:00:00,8.710000005
2014-02-26 05:00:00,38.07
2014-02-26 06:00:00,45.9
2014-02-26 07:00:00,36.38
2014-02-26 08:00:00,41.85
2014-02-26 09:00:00,46.95
2014-02-26 10:00:00,43.42
2014-02-26 11:00:00,43.05
2014-02-26 12:00:00,42.83
2014-02-26 13:00:00,41.59
2014-02-26 14:00:00,43.18
2014-02-26 15:00:00,43.72
2014-02-26 16:00:00,41.59
2014-02-26 17:00:00,43.06
2014-02-26 18:00:00,35.18
2014-02-26 19:00:00,41.52
2014-02-26 20:00:00,43.06
2014-02-26 21:00:00,39.06
2014-02-26 22:00:00,43.41999999
2014-02-26 23:00:00,8.71
2014-02-27 00:00:00,8.71
2014-02-27 01:00:00,8.71
2014-02-27 02:00:00,8.71
2014-02-27 03:00:00,8.71
2014-02-27 04:00:00,8.710000001
2014-02-27 05:00:00,12.43
2014-02-27 06:00:00,46.65
2014-02-27 07:00:00,38.03
2014-02-27 08:00:00,32.64
2014-02-27 09:00:00,39.6
2014-02-27 10:00:00,41.94
2014-02-27 11:00:00,42.95
2014-02-27 12:00:00,43.97
2014-02-27 13:00:00,40.06
2014-02-27 14:00:00,39.75
2014-02-27 15:00:00,43.72
2014-02-27 16:00:00,41.53
2014-02-27 17:00:00,41.51
2014-02-27 18:00:00,31.79
2014-02-27 19:00:00,40.49
2014-02-27 20:00:00,39.51
2014-02-27 21:00:00,41.06
2014-02-27 22:00:00,40.69
2014-02-27 23:00:00,28.54
2014-02-28 00:00:00,8.71
2014-02-28 01:00:00,8.71
2014-02-28 02:00:00,8.71
2014-02-28 03:00:00,8.71
2014-02-28 04:00:00,8.710000004
2014-02-28 05:00:00,30.15
2014-02-28 06:00:00,39.01
2014-02-28 07:00:00,43.91
2014-02-28 08:00:00,38.58
2014-02-28 09:00:00,44.63
2014-02-28 10:00:00,40.95
2014-02-28 11:00:00,39.86
2014-02-28 12:00:00,42.68
2014-02-28 13:00:00,40.15
2014-02-28 14:00:00,39.78
2014-02-28 15:00:00,39.82
2014-02-28 16:00:00,39.88
2014-02-28 17:00:00,37.48
2014-02-28 18:00:00,33.72
2014-02-28 19:00:00,41.75
2014-02-28 20:00:00,42.73
2014-02-28 21:00:00,43.13
2014-02-28 22:00:00,37.06
2014-02-28 23:00:00,30.66
2014-03-01 00:00:00,8.71
2014-03-01 01:00:00,8.71
2014-03-01 02:00:00,8.71
2014-03-01 03:00:00,8.71
2014-03-01 04:00:00,11.05000001
2014-03-01 05:00:00,45.65
2014-03-01 06:00:00,39.1
2014-03-01 07:00:00,38.43
2014-03-01 08:00:00,41.49
2014-03-01 09:00:00,49.59
2014-03-01 10:00:00,39.47
2014-03-01 11:00:00,39.14
2014-03-01 12:00:00,42.67
2014-03-01 13:00:00,34.85
2014-03-01 14:00:00,41.95
2014-03-01 15:00:00,48
2014-03-01 16:00:00,41.93
2014-03-01 17:00:00,45.7
2014-03-01 18:00:00,38.49
2014-03-01 19:00:00,38.2
2014-03-01 20:00:00,42.71
2014-03-01 21:00:00,41.31
2014-03-01 22:00:00,38.96
2014-03-01 23:00:00,37.23
2014-03-02 00:00:00,8.71
2014-03-02 01:00:00,8.71
2014-03-02 02:00:00,8.71
2014-03-02 03:00:00,8.71
2014-03-02 04:00:00,8.71
2014-03-02 05:00:00,8.71
2014-03-02 06:00:00,39.67
2014-03-02 07:00:00,37.03
2014-03-02 08:00:00,39.25
2014-03-02 09:00:00,38.92
2014-03-02 10:00:00,36.14
2014-03-02 11:00:00,39.15
2014-03-02 12:00:00,37.04
2014-03-02 13:00:00,31.62
2014-03-02 14:00:00,40.81
2014-03-02 15:00:00,43.71
2014-03-02 16:00:00,41.57
2014-03-02 17:00:00,40.87
2014-03-02 18:00:00,33.72
2014-03-02 19:00:00,44.67
2014-03-02 20:00:00,42.67
2014-03-02 21:00:00,39.96
2014-03-02 22:00:00,32.1
2014-03-02 23:00:00,38.49
2014-03-03 00:00:00,8.71
2014-03-03 01:00:00,8.71
2014-03-03 02:00:00,8.71
2014-03-03 03:00:00,8.71
2014-03-03 04:00:00,8.710000005
2014-03-03 05:00:00,36.63
2014-03-03 06:00:00,40.76
2014-03-03 07:00:00,41.53
2014-03-03 08:00:00,42.44
2014-03-03 09:00:00,43.22
2014-03-03 10:00:00,48.64
2014-03-03 11:00:00,40.95
2014-03-03 12:00:00,43.95
2014-03-03 13:00:00,38.09
2014-03-03 14:00:00,39.93
2014-03-03 15:00:00,41.47
2014-03-03 16:00:00,41.53
2014-03-03 17:00:00,39.68
2014-03-03 18:00:00,32.58
2014-03-03 19:00:00,39.36
2014-03-03 20:00:00,38.98
2014-03-03 21:00:00,41.32
2014-03-03 22:00:00,36.34
2014-03-03 23:00:00,29.42
2014-03-04 00:00:00,8.71
2014-03-04 01:00:00,12.25000001
2014-03-04 02:00:00,41.88
2014-03-04 03:00:00,43.56
2014-03-04 04:00:00,47.16
2014-03-04 05:00:00,45.14
2014-03-04 06:00:00,48.13
2014-03-04 07:00:00,31.92
2014-03-04 08:00:00,41.86
2014-03-04 09:00:00,40.04
2014-03-04 10:00:00,38.36
2014-03-04 11:00:00,37.37
2014-03-04 12:00:00,45.92
2014-03-04 13:00:00,41.17
2014-03-04 14:00:00,45.81
2014-03-04 15:00:00,45.16
2014-03-04 16:00:00,45.09
2014-03-04 17:00:00,42.15
2014-03-04 18:00:00,37.76
2014-03-04 19:00:00,41.9
2014-03-04 20:00:00,39.03
2014-03-04 21:00:00,39.78
2014-03-04 22:00:00,32.75
2014-03-04 23:00:00,8.71
2014-03-05 00:00:00,8.71
2014-03-05 01:00:00,8.71
2014-03-05 02:00:00,10.09
2014-03-05 03:00:00,41.01
2014-03-05 04:00:00,43.52
2014-03-05 05:00:00,42.71
2014-03-05 06:00:00,43.47
2014-03-05 07:00:00,43.96
2014-03-05 08:00:00,39.92
2014-03-05 09:00:00,37.83
2014-03-05 10:00:00,41.11
2014-03-05 11:00:00,42.68
2014-03-05 12:00:00,37.92
2014-03-05 13:00:00,38.41
2014-03-05 14:00:00,43.94
2014-03-05 15:00:00,36.55
2014-03-05 16:00:00,39.51
2014-03-05 17:00:00,38.07
2014-03-05 18:00:00,31.97
2014-03-05 19:00:00,41.83
2014-03-05 20:00:00,39.32
2014-03-05 21:00:00,39.19
2014-03-05 22:00:00,37.24
2014-03-05 23:00:00,30.1
2014-03-06 00:00:00,8.71
2014-03-06 01:00:00,8.71
2014-03-06 02:00:00,8.71
2014-03-06 03:00:00,8.71
2014-03-06 04:00:00,39.19
2014-03-06 05:00:00,40.9
2014-03-06 06:00:00,39.8
2014-03-06 07:00:00,42.52
2014-03-06 08:00:00,37.32
2014-03-06 09:00:00,43.14
2014-03-06 10:00:00,41.78
2014-03-06 11:00:00,41.8
2014-03-06 12:00:00,38.42
2014-03-06 13:00:00,40.42
2014-03-06 14:00:00,40.39
2014-03-06 15:00:00,41.1
2014-03-06 16:00:00,43.8
2014-03-06 17:00:00,39
2014-03-06 18:00:00,39.29
2014-03-06 19:00:00,44.68
2014-03-06 20:00:00,43.15
2014-03-06 21:00:00,43.79
2014-03-06 22:00:00,45.17
2014-03-06 23:00:00,32.18
2014-03-07 00:00:00,8.71
2014-03-07 01:00:00,8.71
2014-03-07 02:00:00,8.71
2014-03-07 03:00:00,11.47
2014-03-07 04:00:00,31.3
2014-03-07 05:00:00,38.41
2014-03-07 06:00:00,44.89
2014-03-07 07:00:00,36.07
2014-03-07 08:00:00,42.14
2014-03-07 09:00:00,42.35
2014-03-07 10:00:00,45.92
2014-03-07 11:00:00,43.54
2014-03-07 12:00:00,41.63
2014-03-07 13:00:00,43.52
2014-03-07 14:00:00,45.64
2014-03-07 15:00:00,45.59
2014-03-07 16:00:00,42.6
2014-03-07 17:00:00,41.43
2014-03-07 18:00:00,39.95
2014-03-07 19:00:00,40.07
2014-03-07 20:00:00,42.18
2014-03-07 21:00:00,43.13
2014-03-07 22:00:00,42.39
2014-03-07 23:00:00,37.68
2014-03-08 00:00:00,11.26
2014-03-08 01:00:00,8.71
2014-03-08 02:00:00,8.71
2014-03-08 03:00:00,40.19
2014-03-08 04:00:00,40.47
2014-03-08 05:00:00,42.31
2014-03-08 06:00:00,38.91
2014-03-08 07:00:00,40.95
2014-03-08 08:00:00,43.01
2014-03-08 09:00:00,40.19
2014-03-08 10:00:00,46.81
2014-03-08 11:00:00,36.63
2014-03-08 12:00:00,38.05
2014-03-08 13:00:00,42.22
2014-03-08 14:00:00,40.81
2014-03-08 15:00:00,42.48
2014-03-08 16:00:00,40.52
2014-03-08 17:00:00,40.5
2014-03-08 18:00:00,30.78
2014-03-08 19:00:00,45.43
2014-03-08 20:00:00,44.03
2014-03-08 21:00:00,41.58
2014-03-08 22:00:00,39.35999999
2014-03-08 23:00:00,8.71
2014-03-09 00:00:00,12.28
2014-03-09 01:00:00,34.15
2014-03-09 02:00:00,35.32
2014-03-09 03:00:00,36.69
2014-03-09 04:00:00,36.04
2014-03-09 05:00:00,36.08
2014-03-09 06:00:00,41.36
2014-03-09 07:00:00,29.37
2014-03-09 08:00:00,35.18
2014-03-09 09:00:00,31.83
2014-03-09 10:00:00,31.53
2014-03-09 11:00:00,34.54
2014-03-09 12:00:00,40.49
2014-03-09 13:00:00,45.43
2014-03-09 14:00:00,40.65
2014-03-09 15:00:00,40.99
2014-03-09 16:00:00,38.64
2014-03-09 17:00:00,44.42
2014-03-09 18:00:00,44.58
2014-03-09 19:00:00,40.46
2014-03-09 20:00:00,41.4
2014-03-09 21:00:00,38.05
2014-03-09 22:00:00,8.71
2014-03-09 23:00:00,8.71
2014-03-10 00:00:00,8.71
2014-03-10 01:00:00,8.71
2014-03-10 02:00:00,8.71
2014-03-10 03:00:00,8.71
2014-03-10 04:00:00,11.75000001
2014-03-10 05:00:00,44.04
2014-03-10 06:00:00,44.79
2014-03-10 07:00:00,43.27
2014-03-10 08:00:00,44.1
2014-03-10 09:00:00,45.49
2014-03-10 10:00:00,48.54
2014-03-10 11:00:00,47.57
2014-03-10 12:00:00,44.56
2014-03-10 13:00:00,39.8
2014-03-10 14:00:00,44.71
2014-03-10 15:00:00,45.57
2014-03-10 16:00:00,41.96
2014-03-10 17:00:00,42.26
2014-03-10 18:00:00,38.4
2014-03-10 19:00:00,38.64
2014-03-10 20:00:00,42.92
2014-03-10 21:00:00,42.97
2014-03-10 22:00:00,39.62
2014-03-10 23:00:00,36.19
2014-03-11 00:00:00,8.71
2014-03-11 01:00:00,8.710000001
2014-03-11 02:00:00,11.67
2014-03-11 03:00:00,44.19
2014-03-11 04:00:00,44.28
2014-03-11 05:00:00,40.96
2014-03-11 06:00:00,48.78
2014-03-11 07:00:00,43.04
2014-03-11 08:00:00,40.59
2014-03-11 09:00:00,43.67
2014-03-11 10:00:00,44.31
2014-03-11 11:00:00,43.97
2014-03-11 12:00:00,40.23
2014-03-11 13:00:00,39.49
2014-03-11 14:00:00,45.3
2014-03-11 15:00:00,42.68
2014-03-11 16:00:00,41.74
2014-03-11 17:00:00,42.05
2014-03-11 18:00:00,33.99
2014-03-11 19:00:00,42.47
2014-03-11 20:00:00,45.32
2014-03-11 21:00:00,42.28
2014-03-11 22:00:00,43.68
2014-03-11 23:00:00,39.77
2014-03-12 00:00:00,8.71
2014-03-12 01:00:00,8.71
2014-03-12 02:00:00,8.71
2014-03-12 03:00:00,11.64
2014-03-12 04:00:00,37.61
2014-03-12 05:00:00,39.68
2014-03-12 06:00:00,43.66
2014-03-12 07:00:00,38.68
2014-03-12 08:00:00,36.85
2014-03-12 09:00:00,43.19
2014-03-12 10:00:00,44.3
2014-03-12 11:00:00,45.12
2014-03-12 12:00:00,42.13
2014-03-12 13:00:00,41.47
2014-03-12 14:00:00,43.68
2014-03-12 15:00:00,45.33
2014-03-12 16:00:00,43.03
2014-03-12 17:00:00,40.67
2014-03-12 18:00:00,39.6
2014-03-12 19:00:00,42.47
2014-03-12 20:00:00,43.77
2014-03-12 21:00:00,41.71
2014-03-12 22:00:00,40.07
2014-03-12 23:00:00,32.9
2014-03-13 00:00:00,8.71
2014-03-13 01:00:00,8.710000001
2014-03-13 02:00:00,11.81
2014-03-13 03:00:00,36.81
2014-03-13 04:00:00,33.47
2014-03-13 05:00:00,38.18
2014-03-13 06:00:00,44.98
2014-03-13 07:00:00,42.33
2014-03-13 08:00:00,35
2014-03-13 09:00:00,43.08
2014-03-13 10:00:00,50.19
2014-03-13 11:00:00,45.13
2014-03-13 12:00:00,43.47
2014-03-13 13:00:00,42.34
2014-03-13 14:00:00,45.66
2014-03-13 15:00:00,42.44
2014-03-13 16:00:00,41.79
2014-03-13 17:00:00,43.92
2014-03-13 18:00:00,37.97
2014-03-13 19:00:00,38.48
2014-03-13 20:00:00,40.5
2014-03-13 21:00:00,39.91
2014-03-13 22:00:00,8.71
2014-03-13 23:00:00,8.71
2014-03-14 00:00:00,8.71
2014-03-14 01:00:00,8.71
2014-03-14 02:00:00,8.71
2014-03-14 03:00:00,8.71
2014-03-14 04:00:00,34.42
2014-03-14 05:00:00,33.88
2014-03-14 06:00:00,41.36
2014-03-14 07:00:00,39.63
2014-03-14 08:00:00,34.11
2014-03-14 09:00:00,39.72
2014-03-14 10:00:00,38.13
2014-03-14 11:00:00,38.31
2014-03-14 12:00:00,40.11
2014-03-14 13:00:00,39.62
2014-03-14 14:00:00,39.9
2014-03-14 15:00:00,39.76
2014-03-14 16:00:00,40.8
2014-03-14 17:00:00,41.54
2014-03-14 18:00:00,33.29
2014-03-14 19:00:00,39.99
2014-03-14 20:00:00,38.81
2014-03-14 21:00:00,39.77
2014-03-14 22:00:00,37.53
2014-03-14 23:00:00,41.65
2014-03-15 00:00:00,8.71
2014-03-15 01:00:00,8.71
2014-03-15 02:00:00,8.71
2014-03-15 03:00:00,8.71
2014-03-15 04:00:00,8.71
2014-03-15 05:00:00,8.71
2014-03-15 06:00:00,8.71
2014-03-15 07:00:00,8.71
2014-03-15 08:00:00,8.71
2014-03-15 09:00:00,8.71
2014-03-15 10:00:00,8.71
2014-03-15 11:00:00,8.71
2014-03-15 12:00:00,8.71
2014-03-15 13:00:00,8.71
2014-03-15 14:00:00,8.71
2014-03-15 15:00:00,8.71
2014-03-15 16:00:00,8.71
2014-03-15 17:00:00,8.71
2014-03-15 18:00:00,8.71
2014-03-15 19:00:00,8.71
2014-03-15 20:00:00,8.71
2014-03-15 21:00:00,8.71
2014-03-15 22:00:00,8.71
2014-03-15 23:00:00,8.71
2014-03-16 00:00:00,8.71
2014-03-16 01:00:00,8.71
2014-03-16 02:00:00,8.71
2014-03-16 03:00:00,8.71
2014-03-16 04:00:00,8.71
2014-03-16 05:00:00,8.71
2014-03-16 06:00:00,8.71
2014-03-16 07:00:00,8.71
2014-03-16 08:00:00,8.71
2014-03-16 09:00:00,8.71
2014-03-16 10:00:00,8.71
2014-03-16 11:00:00,8.71
2014-03-16 12:00:00,8.71
2014-03-16 13:00:00,8.71
2014-03-16 14:00:00,8.71
2014-03-16 15:00:00,8.71
2014-03-16 16:00:00,8.71
2014-03-16 17:00:00,8.71
2014-03-16 18:00:00,8.71
2014-03-16 19:00:00,8.71
2014-03-16 20:00:00,8.71
2014-03-16 21:00:00,8.71
2014-03-16 22:00:00,8.71
2014-03-16 23:00:00,8.71
2014-03-17 00:00:00,8.71
2014-03-17 01:00:00,42.4
2014-03-17 02:00:00,37.09
2014-03-17 03:00:00,39.88
2014-03-17 04:00:00,41.39
2014-03-17 05:00:00,41.13
2014-03-17 06:00:00,44.42
2014-03-17 07:00:00,43.79
2014-03-17 08:00:00,39.45
2014-03-17 09:00:00,43.44
2014-03-17 10:00:00,47.31
2014-03-17 11:00:00,42.83
2014-03-17 12:00:00,42.89
2014-03-17 13:00:00,43.87
2014-03-17 14:00:00,46.19
2014-03-17 15:00:00,43.89
2014-03-17 16:00:00,43.54
2014-03-17 17:00:00,42.78
2014-03-17 18:00:00,33.99
2014-03-17 19:00:00,42.2
2014-03-17 20:00:00,41.61
2014-03-17 21:00:00,42.96
2014-03-17 22:00:00,43.45
2014-03-17 23:00:00,43.86
2014-03-18 00:00:00,42.1
2014-03-18 01:00:00,37.47
2014-03-18 02:00:00,34.31
2014-03-18 03:00:00,32.75
2014-03-18 04:00:00,30.93
2014-03-18 05:00:00,32.46
2014-03-18 06:00:00,41.64
2014-03-18 07:00:00,38.81
2014-03-18 08:00:00,34.72
2014-03-18 09:00:00,37.28
2014-03-18 10:00:00,41.3
2014-03-18 11:00:00,41.51
2014-03-18 12:00:00,39.37
2014-03-18 13:00:00,41.89
2014-03-18 14:00:00,44.12
2014-03-18 15:00:00,40.57
2014-03-18 16:00:00,39.06
2014-03-18 17:00:00,38.25
2014-03-18 18:00:00,31.88
2014-03-18 19:00:00,38.57
2014-03-18 20:00:00,39.69
2014-03-18 21:00:00,36.39
2014-03-18 22:00:00,33.18
2014-03-18 23:00:00,31.36
2014-03-19 00:00:00,34.31
2014-03-19 01:00:00,36.35
2014-03-19 02:00:00,41.78
2014-03-19 03:00:00,36.83
2014-03-19 04:00:00,33.06
2014-03-19 05:00:00,32.17
2014-03-19 06:00:00,36.14
2014-03-19 07:00:00,38.16
2014-03-19 08:00:00,37.2
2014-03-19 09:00:00,41.72
2014-03-19 10:00:00,42.61
2014-03-19 11:00:00,39.14
2014-03-19 12:00:00,37.99
2014-03-19 13:00:00,38.57
2014-03-19 14:00:00,38.13
2014-03-19 15:00:00,40.05
2014-03-19 16:00:00,40.8
2014-03-19 17:00:00,38.14
2014-03-19 18:00:00,30.9
2014-03-19 19:00:00,38.67
2014-03-19 20:00:00,38.68
2014-03-19 21:00:00,39.07
2014-03-19 22:00:00,38.25
2014-03-19 23:00:00,35.09
2014-03-20 00:00:00,32.96
2014-03-20 01:00:00,38.28
2014-03-20 02:00:00,38.44
2014-03-20 03:00:00,37.2
2014-03-20 04:00:00,40.25
2014-03-20 05:00:00,40.86
2014-03-20 06:00:00,45.24
2014-03-20 07:00:00,35.19
2014-03-20 08:00:00,41.05
2014-03-20 09:00:00,46.53
2014-03-20 10:00:00,44.91
2014-03-20 11:00:00,45.51
2014-03-20 12:00:00,49.4
2014-03-20 13:00:00,41.43
2014-03-20 14:00:00,46.85
2014-03-20 15:00:00,43.18
2014-03-20 16:00:00,44.81
2014-03-20 17:00:00,42.85
2014-03-20 18:00:00,37.4
2014-03-20 19:00:00,40.01
2014-03-20 20:00:00,43.63
2014-03-20 21:00:00,45.07
2014-03-20 22:00:00,43.75
2014-03-20 23:00:00,44.02
2014-03-21 00:00:00,38.74
2014-03-21 01:00:00,36.95
2014-03-21 02:00:00,39.47
2014-03-21 03:00:00,39.02
2014-03-21 04:00:00,38.83
2014-03-21 05:00:00,35.26
2014-03-21 06:00:00,34.84
2014-03-21 07:00:00,37.06
2014-03-21 08:00:00,36.25
2014-03-21 09:00:00,38.85
2014-03-21 10:00:00,38.43
2014-03-21 11:00:00,37.34
2014-03-21 12:00:00,39.14
2014-03-21 13:00:00,39.33
2014-03-21 14:00:00,41.16
2014-03-21 15:00:00,40.03
2014-03-21 16:00:00,39.5
2014-03-21 17:00:00,35.92
2014-03-21 18:00:00,35.44
2014-03-21 19:00:00,39.14
2014-03-21 20:00:00,39.27
2014-03-21 21:00:00,38.75
2014-03-21 22:00:00,36.7
2014-03-21 23:00:00,36.89
2014-03-22 00:00:00,33.25
2014-03-22 01:00:00,38.27
2014-03-22 02:00:00,34.52
2014-03-22 03:00:00,40.32
2014-03-22 04:00:00,36.53
2014-03-22 05:00:00,34.2
2014-03-22 06:00:00,34.53
2014-03-22 07:00:00,35.58
2014-03-22 08:00:00,36.99
2014-03-22 09:00:00,43.78
2014-03-22 10:00:00,45.49
2014-03-22 11:00:00,35.7
2014-03-22 12:00:00,37.73
2014-03-22 13:00:00,41.92
2014-03-22 14:00:00,38.67
2014-03-22 15:00:00,39.23
2014-03-22 16:00:00,42.13
2014-03-22 17:00:00,38.5
2014-03-22 18:00:00,38.67
2014-03-22 19:00:00,41.95
2014-03-22 20:00:00,39.2
2014-03-22 21:00:00,40.09
2014-03-22 22:00:00,39.26
2014-03-22 23:00:00,36.12
2014-03-23 00:00:00,40.61
2014-03-23 01:00:00,38.81
2014-03-23 02:00:00,37.65
2014-03-23 03:00:00,33.89
2014-03-23 04:00:00,35.28
2014-03-23 05:00:00,40.22
2014-03-23 06:00:00,43.71
2014-03-23 07:00:00,38.31
2014-03-23 08:00:00,45.73
2014-03-23 09:00:00,39.65
2014-03-23 10:00:00,39.73
2014-03-23 11:00:00,35.28
2014-03-23 12:00:00,39.24
2014-03-23 13:00:00,39.75
2014-03-23 14:00:00,41.55
2014-03-23 15:00:00,40.94
2014-03-23 16:00:00,41.91
2014-03-23 17:00:00,40.09
2014-03-23 18:00:00,34.01
2014-03-23 19:00:00,40.44
2014-03-23 20:00:00,41.57
2014-03-23 21:00:00,41.37
2014-03-23 22:00:00,40.53
2014-03-23 23:00:00,32.57
2014-03-24 00:00:00,34.99
2014-03-24 01:00:00,36.34
2014-03-24 02:00:00,37.76
2014-03-24 03:00:00,36.03
2014-03-24 04:00:00,36.23
2014-03-24 05:00:00,38.27
2014-03-24 06:00:00,43.25
2014-03-24 07:00:00,40.35
2014-03-24 08:00:00,42.73
2014-03-24 09:00:00,44.19
2014-03-24 10:00:00,37.66
2014-03-24 11:00:00,40.13
2014-03-24 12:00:00,42.34
2014-03-24 13:00:00,41.47
2014-03-24 14:00:00,42.51
2014-03-24 15:00:00,42.91
2014-03-24 16:00:00,37.44
2014-03-24 17:00:00,37.09
2014-03-24 18:00:00,31.69
2014-03-24 19:00:00,34.53
2014-03-24 20:00:00,42.11
2014-03-24 21:00:00,41.36
2014-03-24 22:00:00,43.91
2014-03-24 23:00:00,35.78
2014-03-25 00:00:00,32.89
2014-03-25 01:00:00,37.4
2014-03-25 02:00:00,37.18
2014-03-25 03:00:00,39
2014-03-25 04:00:00,37.57
2014-03-25 05:00:00,40.75
2014-03-25 06:00:00,39.76
2014-03-25 07:00:00,41.97
2014-03-25 08:00:00,35.05
2014-03-25 09:00:00,44.32
2014-03-25 10:00:00,44.4
2014-03-25 11:00:00,43.26
2014-03-25 12:00:00,43.12
2014-03-25 13:00:00,42.18
2014-03-25 14:00:00,42.17
2014-03-25 15:00:00,42.55
2014-03-25 16:00:00,41.98
2014-03-25 17:00:00,38.56
2014-03-25 18:00:00,38.79
2014-03-25 19:00:00,38.2
2014-03-25 20:00:00,41.6
2014-03-25 21:00:00,40.42
2014-03-25 22:00:00,36.08
2014-03-25 23:00:00,37.5
2014-03-26 00:00:00,36.88
2014-03-26 01:00:00,34.28
2014-03-26 02:00:00,36.25
2014-03-26 03:00:00,37.05
2014-03-26 04:00:00,40.33
2014-03-26 05:00:00,39.71
2014-03-26 06:00:00,44.41
2014-03-26 07:00:00,37.35
2014-03-26 08:00:00,42.31
2014-03-26 09:00:00,42.05
2014-03-26 10:00:00,40.85
2014-03-26 11:00:00,41.17
2014-03-26 12:00:00,43.19
2014-03-26 13:00:00,39.34
2014-03-26 14:00:00,39.67
2014-03-26 15:00:00,38.92
2014-03-26 16:00:00,37.46
2014-03-26 17:00:00,41.41
2014-03-26 18:00:00,34.28
2014-03-26 19:00:00,41.25
2014-03-26 20:00:00,43.42
2014-03-26 21:00:00,41.04
2014-03-26 22:00:00,43.9
2014-03-26 23:00:00,41.67
2014-03-27 00:00:00,38.28
2014-03-27 01:00:00,37.55
2014-03-27 02:00:00,40.03
2014-03-27 03:00:00,36.1
2014-03-27 04:00:00,37.23
2014-03-27 05:00:00,30.65
2014-03-27 06:00:00,42.75
2014-03-27 07:00:00,34.68
2014-03-27 08:00:00,40.27
2014-03-27 09:00:00,39.21
2014-03-27 10:00:00,39.49
2014-03-27 11:00:00,39.27
2014-03-27 12:00:00,39.99
2014-03-27 13:00:00,39.5
2014-03-27 14:00:00,41.89
2014-03-27 15:00:00,40.99
2014-03-27 16:00:00,41.33
2014-03-27 17:00:00,40.36
2014-03-27 18:00:00,38.1
2014-03-27 19:00:00,47.48
2014-03-27 20:00:00,42.52
2014-03-27 21:00:00,36.59
2014-03-27 22:00:00,40.31
2014-03-27 23:00:00,33.08
2014-03-28 00:00:00,35.19
2014-03-28 01:00:00,42.79
2014-03-28 02:00:00,40.31
2014-03-28 03:00:00,38.02
2014-03-28 04:00:00,36.14
2014-03-28 05:00:00,40.83
2014-03-28 06:00:00,38.67
2014-03-28 07:00:00,35.53
2014-03-28 08:00:00,37.71
2014-03-28 09:00:00,41.98
2014-03-28 10:00:00,38.36
2014-03-28 11:00:00,38.05
2014-03-28 12:00:00,38.47
2014-03-28 13:00:00,37.93
2014-03-28 14:00:00,37.87
2014-03-28 15:00:00,36.53
2014-03-28 16:00:00,38.05
2014-03-28 17:00:00,36.95
2014-03-28 18:00:00,35.72
2014-03-28 19:00:00,37.94
2014-03-28 20:00:00,37.18
2014-03-28 21:00:00,36.05
2014-03-28 22:00:00,35.76
2014-03-28 23:00:00,32.28
2014-03-29 00:00:00,34.96
2014-03-29 01:00:00,28.84
2014-03-29 02:00:00,36.34
2014-03-29 03:00:00,32.47
2014-03-29 04:00:00,35.2
2014-03-29 05:00:00,35.81
2014-03-29 06:00:00,33.35
2014-03-29 07:00:00,36.99
2014-03-29 08:00:00,37.71
2014-03-29 09:00:00,36.08
2014-03-29 10:00:00,35.86
2014-03-29 11:00:00,36.27
2014-03-29 12:00:00,37.11
2014-03-29 13:00:00,35.85
2014-03-29 14:00:00,34.61
2014-03-29 15:00:00,42.18
2014-03-29 16:00:00,41.17
2014-03-29 17:00:00,36.93
2014-03-29 18:00:00,35.36
2014-03-29 19:00:00,35.53
2014-03-29 20:00:00,36.59
2014-03-29 21:00:00,36.95
2014-03-29 22:00:00,37.09
2014-03-29 23:00:00,35.97
2014-03-30 00:00:00,37.76
2014-03-30 01:00:00,39.57
2014-03-30 02:00:00,38.91
2014-03-30 03:00:00,38.44
2014-03-30 04:00:00,38.92
2014-03-30 05:00:00,38.77
2014-03-30 06:00:00,38.14
2014-03-30 07:00:00,30.13
2014-03-30 08:00:00,33.46
2014-03-30 09:00:00,34.61
2014-03-30 10:00:00,34.1
2014-03-30 11:00:00,34.01
2014-03-30 12:00:00,32.69
2014-03-30 13:00:00,30.26
2014-03-30 14:00:00,29.71
2014-03-30 15:00:00,31.84
2014-03-30 16:00:00,34.41
2014-03-30 17:00:00,38.94
2014-03-30 18:00:00,39.54
2014-03-30 19:00:00,40
2014-03-30 20:00:00,39.26
2014-03-30 21:00:00,38.77
2014-03-30 22:00:00,36.62
2014-03-30 23:00:00,35.23
2014-03-31 00:00:00,35.68
2014-03-31 01:00:00,38.15
2014-03-31 02:00:00,33.17
2014-03-31 03:00:00,33.85
2014-03-31 04:00:00,30.21
2014-03-31 05:00:00,37
2014-03-31 06:00:00,31.98
2014-03-31 07:00:00,34.15
2014-03-31 08:00:00,35.76
2014-03-31 09:00:00,34.96
2014-03-31 10:00:00,38.28
2014-03-31 11:00:00,37.5
2014-03-31 12:00:00,33.59
2014-03-31 13:00:00,41.21
2014-03-31 14:00:00,43.88
2014-03-31 15:00:00,34.72
2014-03-31 16:00:00,37.23
2014-03-31 17:00:00,36.94
2014-03-31 18:00:00,36.42
2014-03-31 19:00:00,38.31
2014-03-31 20:00:00,36.64
2014-03-31 21:00:00,38.1
2014-03-31 22:00:00,35.96
2014-03-31 23:00:00,31.08
2014-04-01 00:00:00,36.12
2014-04-01 01:00:00,40.28
2014-04-01 02:00:00,41.94
2014-04-01 03:00:00,36.25
2014-04-01 04:00:00,36.62
2014-04-01 05:00:00,41.41
2014-04-01 06:00:00,36.6
2014-04-01 07:00:00,39.5
2014-04-01 08:00:00,40.64
2014-04-01 09:00:00,34.89
2014-04-01 10:00:00,35.37
2014-04-01 11:00:00,38.91
2014-04-01 12:00:00,37.86
2014-04-01 13:00:00,38.36
2014-04-01 14:00:00,40.76
2014-04-01 15:00:00,39.07
2014-04-01 16:00:00,37.3
2014-04-01 17:00:00,34.18
2014-04-01 18:00:00,36.62
2014-04-01 19:00:00,37.72
2014-04-01 20:00:00,38.06
2014-04-01 21:00:00,40.35
2014-04-01 22:00:00,37.42
2014-04-01 23:00:00,33.14
2014-04-02 00:00:00,32.81
2014-04-02 01:00:00,34.51
2014-04-02 02:00:00,38.06
2014-04-02 03:00:00,38.01
2014-04-02 04:00:00,36.94
2014-04-02 05:00:00,36.82
2014-04-02 06:00:00,37.05
2014-04-02 07:00:00,28.18
2014-04-02 08:00:00,36.63
2014-04-02 09:00:00,41.78
2014-04-02 10:00:00,39.34
2014-04-02 11:00:00,39.31
2014-04-02 12:00:00,36.59
2014-04-02 13:00:00,39.68
2014-04-02 14:00:00,39.71
2014-04-02 15:00:00,37.83
2014-04-02 16:00:00,37.6
2014-04-02 17:00:00,35.57
2014-04-02 18:00:00,32.2
2014-04-02 19:00:00,36.84
2014-04-02 20:00:00,35.14
2014-04-02 21:00:00,36.3
2014-04-02 22:00:00,37.44
2014-04-02 23:00:00,29.73
2014-04-03 00:00:00,37.8
2014-04-03 01:00:00,37.11
2014-04-03 02:00:00,33.42
2014-04-03 03:00:00,30.84
2014-04-03 04:00:00,32.57
2014-04-03 05:00:00,35.4
2014-04-03 06:00:00,37.03
2014-04-03 07:00:00,36.27
2014-04-03 08:00:00,33.41
2014-04-03 09:00:00,35.56
2014-04-03 10:00:00,35.45
2014-04-03 11:00:00,35.16
2014-04-03 12:00:00,33.1
2014-04-03 13:00:00,35.62
2014-04-03 14:00:00,36.03
2014-04-03 15:00:00,35.75
2014-04-03 16:00:00,35.42
2014-04-03 17:00:00,35.41
2014-04-03 18:00:00,32.98
2014-04-03 19:00:00,38.35
2014-04-03 20:00:00,34.82
2014-04-03 21:00:00,35.09
2014-04-03 22:00:00,35.67
2014-04-03 23:00:00,35.44
2014-04-04 00:00:00,10.93
2014-04-04 01:00:00,33.84
2014-04-04 02:00:00,31.23
2014-04-04 03:00:00,29.35
2014-04-04 04:00:00,33.18
2014-04-04 05:00:00,31.9
2014-04-04 06:00:00,34.47
2014-04-04 07:00:00,37.07
2014-04-04 08:00:00,38.68
2014-04-04 09:00:00,32.85
2014-04-04 10:00:00,33.02
2014-04-04 11:00:00,35.18
2014-04-04 12:00:00,28.74
2014-04-04 13:00:00,24.81
2014-04-04 14:00:00,26.43
2014-04-04 15:00:00,32.63
2014-04-04 16:00:00,32.22
2014-04-04 17:00:00,29.81
2014-04-04 18:00:00,30.91
2014-04-04 19:00:00,35.48
2014-04-04 20:00:00,34.05
2014-04-04 21:00:00,32.11
2014-04-04 22:00:00,31.99
2014-04-04 23:00:00,30.14
2014-04-05 00:00:00,29.54
2014-04-05 01:00:00,32.02
2014-04-05 02:00:00,29.94
2014-04-05 03:00:00,33.15
2014-04-05 04:00:00,31.97
2014-04-05 05:00:00,33.53
2014-04-05 06:00:00,34.11
2014-04-05 07:00:00,30.62
2014-04-05 08:00:00,32.3
2014-04-05 09:00:00,34.66
2014-04-05 10:00:00,31.61
2014-04-05 11:00:00,33.79
2014-04-05 12:00:00,34.98
2014-04-05 13:00:00,31.4
2014-04-05 14:00:00,32.19
2014-04-05 15:00:00,32.37
2014-04-05 16:00:00,32.98
2014-04-05 17:00:00,28.74
2014-04-05 18:00:00,29.01
2014-04-05 19:00:00,33.87
2014-04-05 20:00:00,34.35
2014-04-05 21:00:00,35.21
2014-04-05 22:00:00,31.2
2014-04-05 23:00:00,30.34
2014-04-06 00:00:00,37.27
2014-04-06 01:00:00,32.44
2014-04-06 02:00:00,30.4
2014-04-06 03:00:00,28.64
2014-04-06 04:00:00,33.57
2014-04-06 05:00:00,35.72
2014-04-06 06:00:00,32.82
2014-04-06 07:00:00,31.35
2014-04-06 08:00:00,33.73
2014-04-06 09:00:00,33.86
2014-04-06 10:00:00,33.09
2014-04-06 11:00:00,31.76
2014-04-06 12:00:00,30.91
2014-04-06 13:00:00,28.72
2014-04-06 14:00:00,27.88
2014-04-06 15:00:00,29.63
2014-04-06 16:00:00,26.36
2014-04-06 17:00:00,29.87
2014-04-06 18:00:00,33.48
2014-04-06 19:00:00,36.51
2014-04-06 20:00:00,33.95
2014-04-06 21:00:00,28.35
2014-04-06 22:00:00,28.24
2014-04-06 23:00:00,27.96
2014-04-07 00:00:00,24.38
2014-04-07 01:00:00,25.01
2014-04-07 02:00:00,30.6
2014-04-07 03:00:00,29.02
2014-04-07 04:00:00,28.82
2014-04-07 05:00:00,30.05
2014-04-07 06:00:00,35.06
2014-04-07 07:00:00,34.37
2014-04-07 08:00:00,31.02
2014-04-07 09:00:00,34.85
2014-04-07 10:00:00,31.21
2014-04-07 11:00:00,29.55
2014-04-07 12:00:00,32.72
2014-04-07 13:00:00,29.47
2014-04-07 14:00:00,30.29
2014-04-07 15:00:00,28.64
2014-04-07 16:00:00,28.42
2014-04-07 17:00:00,30.06
2014-04-07 18:00:00,30.74
2014-04-07 19:00:00,31.14
2014-04-07 20:00:00,31.65
2014-04-07 21:00:00,30.69
2014-04-07 22:00:00,29.7
2014-04-07 23:00:00,25.53
2014-04-08 00:00:00,26.42
2014-04-08 01:00:00,29.81
2014-04-08 02:00:00,30.38
2014-04-08 03:00:00,30.53
2014-04-08 04:00:00,35.41
2014-04-08 05:00:00,32.66
2014-04-08 06:00:00,33.06
2014-04-08 07:00:00,29.11
2014-04-08 08:00:00,35.18
2014-04-08 09:00:00,34.11
2014-04-08 10:00:00,33.89
2014-04-08 11:00:00,36.44
2014-04-08 12:00:00,33.69
2014-04-08 13:00:00,33.62
2014-04-08 14:00:00,33.18
2014-04-08 15:00:00,34.16
2014-04-08 16:00:00,36.23
2014-04-08 17:00:00,33.85
2014-04-08 18:00:00,36.15
2014-04-08 19:00:00,35.64
2014-04-08 20:00:00,31.27
2014-04-08 21:00:00,29.79
2014-04-08 22:00:00,27.12
2014-04-08 23:00:00,29.9
2014-04-09 00:00:00,31.97
2014-04-09 01:00:00,31.31
2014-04-09 02:00:00,30.97
2014-04-09 03:00:00,29.11
2014-04-09 04:00:00,32.93
2014-04-09 05:00:00,27.03
2014-04-09 06:00:00,31.06
2014-04-09 07:00:00,28.85
2014-04-09 08:00:00,30.36
2014-04-09 09:00:00,28.19
2014-04-09 10:00:00,31.28
2014-04-09 11:00:00,33.2
2014-04-09 12:00:00,31.36
2014-04-09 13:00:00,33.55
2014-04-09 14:00:00,35.55
2014-04-09 15:00:00,31.23
2014-04-09 16:00:00,29.74
2014-04-09 17:00:00,26.48
2014-04-09 18:00:00,26.71
2014-04-09 19:00:00,36.31
2014-04-09 20:00:00,30.92
2014-04-09 21:00:00,29.54
2014-04-09 22:00:00,29.17
2014-04-09 23:00:00,24.83
2014-04-10 00:00:00,2.84
2014-04-10 01:00:00,28.11
2014-04-10 02:00:00,29.66
2014-04-10 03:00:00,28.91
2014-04-10 04:00:00,27.69
2014-04-10 05:00:00,32.76
2014-04-10 06:00:00,39.72
2014-04-10 07:00:00,34.65
2014-04-10 08:00:00,33.85
2014-04-10 09:00:00,28.01
2014-04-10 10:00:00,29.02
2014-04-10 11:00:00,29.45
2014-04-10 12:00:00,33.96
2014-04-10 13:00:00,33.32
2014-04-10 14:00:00,34.09
2014-04-10 15:00:00,34.04
2014-04-10 16:00:00,33.2
2014-04-10 17:00:00,33.84
2014-04-10 18:00:00,28.08
2014-04-10 19:00:00,30.74
2014-04-10 20:00:00,31.78
2014-04-10 21:00:00,31.61
2014-04-10 22:00:00,28.83
2014-04-10 23:00:00,26.24
2014-04-11 00:00:00,27.56
2014-04-11 01:00:00,32.28
2014-04-11 02:00:00,33.63
2014-04-11 03:00:00,31.59
2014-04-11 04:00:00,32.12
2014-04-11 05:00:00,34.37
2014-04-11 06:00:00,33.29
2014-04-11 07:00:00,29.86
2014-04-11 08:00:00,34.02
2014-04-11 09:00:00,35.44
2014-04-11 10:00:00,33.72
2014-04-11 11:00:00,32.83
2014-04-11 12:00:00,32.7
2014-04-11 13:00:00,34.05
2014-04-11 14:00:00,34.21
2014-04-11 15:00:00,34.48
2014-04-11 16:00:00,30.37
2014-04-11 17:00:00,30.93
2014-04-11 18:00:00,30.06
2014-04-11 19:00:00,31.03
2014-04-11 20:00:00,30.74
2014-04-11 21:00:00,28.46
2014-04-11 22:00:00,28.3
2014-04-11 23:00:00,29.23
2014-04-12 00:00:00,28.6
2014-04-12 01:00:00,31.83
2014-04-12 02:00:00,31.22
2014-04-12 03:00:00,33.43
2014-04-12 04:00:00,31.26
2014-04-12 05:00:00,32.06
2014-04-12 06:00:00,28.03
2014-04-12 07:00:00,29.52
2014-04-12 08:00:00,37.82
2014-04-12 09:00:00,33.06
2014-04-12 10:00:00,32.46
2014-04-12 11:00:00,32.22
2014-04-12 12:00:00,30.73
2014-04-12 13:00:00,32
2014-04-12 14:00:00,32.85
2014-04-12 15:00:00,36.05
2014-04-12 16:00:00,32.87
2014-04-12 17:00:00,34.38
2014-04-12 18:00:00,34.04
2014-04-12 19:00:00,35.24
2014-04-12 20:00:00,35.37
2014-04-12 21:00:00,32.61
2014-04-12 22:00:00,30.9
2014-04-12 23:00:00,29.89
2014-04-13 00:00:00,31.55
2014-04-13 01:00:00,31.53
2014-04-13 02:00:00,32.59
2014-04-13 03:00:00,31.36
2014-04-13 04:00:00,35.7
2014-04-13 05:00:00,33.07
2014-04-13 06:00:00,32.32
2014-04-13 07:00:00,28.62
2014-04-13 08:00:00,31.08
2014-04-13 09:00:00,31.11
2014-04-13 10:00:00,27.04
2014-04-13 11:00:00,32.19
2014-04-13 12:00:00,34.97
2014-04-13 13:00:00,27.77
2014-04-13 14:00:00,32.67
2014-04-13 15:00:00,32.55
2014-04-13 16:00:00,31.51
2014-04-13 17:00:00,30.27
2014-04-13 18:00:00,31.18
2014-04-13 19:00:00,28.48
2014-04-13 20:00:00,31.86
2014-04-13 21:00:00,29.5
2014-04-13 22:00:00,33.11
2014-04-13 23:00:00,27.85
2014-04-14 00:00:00,31.9
2014-04-14 01:00:00,30.59
2014-04-14 02:00:00,35.39
2014-04-14 03:00:00,30.5
2014-04-14 04:00:00,32.19
2014-04-14 05:00:00,28.31
2014-04-14 06:00:00,31.39
2014-04-14 07:00:00,28.6
2014-04-14 08:00:00,32.99
2014-04-14 09:00:00,34.27
2014-04-14 10:00:00,32.95
2014-04-14 11:00:00,33.39
2014-04-14 12:00:00,32.4
2014-04-14 13:00:00,32.21
2014-04-14 14:00:00,32.98
2014-04-14 15:00:00,31.07
2014-04-14 16:00:00,31.99
2014-04-14 17:00:00,32.98
2014-04-14 18:00:00,27.02
2014-04-14 19:00:00,32.14
2014-04-14 20:00:00,32.68
2014-04-14 21:00:00,28.9
2014-04-14 22:00:00,27.99
2014-04-14 23:00:00,31.75
2014-04-15 00:00:00,33.96
2014-04-15 01:00:00,32.79
2014-04-15 02:00:00,33.4
2014-04-15 03:00:00,31.73
2014-04-15 04:00:00,34.11
2014-04-15 05:00:00,31.95
2014-04-15 06:00:00,29.41
2014-04-15 07:00:00,33.28
2014-04-15 08:00:00,33.95
2014-04-15 09:00:00,33.26
2014-04-15 10:00:00,32.3
2014-04-15 11:00:00,32.85
2014-04-15 12:00:00,32.58
2014-04-15 13:00:00,34.35
2014-04-15 14:00:00,32.29
2014-04-15 15:00:00,34.24
2014-04-15 16:00:00,31.68
2014-04-15 17:00:00,32.41
2014-04-15 18:00:00,28.33
2014-04-15 19:00:00,32.06
2014-04-15 20:00:00,33.23
2014-04-15 21:00:00,32.34
2014-04-15 22:00:00,28.81
2014-04-15 23:00:00,28.43
2014-04-16 00:00:00,31.2
2014-04-16 01:00:00,30.35
2014-04-16 02:00:00,31.2
2014-04-16 03:00:00,35.97
2014-04-16 04:00:00,32.8
2014-04-16 05:00:00,32.14
2014-04-16 06:00:00,33.75
2014-04-16 07:00:00,32.24
2014-04-16 08:00:00,34.23
2014-04-16 09:00:00,31.26
2014-04-16 10:00:00,37.4
2014-04-16 11:00:00,29.82
2014-04-16 12:00:00,30.22
2014-04-16 13:00:00,29.41
2014-04-16 14:00:00,36.14
2014-04-16 15:00:00,32.74
2014-04-16 16:00:00,32.54
2014-04-16 17:00:00,33.23
2014-04-16 18:00:00,30.86
2014-04-16 19:00:00,35.49
2014-04-16 20:00:00,32.6
2014-04-16 21:00:00,31.56
2014-04-16 22:00:00,27.88
2014-04-16 23:00:00,32.7
2014-04-17 00:00:00,5.01
2014-04-17 01:00:00,31.32
2014-04-17 02:00:00,32.92
2014-04-17 03:00:00,36.09
2014-04-17 04:00:00,34.05
2014-04-17 05:00:00,32.91
2014-04-17 06:00:00,31.43
2014-04-17 07:00:00,29.63
2014-04-17 08:00:00,30.9
2014-04-17 09:00:00,31.56
2014-04-17 10:00:00,32.93
2014-04-17 11:00:00,31.63
2014-04-17 12:00:00,36.34
2014-04-17 13:00:00,34.72
2014-04-17 14:00:00,33.88
2014-04-17 15:00:00,31.37
2014-04-17 16:00:00,33.76
2014-04-17 17:00:00,31.7
2014-04-17 18:00:00,25.92
2014-04-17 19:00:00,32.57
2014-04-17 20:00:00,28.04
2014-04-17 21:00:00,28.8
2014-04-17 22:00:00,29.43
2014-04-17 23:00:00,34.51
2014-04-18 00:00:00,34.15
2014-04-18 01:00:00,31.26
2014-04-18 02:00:00,35.71
2014-04-18 03:00:00,33.61
2014-04-18 04:00:00,32.47
2014-04-18 05:00:00,25.56
2014-04-18 06:00:00,32.28
2014-04-18 07:00:00,25.7
2014-04-18 08:00:00,25.75
2014-04-18 09:00:00,31.16
2014-04-18 10:00:00,33.08
2014-04-18 11:00:00,29.75
2014-04-18 12:00:00,32.3
2014-04-18 13:00:00,33.62
2014-04-18 14:00:00,34.98
2014-04-18 15:00:00,29.58
2014-04-18 16:00:00,31.69
2014-04-18 17:00:00,31.53
2014-04-18 18:00:00,34.35
2014-04-18 19:00:00,32.21
2014-04-18 20:00:00,31.97
2014-04-18 21:00:00,33.59
2014-04-18 22:00:00,31.32
2014-04-18 23:00:00,33.17
2014-04-19 00:00:00,32.11
2014-04-19 01:00:00,29.3
2014-04-19 02:00:00,31.12
2014-04-19 03:00:00,30.34
2014-04-19 04:00:00,28.36
2014-04-19 05:00:00,27.4
2014-04-19 06:00:00,28.45
2014-04-19 07:00:00,31.05
2014-04-19 08:00:00,33.9
2014-04-19 09:00:00,32.08
2014-04-19 10:00:00,32.1
2014-04-19 11:00:00,34.16
2014-04-19 12:00:00,29.14
2014-04-19 13:00:00,26.16
2014-04-19 14:00:00,25.96
2014-04-19 15:00:00,32.01
2014-04-19 16:00:00,36.6
2014-04-19 17:00:00,33.01
2014-04-19 18:00:00,32.41
2014-04-19 19:00:00,30.76
2014-04-19 20:00:00,31.07
2014-04-19 21:00:00,32.88
2014-04-19 22:00:00,31.2
2014-04-19 23:00:00,28.64
2014-04-20 00:00:00,34.93
2014-04-20 01:00:00,28.59
2014-04-20 02:00:00,26.89
2014-04-20 03:00:00,28.26
2014-04-20 04:00:00,28.73
2014-04-20 05:00:00,26.7
2014-04-20 06:00:00,31.12
2014-04-20 07:00:00,29.14
2014-04-20 08:00:00,30.8
2014-04-20 09:00:00,33.56
2014-04-20 10:00:00,31
2014-04-20 11:00:00,29.3
2014-04-20 12:00:00,28.31
2014-04-20 13:00:00,32.18
2014-04-20 14:00:00,29.53
2014-04-20 15:00:00,30.73
2014-04-20 16:00:00,37.48
2014-04-20 17:00:00,33.39
2014-04-20 18:00:00,28.7
2014-04-20 19:00:00,31.03
2014-04-20 20:00:00,30.97
2014-04-20 21:00:00,30.28
2014-04-20 22:00:00,29.47
2014-04-20 23:00:00,30.42
2014-04-21 00:00:00,32.61
2014-04-21 01:00:00,30.69
2014-04-21 02:00:00,30.57
2014-04-21 03:00:00,30.68
2014-04-21 04:00:00,32.01
2014-04-21 05:00:00,34.49
2014-04-21 06:00:00,35.59
2014-04-21 07:00:00,33.07
2014-04-21 08:00:00,35.24
2014-04-21 09:00:00,36.67
2014-04-21 10:00:00,34.54
2014-04-21 11:00:00,38.65
2014-04-21 12:00:00,35.53
2014-04-21 13:00:00,37.31
2014-04-21 14:00:00,37.74
2014-04-21 15:00:00,35.45
2014-04-21 16:00:00,33.13
2014-04-21 17:00:00,33.37
2014-04-21 18:00:00,32.3
2014-04-21 19:00:00,31.25
2014-04-21 20:00:00,32.66
2014-04-21 21:00:00,31.94
2014-04-21 22:00:00,29.48
2014-04-21 23:00:00,28.22
2014-04-22 00:00:00,26.69
2014-04-22 01:00:00,30.6
2014-04-22 02:00:00,31.93
2014-04-22 03:00:00,29.95
2014-04-22 04:00:00,33.41
2014-04-22 05:00:00,33.15
2014-04-22 06:00:00,37.8
2014-04-22 07:00:00,36.36
2014-04-22 08:00:00,37.49
2014-04-22 09:00:00,38.29
2014-04-22 10:00:00,36
2014-04-22 11:00:00,34.96
2014-04-22 12:00:00,37.81
2014-04-22 13:00:00,32.73
2014-04-22 14:00:00,36.02
2014-04-22 15:00:00,34.57
2014-04-22 16:00:00,33.72
2014-04-22 17:00:00,33.12
2014-04-22 18:00:00,32.99
2014-04-22 19:00:00,34.41
2014-04-22 20:00:00,32.61
2014-04-22 21:00:00,32.8
2014-04-22 22:00:00,30.84
2014-04-22 23:00:00,30.86
2014-04-23 00:00:00,36.88
2014-04-23 01:00:00,35.98
2014-04-23 02:00:00,34.61
2014-04-23 03:00:00,32.17
2014-04-23 04:00:00,31.62
2014-04-23 05:00:00,35.38
2014-04-23 06:00:00,31.14
2014-04-23 07:00:00,34.75
2014-04-23 08:00:00,34.7
2014-04-23 09:00:00,37.02
2014-04-23 10:00:00,29.08
2014-04-23 11:00:00,31.61
2014-04-23 12:00:00,32.36
2014-04-23 13:00:00,32.62
2014-04-23 14:00:00,37.35
2014-04-23 15:00:00,35.22
2014-04-23 16:00:00,33.52
2014-04-23 17:00:00,36.35
2014-04-23 18:00:00,31.63
2014-04-23 19:00:00,34.26
2014-04-23 20:00:00,32.67
2014-04-23 21:00:00,32.98
2014-04-23 22:00:00,31.87
2014-04-23 23:00:00,32.69
2014-04-24 00:00:00,35.96
2014-04-24 01:00:00,31.02
2014-04-24 02:00:00,32.42
2014-04-24 03:00:00,32.91
2014-04-24 04:00:00,29.58
2014-04-24 05:00:00,28.53
2014-04-24 06:00:00,38.48
2014-04-24 07:00:00,32.81
2014-04-24 08:00:00,35.19
2014-04-24 09:00:00,36.62
2014-04-24 10:00:00,33.39
2014-04-24 11:00:00,33.64
2014-04-24 12:00:00,33.04
2014-04-24 13:00:00,32.54
2014-04-24 14:00:00,34.83
2014-04-24 15:00:00,33.61
2014-04-24 16:00:00,31.91
2014-04-24 17:00:00,30.48
2014-04-24 18:00:00,32.47
2014-04-24 19:00:00,31.78
2014-04-24 20:00:00,31.15
2014-04-24 21:00:00,28.9
2014-04-24 22:00:00,30.08
2014-04-24 23:00:00,24.67
2014-04-25 00:00:00,28.04
2014-04-25 01:00:00,31.77
2014-04-25 02:00:00,30.72
2014-04-25 03:00:00,31.52
2014-04-25 04:00:00,30.99
2014-04-25 05:00:00,28.47
2014-04-25 06:00:00,28.65
2014-04-25 07:00:00,31.29
2014-04-25 08:00:00,34.53
2014-04-25 09:00:00,33.63
2014-04-25 10:00:00,31.72
2014-04-25 11:00:00,32.18
2014-04-25 12:00:00,32.42
2014-04-25 13:00:00,33.01
2014-04-25 14:00:00,34.48
2014-04-25 15:00:00,34.23
2014-04-25 16:00:00,32.74
2014-04-25 17:00:00,32.42
2014-04-25 18:00:00,30.93
2014-04-25 19:00:00,36.76
2014-04-25 20:00:00,36.25
2014-04-25 21:00:00,32
2014-04-25 22:00:00,32.93
2014-04-25 23:00:00,33.85
2014-04-26 00:00:00,34.95
2014-04-26 01:00:00,38.45
2014-04-26 02:00:00,33.31
2014-04-26 03:00:00,33.24
2014-04-26 04:00:00,27.46
2014-04-26 05:00:00,31.81
2014-04-26 06:00:00,27.08
2014-04-26 07:00:00,36.09
2014-04-26 08:00:00,35.93
2014-04-26 09:00:00,33.01
2014-04-26 10:00:00,35.61
2014-04-26 11:00:00,34
2014-04-26 12:00:00,28.47
2014-04-26 13:00:00,27.95
2014-04-26 14:00:00,32.87
2014-04-26 15:00:00,29.86
2014-04-26 16:00:00,32.19
2014-04-26 17:00:00,30.44
2014-04-26 18:00:00,35
2014-04-26 19:00:00,33.13
2014-04-26 20:00:00,33.95
2014-04-26 21:00:00,26.55
2014-04-26 22:00:00,30.71
2014-04-26 23:00:00,28.68
2014-04-27 00:00:00,34.51
2014-04-27 01:00:00,34.7
2014-04-27 02:00:00,29.67
2014-04-27 03:00:00,31.1
2014-04-27 04:00:00,34.03
2014-04-27 05:00:00,33.58
2014-04-27 06:00:00,33.44
2014-04-27 07:00:00,33.94
2014-04-27 08:00:00,33.51
2014-04-27 09:00:00,33.11
2014-04-27 10:00:00,28.9
2014-04-27 11:00:00,34.25
2014-04-27 12:00:00,35.6
2014-04-27 13:00:00,32.16
2014-04-27 14:00:00,32.84
2014-04-27 15:00:00,31.86
2014-04-27 16:00:00,32.07
2014-04-27 17:00:00,34.65
2014-04-27 18:00:00,32.53
2014-04-27 19:00:00,32.52
2014-04-27 20:00:00,35.87
2014-04-27 21:00:00,32.38
2014-04-27 22:00:00,32.32
2014-04-27 23:00:00,25.24
2014-04-28 00:00:00,6.76
2014-04-28 01:00:00,43.56
2014-04-28 02:00:00,43.47
2014-04-28 03:00:00,43.6
2014-04-28 04:00:00,43.6
2014-04-28 05:00:00,43.55
2014-04-28 06:00:00,43.64
2014-04-28 07:00:00,43.54
2014-04-28 08:00:00,43.59
2014-04-28 09:00:00,43.58
2014-04-28 10:00:00,43.67
2014-04-28 11:00:00,43.62
2014-04-28 12:00:00,43.51
2014-04-28 13:00:00,43.57
2014-04-28 14:00:00,43.6
2014-04-28 15:00:00,43.6
2014-04-28 16:00:00,44.01
2014-04-28 17:00:00,43.51
2014-04-28 18:00:00,43.7
2014-04-28 19:00:00,43.81
2014-04-28 20:00:00,43.81
2014-04-28 21:00:00,43.66
2014-04-28 22:00:00,43.77
2014-04-28 23:00:00,42.75
2014-04-29 00:00:00,21.03
2014-04-29 01:00:00,43.62
2014-04-29 02:00:00,43.56
2014-04-29 03:00:00,43.82
2014-04-29 04:00:00,43.82
2014-04-29 05:00:00,44.08
2014-04-29 06:00:00,43.59
2014-04-29 07:00:00,43.64
2014-04-29 08:00:00,43.75
2014-04-29 09:00:00,43.77
2014-04-29 10:00:00,43.78
2014-04-29 11:00:00,43.82
2014-04-29 12:00:00,43.74
2014-04-29 13:00:00,43.72
2014-04-29 14:00:00,43.72
2014-04-29 15:00:00,43.75
2014-04-29 16:00:00,44.23
2014-04-29 17:00:00,43.78
2014-04-29 18:00:00,43.72
2014-04-29 19:00:00,43.79
2014-04-29 20:00:00,43.71
2014-04-29 21:00:00,43.68
2014-04-29 22:00:00,43.71
2014-04-29 23:00:00,43.49
2014-04-30 00:00:00,38.49
2014-04-30 01:00:00,43.66
2014-04-30 02:00:00,43.69
2014-04-30 03:00:00,43.65
2014-04-30 04:00:00,43.7
2014-04-30 05:00:00,43.66
2014-04-30 06:00:00,43.69
2014-04-30 07:00:00,43.64
2014-04-30 08:00:00,43.86
2014-04-30 09:00:00,43.78
2014-04-30 10:00:00,43.69
2014-04-30 11:00:00,43.74
2014-04-30 12:00:00,43.86
2014-04-30 13:00:00,43.73
2014-04-30 14:00:00,43.78
2014-04-30 15:00:00,43.75
2014-04-30 16:00:00,43.73
2014-04-30 17:00:00,43.42
2014-04-30 18:00:00,43.82
2014-04-30 19:00:00,44.02
2014-04-30 20:00:00,43.87
2014-04-30 21:00:00,43.75
2014-04-30 22:00:00,43.71
2014-04-30 23:00:00,44.03
2014-05-01 00:00:00,38.5
2014-05-01 01:00:00,43.71
2014-05-01 02:00:00,43.89
2014-05-01 03:00:00,44.1
2014-05-01 04:00:00,43.73
2014-05-01 05:00:00,43.87
2014-05-01 06:00:00,43.94
2014-05-01 07:00:00,43.71
2014-05-01 08:00:00,44.18
2014-05-01 09:00:00,43.89
2014-05-01 10:00:00,43.82
2014-05-01 11:00:00,43.9
2014-05-01 12:00:00,43.86
2014-05-01 13:00:00,43.84
2014-05-01 14:00:00,43.88
2014-05-01 15:00:00,43.94
2014-05-01 16:00:00,43.73
2014-05-01 17:00:00,43.71
2014-05-01 18:00:00,43.57
2014-05-01 19:00:00,43.86
2014-05-01 20:00:00,43.83
2014-05-01 21:00:00,43.78
2014-05-01 22:00:00,43.99
2014-05-01 23:00:00,43.92
2014-05-02 00:00:00,40.16
2014-05-02 01:00:00,43.74
2014-05-02 02:00:00,44
2014-05-02 03:00:00,43.91
2014-05-02 04:00:00,43.94
2014-05-02 05:00:00,43.92
2014-05-02 06:00:00,43.97
2014-05-02 07:00:00,44.02
2014-05-02 08:00:00,43.91
2014-05-02 09:00:00,44
2014-05-02 10:00:00,43.9
2014-05-02 11:00:00,43.41
2014-05-02 12:00:00,43.85
2014-05-02 13:00:00,43.88
2014-05-02 14:00:00,43.95
2014-05-02 15:00:00,43.87
2014-05-02 16:00:00,43.9
2014-05-02 17:00:00,43.95
2014-05-02 18:00:00,43.94
2014-05-02 19:00:00,43.9
2014-05-02 20:00:00,43.82
2014-05-02 21:00:00,43.88
2014-05-02 22:00:00,43.85
2014-05-02 23:00:00,43.85
2014-05-03 00:00:00,15.56
2014-05-03 01:00:00,43.21
2014-05-03 02:00:00,43.94
2014-05-03 03:00:00,43.92
2014-05-03 04:00:00,43.87
2014-05-03 05:00:00,44.13
2014-05-03 06:00:00,44.09
2014-05-03 07:00:00,43.92
2014-05-03 08:00:00,43.95
2014-05-03 09:00:00,44.07
2014-05-03 10:00:00,43.84
2014-05-03 11:00:00,44.12
2014-05-03 12:00:00,43.93
2014-05-03 13:00:00,43.98
2014-05-03 14:00:00,43.97
2014-05-03 15:00:00,44.02
2014-05-03 16:00:00,43.94
2014-05-03 17:00:00,43.93
2014-05-03 18:00:00,43.92
2014-05-03 19:00:00,43.95
2014-05-03 20:00:00,43.96
2014-05-03 21:00:00,43.95
2014-05-03 22:00:00,43.94
2014-05-03 23:00:00,43.99
2014-05-04 00:00:00,44.27
2014-05-04 01:00:00,43.86
2014-05-04 02:00:00,43.92
2014-05-04 03:00:00,43.9
2014-05-04 04:00:00,43.91
2014-05-04 05:00:00,44
2014-05-04 06:00:00,44.03
2014-05-04 07:00:00,43.93
2014-05-04 08:00:00,43.96
2014-05-04 09:00:00,43.91
2014-05-04 10:00:00,43.93
2014-05-04 11:00:00,43.91
2014-05-04 12:00:00,43.97
2014-05-04 13:00:00,43.88
2014-05-04 14:00:00,43.87
2014-05-04 15:00:00,43.93
2014-05-04 16:00:00,43.99
2014-05-04 17:00:00,43.92
2014-05-04 18:00:00,43.99
2014-05-04 19:00:00,43.99
2014-05-04 20:00:00,43.98
2014-05-04 21:00:00,43.98
2014-05-04 22:00:00,44.02
2014-05-04 23:00:00,43.84
2014-05-05 00:00:00,21.75
2014-05-05 01:00:00,2.42
2014-05-05 02:00:00,2.42
2014-05-05 03:00:00,2.42
2014-05-05 04:00:00,2.420000001
2014-05-05 05:00:00,6.45
2014-05-05 06:00:00,39.2
2014-05-05 07:00:00,39.69
2014-05-05 08:00:00,39.76
2014-05-05 09:00:00,39.61
2014-05-05 10:00:00,39.57
2014-05-05 11:00:00,39.9
2014-05-05 12:00:00,43.5
2014-05-05 13:00:00,38.92
2014-05-05 14:00:00,41.44
2014-05-05 15:00:00,43.94
2014-05-05 16:00:00,43.73
2014-05-05 17:00:00,39.59
2014-05-05 18:00:00,39.53
2014-05-05 19:00:00,39.78
2014-05-05 20:00:00,44.18
2014-05-05 21:00:00,44.14
2014-05-05 22:00:00,39.47
2014-05-05 23:00:00,26.19
2014-05-06 00:00:00,2.42
2014-05-06 01:00:00,2.42
2014-05-06 02:00:00,2.42
2014-05-06 03:00:00,2.42
2014-05-06 04:00:00,2.42
2014-05-06 05:00:00,2.42
2014-05-06 06:00:00,2.42
2014-05-06 07:00:00,2.420000001
2014-05-06 08:00:00,9.7
2014-05-06 09:00:00,44.03
2014-05-06 10:00:00,44.05
2014-05-06 11:00:00,44.07
2014-05-06 12:00:00,44.1
2014-05-06 13:00:00,44.16
2014-05-06 14:00:00,44.18
2014-05-06 15:00:00,44.28
2014-05-06 16:00:00,43.99
2014-05-06 17:00:00,44.01
2014-05-06 18:00:00,44.07
2014-05-06 19:00:00,44.04
2014-05-06 20:00:00,44.16
2014-05-06 21:00:00,44.06
2014-05-06 22:00:00,44.01
2014-05-06 23:00:00,36.88
2014-05-07 00:00:00,2.42
2014-05-07 01:00:00,1.78
2014-05-07 02:00:00,1.78
2014-05-07 03:00:00,1.78
2014-05-07 04:00:00,5.510000005
2014-05-07 05:00:00,35.22
2014-05-07 06:00:00,35.29
2014-05-07 07:00:00,37.97
2014-05-07 08:00:00,38.39
2014-05-07 09:00:00,37.9
2014-05-07 10:00:00,37.76
2014-05-07 11:00:00,37.93
2014-05-07 12:00:00,37.96
2014-05-07 13:00:00,38.06
2014-05-07 14:00:00,38.03
2014-05-07 15:00:00,38.01
2014-05-07 16:00:00,38.17
2014-05-07 17:00:00,38.19
2014-05-07 18:00:00,38.5
2014-05-07 19:00:00,38.7
2014-05-07 20:00:00,43.32
2014-05-07 21:00:00,43.3
2014-05-07 22:00:00,31.46999999
2014-05-07 23:00:00,1.78
2014-05-08 00:00:00,1.78
2014-05-08 01:00:00,1.78
2014-05-08 02:00:00,1.78
2014-05-08 03:00:00,1.78
2014-05-08 04:00:00,1.78
2014-05-08 05:00:00,3.86
2014-05-08 06:00:00,34.96
2014-05-08 07:00:00,35.36
2014-05-08 08:00:00,34.9
2014-05-08 09:00:00,35.55
2014-05-08 10:00:00,35.5
2014-05-08 11:00:00,35.46
2014-05-08 12:00:00,35.22
2014-05-08 13:00:00,35.21
2014-05-08 14:00:00,34.97
2014-05-08 15:00:00,35.31
2014-05-08 16:00:00,35.43
2014-05-08 17:00:00,35.3
2014-05-08 18:00:00,35.42
2014-05-08 19:00:00,35.36
2014-05-08 20:00:00,35.55
2014-05-08 21:00:00,35.61
2014-05-08 22:00:00,35.48
2014-05-08 23:00:00,29.09
2014-05-09 00:00:00,1.78
2014-05-09 01:00:00,1.78
2014-05-09 02:00:00,1.78
2014-05-09 03:00:00,1.78
2014-05-09 04:00:00,1.78
2014-05-09 05:00:00,3.3
2014-05-09 06:00:00,24.43
2014-05-09 07:00:00,35.23
2014-05-09 08:00:00,35.55
2014-05-09 09:00:00,35.56
2014-05-09 10:00:00,35.21
2014-05-09 11:00:00,35.44
2014-05-09 12:00:00,35.44
2014-05-09 13:00:00,35.49
2014-05-09 14:00:00,35.41
2014-05-09 15:00:00,35.56
2014-05-09 16:00:00,35.5
2014-05-09 17:00:00,35.43
2014-05-09 18:00:00,35.42
2014-05-09 19:00:00,35.52
2014-05-09 20:00:00,35.34
2014-05-09 21:00:00,35.44
2014-05-09 22:00:00,34.49
2014-05-09 23:00:00,18.06
2014-05-10 00:00:00,1.78
2014-05-10 01:00:00,1.78
2014-05-10 02:00:00,1.78
2014-05-10 03:00:00,1.78
2014-05-10 04:00:00,1.78
2014-05-10 05:00:00,1.78
2014-05-10 06:00:00,5.31
2014-05-10 07:00:00,33.6
2014-05-10 08:00:00,33.61
2014-05-10 09:00:00,35.66
2014-05-10 10:00:00,35.7
2014-05-10 11:00:00,35.8
2014-05-10 12:00:00,35.31
2014-05-10 13:00:00,35.71
2014-05-10 14:00:00,35.66
2014-05-10 15:00:00,35.37
2014-05-10 16:00:00,35.78
2014-05-10 17:00:00,33.29
2014-05-10 18:00:00,22.47
2014-05-10 19:00:00,35.51
2014-05-10 20:00:00,35.58
2014-05-10 21:00:00,35.51
2014-05-10 22:00:00,35.49999999
2014-05-10 23:00:00,3.75
2014-05-11 00:00:00,1.78
2014-05-11 01:00:00,1.78
2014-05-11 02:00:00,1.78
2014-05-11 03:00:00,1.78
2014-05-11 04:00:00,1.78
2014-05-11 05:00:00,1.78
2014-05-11 06:00:00,1.78
2014-05-11 07:00:00,3.290000006
2014-05-11 08:00:00,35.36
2014-05-11 09:00:00,35.48
2014-05-11 10:00:00,35.47
2014-05-11 11:00:00,35.49
2014-05-11 12:00:00,35.5
2014-05-11 13:00:00,35.9
2014-05-11 14:00:00,35.68
2014-05-11 15:00:00,35.68
2014-05-11 16:00:00,35.54
2014-05-11 17:00:00,35.64
2014-05-11 18:00:00,27.98
2014-05-11 19:00:00,35.36
2014-05-11 20:00:00,35.56
2014-05-11 21:00:00,35.53
2014-05-11 22:00:00,25.7
2014-05-11 23:00:00,1.78
2014-05-12 00:00:00,1.78
2014-05-12 01:00:00,1.78
2014-05-12 02:00:00,1.78
2014-05-12 03:00:00,1.78
2014-05-12 04:00:00,1.78
2014-05-12 05:00:00,1.78
2014-05-12 06:00:00,1.78
2014-05-12 07:00:00,1.78
2014-05-12 08:00:00,1.78
2014-05-12 09:00:00,30.99
2014-05-12 10:00:00,31.6
2014-05-12 11:00:00,35.89
2014-05-12 12:00:00,35.83
2014-05-12 13:00:00,35.81
2014-05-12 14:00:00,35.58
2014-05-12 15:00:00,32.76
2014-05-12 16:00:00,33.99
2014-05-12 17:00:00,32.74
2014-05-12 18:00:00,32.89
2014-05-12 19:00:00,34.96
2014-05-12 20:00:00,35.59
2014-05-12 21:00:00,35.56
2014-05-12 22:00:00,35.56
2014-05-12 23:00:00,32.7
2014-05-13 00:00:00,1.78
2014-05-13 01:00:00,1.78
2014-05-13 02:00:00,1.78
2014-05-13 03:00:00,1.78
2014-05-13 04:00:00,1.78
2014-05-13 05:00:00,1.78
2014-05-13 06:00:00,1.78
2014-05-13 07:00:00,6.98E-10
2014-05-13 08:00:00,4
2014-05-13 09:00:00,30.4
2014-05-13 10:00:00,30.4
2014-05-13 11:00:00,28.6
2014-05-13 12:00:00,30.4
2014-05-13 13:00:00,25.6
2014-05-13 14:00:00,30.4
2014-05-13 15:00:00,30.4
2014-05-13 16:00:00,30.4
2014-05-13 17:00:00,30.4
2014-05-13 18:00:00,30.4
2014-05-13 19:00:00,30.4
2014-05-13 20:00:00,30.4
2014-05-13 21:00:00,30.4
2014-05-13 22:00:00,30.4
2014-05-13 23:00:00,22.8
2014-05-14 00:00:00,1.78
2014-05-14 01:00:00,1.78
2014-05-14 02:00:00,1.78
2014-05-14 03:00:00,1.78
2014-05-14 04:00:00,1.78
2014-05-14 05:00:00,1.78
2014-05-14 06:00:00,1.78
2014-05-14 07:00:00,1.78
2014-05-14 08:00:00,1.78
2014-05-14 09:00:00,27.75
2014-05-14 10:00:00,33.6
2014-05-14 11:00:00,35.79
2014-05-14 12:00:00,35.78
2014-05-14 13:00:00,33.64
2014-05-14 14:00:00,33.44
2014-05-14 15:00:00,33.54
2014-05-14 16:00:00,33.59
2014-05-14 17:00:00,33.25
2014-05-14 18:00:00,33.31
2014-05-14 19:00:00,35.66
2014-05-14 20:00:00,35.55
2014-05-14 21:00:00,35.61
2014-05-14 22:00:00,35.48
2014-05-14 23:00:00,28.72
2014-05-15 00:00:00,1.78
2014-05-15 01:00:00,1.78
2014-05-15 02:00:00,1.78
2014-05-15 03:00:00,1.78
2014-05-15 04:00:00,1.78
2014-05-15 05:00:00,1.78
2014-05-15 06:00:00,1.78
2014-05-15 07:00:00,1.780000001
2014-05-15 08:00:00,5.75
2014-05-15 09:00:00,35.24
2014-05-15 10:00:00,35.35
2014-05-15 11:00:00,35.91
2014-05-15 12:00:00,35.46
2014-05-15 13:00:00,35.64
2014-05-15 14:00:00,35.55
2014-05-15 15:00:00,35.53
2014-05-15 16:00:00,32.965
2014-05-15 17:00:00,30.4
2014-05-15 18:00:00,30.4
2014-05-15 19:00:00,30.4
2014-05-15 20:00:00,30.4
2014-05-15 21:00:00,30.4
2014-05-15 22:00:00,30.4
2014-05-15 23:00:00,28
2014-05-16 00:00:00,1.78
2014-05-16 01:00:00,1.78
2014-05-16 02:00:00,1.78
2014-05-16 03:00:00,1.78
2014-05-16 04:00:00,1.78
2014-05-16 05:00:00,1.78
2014-05-16 06:00:00,1.78
2014-05-16 07:00:00,5.440000004
2014-05-16 08:00:00,30.65
2014-05-16 09:00:00,35.46
2014-05-16 10:00:00,35.2
2014-05-16 11:00:00,33.35
2014-05-16 12:00:00,35.57
2014-05-16 13:00:00,33.46
2014-05-16 14:00:00,33.44
2014-05-16 15:00:00,35.66
2014-05-16 16:00:00,32.18
2014-05-16 17:00:00,31.09
2014-05-16 18:00:00,31.09
2014-05-16 19:00:00,30.82
2014-05-16 20:00:00,35.32
2014-05-16 21:00:00,33.39
2014-05-16 22:00:00,29.66
2014-05-16 23:00:00,1.78
2014-05-17 00:00:00,1.78
2014-05-17 01:00:00,1.78
2014-05-17 02:00:00,1.78
2014-05-17 03:00:00,1.78
2014-05-17 04:00:00,1.78
2014-05-17 05:00:00,1.78
2014-05-17 06:00:00,1.78
2014-05-17 07:00:00,1.780000001
2014-05-17 08:00:00,5.52
2014-05-17 09:00:00,33.3
2014-05-17 10:00:00,33.43
2014-05-17 11:00:00,33.63
2014-05-17 12:00:00,33.54
2014-05-17 13:00:00,33.45
2014-05-17 14:00:00,33.5
2014-05-17 15:00:00,33.62
2014-05-17 16:00:00,33.28
2014-05-17 17:00:00,33.3
2014-05-17 18:00:00,33.32
2014-05-17 19:00:00,33.31
2014-05-17 20:00:00,33.31
2014-05-17 21:00:00,33.31
2014-05-17 22:00:00,33.38
2014-05-17 23:00:00,28.43
2014-05-18 00:00:00,1.78
2014-05-18 01:00:00,1.78
2014-05-18 02:00:00,1.78
2014-05-18 03:00:00,1.78
2014-05-18 04:00:00,1.78
2014-05-18 05:00:00,1.78
2014-05-18 06:00:00,1.78
2014-05-18 07:00:00,1.78
2014-05-18 08:00:00,1.78
2014-05-18 09:00:00,5.62
2014-05-18 10:00:00,29.89
2014-05-18 11:00:00,19.77
2014-05-18 12:00:00,29.95
2014-05-18 13:00:00,20.02
2014-05-18 14:00:00,35.85
2014-05-18 15:00:00,35.58
2014-05-18 16:00:00,30.22
2014-05-18 17:00:00,22.72
2014-05-18 18:00:00,30.48
2014-05-18 19:00:00,30.72
2014-05-18 20:00:00,35.55
2014-05-18 21:00:00,35.56
2014-05-18 22:00:00,35.44
2014-05-18 23:00:00,25.67
2014-05-19 00:00:00,1.78
2014-05-19 01:00:00,1.78
2014-05-19 02:00:00,1.78
2014-05-19 03:00:00,1.78
2014-05-19 04:00:00,1.78
2014-05-19 05:00:00,1.78
2014-05-19 06:00:00,1.78
2014-05-19 07:00:00,1.780000001
2014-05-19 08:00:00,5.74
2014-05-19 09:00:00,35.59
2014-05-19 10:00:00,35.59
2014-05-19 11:00:00,35.89
2014-05-19 12:00:00,36.17
2014-05-19 13:00:00,36.22
2014-05-19 14:00:00,36.22
2014-05-19 15:00:00,36.18
2014-05-19 16:00:00,36.28
2014-05-19 17:00:00,35.64
2014-05-19 18:00:00,19.52
2014-05-19 19:00:00,24.29
2014-05-19 20:00:00,35.69
2014-05-19 21:00:00,35.88
2014-05-19 22:00:00,33.49
2014-05-19 23:00:00,27.11
2014-05-20 00:00:00,1.78
2014-05-20 01:00:00,1.78
2014-05-20 02:00:00,1.78
2014-05-20 03:00:00,1.78
2014-05-20 04:00:00,1.78
2014-05-20 05:00:00,1.78
2014-05-20 06:00:00,1.78
2014-05-20 07:00:00,1.780000006
2014-05-20 08:00:00,35.07
2014-05-20 09:00:00,35.71
2014-05-20 10:00:00,35.65
2014-05-20 11:00:00,35.66
2014-05-20 12:00:00,35.88
2014-05-20 13:00:00,36.37
2014-05-20 14:00:00,36.36
2014-05-20 15:00:00,36.42
2014-05-20 16:00:00,36.32
2014-05-20 17:00:00,36.07
2014-05-20 18:00:00,30.62
2014-05-20 19:00:00,35.89
2014-05-20 20:00:00,35.68
2014-05-20 21:00:00,36.05
2014-05-20 22:00:00,35.19
2014-05-20 23:00:00,19.02
2014-05-21 00:00:00,1.78
2014-05-21 01:00:00,1.78
2014-05-21 02:00:00,1.78
2014-05-21 03:00:00,1.78
2014-05-21 04:00:00,1.78
2014-05-21 05:00:00,1.78
2014-05-21 06:00:00,1.78
2014-05-21 07:00:00,3.850000005
2014-05-21 08:00:00,33.57
2014-05-21 09:00:00,30.44
2014-05-21 10:00:00,30.54
2014-05-21 11:00:00,35.97
2014-05-21 12:00:00,35.82
2014-05-21 13:00:00,35.86
2014-05-21 14:00:00,35.91
2014-05-21 15:00:00,35.9
2014-05-21 16:00:00,36.05
2014-05-21 17:00:00,35.64
2014-05-21 18:00:00,33.29
2014-05-21 19:00:00,30.83
2014-05-21 20:00:00,36.04
2014-05-21 21:00:00,36.21
2014-05-21 22:00:00,34.38999999
2014-05-21 23:00:00,1.78
2014-05-22 00:00:00,1.78
2014-05-22 01:00:00,1.78
2014-05-22 02:00:00,1.78
2014-05-22 03:00:00,1.78
2014-05-22 04:00:00,1.78
2014-05-22 05:00:00,1.78
2014-05-22 06:00:00,1.78
2014-05-22 07:00:00,4.490000003
2014-05-22 08:00:00,19.87
2014-05-22 09:00:00,27.77
2014-05-22 10:00:00,35.78
2014-05-22 11:00:00,35.91
2014-05-22 12:00:00,35.7
2014-05-22 13:00:00,35.87
2014-05-22 14:00:00,35.9
2014-05-22 15:00:00,35.86
2014-05-22 16:00:00,35.84
2014-05-22 17:00:00,35.94
2014-05-22 18:00:00,17.74
2014-05-22 19:00:00,35.67
2014-05-22 20:00:00,36.1
2014-05-22 21:00:00,35.98
2014-05-22 22:00:00,36.17
2014-05-22 23:00:00,15.32
2014-05-23 00:00:00,1.78
2014-05-23 01:00:00,1.78
2014-05-23 02:00:00,1.78
2014-05-23 03:00:00,1.78
2014-05-23 04:00:00,1.78
2014-05-23 05:00:00,1.78
2014-05-23 06:00:00,1.78
2014-05-23 07:00:00,1.780000006
2014-05-23 08:00:00,35.52
2014-05-23 09:00:00,35.97
2014-05-23 10:00:00,35.84
2014-05-23 11:00:00,35.9
2014-05-23 12:00:00,35.96
2014-05-23 13:00:00,35.9
2014-05-23 14:00:00,35.93
2014-05-23 15:00:00,35.88
2014-05-23 16:00:00,36.31
2014-05-23 17:00:00,35.64
2014-05-23 18:00:00,25.45
2014-05-23 19:00:00,34.52
2014-05-23 20:00:00,36.31
2014-05-23 21:00:00,36.15
2014-05-23 22:00:00,34.85999999
2014-05-23 23:00:00,1.78
2014-05-24 00:00:00,1.78
2014-05-24 01:00:00,1.78
2014-05-24 02:00:00,1.78
2014-05-24 03:00:00,1.78
2014-05-24 04:00:00,1.78
2014-05-24 05:00:00,1.78
2014-05-24 06:00:00,1.78
2014-05-24 07:00:00,5.310000005
2014-05-24 08:00:00,33.34
2014-05-24 09:00:00,33.36
2014-05-24 10:00:00,33.34
2014-05-24 11:00:00,33.34
2014-05-24 12:00:00,33.41
2014-05-24 13:00:00,33.48
2014-05-24 14:00:00,33.4
2014-05-24 15:00:00,33.39
2014-05-24 16:00:00,33.56
2014-05-24 17:00:00,33.43
2014-05-24 18:00:00,33.71
2014-05-24 19:00:00,33.02
2014-05-24 20:00:00,33.51
2014-05-24 21:00:00,32.44
2014-05-24 22:00:00,1.78
2014-05-24 23:00:00,1.78
2014-05-25 00:00:00,1.78
2014-05-25 01:00:00,1.78
2014-05-25 02:00:00,1.78
2014-05-25 03:00:00,1.78
2014-05-25 04:00:00,1.78
2014-05-25 05:00:00,1.78
2014-05-25 06:00:00,1.78
2014-05-25 07:00:00,1.78
2014-05-25 08:00:00,1.78
2014-05-25 09:00:00,8.51
2014-05-25 10:00:00,35.6
2014-05-25 11:00:00,35.64
2014-05-25 12:00:00,35.99
2014-05-25 13:00:00,35.94
2014-05-25 14:00:00,35.92
2014-05-25 15:00:00,35.67
2014-05-25 16:00:00,33.43
2014-05-25 17:00:00,33.36
2014-05-25 18:00:00,17.73
2014-05-25 19:00:00,35.57
2014-05-25 20:00:00,36.18
2014-05-25 21:00:00,36.09
2014-05-25 22:00:00,29.89
2014-05-25 23:00:00,1.78
2014-05-26 00:00:00,1.78
2014-05-26 01:00:00,1.78
2014-05-26 02:00:00,1.78
2014-05-26 03:00:00,1.78
2014-05-26 04:00:00,1.78
2014-05-26 05:00:00,1.78
2014-05-26 06:00:00,1.78
2014-05-26 07:00:00,1.78
2014-05-26 08:00:00,4.59
2014-05-26 09:00:00,18.29
2014-05-26 10:00:00,36.01
2014-05-26 11:00:00,36.1
2014-05-26 12:00:00,36.12
2014-05-26 13:00:00,36.15
2014-05-26 14:00:00,36.06
2014-05-26 15:00:00,35.98
2014-05-26 16:00:00,36.12
2014-05-26 17:00:00,35.9
2014-05-26 18:00:00,36.04
2014-05-26 19:00:00,36.09
2014-05-26 20:00:00,35.89
2014-05-26 21:00:00,35.93
2014-05-26 22:00:00,30.72999999
2014-05-26 23:00:00,1.78
2014-05-27 00:00:00,1.78
2014-05-27 01:00:00,1.78
2014-05-27 02:00:00,1.78
2014-05-27 03:00:00,1.78
2014-05-27 04:00:00,1.78
2014-05-27 05:00:00,1.78
2014-05-27 06:00:00,1.78
2014-05-27 07:00:00,7.55
2014-05-27 08:00:00,8.47
2014-05-27 09:00:00,35.85
2014-05-27 10:00:00,36.18
2014-05-27 11:00:00,36.17
2014-05-27 12:00:00,36
2014-05-27 13:00:00,36.2
2014-05-27 14:00:00,36.1
2014-05-27 15:00:00,35.97
2014-05-27 16:00:00,35.78
2014-05-27 17:00:00,35.49
2014-05-27 18:00:00,18.39
2014-05-27 19:00:00,32.84
2014-05-27 20:00:00,36.23
2014-05-27 21:00:00,30.69
2014-05-27 22:00:00,5.789999999
2014-05-27 23:00:00,1.78
2014-05-28 00:00:00,1.78
2014-05-28 01:00:00,1.78
2014-05-28 02:00:00,1.78
2014-05-28 03:00:00,1.78
2014-05-28 04:00:00,1.78
2014-05-28 05:00:00,1.78
2014-05-28 06:00:00,1.78
2014-05-28 07:00:00,1.780000001
2014-05-28 08:00:00,4.68
2014-05-28 09:00:00,25.17
2014-05-28 10:00:00,35.88
2014-05-28 11:00:00,35.86
2014-05-28 12:00:00,35.71
2014-05-28 13:00:00,35.72
2014-05-28 14:00:00,35.76
2014-05-28 15:00:00,36.05
2014-05-28 16:00:00,35.94
2014-05-28 17:00:00,35.53
2014-05-28 18:00:00,31.02
2014-05-28 19:00:00,36.31
2014-05-28 20:00:00,19.79
2014-05-28 21:00:00,35.4
2014-05-28 22:00:00,17.92
2014-05-28 23:00:00,3.51
2014-05-29 00:00:00,1.78
2014-05-29 01:00:00,1.78
2014-05-29 02:00:00,1.78
2014-05-29 03:00:00,1.78
2014-05-29 04:00:00,1.78
2014-05-29 05:00:00,1.78
2014-05-29 06:00:00,1.78
2014-05-29 07:00:00,1.780000006
2014-05-29 08:00:00,35.37
2014-05-29 09:00:00,35.82
2014-05-29 10:00:00,33.5
2014-05-29 11:00:00,36.51
2014-05-29 12:00:00,36.07
2014-05-29 13:00:00,36.43
2014-05-29 14:00:00,36.23
2014-05-29 15:00:00,36.13
2014-05-29 16:00:00,32.99
2014-05-29 17:00:00,29.86
2014-05-29 18:00:00,19.83
2014-05-29 19:00:00,33.17
2014-05-29 20:00:00,33.12
2014-05-29 21:00:00,35.03
2014-05-29 22:00:00,1.78
2014-05-29 23:00:00,1.78
2014-05-30 00:00:00,1.78
2014-05-30 01:00:00,1.78
2014-05-30 02:00:00,1.78
2014-05-30 03:00:00,1.78
2014-05-30 04:00:00,1.78
2014-05-30 05:00:00,1.78
2014-05-30 06:00:00,1.78
2014-05-30 07:00:00,3.150000005
2014-05-30 08:00:00,32.74
2014-05-30 09:00:00,36.67
2014-05-30 10:00:00,36.77
2014-05-30 11:00:00,30.6
2014-05-30 12:00:00,35.93
2014-05-30 13:00:00,31.63
2014-05-30 14:00:00,33.52
2014-05-30 15:00:00,34.93
2014-05-30 16:00:00,32.99
2014-05-30 17:00:00,33.08
2014-05-30 18:00:00,27.89
2014-05-30 19:00:00,31.22
2014-05-30 20:00:00,29.1
2014-05-30 21:00:00,1.78
2014-05-30 22:00:00,1.78
2014-05-30 23:00:00,1.78
2014-05-31 00:00:00,1.78
2014-05-31 01:00:00,1.78
2014-05-31 02:00:00,1.78
2014-05-31 03:00:00,1.78
2014-05-31 04:00:00,1.78
2014-05-31 05:00:00,1.78
2014-05-31 06:00:00,1.78
2014-05-31 07:00:00,1.78
2014-05-31 08:00:00,1.78
2014-05-31 09:00:00,1.78
2014-05-31 10:00:00,1.780000006
2014-05-31 11:00:00,34.78
2014-05-31 12:00:00,36.25
2014-05-31 13:00:00,35.42
2014-05-31 14:00:00,36.62
2014-05-31 15:00:00,36.3
2014-05-31 16:00:00,36.47
2014-05-31 17:00:00,35.43
2014-05-31 18:00:00,28.03
2014-05-31 19:00:00,35.61
2014-05-31 20:00:00,35.5
2014-05-31 21:00:00,35.56
2014-05-31 22:00:00,34.82
2014-05-31 23:00:00,23.22
2014-06-01 00:00:00,1.78
2014-06-01 01:00:00,1.78
2014-06-01 02:00:00,1.78
2014-06-01 03:00:00,1.78
2014-06-01 04:00:00,1.78
2014-06-01 05:00:00,1.78
2014-06-01 06:00:00,1.78
2014-06-01 07:00:00,1.78
2014-06-01 08:00:00,1.78
2014-06-01 09:00:00,1.78
2014-06-01 10:00:00,1.780000001
2014-06-01 11:00:00,5.23
2014-06-01 12:00:00,32.66
2014-06-01 13:00:00,32.55
2014-06-01 14:00:00,30.03
2014-06-01 15:00:00,28.76
2014-06-01 16:00:00,18.97
2014-06-01 17:00:00,18.27
2014-06-01 18:00:00,32.67
2014-06-01 19:00:00,35.77
2014-06-01 20:00:00,35.79
2014-06-01 21:00:00,35.65
2014-06-01 22:00:00,31.78999999
2014-06-01 23:00:00,1.78
2014-06-02 00:00:00,1.78
2014-06-02 01:00:00,1.78
2014-06-02 02:00:00,1.78
2014-06-02 03:00:00,1.78
2014-06-02 04:00:00,1.78
2014-06-02 05:00:00,1.78
2014-06-02 06:00:00,1.78
2014-06-02 07:00:00,1.78
2014-06-02 08:00:00,1.78
2014-06-02 09:00:00,5.6
2014-06-02 10:00:00,35.61
2014-06-02 11:00:00,35.81
2014-06-02 12:00:00,36.09
2014-06-02 13:00:00,36.56
2014-06-02 14:00:00,36.16
2014-06-02 15:00:00,36.23
2014-06-02 16:00:00,36.45
2014-06-02 17:00:00,36.32
2014-06-02 18:00:00,36.28
2014-06-02 19:00:00,36.32
2014-06-02 20:00:00,35.94
2014-06-02 21:00:00,36.14
2014-06-02 22:00:00,36.19
2014-06-02 23:00:00,31.56
2014-06-03 00:00:00,1.78
2014-06-03 01:00:00,2.42
2014-06-03 02:00:00,2.42
2014-06-03 03:00:00,2.42
2014-06-03 04:00:00,2.42
2014-06-03 05:00:00,2.42
2014-06-03 06:00:00,2.42
2014-06-03 07:00:00,2.42
2014-06-03 08:00:00,4.64
2014-06-03 09:00:00,36.12
2014-06-03 10:00:00,36.44
2014-06-03 11:00:00,36.38
2014-06-03 12:00:00,36.38
2014-06-03 13:00:00,36.37
2014-06-03 14:00:00,36.19
2014-06-03 15:00:00,36.32
2014-06-03 16:00:00,36.36
2014-06-03 17:00:00,34.43
2014-06-03 18:00:00,20.23
2014-06-03 19:00:00,35.94
2014-06-03 20:00:00,35.81
2014-06-03 21:00:00,30.24
2014-06-03 22:00:00,2.42
2014-06-03 23:00:00,2.42
2014-06-04 00:00:00,2.42
2014-06-04 01:00:00,2.42
2014-06-04 02:00:00,2.42
2014-06-04 03:00:00,2.42
2014-06-04 04:00:00,2.42
2014-06-04 05:00:00,2.42
2014-06-04 06:00:00,2.42
2014-06-04 07:00:00,2.42
2014-06-04 08:00:00,2.42
2014-06-04 09:00:00,6.04
2014-06-04 10:00:00,34.08
2014-06-04 11:00:00,38.7
2014-06-04 12:00:00,38.86
2014-06-04 13:00:00,44.11
2014-06-04 14:00:00,44.15
2014-06-04 15:00:00,44.19
2014-06-04 16:00:00,43.54
2014-06-04 17:00:00,33.51
2014-06-04 18:00:00,20.64
2014-06-04 19:00:00,41.4
2014-06-04 20:00:00,38.53
2014-06-04 21:00:00,34.1
2014-06-04 22:00:00,34.54999999
2014-06-04 23:00:00,2.42
2014-06-05 00:00:00,2.42
2014-06-05 01:00:00,2.42
2014-06-05 02:00:00,2.42
2014-06-05 03:00:00,2.42
2014-06-05 04:00:00,2.42
2014-06-05 05:00:00,2.42
2014-06-05 06:00:00,2.42
2014-06-05 07:00:00,0
2014-06-05 08:00:00,0
2014-06-05 09:00:00,0
2014-06-05 10:00:00,1.650000006
2014-06-05 11:00:00,35.85
2014-06-05 12:00:00,36.69
2014-06-05 13:00:00,33.21
2014-06-05 14:00:00,36.69
2014-06-05 15:00:00,40.16
2014-06-05 16:00:00,35.97
2014-06-05 17:00:00,31.77
2014-06-05 18:00:00,35.69
2014-06-05 19:00:00,37.63
2014-06-05 20:00:00,37.91
2014-06-05 21:00:00,35.97
2014-06-05 22:00:00,31.48999999
2014-06-05 23:00:00,0
2014-06-06 00:00:00,2.42
2014-06-06 01:00:00,2.42
2014-06-06 02:00:00,2.42
2014-06-06 03:00:00,2.42
2014-06-06 04:00:00,2.42
2014-06-06 05:00:00,2.42
2014-06-06 06:00:00,2.42
2014-06-06 07:00:00,0
2014-06-06 08:00:00,0
2014-06-06 09:00:00,2.17
2014-06-06 10:00:00,39.33
2014-06-06 11:00:00,39.94
2014-06-06 12:00:00,39.93
2014-06-06 13:00:00,39.93
2014-06-06 14:00:00,39.93
2014-06-06 15:00:00,39.92
2014-06-06 16:00:00,39.56
2014-06-06 17:00:00,27.69
2014-06-06 18:00:00,18.61
2014-06-06 19:00:00,30.44
2014-06-06 20:00:00,39.87
2014-06-06 21:00:00,39.91
2014-06-06 22:00:00,38.50999999
2014-06-06 23:00:00,0
2014-06-07 00:00:00,2.42
2014-06-07 01:00:00,2.42
2014-06-07 02:00:00,2.42
2014-06-07 03:00:00,2.42
2014-06-07 04:00:00,2.42
2014-06-07 05:00:00,2.42
2014-06-07 06:00:00,2.42
2014-06-07 07:00:00,2.42
2014-06-07 08:00:00,2.42
2014-06-07 09:00:00,38.83
2014-06-07 10:00:00,38.31
2014-06-07 11:00:00,43.89
2014-06-07 12:00:00,43.77
2014-06-07 13:00:00,41.46
2014-06-07 14:00:00,31.67
2014-06-07 15:00:00,2.42
2014-06-07 16:00:00,2.42
2014-06-07 17:00:00,2.42
2014-06-07 18:00:00,2.42
2014-06-07 19:00:00,3.930000007
2014-06-07 20:00:00,43.65
2014-06-07 21:00:00,43.74
2014-06-07 22:00:00,43.66999999
2014-06-07 23:00:00,6.39
2014-06-08 00:00:00,2.42
2014-06-08 01:00:00,2.42
2014-06-08 02:00:00,2.42
2014-06-08 03:00:00,2.42
2014-06-08 04:00:00,2.42
2014-06-08 05:00:00,2.42
2014-06-08 06:00:00,2.42
2014-06-08 07:00:00,2.42
2014-06-08 08:00:00,2.42
2014-06-08 09:00:00,2.42
2014-06-08 10:00:00,6.040000005
2014-06-08 11:00:00,35.5
2014-06-08 12:00:00,38.48
2014-06-08 13:00:00,38.45
2014-06-08 14:00:00,38.5
2014-06-08 15:00:00,36.71
2014-06-08 16:00:00,2.42
2014-06-08 17:00:00,2.42
2014-06-08 18:00:00,3.74
2014-06-08 19:00:00,38.38
2014-06-08 20:00:00,42.97
2014-06-08 21:00:00,43
2014-06-08 22:00:00,40.52999999
2014-06-08 23:00:00,2.42
2014-06-09 00:00:00,2.42
2014-06-09 01:00:00,2.84
2014-06-09 02:00:00,2.84
2014-06-09 03:00:00,2.84
2014-06-09 04:00:00,2.84
2014-06-09 05:00:00,2.84
2014-06-09 06:00:00,2.84
2014-06-09 07:00:00,2.84
2014-06-09 08:00:00,2.84
2014-06-09 09:00:00,2.84
2014-06-09 10:00:00,40.2
2014-06-09 11:00:00,39.17
2014-06-09 12:00:00,39.1
2014-06-09 13:00:00,39.04
2014-06-09 14:00:00,41.68
2014-06-09 15:00:00,43.71
2014-06-09 16:00:00,44.03
2014-06-09 17:00:00,42.89
2014-06-09 18:00:00,20.54
2014-06-09 19:00:00,31.26
2014-06-09 20:00:00,39.89
2014-06-09 21:00:00,2.84
2014-06-09 22:00:00,2.84
2014-06-09 23:00:00,2.84
2014-06-10 00:00:00,2.84
2014-06-10 01:00:00,2.84
2014-06-10 02:00:00,2.84
2014-06-10 03:00:00,2.84
2014-06-10 04:00:00,2.84
2014-06-10 05:00:00,2.84
2014-06-10 06:00:00,2.84
2014-06-10 07:00:00,2.84
2014-06-10 08:00:00,2.84
2014-06-10 09:00:00,2.84
2014-06-10 10:00:00,2.840000007
2014-06-10 11:00:00,42.77
2014-06-10 12:00:00,35.46
2014-06-10 13:00:00,30.44
2014-06-10 14:00:00,30.5
2014-06-10 15:00:00,30.4
2014-06-10 16:00:00,31.35
2014-06-10 17:00:00,31.09
2014-06-10 18:00:00,30.91
2014-06-10 19:00:00,35.7
2014-06-10 20:00:00,43.26
2014-06-10 21:00:00,43.3
2014-06-10 22:00:00,38.38999999
2014-06-10 23:00:00,2.84
2014-06-11 00:00:00,2.84
2014-06-11 01:00:00,2.84
2014-06-11 02:00:00,2.84
2014-06-11 03:00:00,2.84
2014-06-11 04:00:00,2.84
2014-06-11 05:00:00,2.84
2014-06-11 06:00:00,2.84
2014-06-11 07:00:00,2.84
2014-06-11 08:00:00,2.84
2014-06-11 09:00:00,6.46
2014-06-11 10:00:00,33.89
2014-06-11 11:00:00,36.19
2014-06-11 12:00:00,35.51
2014-06-11 13:00:00,34.49
2014-06-11 14:00:00,31.6
2014-06-11 15:00:00,32.91
2014-06-11 16:00:00,33.13
2014-06-11 17:00:00,30.36
2014-06-11 18:00:00,29.98
2014-06-11 19:00:00,30.76
2014-06-11 20:00:00,37.29
2014-06-11 21:00:00,30.5
2014-06-11 22:00:00,31.28
2014-06-11 23:00:00,4.7
2014-06-12 00:00:00,2.84
2014-06-12 01:00:00,2.84
2014-06-12 02:00:00,2.84
2014-06-12 03:00:00,2.84
2014-06-12 04:00:00,2.84
2014-06-12 05:00:00,2.84
2014-06-12 06:00:00,2.84
2014-06-12 07:00:00,2.84
2014-06-12 08:00:00,2.84
2014-06-12 09:00:00,34.91
2014-06-12 10:00:00,35.16
2014-06-12 11:00:00,34.66
2014-06-12 12:00:00,36.76
2014-06-12 13:00:00,33.66
2014-06-12 14:00:00,36.11
2014-06-12 15:00:00,34.9
2014-06-12 16:00:00,28.79
2014-06-12 17:00:00,32.71
2014-06-12 18:00:00,31.73
2014-06-12 19:00:00,34.26
2014-06-12 20:00:00,32.05
2014-06-12 21:00:00,29.61
2014-06-12 22:00:00,2.84
2014-06-12 23:00:00,2.84
2014-06-13 00:00:00,2.84
2014-06-13 01:00:00,2.84
2014-06-13 02:00:00,2.84
2014-06-13 03:00:00,2.84
2014-06-13 04:00:00,2.84
2014-06-13 05:00:00,2.84
2014-06-13 06:00:00,2.84
2014-06-13 07:00:00,2.84
2014-06-13 08:00:00,2.84
2014-06-13 09:00:00,4.99
2014-06-13 10:00:00,30.92
2014-06-13 11:00:00,33.7
2014-06-13 12:00:00,37.06
2014-06-13 13:00:00,30.93
2014-06-13 14:00:00,31.32
2014-06-13 15:00:00,30.88
2014-06-13 16:00:00,33.34
2014-06-13 17:00:00,32.78
2014-06-13 18:00:00,34.69
2014-06-13 19:00:00,32.11
2014-06-13 20:00:00,32.55
2014-06-13 21:00:00,31.74
2014-06-13 22:00:00,32.08999999
2014-06-13 23:00:00,2.84
2014-06-14 00:00:00,2.84
2014-06-14 01:00:00,2.84
2014-06-14 02:00:00,2.84
2014-06-14 03:00:00,2.84
2014-06-14 04:00:00,2.84
2014-06-14 05:00:00,2.84
2014-06-14 06:00:00,2.84
2014-06-14 07:00:00,2.84
2014-06-14 08:00:00,4.94
2014-06-14 09:00:00,28.86
2014-06-14 10:00:00,30.9
2014-06-14 11:00:00,31.68
2014-06-14 12:00:00,33.08
2014-06-14 13:00:00,27.19
2014-06-14 14:00:00,2.84
2014-06-14 15:00:00,8.75
2014-06-14 16:00:00,31.89
2014-06-14 17:00:00,33.85
2014-06-14 18:00:00,23.36
2014-06-14 19:00:00,31.69
2014-06-14 20:00:00,34.41
2014-06-14 21:00:00,33.45
2014-06-14 22:00:00,31.93999999
2014-06-14 23:00:00,2.84
2014-06-15 00:00:00,2.84
2014-06-15 01:00:00,2.84
2014-06-15 02:00:00,2.84
2014-06-15 03:00:00,2.84
2014-06-15 04:00:00,2.84
2014-06-15 05:00:00,2.84
2014-06-15 06:00:00,2.84
2014-06-15 07:00:00,2.84
2014-06-15 08:00:00,2.84
2014-06-15 09:00:00,2.84
2014-06-15 10:00:00,4.140000005
2014-06-15 11:00:00,30.74
2014-06-15 12:00:00,31.6
2014-06-15 13:00:00,32.24
2014-06-15 14:00:00,31
2014-06-15 15:00:00,32.51
2014-06-15 16:00:00,30.01
2014-06-15 17:00:00,29.15
2014-06-15 18:00:00,27.9
2014-06-15 19:00:00,30.72
2014-06-15 20:00:00,30.33
2014-06-15 21:00:00,28.45
2014-06-15 22:00:00,26.81
2014-06-15 23:00:00,2.84
2014-06-16 00:00:00,2.84
2014-06-16 01:00:00,2.84
2014-06-16 02:00:00,2.84
2014-06-16 03:00:00,2.84
2014-06-16 04:00:00,2.84
2014-06-16 05:00:00,2.84
2014-06-16 06:00:00,2.84
2014-06-16 07:00:00,2.84
2014-06-16 08:00:00,2.84
2014-06-16 09:00:00,6.06
2014-06-16 10:00:00,29.13
2014-06-16 11:00:00,31.71
2014-06-16 12:00:00,35.19
2014-06-16 13:00:00,27.3
2014-06-16 14:00:00,29.42
2014-06-16 15:00:00,30.34
2014-06-16 16:00:00,34.4
2014-06-16 17:00:00,30.54
2014-06-16 18:00:00,24.59
2014-06-16 19:00:00,30.96
2014-06-16 20:00:00,32.28
2014-06-16 21:00:00,30.74
2014-06-16 22:00:00,28.81
2014-06-16 23:00:00,2.84
2014-06-17 00:00:00,2.84
2014-06-17 01:00:00,2.84
2014-06-17 02:00:00,2.84
2014-06-17 03:00:00,2.84
2014-06-17 04:00:00,2.84
2014-06-17 05:00:00,2.84
2014-06-17 06:00:00,2.84
2014-06-17 07:00:00,2.84
2014-06-17 08:00:00,2.84
2014-06-17 09:00:00,6.19
2014-06-17 10:00:00,33
2014-06-17 11:00:00,31.24
2014-06-17 12:00:00,29.78
2014-06-17 13:00:00,31.12
2014-06-17 14:00:00,31.72
2014-06-17 15:00:00,29.88
2014-06-17 16:00:00,30.87
2014-06-17 17:00:00,30.76
2014-06-17 18:00:00,31.87
2014-06-17 19:00:00,33.21
2014-06-17 20:00:00,36.47
2014-06-17 21:00:00,34.24
2014-06-17 22:00:00,33.56
2014-06-17 23:00:00,25.58
2014-06-18 00:00:00,2.84
2014-06-18 01:00:00,2.84
2014-06-18 02:00:00,2.84
2014-06-18 03:00:00,2.84
2014-06-18 04:00:00,2.84
2014-06-18 05:00:00,2.84
2014-06-18 06:00:00,2.84
2014-06-18 07:00:00,2.840000001
2014-06-18 08:00:00,6.15
2014-06-18 09:00:00,33.8
2014-06-18 10:00:00,33.19
2014-06-18 11:00:00,36
2014-06-18 12:00:00,31.87
2014-06-18 13:00:00,29.65
2014-06-18 14:00:00,34.06
2014-06-18 15:00:00,35.12
2014-06-18 16:00:00,33.1
2014-06-18 17:00:00,32.09
2014-06-18 18:00:00,27.09
2014-06-18 19:00:00,30.16
2014-06-18 20:00:00,32.16
2014-06-18 21:00:00,32.34
2014-06-18 22:00:00,28.38
2014-06-18 23:00:00,2.84
2014-06-19 00:00:00,2.84
2014-06-19 01:00:00,2.84
2014-06-19 02:00:00,2.84
2014-06-19 03:00:00,2.84
2014-06-19 04:00:00,2.84
2014-06-19 05:00:00,2.84
2014-06-19 06:00:00,2.84
2014-06-19 07:00:00,2.840000001
2014-06-19 08:00:00,6.09
2014-06-19 09:00:00,34.7
2014-06-19 10:00:00,32.7
2014-06-19 11:00:00,34.92
2014-06-19 12:00:00,32.85
2014-06-19 13:00:00,31.09
2014-06-19 14:00:00,37.87
2014-06-19 15:00:00,32.58
2014-06-19 16:00:00,33
2014-06-19 17:00:00,31.78
2014-06-19 18:00:00,32.1
2014-06-19 19:00:00,28.89
2014-06-19 20:00:00,35.24
2014-06-19 21:00:00,30.73
2014-06-19 22:00:00,26.8
2014-06-19 23:00:00,2.84
2014-06-20 00:00:00,2.84
2014-06-20 01:00:00,2.84
2014-06-20 02:00:00,2.84
2014-06-20 03:00:00,2.84
2014-06-20 04:00:00,2.84
2014-06-20 05:00:00,2.84
2014-06-20 06:00:00,2.84
2014-06-20 07:00:00,2.84
2014-06-20 08:00:00,2.84
2014-06-20 09:00:00,33.88
2014-06-20 10:00:00,35.49
2014-06-20 11:00:00,32.97
2014-06-20 12:00:00,36.44
2014-06-20 13:00:00,33.02
2014-06-20 14:00:00,33.37
2014-06-20 15:00:00,34.33
2014-06-20 16:00:00,31.86
2014-06-20 17:00:00,25.78
2014-06-20 18:00:00,29.91
2014-06-20 19:00:00,36.02
2014-06-20 20:00:00,34.9
2014-06-20 21:00:00,29.54
2014-06-20 22:00:00,2.84
2014-06-20 23:00:00,2.84
2014-06-21 00:00:00,8.71
2014-06-21 01:00:00,8.71
2014-06-21 02:00:00,8.71
2014-06-21 03:00:00,8.71
2014-06-21 04:00:00,8.71
2014-06-21 05:00:00,8.71
2014-06-21 06:00:00,8.71
2014-06-21 07:00:00,8.710000001
2014-06-21 08:00:00,11.66
2014-06-21 09:00:00,43.05
2014-06-21 10:00:00,44.65
2014-06-21 11:00:00,43.84
2014-06-21 12:00:00,42.07
2014-06-21 13:00:00,40.75
2014-06-21 14:00:00,45.15
2014-06-21 15:00:00,44.59
2014-06-21 16:00:00,42.7
2014-06-21 17:00:00,43.74
2014-06-21 18:00:00,37.14
2014-06-21 19:00:00,39.53
2014-06-21 20:00:00,43.58
2014-06-21 21:00:00,44.49
2014-06-21 22:00:00,36.97
2014-06-21 23:00:00,34.7
2014-06-22 00:00:00,8.71
2014-06-22 01:00:00,8.71
2014-06-22 02:00:00,8.71
2014-06-22 03:00:00,8.71
2014-06-22 04:00:00,8.71
2014-06-22 05:00:00,8.71
2014-06-22 06:00:00,8.71
2014-06-22 07:00:00,6.98E-10
2014-06-22 08:00:00,4
2014-06-22 09:00:00,27.2
2014-06-22 10:00:00,27.2
2014-06-22 11:00:00,24.8
2014-06-22 12:00:00,27.2
2014-06-22 13:00:00,24.8
2014-06-22 14:00:00,27.2
2014-06-22 15:00:00,27.2
2014-06-22 16:00:00,24.8
2014-06-22 17:00:00,31.6
2014-06-22 18:00:00,19.6
2014-06-22 19:00:00,24.8
2014-06-22 20:00:00,27.2
2014-06-22 21:00:00,27.4
2014-06-22 22:00:00,0
2014-06-22 23:00:00,0
2014-06-23 00:00:00,7.58
2014-06-23 01:00:00,7.58
2014-06-23 02:00:00,7.58
2014-06-23 03:00:00,7.58
2014-06-23 04:00:00,7.58
2014-06-23 05:00:00,7.58
2014-06-23 06:00:00,7.58
2014-06-23 07:00:00,7.58
2014-06-23 08:00:00,7.58
2014-06-23 09:00:00,7.58
2014-06-23 10:00:00,34.54
2014-06-23 11:00:00,37.4
2014-06-23 12:00:00,39.17
2014-06-23 13:00:00,35.88
2014-06-23 14:00:00,37.44
2014-06-23 15:00:00,36.9
2014-06-23 16:00:00,37.86
2014-06-23 17:00:00,31.65
2014-06-23 18:00:00,34.78
2014-06-23 19:00:00,34.6
2014-06-23 20:00:00,38.62
2014-06-23 21:00:00,34.33
2014-06-23 22:00:00,37.77999999
2014-06-23 23:00:00,7.58
2014-06-24 00:00:00,7.58
2014-06-24 01:00:00,7.58
2014-06-24 02:00:00,7.58
2014-06-24 03:00:00,7.58
2014-06-24 04:00:00,7.58
2014-06-24 05:00:00,7.58
2014-06-24 06:00:00,7.58
2014-06-24 07:00:00,7.580000001
2014-06-24 08:00:00,10.85
2014-06-24 09:00:00,34.85
2014-06-24 10:00:00,37.81
2014-06-24 11:00:00,35.47
2014-06-24 12:00:00,36.45
2014-06-24 13:00:00,30.9
2014-06-24 14:00:00,35.03
2014-06-24 15:00:00,34.19
2014-06-24 16:00:00,36.37
2014-06-24 17:00:00,34.98
2014-06-24 18:00:00,38.25
2014-06-24 19:00:00,31.33
2014-06-24 20:00:00,34.8
2014-06-24 21:00:00,35.59
2014-06-24 22:00:00,36.76
2014-06-24 23:00:00,9.32
2014-06-25 00:00:00,7.58
2014-06-25 01:00:00,7.58
2014-06-25 02:00:00,7.58
2014-06-25 03:00:00,7.58
2014-06-25 04:00:00,7.58
2014-06-25 05:00:00,7.58
2014-06-25 06:00:00,7.58
2014-06-25 07:00:00,7.58
2014-06-25 08:00:00,7.58
2014-06-25 09:00:00,11.47
2014-06-25 10:00:00,37.11
2014-06-25 11:00:00,37.69
2014-06-25 12:00:00,35.02
2014-06-25 13:00:00,33.99
2014-06-25 14:00:00,39.53
2014-06-25 15:00:00,38.3
2014-06-25 16:00:00,37.85
2014-06-25 17:00:00,33.94
2014-06-25 18:00:00,33.74
2014-06-25 19:00:00,34.55
2014-06-25 20:00:00,40.98
2014-06-25 21:00:00,35.73
2014-06-25 22:00:00,32.68
2014-06-25 23:00:00,7.58
2014-06-26 00:00:00,7.58
2014-06-26 01:00:00,7.58
2014-06-26 02:00:00,7.58
2014-06-26 03:00:00,7.58
2014-06-26 04:00:00,7.58
2014-06-26 05:00:00,7.58
2014-06-26 06:00:00,7.58
2014-06-26 07:00:00,7.580000001
2014-06-26 08:00:00,10.95
2014-06-26 09:00:00,37.89
2014-06-26 10:00:00,38.5
2014-06-26 11:00:00,39.18
2014-06-26 12:00:00,36.8
2014-06-26 13:00:00,37.24
2014-06-26 14:00:00,35.44
2014-06-26 15:00:00,36.87
2014-06-26 16:00:00,37.61
2014-06-26 17:00:00,37.08
2014-06-26 18:00:00,32.6
2014-06-26 19:00:00,37.1
2014-06-26 20:00:00,41.29
2014-06-26 21:00:00,33.22
2014-06-26 22:00:00,7.58
2014-06-26 23:00:00,7.58
2014-06-27 00:00:00,7.58
2014-06-27 01:00:00,7.58
2014-06-27 02:00:00,7.58
2014-06-27 03:00:00,7.58
2014-06-27 04:00:00,7.58
2014-06-27 05:00:00,7.58
2014-06-27 06:00:00,7.58
2014-06-27 07:00:00,7.58
2014-06-27 08:00:00,7.58
2014-06-27 09:00:00,11.75
2014-06-27 10:00:00,34.2
2014-06-27 11:00:00,36.22
2014-06-27 12:00:00,39.07
2014-06-27 13:00:00,36.58
2014-06-27 14:00:00,38.7
2014-06-27 15:00:00,37.79
2014-06-27 16:00:00,32.52
2014-06-27 17:00:00,31.9
2014-06-27 18:00:00,37.92
2014-06-27 19:00:00,37.93
2014-06-27 20:00:00,38.97
2014-06-27 21:00:00,38.79
2014-06-27 22:00:00,33.23
2014-06-27 23:00:00,7.58
2014-06-28 00:00:00,7.58
2014-06-28 01:00:00,7.58
2014-06-28 02:00:00,7.58
2014-06-28 03:00:00,7.58
2014-06-28 04:00:00,7.58
2014-06-28 05:00:00,7.58
2014-06-28 06:00:00,7.58
2014-06-28 07:00:00,7.58
2014-06-28 08:00:00,7.58
2014-06-28 09:00:00,10.67
2014-06-28 10:00:00,32.42
2014-06-28 11:00:00,38.94
2014-06-28 12:00:00,36.11
2014-06-28 13:00:00,31.38
2014-06-28 14:00:00,33.27
2014-06-28 15:00:00,36.36
2014-06-28 16:00:00,41.17
2014-06-28 17:00:00,30.72
2014-06-28 18:00:00,32.18
2014-06-28 19:00:00,37.39
2014-06-28 20:00:00,43.92
2014-06-28 21:00:00,39.03
2014-06-28 22:00:00,37.28999999
2014-06-28 23:00:00,7.58
2014-06-29 00:00:00,7.58
2014-06-29 01:00:00,7.58
2014-06-29 02:00:00,7.58
2014-06-29 03:00:00,7.58
2014-06-29 04:00:00,7.58
2014-06-29 05:00:00,7.58
2014-06-29 06:00:00,7.58
2014-06-29 07:00:00,7.58
2014-06-29 08:00:00,7.58
2014-06-29 09:00:00,7.58
2014-06-29 10:00:00,7.580000001
2014-06-29 11:00:00,11.48
2014-06-29 12:00:00,37.13
2014-06-29 13:00:00,36.35
2014-06-29 14:00:00,39.8
2014-06-29 15:00:00,36.7
2014-06-29 16:00:00,34.63
2014-06-29 17:00:00,33.01
2014-06-29 18:00:00,29.55
2014-06-29 19:00:00,34.19
2014-06-29 20:00:00,42.62
2014-06-29 21:00:00,37.81
2014-06-29 22:00:00,37.04
2014-06-29 23:00:00,30.41
2014-06-30 00:00:00,7.58
2014-06-30 01:00:00,8.71
2014-06-30 02:00:00,8.71
2014-06-30 03:00:00,8.71
2014-06-30 04:00:00,8.71
2014-06-30 05:00:00,8.71
2014-06-30 06:00:00,8.71
2014-06-30 07:00:00,8.71
2014-06-30 08:00:00,8.71
2014-06-30 09:00:00,8.71
2014-06-30 10:00:00,12.37
2014-06-30 11:00:00,37.96
2014-06-30 12:00:00,38.83
2014-06-30 13:00:00,35.97
2014-06-30 14:00:00,36.27
2014-06-30 15:00:00,37.81
2014-06-30 16:00:00,36.69
2014-06-30 17:00:00,35.23
2014-06-30 18:00:00,32.63
2014-06-30 19:00:00,38.51
2014-06-30 20:00:00,42.09
2014-06-30 21:00:00,39.69
2014-06-30 22:00:00,35.39
2014-06-30 23:00:00,8.71
2014-07-01 00:00:00,8.71
2014-07-01 01:00:00,8.71
2014-07-01 02:00:00,8.71
2014-07-01 03:00:00,8.71
2014-07-01 04:00:00,8.71
2014-07-01 05:00:00,8.71
2014-07-01 06:00:00,8.71
2014-07-01 07:00:00,8.71
2014-07-01 08:00:00,8.71
2014-07-01 09:00:00,11.61
2014-07-01 10:00:00,34.61
2014-07-01 11:00:00,36.56
2014-07-01 12:00:00,41
2014-07-01 13:00:00,34.6
2014-07-01 14:00:00,37.88
2014-07-01 15:00:00,42.83
2014-07-01 16:00:00,39.59
2014-07-01 17:00:00,34.66
2014-07-01 18:00:00,32.61
2014-07-01 19:00:00,39.96
2014-07-01 20:00:00,40.37
2014-07-01 21:00:00,34.23
2014-07-01 22:00:00,8.71
2014-07-01 23:00:00,8.71
2014-07-02 00:00:00,8.71
2014-07-02 01:00:00,8.71
2014-07-02 02:00:00,8.71
2014-07-02 03:00:00,8.71
2014-07-02 04:00:00,8.71
2014-07-02 05:00:00,8.71
2014-07-02 06:00:00,8.71
2014-07-02 07:00:00,8.71
2014-07-02 08:00:00,8.71
2014-07-02 09:00:00,11.94
2014-07-02 10:00:00,38.55
2014-07-02 11:00:00,41.63
2014-07-02 12:00:00,39.34
2014-07-02 13:00:00,38.93
2014-07-02 14:00:00,39.5
2014-07-02 15:00:00,38.63
2014-07-02 16:00:00,37.09
2014-07-02 17:00:00,37.48
2014-07-02 18:00:00,35.61
2014-07-02 19:00:00,36.11
2014-07-02 20:00:00,41.72
2014-07-02 21:00:00,42.19
2014-07-02 22:00:00,37.86999999
2014-07-02 23:00:00,8.71
2014-07-03 00:00:00,12.11
2014-07-03 01:00:00,8.71
2014-07-03 02:00:00,8.71
2014-07-03 03:00:00,8.71
2014-07-03 04:00:00,8.71
2014-07-03 05:00:00,8.71
2014-07-03 06:00:00,8.71
2014-07-03 07:00:00,8.71
2014-07-03 08:00:00,8.71
2014-07-03 09:00:00,8.71
2014-07-03 10:00:00,12.48
2014-07-03 11:00:00,34.48
2014-07-03 12:00:00,38.3
2014-07-03 13:00:00,38.77
2014-07-03 14:00:00,35.91
2014-07-03 15:00:00,38.23
2014-07-03 16:00:00,39.49
2014-07-03 17:00:00,36.29
2014-07-03 18:00:00,34.28
2014-07-03 19:00:00,35.96
2014-07-03 20:00:00,38.61
2014-07-03 21:00:00,37.45
2014-07-03 22:00:00,34
2014-07-03 23:00:00,8.71
2014-07-04 00:00:00,8.71
2014-07-04 01:00:00,8.71
2014-07-04 02:00:00,8.71
2014-07-04 03:00:00,8.71
2014-07-04 04:00:00,8.71
2014-07-04 05:00:00,8.71
2014-07-04 06:00:00,8.71
2014-07-04 07:00:00,8.71
2014-07-04 08:00:00,8.71
2014-07-04 09:00:00,8.71
2014-07-04 10:00:00,11.65000001
2014-07-04 11:00:00,43.31
2014-07-04 12:00:00,38.47
2014-07-04 13:00:00,37.32
2014-07-04 14:00:00,36.72
2014-07-04 15:00:00,37.33
2014-07-04 16:00:00,37.07
2014-07-04 17:00:00,39.26
2014-07-04 18:00:00,31.94
2014-07-04 19:00:00,37.81
2014-07-04 20:00:00,37.74
2014-07-04 21:00:00,39.05
2014-07-04 22:00:00,36.39
2014-07-04 23:00:00,8.71
2014-07-05 00:00:00,8.71
2014-07-05 01:00:00,8.71
2014-07-05 02:00:00,8.71
2014-07-05 03:00:00,8.71
2014-07-05 04:00:00,8.71
2014-07-05 05:00:00,8.71
2014-07-05 06:00:00,8.71
2014-07-05 07:00:00,8.71
2014-07-05 08:00:00,11.29
2014-07-05 09:00:00,37.57
2014-07-05 10:00:00,40.58
2014-07-05 11:00:00,37.88
2014-07-05 12:00:00,39.1
2014-07-05 13:00:00,34.37
2014-07-05 14:00:00,38.11
2014-07-05 15:00:00,38.19
2014-07-05 16:00:00,38.06
2014-07-05 17:00:00,35.39
2014-07-05 18:00:00,34.94
2014-07-05 19:00:00,38.88
2014-07-05 20:00:00,42.08
2014-07-05 21:00:00,37.47
2014-07-05 22:00:00,39.27
2014-07-05 23:00:00,14.12
2014-07-06 00:00:00,8.71
2014-07-06 01:00:00,8.71
2014-07-06 02:00:00,8.71
2014-07-06 03:00:00,8.71
2014-07-06 04:00:00,8.71
2014-07-06 05:00:00,8.71
2014-07-06 06:00:00,8.71
2014-07-06 07:00:00,8.71
2014-07-06 08:00:00,8.71
2014-07-06 09:00:00,8.71
2014-07-06 10:00:00,11.87
2014-07-06 11:00:00,37.22
2014-07-06 12:00:00,37.98
2014-07-06 13:00:00,37.75
2014-07-06 14:00:00,40.23
2014-07-06 15:00:00,36.14
2014-07-06 16:00:00,40.18
2014-07-06 17:00:00,36.83
2014-07-06 18:00:00,41.27
2014-07-06 19:00:00,38.67
2014-07-06 20:00:00,46.13
2014-07-06 21:00:00,39.79
2014-07-06 22:00:00,33.61
2014-07-06 23:00:00,8.71
2014-07-07 00:00:00,8.71
2014-07-07 01:00:00,8.71
2014-07-07 02:00:00,8.71
2014-07-07 03:00:00,8.71
2014-07-07 04:00:00,8.71
2014-07-07 05:00:00,8.71
2014-07-07 06:00:00,8.71
2014-07-07 07:00:00,8.71
2014-07-07 08:00:00,8.71
2014-07-07 09:00:00,8.71
2014-07-07 10:00:00,11.84000001
2014-07-07 11:00:00,40.96
2014-07-07 12:00:00,37.71
2014-07-07 13:00:00,38.66
2014-07-07 14:00:00,41.61
2014-07-07 15:00:00,37.31
2014-07-07 16:00:00,39.78
2014-07-07 17:00:00,39.1
2014-07-07 18:00:00,30.95
2014-07-07 19:00:00,38.36
2014-07-07 20:00:00,42.49
2014-07-07 21:00:00,41.53
2014-07-07 22:00:00,37.34
2014-07-07 23:00:00,8.71
2014-07-08 00:00:00,8.71
2014-07-08 01:00:00,8.71
2014-07-08 02:00:00,8.71
2014-07-08 03:00:00,8.71
2014-07-08 04:00:00,8.71
2014-07-08 05:00:00,8.71
2014-07-08 06:00:00,8.71
2014-07-08 07:00:00,8.71
2014-07-08 08:00:00,8.71
2014-07-08 09:00:00,8.71
2014-07-08 10:00:00,10.58000001
2014-07-08 11:00:00,40.52
2014-07-08 12:00:00,42.07
2014-07-08 13:00:00,40.78
2014-07-08 14:00:00,41.51
2014-07-08 15:00:00,42.75
2014-07-08 16:00:00,41.67
2014-07-08 17:00:00,39.95
2014-07-08 18:00:00,37.65
2014-07-08 19:00:00,43.96
2014-07-08 20:00:00,47.13
2014-07-08 21:00:00,39.15
2014-07-08 22:00:00,35.23
2014-07-08 23:00:00,8.71
2014-07-09 00:00:00,8.71
2014-07-09 01:00:00,8.71
2014-07-09 02:00:00,8.71
2014-07-09 03:00:00,8.71
2014-07-09 04:00:00,8.71
2014-07-09 05:00:00,8.71
2014-07-09 06:00:00,8.71
2014-07-09 07:00:00,8.71
2014-07-09 08:00:00,8.71
2014-07-09 09:00:00,8.71
2014-07-09 10:00:00,8.710000001
2014-07-09 11:00:00,12.42
2014-07-09 12:00:00,41.05
2014-07-09 13:00:00,39.51
2014-07-09 14:00:00,46.12
2014-07-09 15:00:00,47.46
2014-07-09 16:00:00,46.47
2014-07-09 17:00:00,40.01
2014-07-09 18:00:00,36.87
2014-07-09 19:00:00,42.44
2014-07-09 20:00:00,48.87
2014-07-09 21:00:00,40.29
2014-07-09 22:00:00,38.92
2014-07-09 23:00:00,36.01
2014-07-10 00:00:00,8.71
2014-07-10 01:00:00,8.71
2014-07-10 02:00:00,8.71
2014-07-10 03:00:00,8.71
2014-07-10 04:00:00,8.71
2014-07-10 05:00:00,8.71
2014-07-10 06:00:00,8.71
2014-07-10 07:00:00,8.71
2014-07-10 08:00:00,8.71
2014-07-10 09:00:00,8.71
2014-07-10 10:00:00,8.710000005
2014-07-10 11:00:00,37.41
2014-07-10 12:00:00,37.61
2014-07-10 13:00:00,37.16
2014-07-10 14:00:00,41.72
2014-07-10 15:00:00,44.69
2014-07-10 16:00:00,44.62
2014-07-10 17:00:00,40.34
2014-07-10 18:00:00,38.09
2014-07-10 19:00:00,36.28
2014-07-10 20:00:00,38.47
2014-07-10 21:00:00,38.43
2014-07-10 22:00:00,32.91
2014-07-10 23:00:00,28.63
2014-07-11 00:00:00,8.71
2014-07-11 01:00:00,8.71
2014-07-11 02:00:00,8.71
2014-07-11 03:00:00,8.71
2014-07-11 04:00:00,8.71
2014-07-11 05:00:00,8.71
2014-07-11 06:00:00,8.71
2014-07-11 07:00:00,8.710000001
2014-07-11 08:00:00,12.32
2014-07-11 09:00:00,36.84
2014-07-11 10:00:00,40.69
2014-07-11 11:00:00,42.28
2014-07-11 12:00:00,36.04
2014-07-11 13:00:00,34.81
2014-07-11 14:00:00,41.9
2014-07-11 15:00:00,39.9
2014-07-11 16:00:00,38.36
2014-07-11 17:00:00,36.09
2014-07-11 18:00:00,36.77
2014-07-11 19:00:00,34.57
2014-07-11 20:00:00,36.63
2014-07-11 21:00:00,35.55
2014-07-11 22:00:00,34.9
2014-07-11 23:00:00,8.71
2014-07-12 00:00:00,8.71
2014-07-12 01:00:00,8.71
2014-07-12 02:00:00,8.71
2014-07-12 03:00:00,8.71
2014-07-12 04:00:00,8.71
2014-07-12 05:00:00,8.71
2014-07-12 06:00:00,8.71
2014-07-12 07:00:00,8.71
2014-07-12 08:00:00,8.71
2014-07-12 09:00:00,8.71
2014-07-12 10:00:00,8.710000004
2014-07-12 11:00:00,33.69
2014-07-12 12:00:00,32.96
2014-07-12 13:00:00,38.59
2014-07-12 14:00:00,38.45
2014-07-12 15:00:00,35.43
2014-07-12 16:00:00,43.66
2014-07-12 17:00:00,36.91
2014-07-12 18:00:00,29.57
2014-07-12 19:00:00,36.29
2014-07-12 20:00:00,38.35
2014-07-12 21:00:00,37.88
2014-07-12 22:00:00,40.09999999
2014-07-12 23:00:00,8.71
2014-07-13 00:00:00,8.71
2014-07-13 01:00:00,8.71
2014-07-13 02:00:00,8.71
2014-07-13 03:00:00,8.71
2014-07-13 04:00:00,8.71
2014-07-13 05:00:00,8.71
2014-07-13 06:00:00,8.71
2014-07-13 07:00:00,8.71
2014-07-13 08:00:00,8.71
2014-07-13 09:00:00,8.71
2014-07-13 10:00:00,8.710000005
2014-07-13 11:00:00,39.78
2014-07-13 12:00:00,42.22
2014-07-13 13:00:00,39.91
2014-07-13 14:00:00,35.25
2014-07-13 15:00:00,36.65
2014-07-13 16:00:00,37.34
2014-07-13 17:00:00,33.66
2014-07-13 18:00:00,32.29
2014-07-13 19:00:00,35.21
2014-07-13 20:00:00,39.55
2014-07-13 21:00:00,36.2
2014-07-13 22:00:00,31.65
2014-07-13 23:00:00,31.07
2014-07-14 00:00:00,8.71
2014-07-14 01:00:00,8.71
2014-07-14 02:00:00,8.71
2014-07-14 03:00:00,8.71
2014-07-14 04:00:00,8.71
2014-07-14 05:00:00,8.71
2014-07-14 06:00:00,8.71
2014-07-14 07:00:00,11.74
2014-07-14 08:00:00,38.45
2014-07-14 09:00:00,39.95
2014-07-14 10:00:00,42.05
2014-07-14 11:00:00,45.79
2014-07-14 12:00:00,40.67
2014-07-14 13:00:00,41.28
2014-07-14 14:00:00,41.41
2014-07-14 15:00:00,42.9
2014-07-14 16:00:00,40.9
2014-07-14 17:00:00,41.76
2014-07-14 18:00:00,34.97
2014-07-14 19:00:00,38.77
2014-07-14 20:00:00,41.12
2014-07-14 21:00:00,40.76
2014-07-14 22:00:00,8.71
2014-07-14 23:00:00,8.71
2014-07-15 00:00:00,8.71
2014-07-15 01:00:00,8.71
2014-07-15 02:00:00,8.71
2014-07-15 03:00:00,8.71
2014-07-15 04:00:00,8.71
2014-07-15 05:00:00,8.71
2014-07-15 06:00:00,8.71
2014-07-15 07:00:00,8.71
2014-07-15 08:00:00,8.71
2014-07-15 09:00:00,8.71
2014-07-15 10:00:00,12.74000001
2014-07-15 11:00:00,43.15
2014-07-15 12:00:00,41.82
2014-07-15 13:00:00,37.44
2014-07-15 14:00:00,37.92
2014-07-15 15:00:00,40.12
2014-07-15 16:00:00,39.29
2014-07-15 17:00:00,39.45
2014-07-15 18:00:00,36.46
2014-07-15 19:00:00,38.93
2014-07-15 20:00:00,43.11
2014-07-15 21:00:00,40.51
2014-07-15 22:00:00,42.96
2014-07-15 23:00:00,36.95
2014-07-16 00:00:00,8.71
2014-07-16 01:00:00,8.71
2014-07-16 02:00:00,8.71
2014-07-16 03:00:00,8.71
2014-07-16 04:00:00,8.71
2014-07-16 05:00:00,8.71
2014-07-16 06:00:00,8.71
2014-07-16 07:00:00,8.71
2014-07-16 08:00:00,8.71
2014-07-16 09:00:00,8.71
2014-07-16 10:00:00,12.59000001
2014-07-16 11:00:00,42.8
2014-07-16 12:00:00,44.13
2014-07-16 13:00:00,43.15
2014-07-16 14:00:00,45.84
2014-07-16 15:00:00,46.15
2014-07-16 16:00:00,44.03
2014-07-16 17:00:00,39.81
2014-07-16 18:00:00,38.14
2014-07-16 19:00:00,38.52
2014-07-16 20:00:00,42.16
2014-07-16 21:00:00,40.68
2014-07-16 22:00:00,37.86999999
2014-07-16 23:00:00,8.71
2014-07-17 00:00:00,8.71
2014-07-17 01:00:00,8.71
2014-07-17 02:00:00,8.71
2014-07-17 03:00:00,8.71
2014-07-17 04:00:00,8.71
2014-07-17 05:00:00,8.71
2014-07-17 06:00:00,8.71
2014-07-17 07:00:00,8.71
2014-07-17 08:00:00,8.71
2014-07-17 09:00:00,8.71
2014-07-17 10:00:00,12.59000001
2014-07-17 11:00:00,42.8
2014-07-17 12:00:00,44.13
2014-07-17 13:00:00,43.15
2014-07-17 14:00:00,45.84
2014-07-17 15:00:00,46.15
2014-07-17 16:00:00,44.03
2014-07-17 17:00:00,39.81
2014-07-17 18:00:00,38.14
2014-07-17 19:00:00,38.52
2014-07-17 20:00:00,42.16
2014-07-17 21:00:00,40.68
2014-07-17 22:00:00,37.86999999
2014-07-17 23:00:00,8.71
2014-07-18 00:00:00,8.71
2014-07-18 01:00:00,8.71
2014-07-18 02:00:00,8.71
2014-07-18 03:00:00,8.71
2014-07-18 04:00:00,8.71
2014-07-18 05:00:00,8.71
2014-07-18 06:00:00,8.71
2014-07-18 07:00:00,0
2014-07-18 08:00:00,0
2014-07-18 09:00:00,0
2014-07-18 10:00:00,5.000000005
2014-07-18 11:00:00,32.4
2014-07-18 12:00:00,32.4
2014-07-18 13:00:00,32.4
2014-07-18 14:00:00,32.4
2014-07-18 15:00:00,32.4
2014-07-18 16:00:00,32.4
2014-07-18 17:00:00,32.4
2014-07-18 18:00:00,27.6
2014-07-18 19:00:00,27.6
2014-07-18 20:00:00,32.4
2014-07-18 21:00:00,32.4
2014-07-18 22:00:00,31.99999999
2014-07-18 23:00:00,0
2014-07-19 00:00:00,8.71
2014-07-19 01:00:00,8.71
2014-07-19 02:00:00,8.71
2014-07-19 03:00:00,8.71
2014-07-19 04:00:00,8.71
2014-07-19 05:00:00,8.71
2014-07-19 06:00:00,8.71
2014-07-19 07:00:00,8.710000001
2014-07-19 08:00:00,15.36
2014-07-19 09:00:00,44.09
2014-07-19 10:00:00,39.52
2014-07-19 11:00:00,40.22
2014-07-19 12:00:00,40.81
2014-07-19 13:00:00,39.49
2014-07-19 14:00:00,41.29
2014-07-19 15:00:00,38.29
2014-07-19 16:00:00,39.36
2014-07-19 17:00:00,38.3
2014-07-19 18:00:00,34.98
2014-07-19 19:00:00,37.68
2014-07-19 20:00:00,39.23
2014-07-19 21:00:00,39.61
2014-07-19 22:00:00,33.74
2014-07-19 23:00:00,35
2014-07-20 00:00:00,8.71
2014-07-20 01:00:00,8.71
2014-07-20 02:00:00,8.71
2014-07-20 03:00:00,8.71
2014-07-20 04:00:00,8.71
2014-07-20 05:00:00,8.71
2014-07-20 06:00:00,8.71
2014-07-20 07:00:00,8.71
2014-07-20 08:00:00,8.71
2014-07-20 09:00:00,8.71
2014-07-20 10:00:00,8.71
2014-07-20 11:00:00,8.71
2014-07-20 12:00:00,39.09
2014-07-20 13:00:00,37.88
2014-07-20 14:00:00,41.04
2014-07-20 15:00:00,45.09
2014-07-20 16:00:00,41.86
2014-07-20 17:00:00,42.39
2014-07-20 18:00:00,38.4
2014-07-20 19:00:00,32.64
2014-07-20 20:00:00,45.16
2014-07-20 21:00:00,38.29
2014-07-20 22:00:00,35.84
2014-07-20 23:00:00,34.76
2014-07-21 00:00:00,8.71
2014-07-21 01:00:00,8.71
2014-07-21 02:00:00,8.71
2014-07-21 03:00:00,8.71
2014-07-21 04:00:00,8.71
2014-07-21 05:00:00,8.71
2014-07-21 06:00:00,8.71
2014-07-21 07:00:00,4.000000003
2014-07-21 08:00:00,20.4
2014-07-21 09:00:00,27.6
2014-07-21 10:00:00,31.6
2014-07-21 11:00:00,31.6
2014-07-21 12:00:00,31.6
2014-07-21 13:00:00,24.2
2014-07-21 14:00:00,31.6
2014-07-21 15:00:00,31.6
2014-07-21 16:00:00,31.6
2014-07-21 17:00:00,31.6
2014-07-21 18:00:00,18.8
2014-07-21 19:00:00,20.4
2014-07-21 20:00:00,27.2
2014-07-21 21:00:00,28
2014-07-21 22:00:00,18.8
2014-07-21 23:00:00,0
2014-07-22 00:00:00,8.71
2014-07-22 01:00:00,8.71
2014-07-22 02:00:00,8.71
2014-07-22 03:00:00,8.71
2014-07-22 04:00:00,8.71
2014-07-22 05:00:00,8.71
2014-07-22 06:00:00,8.71
2014-07-22 07:00:00,8.71
2014-07-22 08:00:00,11.55
2014-07-22 09:00:00,44.24
2014-07-22 10:00:00,40.01
2014-07-22 11:00:00,33.19
2014-07-22 12:00:00,36.54
2014-07-22 13:00:00,39.15
2014-07-22 14:00:00,39.5
2014-07-22 15:00:00,40.91
2014-07-22 16:00:00,41.96
2014-07-22 17:00:00,37.63
2014-07-22 18:00:00,36.31
2014-07-22 19:00:00,39.34
2014-07-22 20:00:00,41.81
2014-07-22 21:00:00,39.54
2014-07-22 22:00:00,8.71
2014-07-22 23:00:00,8.71
2014-07-23 00:00:00,8.71
2014-07-23 01:00:00,8.71
2014-07-23 02:00:00,8.71
2014-07-23 03:00:00,8.71
2014-07-23 04:00:00,8.71
2014-07-23 05:00:00,8.71
2014-07-23 06:00:00,8.71
2014-07-23 07:00:00,8.71
2014-07-23 08:00:00,8.71
2014-07-23 09:00:00,8.71
2014-07-23 10:00:00,8.71
2014-07-23 11:00:00,10.27
2014-07-23 12:00:00,43.36
2014-07-23 13:00:00,42.87
2014-07-23 14:00:00,46.12
2014-07-23 15:00:00,44.53
2014-07-23 16:00:00,41.6
2014-07-23 17:00:00,38.51
2014-07-23 18:00:00,35.41
2014-07-23 19:00:00,37.82
2014-07-23 20:00:00,39.12
2014-07-23 21:00:00,38.78
2014-07-23 22:00:00,37.63
2014-07-23 23:00:00,33.26
2014-07-24 00:00:00,8.71
2014-07-24 01:00:00,8.71
2014-07-24 02:00:00,8.71
2014-07-24 03:00:00,8.71
2014-07-24 04:00:00,8.71
2014-07-24 05:00:00,8.71
2014-07-24 06:00:00,8.71
2014-07-24 07:00:00,8.710000001
2014-07-24 08:00:00,11.75
2014-07-24 09:00:00,40.34
2014-07-24 10:00:00,45.63
2014-07-24 11:00:00,42.85
2014-07-24 12:00:00,39.36
2014-07-24 13:00:00,40.06
2014-07-24 14:00:00,40.34
2014-07-24 15:00:00,40.54
2014-07-24 16:00:00,39.34
2014-07-24 17:00:00,36.09
2014-07-24 18:00:00,39.7
2014-07-24 19:00:00,40.79
2014-07-24 20:00:00,44.15
2014-07-24 21:00:00,41.43
2014-07-24 22:00:00,36.7
2014-07-24 23:00:00,8.71
2014-07-25 00:00:00,8.71
2014-07-25 01:00:00,8.71
2014-07-25 02:00:00,8.71
2014-07-25 03:00:00,8.71
2014-07-25 04:00:00,8.71
2014-07-25 05:00:00,8.71
2014-07-25 06:00:00,8.71
2014-07-25 07:00:00,8.71
2014-07-25 08:00:00,8.71
2014-07-25 09:00:00,8.71
2014-07-25 10:00:00,11.11000001
2014-07-25 11:00:00,40.31
2014-07-25 12:00:00,47.15
2014-07-25 13:00:00,43.54
2014-07-25 14:00:00,43.82
2014-07-25 15:00:00,45.69
2014-07-25 16:00:00,36.88
2014-07-25 17:00:00,32.18
2014-07-25 18:00:00,34.38
2014-07-25 19:00:00,37.84
2014-07-25 20:00:00,42.14
2014-07-25 21:00:00,37.59
2014-07-25 22:00:00,33.67
2014-07-25 23:00:00,36.57
2014-07-26 00:00:00,8.71
2014-07-26 01:00:00,8.71
2014-07-26 02:00:00,8.71
2014-07-26 03:00:00,8.71
2014-07-26 04:00:00,8.71
2014-07-26 05:00:00,8.71
2014-07-26 06:00:00,8.71
2014-07-26 07:00:00,8.71
2014-07-26 08:00:00,8.71
2014-07-26 09:00:00,8.71
2014-07-26 10:00:00,17.12
2014-07-26 11:00:00,42.9
2014-07-26 12:00:00,37.48
2014-07-26 13:00:00,38.35
2014-07-26 14:00:00,40.18
2014-07-26 15:00:00,43.32
2014-07-26 16:00:00,42.71
2014-07-26 17:00:00,37.59
2014-07-26 18:00:00,41.11
2014-07-26 19:00:00,47.84
2014-07-26 20:00:00,44.45
2014-07-26 21:00:00,40.03
2014-07-26 22:00:00,34.21
2014-07-26 23:00:00,25.32
2014-07-27 00:00:00,11.89
2014-07-27 01:00:00,36
2014-07-27 02:00:00,35.45
2014-07-27 03:00:00,31.54
2014-07-27 04:00:00,36.44
2014-07-27 05:00:00,30.6
2014-07-27 06:00:00,34.21
2014-07-27 07:00:00,34.01
2014-07-27 08:00:00,33.32
2014-07-27 09:00:00,32.83
2014-07-27 10:00:00,7.58
2014-07-27 11:00:00,7.58
2014-07-27 12:00:00,7.58
2014-07-27 13:00:00,7.58
2014-07-27 14:00:00,7.58
2014-07-27 15:00:00,7.58
2014-07-27 16:00:00,7.58
2014-07-27 17:00:00,7.58
2014-07-27 18:00:00,37.25
2014-07-27 19:00:00,36.05
2014-07-27 20:00:00,38.94
2014-07-27 21:00:00,37.68
2014-07-27 22:00:00,34.74
2014-07-27 23:00:00,9.48
2014-07-28 00:00:00,11.08
2014-07-28 01:00:00,31.99
2014-07-28 02:00:00,28.12
2014-07-28 03:00:00,34.99
2014-07-28 04:00:00,31.57
2014-07-28 05:00:00,36.28
2014-07-28 06:00:00,33.83
2014-07-28 07:00:00,41.85
2014-07-28 08:00:00,44.53
2014-07-28 09:00:00,7.58
2014-07-28 10:00:00,10.88
2014-07-28 11:00:00,38.34
2014-07-28 12:00:00,41.7
2014-07-28 13:00:00,36.8
2014-07-28 14:00:00,38.65
2014-07-28 15:00:00,37.36
2014-07-28 16:00:00,35.59
2014-07-28 17:00:00,16.29
2014-07-28 18:00:00,7.58
2014-07-28 19:00:00,7.58
2014-07-28 20:00:00,7.58
2014-07-28 21:00:00,7.58
2014-07-28 22:00:00,7.58
2014-07-28 23:00:00,7.58
2014-07-29 00:00:00,7.58
2014-07-29 01:00:00,7.58
2014-07-29 02:00:00,7.58
2014-07-29 03:00:00,7.58
2014-07-29 04:00:00,7.58
2014-07-29 05:00:00,7.58
2014-07-29 06:00:00,7.58
2014-07-29 07:00:00,7.58
2014-07-29 08:00:00,7.58
2014-07-29 09:00:00,7.58
2014-07-29 10:00:00,7.58
2014-07-29 11:00:00,7.58
2014-07-29 12:00:00,7.58
2014-07-29 13:00:00,8.990000006
2014-07-29 14:00:00,41.11
2014-07-29 15:00:00,40.24
2014-07-29 16:00:00,38.24
2014-07-29 17:00:00,34.18
2014-07-29 18:00:00,31.48
2014-07-29 19:00:00,39.05
2014-07-29 20:00:00,41.57
2014-07-29 21:00:00,35.17
2014-07-29 22:00:00,36.35
2014-07-29 23:00:00,31.69
2014-07-30 00:00:00,7.58
2014-07-30 01:00:00,7.58
2014-07-30 02:00:00,7.58
2014-07-30 03:00:00,7.58
2014-07-30 04:00:00,7.58
2014-07-30 05:00:00,7.58
2014-07-30 06:00:00,7.58
2014-07-30 07:00:00,7.58
2014-07-30 08:00:00,7.58
2014-07-30 09:00:00,9.69
2014-07-30 10:00:00,32.58
2014-07-30 11:00:00,34.14
2014-07-30 12:00:00,37.09
2014-07-30 13:00:00,33.21
2014-07-30 14:00:00,36.59
2014-07-30 15:00:00,35.44
2014-07-30 16:00:00,33.85
2014-07-30 17:00:00,32.03
2014-07-30 18:00:00,35.24
2014-07-30 19:00:00,33.54
2014-07-30 20:00:00,37.41
2014-07-30 21:00:00,36.77
2014-07-30 22:00:00,29.92
2014-07-30 23:00:00,7.58
2014-07-31 00:00:00,7.58
2014-07-31 01:00:00,7.58
2014-07-31 02:00:00,7.58
2014-07-31 03:00:00,7.58
2014-07-31 04:00:00,7.58
2014-07-31 05:00:00,7.58
2014-07-31 06:00:00,7.58
2014-07-31 07:00:00,7.58
2014-07-31 08:00:00,7.58
2014-07-31 09:00:00,31.42
2014-07-31 10:00:00,31.17
2014-07-31 11:00:00,31.79
2014-07-31 12:00:00,35.42
2014-07-31 13:00:00,33.77
2014-07-31 14:00:00,37.87
2014-07-31 15:00:00,38.79
2014-07-31 16:00:00,31.22
2014-07-31 17:00:00,7.58
2014-07-31 18:00:00,7.58
2014-07-31 19:00:00,11.61
2014-07-31 20:00:00,32.67
2014-07-31 21:00:00,34.49
2014-07-31 22:00:00,30.61
2014-07-31 23:00:00,27.5
2014-08-01 00:00:00,7.58
2014-08-01 01:00:00,7.58
2014-08-01 02:00:00,7.58
2014-08-01 03:00:00,7.58
2014-08-01 04:00:00,7.58
2014-08-01 05:00:00,7.58
2014-08-01 06:00:00,7.58
2014-08-01 07:00:00,7.58
2014-08-01 08:00:00,7.58
2014-08-01 09:00:00,7.58
2014-08-01 10:00:00,7.580000001
2014-08-01 11:00:00,10.99
2014-08-01 12:00:00,36.06
2014-08-01 13:00:00,35.63
2014-08-01 14:00:00,36
2014-08-01 15:00:00,36.52
2014-08-01 16:00:00,33.17
2014-08-01 17:00:00,33.34
2014-08-01 18:00:00,31.8
2014-08-01 19:00:00,39.82
2014-08-01 20:00:00,40.56
2014-08-01 21:00:00,36.27
2014-08-01 22:00:00,35.63
2014-08-01 23:00:00,7.58
2014-08-02 00:00:00,7.58
2014-08-02 01:00:00,7.58
2014-08-02 02:00:00,7.58
2014-08-02 03:00:00,7.58
2014-08-02 04:00:00,7.58
2014-08-02 05:00:00,7.58
2014-08-02 06:00:00,7.58
2014-08-02 07:00:00,7.580000001
2014-08-02 08:00:00,10.74
2014-08-02 09:00:00,33.23
2014-08-02 10:00:00,31.65
2014-08-02 11:00:00,33.86
2014-08-02 12:00:00,7.58
2014-08-02 13:00:00,7.58
2014-08-02 14:00:00,7.58
2014-08-02 15:00:00,7.58
2014-08-02 16:00:00,10.79
2014-08-02 17:00:00,30.72
2014-08-02 18:00:00,32.02
2014-08-02 19:00:00,34.04
2014-08-02 20:00:00,32.14
2014-08-02 21:00:00,31.81
2014-08-02 22:00:00,32.74
2014-08-02 23:00:00,25.5
2014-08-03 00:00:00,12.11
2014-08-03 01:00:00,7.58
2014-08-03 02:00:00,7.58
2014-08-03 03:00:00,7.58
2014-08-03 04:00:00,7.580000004
2014-08-03 05:00:00,32.3
2014-08-03 06:00:00,32.75
2014-08-03 07:00:00,28.83
2014-08-03 08:00:00,36.72
2014-08-03 09:00:00,34.34
2014-08-03 10:00:00,30.82
2014-08-03 11:00:00,31.59
2014-08-03 12:00:00,32.52
2014-08-03 13:00:00,32.74
2014-08-03 14:00:00,32.39
2014-08-03 15:00:00,7.58
2014-08-03 16:00:00,7.58
2014-08-03 17:00:00,7.58
2014-08-03 18:00:00,7.58
2014-08-03 19:00:00,7.58
2014-08-03 20:00:00,7.58
2014-08-03 21:00:00,7.58
2014-08-03 22:00:00,28.65
2014-08-03 23:00:00,27.87
2014-08-04 00:00:00,9
2014-08-04 01:00:00,35.56
2014-08-04 02:00:00,33.56
2014-08-04 03:00:00,28.22
2014-08-04 04:00:00,29.89
2014-08-04 05:00:00,36.4
2014-08-04 06:00:00,42.4
2014-08-04 07:00:00,31.23
2014-08-04 08:00:00,7.58
2014-08-04 09:00:00,7.58
2014-08-04 10:00:00,7.58
2014-08-04 11:00:00,7.58
2014-08-04 12:00:00,7.58
2014-08-04 13:00:00,7.58
2014-08-04 14:00:00,7.58
2014-08-04 15:00:00,7.58
2014-08-04 16:00:00,7.58
2014-08-04 17:00:00,7.58
2014-08-04 18:00:00,7.58
2014-08-04 19:00:00,13.66
2014-08-04 20:00:00,38.87
2014-08-04 21:00:00,35.92
2014-08-04 22:00:00,33.04
2014-08-04 23:00:00,29.06
2014-08-05 00:00:00,26.78
2014-08-05 01:00:00,7.58
2014-08-05 02:00:00,7.58
2014-08-05 03:00:00,7.58
2014-08-05 04:00:00,7.58
2014-08-05 05:00:00,7.58
2014-08-05 06:00:00,7.58
2014-08-05 07:00:00,7.58
2014-08-05 08:00:00,7.58
2014-08-05 09:00:00,7.58
2014-08-05 10:00:00,7.58
2014-08-05 11:00:00,7.58
2014-08-05 12:00:00,7.58
2014-08-05 13:00:00,7.58
2014-08-05 14:00:00,7.58
2014-08-05 15:00:00,33.73
2014-08-05 16:00:00,36.03
2014-08-05 17:00:00,28.96
2014-08-05 18:00:00,32.02
2014-08-05 19:00:00,36.15
2014-08-05 20:00:00,32.6
2014-08-05 21:00:00,28.17
2014-08-05 22:00:00,28.33
2014-08-05 23:00:00,30.22
2014-08-06 00:00:00,30.99
2014-08-06 01:00:00,36.41
2014-08-06 02:00:00,31.26
2014-08-06 03:00:00,33.87
2014-08-06 04:00:00,33.02
2014-08-06 05:00:00,10.23
2014-08-06 06:00:00,7.58
2014-08-06 07:00:00,7.58
2014-08-06 08:00:00,7.58
2014-08-06 09:00:00,7.58
2014-08-06 10:00:00,7.58
2014-08-06 11:00:00,7.58
2014-08-06 12:00:00,7.58
2014-08-06 13:00:00,7.58
2014-08-06 14:00:00,7.58
2014-08-06 15:00:00,7.58
2014-08-06 16:00:00,7.58
2014-08-06 17:00:00,7.58
2014-08-06 18:00:00,7.58
2014-08-06 19:00:00,30.68
2014-08-06 20:00:00,38.44
2014-08-06 21:00:00,33.12
2014-08-06 22:00:00,31.79
2014-08-06 23:00:00,28.62
2014-08-07 00:00:00,7.58
2014-08-07 01:00:00,7.58
2014-08-07 02:00:00,7.58
2014-08-07 03:00:00,7.58
2014-08-07 04:00:00,7.58
2014-08-07 05:00:00,7.58
2014-08-07 06:00:00,7.58
2014-08-07 07:00:00,7.58
2014-08-07 08:00:00,7.58
2014-08-07 09:00:00,7.58
2014-08-07 10:00:00,7.58
2014-08-07 11:00:00,7.58
2014-08-07 12:00:00,7.58
2014-08-07 13:00:00,34
2014-08-07 14:00:00,34.5
2014-08-07 15:00:00,32.62
2014-08-07 16:00:00,34.65
2014-08-07 17:00:00,31.87
2014-08-07 18:00:00,31.42
2014-08-07 19:00:00,35.44
2014-08-07 20:00:00,30.29
2014-08-07 21:00:00,27.57
2014-08-07 22:00:00,27.26
2014-08-07 23:00:00,26.06
2014-08-08 00:00:00,7.58
2014-08-08 01:00:00,30.73
2014-08-08 02:00:00,31.58
2014-08-08 03:00:00,29.33
2014-08-08 04:00:00,30.44
2014-08-08 05:00:00,31.63
2014-08-08 06:00:00,28.41
2014-08-08 07:00:00,29.8
2014-08-08 08:00:00,29.8
2014-08-08 09:00:00,0
2014-08-08 10:00:00,4.63E-09
2014-08-08 11:00:00,26.5
2014-08-08 12:00:00,23.5
2014-08-08 13:00:00,23.5
2014-08-08 14:00:00,23.5
2014-08-08 15:00:00,23.5
2014-08-08 16:00:00,0
2014-08-08 17:00:00,0
2014-08-08 18:00:00,0
2014-08-08 19:00:00,0
2014-08-08 20:00:00,0
2014-08-08 21:00:00,0
2014-08-08 22:00:00,0
2014-08-08 23:00:00,0
2014-08-09 00:00:00,0
2014-08-09 01:00:00,7.58
2014-08-09 02:00:00,7.58
2014-08-09 03:00:00,7.58
2014-08-09 04:00:00,7.58
2014-08-09 05:00:00,7.58
2014-08-09 06:00:00,7.58
2014-08-09 07:00:00,7.58
2014-08-09 08:00:00,7.58
2014-08-09 09:00:00,10.8
2014-08-09 10:00:00,31.28
2014-08-09 11:00:00,35.37
2014-08-09 12:00:00,33.4
2014-08-09 13:00:00,7.58
2014-08-09 14:00:00,7.58
2014-08-09 15:00:00,7.58
2014-08-09 16:00:00,7.58
2014-08-09 17:00:00,7.58
2014-08-09 18:00:00,10.44
2014-08-09 19:00:00,35.63
2014-08-09 20:00:00,33.37
2014-08-09 21:00:00,33.26
2014-08-09 22:00:00,31.92
2014-08-09 23:00:00,30.17
2014-08-10 00:00:00,7.58
2014-08-10 01:00:00,7.58
2014-08-10 02:00:00,7.58
2014-08-10 03:00:00,7.58
2014-08-10 04:00:00,7.58
2014-08-10 05:00:00,7.58
2014-08-10 06:00:00,7.58
2014-08-10 07:00:00,7.58
2014-08-10 08:00:00,7.58
2014-08-10 09:00:00,7.58
2014-08-10 10:00:00,7.58
2014-08-10 11:00:00,7.58
2014-08-10 12:00:00,7.58
2014-08-10 13:00:00,7.58
2014-08-10 14:00:00,7.58
2014-08-10 15:00:00,34.1
2014-08-10 16:00:00,33.98
2014-08-10 17:00:00,36.22
2014-08-10 18:00:00,34.66
2014-08-10 19:00:00,31.47
2014-08-10 20:00:00,38.42
2014-08-10 21:00:00,33.19
2014-08-10 22:00:00,30.72
2014-08-10 23:00:00,7.58
2014-08-11 00:00:00,7.58
2014-08-11 01:00:00,7.58
2014-08-11 02:00:00,7.58
2014-08-11 03:00:00,7.58
2014-08-11 04:00:00,7.58
2014-08-11 05:00:00,7.58
2014-08-11 06:00:00,7.58
2014-08-11 07:00:00,7.58
2014-08-11 08:00:00,7.58
2014-08-11 09:00:00,7.58
2014-08-11 10:00:00,7.58
2014-08-11 11:00:00,7.58
2014-08-11 12:00:00,7.58
2014-08-11 13:00:00,7.58
2014-08-11 14:00:00,7.58
2014-08-11 15:00:00,7.58
2014-08-11 16:00:00,7.58
2014-08-11 17:00:00,7.58
2014-08-11 18:00:00,7.58
2014-08-11 19:00:00,34.09
2014-08-11 20:00:00,33.17
2014-08-11 21:00:00,31.25
2014-08-11 22:00:00,31.52
2014-08-11 23:00:00,10.44
2014-08-12 00:00:00,7.58
2014-08-12 01:00:00,36.73
2014-08-12 02:00:00,31.51
2014-08-12 03:00:00,33.68
2014-08-12 04:00:00,35.25
2014-08-12 05:00:00,33.5
2014-08-12 06:00:00,37.45
2014-08-12 07:00:00,34.29
2014-08-12 08:00:00,36.34
2014-08-12 09:00:00,7.58
2014-08-12 10:00:00,9.590000004
2014-08-12 11:00:00,33.88
2014-08-12 12:00:00,32.6
2014-08-12 13:00:00,7.58
2014-08-12 14:00:00,7.58
2014-08-12 15:00:00,7.58
2014-08-12 16:00:00,7.58
2014-08-12 17:00:00,7.58
2014-08-12 18:00:00,7.58
2014-08-12 19:00:00,7.58
2014-08-12 20:00:00,7.58
2014-08-12 21:00:00,7.58
2014-08-12 22:00:00,7.58
2014-08-12 23:00:00,7.58
2014-08-13 00:00:00,7.58
2014-08-13 01:00:00,30.66
2014-08-13 02:00:00,31.06
2014-08-13 03:00:00,28.16
2014-08-13 04:00:00,28.42
2014-08-13 05:00:00,35.74
2014-08-13 06:00:00,27.37
2014-08-13 07:00:00,0
2014-08-13 08:00:00,0
2014-08-13 09:00:00,0
2014-08-13 10:00:00,4.000000003
2014-08-13 11:00:00,19.8
2014-08-13 12:00:00,24.8
2014-08-13 13:00:00,23.6
2014-08-13 14:00:00,24.8
2014-08-13 15:00:00,25.6
2014-08-13 16:00:00,0
2014-08-13 17:00:00,0
2014-08-13 18:00:00,0
2014-08-13 19:00:00,0
2014-08-13 20:00:00,0
2014-08-13 21:00:00,0
2014-08-13 22:00:00,0
2014-08-13 23:00:00,0
2014-08-14 00:00:00,7.58
2014-08-14 01:00:00,7.58
2014-08-14 02:00:00,7.58
2014-08-14 03:00:00,7.58
2014-08-14 04:00:00,7.58
2014-08-14 05:00:00,7.58
2014-08-14 06:00:00,7.58
2014-08-14 07:00:00,7.58
2014-08-14 08:00:00,7.58
2014-08-14 09:00:00,7.58
2014-08-14 10:00:00,7.58
2014-08-14 11:00:00,7.58
2014-08-14 12:00:00,7.58
2014-08-14 13:00:00,7.580000005
2014-08-14 14:00:00,33.74
2014-08-14 15:00:00,34.53
2014-08-14 16:00:00,34.28
2014-08-14 17:00:00,29.35
2014-08-14 18:00:00,7.58
2014-08-14 19:00:00,32.88
2014-08-14 20:00:00,31.78
2014-08-14 21:00:00,31.24
2014-08-14 22:00:00,31.88
2014-08-14 23:00:00,28.47
2014-08-15 00:00:00,7.58
2014-08-15 01:00:00,7.58
2014-08-15 02:00:00,7.58
2014-08-15 03:00:00,7.58
2014-08-15 04:00:00,7.58
2014-08-15 05:00:00,7.58
2014-08-15 06:00:00,7.58
2014-08-15 07:00:00,0
2014-08-15 08:00:00,0
2014-08-15 09:00:00,0
2014-08-15 10:00:00,0
2014-08-15 11:00:00,0
2014-08-15 12:00:00,0
2014-08-15 13:00:00,8.73E-10
2014-08-15 14:00:00,5
2014-08-15 15:00:00,24.2
2014-08-15 16:00:00,18.4
2014-08-15 17:00:00,19.6
2014-08-15 18:00:00,23
2014-08-15 19:00:00,29.8
2014-08-15 20:00:00,29.8
2014-08-15 21:00:00,27.4
2014-08-15 22:00:00,29.8
2014-08-15 23:00:00,29.8
2014-08-16 00:00:00,7.58
2014-08-16 01:00:00,7.58
2014-08-16 02:00:00,7.58
2014-08-16 03:00:00,7.58
2014-08-16 04:00:00,7.58
2014-08-16 05:00:00,7.58
2014-08-16 06:00:00,7.58
2014-08-16 07:00:00,7.58
2014-08-16 08:00:00,9.84
2014-08-16 09:00:00,33.21
2014-08-16 10:00:00,36.21
2014-08-16 11:00:00,30.52
2014-08-16 12:00:00,7.58
2014-08-16 13:00:00,7.58
2014-08-16 14:00:00,7.58
2014-08-16 15:00:00,7.58
2014-08-16 16:00:00,7.58
2014-08-16 17:00:00,9.83
2014-08-16 18:00:00,32.93
2014-08-16 19:00:00,34.47
2014-08-16 20:00:00,32.1
2014-08-16 21:00:00,31.55
2014-08-16 22:00:00,30.25
2014-08-16 23:00:00,28.38
2014-08-17 00:00:00,7.58
2014-08-17 01:00:00,7.58
2014-08-17 02:00:00,7.58
2014-08-17 03:00:00,7.58
2014-08-17 04:00:00,7.58
2014-08-17 05:00:00,7.58
2014-08-17 06:00:00,7.58
2014-08-17 07:00:00,7.580000001
2014-08-17 08:00:00,12.84
2014-08-17 09:00:00,36
2014-08-17 10:00:00,35.56
2014-08-17 11:00:00,34.17
2014-08-17 12:00:00,7.58
2014-08-17 13:00:00,7.58
2014-08-17 14:00:00,7.58
2014-08-17 15:00:00,7.58
2014-08-17 16:00:00,7.58
2014-08-17 17:00:00,7.58
2014-08-17 18:00:00,10.53
2014-08-17 19:00:00,38.07
2014-08-17 20:00:00,35.86
2014-08-17 21:00:00,32.68
2014-08-17 22:00:00,36.41
2014-08-17 23:00:00,27.13
2014-08-18 00:00:00,7.58
2014-08-18 01:00:00,7.58
2014-08-18 02:00:00,7.58
2014-08-18 03:00:00,7.58
2014-08-18 04:00:00,7.58
2014-08-18 05:00:00,7.58
2014-08-18 06:00:00,7.58
2014-08-18 07:00:00,7.58
2014-08-18 08:00:00,7.58
2014-08-18 09:00:00,7.58
2014-08-18 10:00:00,25.69
2014-08-18 11:00:00,38.74
2014-08-18 12:00:00,36.93
2014-08-18 13:00:00,35.27
2014-08-18 14:00:00,37.52
2014-08-18 15:00:00,34.82
2014-08-18 16:00:00,34.53
2014-08-18 17:00:00,33.22
2014-08-18 18:00:00,9.39
2014-08-18 19:00:00,35.78
2014-08-18 20:00:00,34.74
2014-08-18 21:00:00,35.45
2014-08-18 22:00:00,33.14
2014-08-18 23:00:00,7.58
2014-08-19 00:00:00,7.58
2014-08-19 01:00:00,7.58
2014-08-19 02:00:00,7.58
2014-08-19 03:00:00,7.58
2014-08-19 04:00:00,7.58
2014-08-19 05:00:00,7.58
2014-08-19 06:00:00,7.58
2014-08-19 07:00:00,7.58
2014-08-19 08:00:00,7.58
2014-08-19 09:00:00,7.58
2014-08-19 10:00:00,7.58
2014-08-19 11:00:00,7.58
2014-08-19 12:00:00,7.58
2014-08-19 13:00:00,7.58
2014-08-19 14:00:00,7.58
2014-08-19 15:00:00,7.58
2014-08-19 16:00:00,7.58
2014-08-19 17:00:00,7.58
2014-08-19 18:00:00,7.58
2014-08-19 19:00:00,40
2014-08-19 20:00:00,30.33
2014-08-19 21:00:00,7.58
2014-08-19 22:00:00,7.58
2014-08-19 23:00:00,7.58
2014-08-20 00:00:00,7.58
2014-08-20 01:00:00,7.58
2014-08-20 02:00:00,7.58
2014-08-20 03:00:00,7.58
2014-08-20 04:00:00,7.58
2014-08-20 05:00:00,7.58
2014-08-20 06:00:00,7.58
2014-08-20 07:00:00,7.58
2014-08-20 08:00:00,7.58
2014-08-20 09:00:00,7.58
2014-08-20 10:00:00,10.22
2014-08-20 11:00:00,32.02
2014-08-20 12:00:00,35.66
2014-08-20 13:00:00,33.45
2014-08-20 14:00:00,36.18
2014-08-20 15:00:00,7.58
2014-08-20 16:00:00,7.58
2014-08-20 17:00:00,7.58
2014-08-20 18:00:00,7.58
2014-08-20 19:00:00,7.58
2014-08-20 20:00:00,7.58
2014-08-20 21:00:00,7.58
2014-08-20 22:00:00,7.58
2014-08-20 23:00:00,7.58
2014-08-21 00:00:00,7.58
2014-08-21 01:00:00,7.58
2014-08-21 02:00:00,7.58
2014-08-21 03:00:00,7.58
2014-08-21 04:00:00,7.58
2014-08-21 05:00:00,7.58
2014-08-21 06:00:00,7.58
2014-08-21 07:00:00,7.58
2014-08-21 08:00:00,7.58
2014-08-21 09:00:00,7.58
2014-08-21 10:00:00,7.58
2014-08-21 11:00:00,7.58
2014-08-21 12:00:00,7.58
2014-08-21 13:00:00,10.49
2014-08-21 14:00:00,37.24
2014-08-21 15:00:00,36.79
2014-08-21 16:00:00,34.65
2014-08-21 17:00:00,33.9
2014-08-21 18:00:00,9.35
2014-08-21 19:00:00,37.31
2014-08-21 20:00:00,35.06
2014-08-21 21:00:00,7.58
2014-08-21 22:00:00,7.58
2014-08-21 23:00:00,7.58
2014-08-22 00:00:00,7.58
2014-08-22 01:00:00,7.58
2014-08-22 02:00:00,7.58
2014-08-22 03:00:00,7.58
2014-08-22 04:00:00,7.58
2014-08-22 05:00:00,7.58
2014-08-22 06:00:00,7.58
2014-08-22 07:00:00,7.58
2014-08-22 08:00:00,7.58
2014-08-22 09:00:00,7.58
2014-08-22 10:00:00,7.58
2014-08-22 11:00:00,7.58
2014-08-22 12:00:00,7.58
2014-08-22 13:00:00,7.58
2014-08-22 14:00:00,7.58
2014-08-22 15:00:00,7.58
2014-08-22 16:00:00,7.58
2014-08-22 17:00:00,7.58
2014-08-22 18:00:00,7.58
2014-08-22 19:00:00,32.78
2014-08-22 20:00:00,34.9
2014-08-22 21:00:00,32.64
2014-08-22 22:00:00,31.44
2014-08-22 23:00:00,28.3
2014-08-23 00:00:00,7.58
2014-08-23 01:00:00,7.58
2014-08-23 02:00:00,7.58
2014-08-23 03:00:00,7.58
2014-08-23 04:00:00,7.58
2014-08-23 05:00:00,7.58
2014-08-23 06:00:00,7.58
2014-08-23 07:00:00,7.58
2014-08-23 08:00:00,7.58
2014-08-23 09:00:00,26.62
2014-08-23 10:00:00,32.77
2014-08-23 11:00:00,33.72
2014-08-23 12:00:00,33.21
2014-08-23 13:00:00,30.27
2014-08-23 14:00:00,32.85
2014-08-23 15:00:00,32.1
2014-08-23 16:00:00,33.56
2014-08-23 17:00:00,28.1
2014-08-23 18:00:00,7.58
2014-08-23 19:00:00,16.89
2014-08-23 20:00:00,39.3
2014-08-23 21:00:00,37.76
2014-08-23 22:00:00,27.16
2014-08-23 23:00:00,7.58
2014-08-24 00:00:00,7.58
2014-08-24 01:00:00,7.58
2014-08-24 02:00:00,7.58
2014-08-24 03:00:00,7.58
2014-08-24 04:00:00,7.58
2014-08-24 05:00:00,7.58
2014-08-24 06:00:00,7.58
2014-08-24 07:00:00,7.58
2014-08-24 08:00:00,7.58
2014-08-24 09:00:00,7.58
2014-08-24 10:00:00,7.58
2014-08-24 11:00:00,7.58
2014-08-24 12:00:00,7.58
2014-08-24 13:00:00,7.58
2014-08-24 14:00:00,7.58
2014-08-24 15:00:00,7.58
2014-08-24 16:00:00,7.58
2014-08-24 17:00:00,7.58
2014-08-24 18:00:00,10.85
2014-08-24 19:00:00,37.07
2014-08-24 20:00:00,35.36
2014-08-24 21:00:00,32.18
2014-08-24 22:00:00,7.58
2014-08-24 23:00:00,7.58
2014-08-25 00:00:00,7.58
2014-08-25 01:00:00,7.58
2014-08-25 02:00:00,7.58
2014-08-25 03:00:00,7.58
2014-08-25 04:00:00,7.58
2014-08-25 05:00:00,7.58
2014-08-25 06:00:00,7.58
2014-08-25 07:00:00,7.58
2014-08-25 08:00:00,7.58
2014-08-25 09:00:00,7.58
2014-08-25 10:00:00,7.58
2014-08-25 11:00:00,7.58
2014-08-25 12:00:00,39.15
2014-08-25 13:00:00,34.78
2014-08-25 14:00:00,39.55
2014-08-25 15:00:00,35.05
2014-08-25 16:00:00,7.58
2014-08-25 17:00:00,7.58
2014-08-25 18:00:00,7.58
2014-08-25 19:00:00,7.58
2014-08-25 20:00:00,7.58
2014-08-25 21:00:00,7.58
2014-08-25 22:00:00,7.58
2014-08-25 23:00:00,7.58
2014-08-26 00:00:00,7.58
2014-08-26 01:00:00,7.58
2014-08-26 02:00:00,7.58
2014-08-26 03:00:00,7.58
2014-08-26 04:00:00,7.58
2014-08-26 05:00:00,7.58
2014-08-26 06:00:00,7.58
2014-08-26 07:00:00,7.58
2014-08-26 08:00:00,7.58
2014-08-26 09:00:00,10.83
2014-08-26 10:00:00,33.88
2014-08-26 11:00:00,33.47
2014-08-26 12:00:00,35.19
2014-08-26 13:00:00,30.36
2014-08-26 14:00:00,7.58
2014-08-26 15:00:00,7.58
2014-08-26 16:00:00,7.58
2014-08-26 17:00:00,7.58
2014-08-26 18:00:00,7.58
2014-08-26 19:00:00,7.58
2014-08-26 20:00:00,7.58
2014-08-26 21:00:00,7.58
2014-08-26 22:00:00,7.58
2014-08-26 23:00:00,7.58
2014-08-27 00:00:00,11.16
2014-08-27 01:00:00,32.42
2014-08-27 02:00:00,30.5
2014-08-27 03:00:00,31.78
2014-08-27 04:00:00,31.38
2014-08-27 05:00:00,9.28
2014-08-27 06:00:00,7.58
2014-08-27 07:00:00,0
2014-08-27 08:00:00,0
2014-08-27 09:00:00,0
2014-08-27 10:00:00,0
2014-08-27 11:00:00,0
2014-08-27 12:00:00,0
2014-08-27 13:00:00,0
2014-08-27 14:00:00,0
2014-08-27 15:00:00,0
2014-08-27 16:00:00,0
2014-08-27 17:00:00,0
2014-08-27 18:00:00,0
2014-08-27 19:00:00,0
2014-08-27 20:00:00,0
2014-08-27 21:00:00,0
2014-08-27 22:00:00,0
2014-08-27 23:00:00,0
2014-09-01 00:00:00,8.71
2014-09-01 01:00:00,8.71
2014-09-01 02:00:00,8.71
2014-09-01 03:00:00,8.71
2014-09-01 04:00:00,8.71
2014-09-01 05:00:00,8.71
2014-09-01 06:00:00,8.71
2014-09-01 07:00:00,8.71
2014-09-01 08:00:00,8.71
2014-09-01 09:00:00,37.83
2014-09-01 10:00:00,39.84
2014-09-01 11:00:00,37.92
2014-09-01 12:00:00,8.71
2014-09-01 13:00:00,8.71
2014-09-01 14:00:00,8.71
2014-09-01 15:00:00,8.71
2014-09-01 16:00:00,8.71
2014-09-01 17:00:00,8.71
2014-09-01 18:00:00,8.71
2014-09-01 19:00:00,8.71
2014-09-01 20:00:00,8.71
2014-09-01 21:00:00,8.71
2014-09-01 22:00:00,8.71
2014-09-01 23:00:00,8.71
2014-09-02 00:00:00,8.71
2014-09-02 01:00:00,8.71
2014-09-02 02:00:00,8.71
2014-09-02 03:00:00,8.71
2014-09-02 04:00:00,8.71
2014-09-02 05:00:00,8.71
2014-09-02 06:00:00,8.71
2014-09-02 07:00:00,8.71
2014-09-02 08:00:00,8.71
2014-09-02 09:00:00,8.71
2014-09-02 10:00:00,36.4
2014-09-02 11:00:00,36.62
2014-09-02 12:00:00,35.49
2014-09-02 13:00:00,8.71
2014-09-02 14:00:00,8.71
2014-09-02 15:00:00,8.71
2014-09-02 16:00:00,8.71
2014-09-02 17:00:00,8.71
2014-09-02 18:00:00,8.71
2014-09-02 19:00:00,8.71
2014-09-02 20:00:00,8.71
2014-09-02 21:00:00,8.71
2014-09-02 22:00:00,8.71
2014-09-02 23:00:00,8.71
2014-09-03 00:00:00,8.71
2014-09-03 01:00:00,8.71
2014-09-03 02:00:00,8.71
2014-09-03 03:00:00,8.71
2014-09-03 04:00:00,8.71
2014-09-03 05:00:00,8.71
2014-09-03 06:00:00,8.71
2014-09-03 07:00:00,8.71
2014-09-03 08:00:00,8.71
2014-09-03 09:00:00,8.71
2014-09-03 10:00:00,8.71
2014-09-03 11:00:00,8.71
2014-09-03 12:00:00,8.71
2014-09-03 13:00:00,8.71
2014-09-03 14:00:00,8.71
2014-09-03 15:00:00,8.71
2014-09-03 16:00:00,8.71
2014-09-03 17:00:00,8.71
2014-09-03 18:00:00,8.71
2014-09-03 19:00:00,8.71
2014-09-03 20:00:00,8.71
2014-09-03 21:00:00,8.71
2014-09-03 22:00:00,8.71
2014-09-03 23:00:00,8.71
2014-09-04 00:00:00,8.71
2014-09-04 01:00:00,8.71
2014-09-04 02:00:00,8.71
2014-09-04 03:00:00,8.71
2014-09-04 04:00:00,8.71
2014-09-04 05:00:00,8.71
2014-09-04 06:00:00,8.71
2014-09-04 07:00:00,8.71
2014-09-04 08:00:00,8.71
2014-09-04 09:00:00,8.71
2014-09-04 10:00:00,8.71
2014-09-04 11:00:00,8.71
2014-09-04 12:00:00,8.71
2014-09-04 13:00:00,8.71
2014-09-04 14:00:00,8.71
2014-09-04 15:00:00,8.71
2014-09-04 16:00:00,8.71
2014-09-04 17:00:00,8.71
2014-09-04 18:00:00,8.71
2014-09-04 19:00:00,8.71
2014-09-04 20:00:00,8.71
2014-09-04 21:00:00,8.71
2014-09-04 22:00:00,8.71
2014-09-04 23:00:00,8.71
2014-09-05 00:00:00,8.71
2014-09-05 01:00:00,8.71
2014-09-05 02:00:00,8.71
2014-09-05 03:00:00,8.71
2014-09-05 04:00:00,8.71
2014-09-05 05:00:00,8.71
2014-09-05 06:00:00,8.71
2014-09-05 07:00:00,8.71
2014-09-05 08:00:00,8.71
2014-09-05 09:00:00,8.71
2014-09-05 10:00:00,8.71
2014-09-05 11:00:00,8.71
2014-09-05 12:00:00,8.71
2014-09-05 13:00:00,8.71
2014-09-05 14:00:00,8.71
2014-09-05 15:00:00,8.71
2014-09-05 16:00:00,8.71
2014-09-05 17:00:00,8.71
2014-09-05 18:00:00,8.71
2014-09-05 19:00:00,8.71
2014-09-05 20:00:00,8.71
2014-09-05 21:00:00,8.71
2014-09-05 22:00:00,8.71
2014-09-05 23:00:00,8.71
2014-09-06 00:00:00,8.71
2014-09-06 01:00:00,8.71
2014-09-06 02:00:00,8.71
2014-09-06 03:00:00,8.71
2014-09-06 04:00:00,8.71
2014-09-06 05:00:00,8.71
2014-09-06 06:00:00,8.71
2014-09-06 07:00:00,8.71
2014-09-06 08:00:00,8.71
2014-09-06 09:00:00,8.71
2014-09-06 10:00:00,8.71
2014-09-06 11:00:00,8.71
2014-09-06 12:00:00,8.71
2014-09-06 13:00:00,8.71
2014-09-06 14:00:00,8.71
2014-09-06 15:00:00,8.71
2014-09-06 16:00:00,8.71
2014-09-06 17:00:00,8.71
2014-09-06 18:00:00,8.71
2014-09-06 19:00:00,8.71
2014-09-06 20:00:00,8.71
2014-09-06 21:00:00,8.71
2014-09-06 22:00:00,8.71
2014-09-06 23:00:00,8.71
2014-09-07 00:00:00,8.71
2014-09-07 01:00:00,8.71
2014-09-07 02:00:00,8.71
2014-09-07 03:00:00,8.71
2014-09-07 04:00:00,8.71
2014-09-07 05:00:00,8.71
2014-09-07 06:00:00,8.71
2014-09-07 07:00:00,8.71
2014-09-07 08:00:00,8.71
2014-09-07 09:00:00,8.71
2014-09-07 10:00:00,8.71
2014-09-07 11:00:00,8.71
2014-09-07 12:00:00,8.71
2014-09-07 13:00:00,8.71
2014-09-07 14:00:00,8.71
2014-09-07 15:00:00,8.71
2014-09-07 16:00:00,8.71
2014-09-07 17:00:00,8.71
2014-09-07 18:00:00,8.71
2014-09-07 19:00:00,8.71
2014-09-07 20:00:00,8.71
2014-09-07 21:00:00,8.71
2014-09-07 22:00:00,8.71
2014-09-07 23:00:00,8.71
2014-09-08 00:00:00,8.71
2014-09-08 01:00:00,8.71
2014-09-08 02:00:00,8.71
2014-09-08 03:00:00,8.71
2014-09-08 04:00:00,8.71
2014-09-08 05:00:00,8.71
2014-09-08 06:00:00,8.71
2014-09-08 07:00:00,8.71
2014-09-08 08:00:00,8.71
2014-09-08 09:00:00,8.71
2014-09-08 10:00:00,8.71
2014-09-08 11:00:00,8.71
2014-09-08 12:00:00,8.71
2014-09-08 13:00:00,8.71
2014-09-08 14:00:00,8.71
2014-09-08 15:00:00,8.71
2014-09-08 16:00:00,8.71
2014-09-08 17:00:00,8.71
2014-09-08 18:00:00,8.71
2014-09-08 19:00:00,8.71
2014-09-08 20:00:00,8.71
2014-09-08 21:00:00,8.71
2014-09-08 22:00:00,8.71
2014-09-08 23:00:00,8.71
2014-09-09 00:00:00,8.71
2014-09-09 01:00:00,9.84
2014-09-09 02:00:00,9.84
2014-09-09 03:00:00,9.84
2014-09-09 04:00:00,9.84
2014-09-09 05:00:00,9.84
2014-09-09 06:00:00,9.84
2014-09-09 07:00:00,9.84
2014-09-09 08:00:00,9.84
2014-09-09 09:00:00,9.84
2014-09-09 10:00:00,9.84
2014-09-09 11:00:00,9.84
2014-09-09 12:00:00,9.84
2014-09-09 13:00:00,9.84
2014-09-09 14:00:00,9.84
2014-09-09 15:00:00,9.84
2014-09-09 16:00:00,9.84
2014-09-09 17:00:00,9.84
2014-09-09 18:00:00,9.84
2014-09-09 19:00:00,9.84
2014-09-09 20:00:00,9.84
2014-09-09 21:00:00,9.84
2014-09-09 22:00:00,9.84
2014-09-09 23:00:00,9.84
2014-09-10 00:00:00,9.84
2014-09-10 01:00:00,9.84
2014-09-10 02:00:00,9.84
2014-09-10 03:00:00,9.84
2014-09-10 04:00:00,9.84
2014-09-10 05:00:00,9.84
2014-09-10 06:00:00,9.84
2014-09-10 07:00:00,9.84
2014-09-10 08:00:00,9.84
2014-09-10 09:00:00,9.84
2014-09-10 10:00:00,9.84
2014-09-10 11:00:00,9.84
2014-09-10 12:00:00,9.84
2014-09-10 13:00:00,9.84
2014-09-10 14:00:00,9.84
2014-09-10 15:00:00,9.84
2014-09-10 16:00:00,9.84
2014-09-10 17:00:00,9.84
2014-09-10 18:00:00,9.84
2014-09-10 19:00:00,9.84
2014-09-10 20:00:00,9.84
2014-09-10 21:00:00,9.84
2014-09-10 22:00:00,9.84
2014-09-10 23:00:00,9.84
2014-09-11 00:00:00,9.84
2014-09-11 01:00:00,9.84
2014-09-11 02:00:00,9.84
2014-09-11 03:00:00,9.84
2014-09-11 04:00:00,9.84
2014-09-11 05:00:00,9.84
2014-09-11 06:00:00,9.84
2014-09-11 07:00:00,9.84
2014-09-11 08:00:00,9.84
2014-09-11 09:00:00,9.84
2014-09-11 10:00:00,9.84
2014-09-11 11:00:00,9.84
2014-09-11 12:00:00,9.84
2014-09-11 13:00:00,9.84
2014-09-11 14:00:00,9.84
2014-09-11 15:00:00,9.84
2014-09-11 16:00:00,9.84
2014-09-11 17:00:00,9.84
2014-09-11 18:00:00,9.84
2014-09-11 19:00:00,9.84
2014-09-11 20:00:00,9.84
2014-09-11 21:00:00,9.84
2014-09-11 22:00:00,9.84
2014-09-11 23:00:00,9.84
2014-09-12 00:00:00,9.84
2014-09-12 01:00:00,11.28
2014-09-12 02:00:00,11.28
2014-09-12 03:00:00,11.28
2014-09-12 04:00:00,11.28
2014-09-12 05:00:00,11.28
2014-09-12 06:00:00,11.28
2014-09-12 07:00:00,11.28
2014-09-12 08:00:00,11.28
2014-09-12 09:00:00,11.28
2014-09-12 10:00:00,11.28
2014-09-12 11:00:00,11.28
2014-09-12 12:00:00,11.28
2014-09-12 13:00:00,11.28
2014-09-12 14:00:00,11.28
2014-09-12 15:00:00,11.28
2014-09-12 16:00:00,11.28
2014-09-12 17:00:00,11.28
2014-09-12 18:00:00,11.28
2014-09-12 19:00:00,11.28
2014-09-12 20:00:00,11.28
2014-09-12 21:00:00,11.28
2014-09-12 22:00:00,11.28
2014-09-12 23:00:00,11.28
2014-09-13 00:00:00,11.28
2014-09-13 01:00:00,11.28
2014-09-13 02:00:00,11.28
2014-09-13 03:00:00,11.28
2014-09-13 04:00:00,11.28
2014-09-13 05:00:00,11.28
2014-09-13 06:00:00,11.28
2014-09-13 07:00:00,11.28
2014-09-13 08:00:00,11.28
2014-09-13 09:00:00,11.28
2014-09-13 10:00:00,11.28
2014-09-13 11:00:00,11.28
2014-09-13 12:00:00,11.28
2014-09-13 13:00:00,11.28
2014-09-13 14:00:00,11.28
2014-09-13 15:00:00,11.28
2014-09-13 16:00:00,11.28
2014-09-13 17:00:00,11.28
2014-09-13 18:00:00,11.28
2014-09-13 19:00:00,46.51
2014-09-13 20:00:00,34.98
2014-09-13 21:00:00,11.28
2014-09-13 22:00:00,11.28
2014-09-13 23:00:00,11.28
2014-09-14 00:00:00,11.28
2014-09-14 01:00:00,11.28
2014-09-14 02:00:00,11.28
2014-09-14 03:00:00,11.28
2014-09-14 04:00:00,11.28
2014-09-14 05:00:00,11.28
2014-09-14 06:00:00,11.28
2014-09-14 07:00:00,11.28
2014-09-14 08:00:00,11.28
2014-09-14 09:00:00,11.28
2014-09-14 10:00:00,11.28
2014-09-14 11:00:00,11.28
2014-09-14 12:00:00,11.28
2014-09-14 13:00:00,11.28
2014-09-14 14:00:00,11.28
2014-09-14 15:00:00,11.28
2014-09-14 16:00:00,11.28
2014-09-14 17:00:00,11.28
2014-09-14 18:00:00,11.28
2014-09-14 19:00:00,11.28
2014-09-14 20:00:00,11.28
2014-09-14 21:00:00,11.28
2014-09-14 22:00:00,11.28
2014-09-14 23:00:00,11.28
2014-09-15 00:00:00,11.28
2014-09-15 01:00:00,11.28
2014-09-15 02:00:00,11.28
2014-09-15 03:00:00,11.28
2014-09-15 04:00:00,11.28
2014-09-15 05:00:00,11.28
2014-09-15 06:00:00,11.28
2014-09-15 07:00:00,11.28
2014-09-15 08:00:00,11.28
2014-09-15 09:00:00,11.28
2014-09-15 10:00:00,11.28
2014-09-15 11:00:00,11.28
2014-09-15 12:00:00,11.28
2014-09-15 13:00:00,11.28
2014-09-15 14:00:00,11.28
2014-09-15 15:00:00,11.28
2014-09-15 16:00:00,11.28
2014-09-15 17:00:00,11.28
2014-09-15 18:00:00,11.28
2014-09-15 19:00:00,11.28
2014-09-15 20:00:00,11.28
2014-09-15 21:00:00,11.28
2014-09-15 22:00:00,11.28
2014-09-15 23:00:00,11.28
2014-09-16 00:00:00,11.28
2014-09-16 01:00:00,12.29
2014-09-16 02:00:00,12.29
2014-09-16 03:00:00,12.29
2014-09-16 04:00:00,12.29
2014-09-16 05:00:00,12.29
2014-09-16 06:00:00,12.29
2014-09-16 07:00:00,12.29
2014-09-16 08:00:00,12.29
2014-09-16 09:00:00,12.29
2014-09-16 10:00:00,12.29
2014-09-16 11:00:00,12.29
2014-09-16 12:00:00,12.29
2014-09-16 13:00:00,12.29
2014-09-16 14:00:00,12.29
2014-09-16 15:00:00,12.29
2014-09-16 16:00:00,12.29
2014-09-16 17:00:00,12.29
2014-09-16 18:00:00,12.29
2014-09-16 19:00:00,12.29
2014-09-16 20:00:00,12.29
2014-09-16 21:00:00,12.29
2014-09-16 22:00:00,12.29
2014-09-16 23:00:00,12.29
2014-09-17 00:00:00,12.29
2014-09-17 01:00:00,12.29
2014-09-17 02:00:00,12.29
2014-09-17 03:00:00,12.29
2014-09-17 04:00:00,12.29
2014-09-17 05:00:00,12.29
2014-09-17 06:00:00,12.29
2014-09-17 07:00:00,12.29
2014-09-17 08:00:00,12.29
2014-09-17 09:00:00,12.29
2014-09-17 10:00:00,12.29
2014-09-17 11:00:00,12.29
2014-09-17 12:00:00,12.29
2014-09-17 13:00:00,12.29
2014-09-17 14:00:00,12.29
2014-09-17 15:00:00,12.29
2014-09-17 16:00:00,12.29
2014-09-17 17:00:00,12.29
2014-09-17 18:00:00,12.29
2014-09-17 19:00:00,12.29
2014-09-17 20:00:00,12.29
2014-09-17 21:00:00,12.29
2014-09-17 22:00:00,12.29
2014-09-17 23:00:00,12.29
2014-09-18 00:00:00,12.29
2014-09-18 01:00:00,12.29
2014-09-18 02:00:00,12.29
2014-09-18 03:00:00,12.29
2014-09-18 04:00:00,12.29
2014-09-18 05:00:00,12.29
2014-09-18 06:00:00,12.29
2014-09-18 07:00:00,12.29
2014-09-18 08:00:00,12.29
2014-09-18 09:00:00,12.29
2014-09-18 10:00:00,12.29
2014-09-18 11:00:00,12.29
2014-09-18 12:00:00,12.29
2014-09-18 13:00:00,12.29
2014-09-18 14:00:00,12.29
2014-09-18 15:00:00,12.29
2014-09-18 16:00:00,12.29
2014-09-18 17:00:00,12.29
2014-09-18 18:00:00,12.29
2014-09-18 19:00:00,12.29
2014-09-18 20:00:00,12.29
2014-09-18 21:00:00,12.29
2014-09-18 22:00:00,12.29
2014-09-18 23:00:00,12.29
2014-09-19 00:00:00,12.29
2014-09-19 01:00:00,12.29
2014-09-19 02:00:00,12.29
2014-09-19 03:00:00,12.29
2014-09-19 04:00:00,12.29
2014-09-19 05:00:00,12.29
2014-09-19 06:00:00,12.29
2014-09-19 07:00:00,12.29
2014-09-19 08:00:00,12.29
2014-09-19 09:00:00,12.29
2014-09-19 10:00:00,12.29
2014-09-19 11:00:00,12.29
2014-09-19 12:00:00,12.29
2014-09-19 13:00:00,12.29
2014-09-19 14:00:00,12.29
2014-09-19 15:00:00,12.29
2014-09-19 16:00:00,12.29
2014-09-19 17:00:00,12.29
2014-09-19 18:00:00,12.29
2014-09-19 19:00:00,12.29
2014-09-19 20:00:00,12.29
2014-09-19 21:00:00,12.29
2014-09-19 22:00:00,12.29
2014-09-19 23:00:00,12.29
2014-09-20 00:00:00,12.29
2014-09-20 01:00:00,12.29
2014-09-20 02:00:00,12.29
2014-09-20 03:00:00,12.29
2014-09-20 04:00:00,12.29
2014-09-20 05:00:00,12.29
2014-09-20 06:00:00,12.29
2014-09-20 07:00:00,12.29
2014-09-20 08:00:00,12.29
2014-09-20 09:00:00,12.29
2014-09-20 10:00:00,12.29
2014-09-20 11:00:00,12.29
2014-09-20 12:00:00,12.29
2014-09-20 13:00:00,12.29
2014-09-20 14:00:00,12.29
2014-09-20 15:00:00,12.29
2014-09-20 16:00:00,12.29
2014-09-20 17:00:00,12.29
2014-09-20 18:00:00,12.29
2014-09-20 19:00:00,12.29
2014-09-20 20:00:00,12.29
2014-09-20 21:00:00,12.29
2014-09-20 22:00:00,12.29
2014-09-20 23:00:00,12.29
2014-09-21 00:00:00,12.29
2014-09-21 01:00:00,12.29
2014-09-21 02:00:00,12.29
2014-09-21 03:00:00,12.29
2014-09-21 04:00:00,12.29
2014-09-21 05:00:00,12.29
2014-09-21 06:00:00,12.29
2014-09-21 07:00:00,12.29
2014-09-21 08:00:00,12.29
2014-09-21 09:00:00,12.29
2014-09-21 10:00:00,12.29
2014-09-21 11:00:00,12.29
2014-09-21 12:00:00,12.29
2014-09-21 13:00:00,12.29
2014-09-21 14:00:00,12.29
2014-09-21 15:00:00,12.29
2014-09-21 16:00:00,12.29
2014-09-21 17:00:00,12.29
2014-09-21 18:00:00,12.29
2014-09-21 19:00:00,12.29
2014-09-21 20:00:00,12.29
2014-09-21 21:00:00,12.29
2014-09-21 22:00:00,12.29
2014-09-21 23:00:00,12.29
2014-09-22 00:00:00,12.29
2014-09-22 01:00:00,12.29
2014-09-22 02:00:00,12.29
2014-09-22 03:00:00,12.29
2014-09-22 04:00:00,12.29
2014-09-22 05:00:00,12.29
2014-09-22 06:00:00,12.29
2014-09-22 07:00:00,12.29
2014-09-22 08:00:00,12.29
2014-09-22 09:00:00,12.29
2014-09-22 10:00:00,12.29
2014-09-22 11:00:00,12.29
2014-09-22 12:00:00,12.29
2014-09-22 13:00:00,12.29
2014-09-22 14:00:00,12.29
2014-09-22 15:00:00,12.29
2014-09-22 16:00:00,12.29
2014-09-22 17:00:00,12.29
2014-09-22 18:00:00,12.29
2014-09-22 19:00:00,12.29
2014-09-22 20:00:00,12.29
2014-09-22 21:00:00,12.29
2014-09-22 22:00:00,12.29
2014-09-22 23:00:00,12.29
2014-09-23 00:00:00,12.29
2014-09-23 01:00:00,12.29
2014-09-23 02:00:00,12.29
2014-09-23 03:00:00,12.29
2014-09-23 04:00:00,12.29
2014-09-23 05:00:00,12.29
2014-09-23 06:00:00,12.29
2014-09-23 07:00:00,12.29
2014-09-23 08:00:00,12.29
2014-09-23 09:00:00,12.29
2014-09-23 10:00:00,12.29
2014-09-23 11:00:00,12.29
2014-09-23 12:00:00,12.29
2014-09-23 13:00:00,12.29
2014-09-23 14:00:00,12.29
2014-09-23 15:00:00,12.29
2014-09-23 16:00:00,12.29
2014-09-23 17:00:00,12.29
2014-09-23 18:00:00,12.29
2014-09-23 19:00:00,34.27
2014-09-23 20:00:00,12.29
2014-09-23 21:00:00,12.29
2014-09-23 22:00:00,12.29
2014-09-23 23:00:00,12.29
2014-09-24 00:00:00,12.29
2014-09-24 01:00:00,12.29
2014-09-24 02:00:00,12.29
2014-09-24 03:00:00,12.29
2014-09-24 04:00:00,12.29
2014-09-24 05:00:00,12.29
2014-09-24 06:00:00,12.29
2014-09-24 07:00:00,12.29
2014-09-24 08:00:00,12.29
2014-09-24 09:00:00,12.29
2014-09-24 10:00:00,12.29
2014-09-24 11:00:00,12.29
2014-09-24 12:00:00,12.29
2014-09-24 13:00:00,12.29
2014-09-24 14:00:00,12.29
2014-09-24 15:00:00,12.29
2014-09-24 16:00:00,12.29
2014-09-24 17:00:00,12.29
2014-09-24 18:00:00,12.29
2014-09-24 19:00:00,12.29
2014-09-24 20:00:00,12.29
2014-09-24 21:00:00,12.29
2014-09-24 22:00:00,12.29
2014-09-24 23:00:00,12.29
2014-09-25 00:00:00,12.29
2014-09-25 01:00:00,12.29
2014-09-25 02:00:00,12.29
2014-09-25 03:00:00,12.29
2014-09-25 04:00:00,12.29
2014-09-25 05:00:00,12.29
2014-09-25 06:00:00,12.29
2014-09-25 07:00:00,12.29
2014-09-25 08:00:00,12.29
2014-09-25 09:00:00,12.29
2014-09-25 10:00:00,12.29
2014-09-25 11:00:00,12.29
2014-09-25 12:00:00,12.29
2014-09-25 13:00:00,12.29
2014-09-25 14:00:00,12.29
2014-09-25 15:00:00,12.29
2014-09-25 16:00:00,12.29
2014-09-25 17:00:00,12.29
2014-09-25 18:00:00,12.29
2014-09-25 19:00:00,12.29
2014-09-25 20:00:00,12.29
2014-09-25 21:00:00,12.29
2014-09-25 22:00:00,12.29
2014-09-25 23:00:00,12.29
2014-09-26 00:00:00,13.4
2014-09-26 01:00:00,13.4
2014-09-26 02:00:00,13.4
2014-09-26 03:00:00,13.4
2014-09-26 04:00:00,13.4
2014-09-26 05:00:00,13.4
2014-09-26 06:00:00,13.4
2014-09-26 07:00:00,13.4
2014-09-26 08:00:00,13.4
2014-09-26 09:00:00,15.81
2014-09-26 10:00:00,16.6
2014-09-26 11:00:00,13.4
2014-09-26 12:00:00,13.4
2014-09-26 13:00:00,13.4
2014-09-26 14:00:00,13.4
2014-09-26 15:00:00,13.4
2014-09-26 16:00:00,13.4
2014-09-26 17:00:00,13.4
2014-09-26 18:00:00,13.4
2014-09-26 19:00:00,13.4
2014-09-26 20:00:00,13.4
2014-09-26 21:00:00,13.4
2014-09-26 22:00:00,13.4
2014-09-26 23:00:00,13.4
2014-09-27 00:00:00,13.4
2014-09-27 01:00:00,13.4
2014-09-27 02:00:00,13.4
2014-09-27 03:00:00,13.4
2014-09-27 04:00:00,13.4
2014-09-27 05:00:00,13.4
2014-09-27 06:00:00,13.4
2014-09-27 07:00:00,0
2014-09-27 08:00:00,0
2014-09-27 09:00:00,0
2014-09-27 10:00:00,0
2014-09-27 11:00:00,0
2014-09-27 12:00:00,0
2014-09-27 13:00:00,0
2014-09-27 14:00:00,0
2014-09-27 15:00:00,0
2014-09-27 16:00:00,0
2014-09-27 17:00:00,0
2014-09-27 18:00:00,0
2014-09-27 19:00:00,0
2014-09-27 20:00:00,0
2014-09-27 21:00:00,0
2014-09-27 22:00:00,0
2014-09-27 23:00:00,0
2014-09-28 00:00:00,13.4
2014-09-28 01:00:00,13.4
2014-09-28 02:00:00,13.4
2014-09-28 03:00:00,13.4
2014-09-28 04:00:00,13.4
2014-09-28 05:00:00,13.4
2014-09-28 06:00:00,13.4
2014-09-28 07:00:00,13.4
2014-09-28 08:00:00,13.4
2014-09-28 09:00:00,13.4
2014-09-28 10:00:00,13.4
2014-09-28 11:00:00,13.4
2014-09-28 12:00:00,13.4
2014-09-28 13:00:00,13.4
2014-09-28 14:00:00,13.4
2014-09-28 15:00:00,13.4
2014-09-28 16:00:00,13.4
2014-09-28 17:00:00,13.4
2014-09-28 18:00:00,13.4
2014-09-28 19:00:00,13.4
2014-09-28 20:00:00,13.4
2014-09-28 21:00:00,13.4
2014-09-28 22:00:00,13.4
2014-09-28 23:00:00,13.4
2014-09-29 00:00:00,13.4
2014-09-29 01:00:00,13.4
2014-09-29 02:00:00,13.4
2014-09-29 03:00:00,13.4
2014-09-29 04:00:00,13.4
2014-09-29 05:00:00,13.4
2014-09-29 06:00:00,13.4
2014-09-29 07:00:00,13.4
2014-09-29 08:00:00,13.4
2014-09-29 09:00:00,13.4
2014-09-29 10:00:00,13.4
2014-09-29 11:00:00,13.4
2014-09-29 12:00:00,13.4
2014-09-29 13:00:00,13.4
2014-09-29 14:00:00,13.4
2014-09-29 15:00:00,13.4
2014-09-29 16:00:00,13.4
2014-09-29 17:00:00,13.4
2014-09-29 18:00:00,13.4
2014-09-29 19:00:00,13.4
2014-09-29 20:00:00,13.4
2014-09-29 21:00:00,13.4
2014-09-29 22:00:00,13.4
2014-09-29 23:00:00,13.4
2014-09-30 00:00:00,13.4
2014-09-30 01:00:00,13.4
2014-09-30 02:00:00,13.4
2014-09-30 03:00:00,13.4
2014-09-30 04:00:00,13.4
2014-09-30 05:00:00,13.4
2014-09-30 06:00:00,13.4
2014-09-30 07:00:00,13.4
2014-09-30 08:00:00,13.4
2014-09-30 09:00:00,13.4
2014-09-30 10:00:00,13.4
2014-09-30 11:00:00,13.4
2014-09-30 12:00:00,13.4
2014-09-30 13:00:00,13.4
2014-09-30 14:00:00,33.69
2014-09-30 15:00:00,49.2
2014-09-30 16:00:00,44.45999999
2014-09-30 17:00:00,13.4
2014-09-30 18:00:00,13.4
2014-09-30 19:00:00,13.4
2014-09-30 20:00:00,13.4
2014-09-30 21:00:00,13.4
2014-09-30 22:00:00,13.4
2014-09-30 23:00:00,13.4
2014-10-01 00:00:00,13.4
2014-10-01 01:00:00,13.4
2014-10-01 02:00:00,13.4
2014-10-01 03:00:00,13.4
2014-10-01 04:00:00,13.4
2014-10-01 05:00:00,13.4
2014-10-01 06:00:00,13.4
2014-10-01 07:00:00,13.4
2014-10-01 08:00:00,13.4
2014-10-01 09:00:00,13.4
2014-10-01 10:00:00,13.4
2014-10-01 11:00:00,13.4
2014-10-01 12:00:00,13.4
2014-10-01 13:00:00,48.32
2014-10-01 14:00:00,46.76
2014-10-01 15:00:00,50.64
2014-10-01 16:00:00,43.30999999
2014-10-01 17:00:00,13.4
2014-10-01 18:00:00,15.09
2014-10-01 19:00:00,50.52
2014-10-01 20:00:00,43.27
2014-10-01 21:00:00,13.4
2014-10-01 22:00:00,13.4
2014-10-01 23:00:00,13.4
2014-10-02 00:00:00,13.4
2014-10-02 01:00:00,13.4
2014-10-02 02:00:00,13.4
2014-10-02 03:00:00,13.4
2014-10-02 04:00:00,13.4
2014-10-02 05:00:00,13.4
2014-10-02 06:00:00,13.4
2014-10-02 07:00:00,13.4
2014-10-02 08:00:00,13.4
2014-10-02 09:00:00,13.4
2014-10-02 10:00:00,13.4
2014-10-02 11:00:00,23.84
2014-10-02 12:00:00,51.42
2014-10-02 13:00:00,50.1
2014-10-02 14:00:00,51.93
2014-10-02 15:00:00,50.19
2014-10-02 16:00:00,18.05
2014-10-02 17:00:00,13.4
2014-10-02 18:00:00,13.4
2014-10-02 19:00:00,48.95
2014-10-02 20:00:00,46.48
2014-10-02 21:00:00,13.4
2014-10-02 22:00:00,13.4
2014-10-02 23:00:00,13.4
2014-10-03 00:00:00,12.11
2014-10-03 01:00:00,14.35
2014-10-03 02:00:00,14.35
2014-10-03 03:00:00,14.35
2014-10-03 04:00:00,14.35
2014-10-03 05:00:00,14.35
2014-10-03 06:00:00,14.35
2014-10-03 07:00:00,14.35
2014-10-03 08:00:00,14.35
2014-10-03 09:00:00,14.35
2014-10-03 10:00:00,14.35
2014-10-03 11:00:00,14.35
2014-10-03 12:00:00,14.35
2014-10-03 13:00:00,19.72000001
2014-10-03 14:00:00,49.52
2014-10-03 15:00:00,51.12
2014-10-03 16:00:00,51.4
2014-10-03 17:00:00,48.83
2014-10-03 18:00:00,52.48
2014-10-03 19:00:00,51.81
2014-10-03 20:00:00,51.63
2014-10-03 21:00:00,50.14
2014-10-03 22:00:00,18.06
2014-10-03 23:00:00,14.35
2014-10-04 00:00:00,14.35
2014-10-04 01:00:00,14.35
2014-10-04 02:00:00,14.35
2014-10-04 03:00:00,14.35
2014-10-04 04:00:00,14.35
2014-10-04 05:00:00,14.35
2014-10-04 06:00:00,14.35
2014-10-04 07:00:00,14.35
2014-10-04 08:00:00,14.35
2014-10-04 09:00:00,14.35
2014-10-04 10:00:00,14.35
2014-10-04 11:00:00,14.35
2014-10-04 12:00:00,14.35
2014-10-04 13:00:00,14.35
2014-10-04 14:00:00,14.35
2014-10-04 15:00:00,14.35
2014-10-04 16:00:00,14.35
2014-10-04 17:00:00,14.35
2014-10-04 18:00:00,17.61
2014-10-04 19:00:00,48.14
2014-10-04 20:00:00,49.83
2014-10-04 21:00:00,47.72
2014-10-04 22:00:00,49.47
2014-10-04 23:00:00,46.67
2014-10-05 00:00:00,14.35
2014-10-05 01:00:00,14.35
2014-10-05 02:00:00,14.35
2014-10-05 03:00:00,14.35
2014-10-05 04:00:00,14.35
2014-10-05 05:00:00,14.35
2014-10-05 06:00:00,14.35
2014-10-05 07:00:00,14.35
2014-10-05 08:00:00,14.35
2014-10-05 09:00:00,14.35
2014-10-05 10:00:00,14.35
2014-10-05 11:00:00,14.35
2014-10-05 12:00:00,14.35
2014-10-05 13:00:00,14.35
2014-10-05 14:00:00,14.35
2014-10-05 15:00:00,14.35
2014-10-05 16:00:00,14.35
2014-10-05 17:00:00,14.35
2014-10-05 18:00:00,14.35
2014-10-05 19:00:00,51.44
2014-10-05 20:00:00,51.02
2014-10-05 21:00:00,51.82
2014-10-05 22:00:00,49.81999999
2014-10-05 23:00:00,14.35
2014-10-06 00:00:00,14.35
2014-10-06 01:00:00,14.35
2014-10-06 02:00:00,14.35
2014-10-06 03:00:00,14.35
2014-10-06 04:00:00,14.35
2014-10-06 05:00:00,14.35
2014-10-06 06:00:00,14.35
2014-10-06 07:00:00,14.35
2014-10-06 08:00:00,14.35
2014-10-06 09:00:00,14.35
2014-10-06 10:00:00,14.35
2014-10-06 11:00:00,14.35
2014-10-06 12:00:00,49.97
2014-10-06 13:00:00,50.87
2014-10-06 14:00:00,50.57
2014-10-06 15:00:00,51.49
2014-10-06 16:00:00,46.77999999
2014-10-06 17:00:00,14.35
2014-10-06 18:00:00,14.35
2014-10-06 19:00:00,51.47
2014-10-06 20:00:00,51.77
2014-10-06 21:00:00,49.9
2014-10-06 22:00:00,14.35
2014-10-06 23:00:00,14.35
2014-10-07 00:00:00,14.35
2014-10-07 01:00:00,14.35
2014-10-07 02:00:00,14.35
2014-10-07 03:00:00,14.35
2014-10-07 04:00:00,14.35
2014-10-07 05:00:00,14.35
2014-10-07 06:00:00,14.35
2014-10-07 07:00:00,14.35
2014-10-07 08:00:00,14.35
2014-10-07 09:00:00,32.94
2014-10-07 10:00:00,52.05
2014-10-07 11:00:00,52.1
2014-10-07 12:00:00,51.06
2014-10-07 13:00:00,14.35
2014-10-07 14:00:00,32.42
2014-10-07 15:00:00,49.53
2014-10-07 16:00:00,48.89999999
2014-10-07 17:00:00,14.35
2014-10-07 18:00:00,14.35
2014-10-07 19:00:00,51.66
2014-10-07 20:00:00,51.14
2014-10-07 21:00:00,45.11
2014-10-07 22:00:00,14.35
2014-10-07 23:00:00,14.35
2014-10-08 00:00:00,14.35
2014-10-08 01:00:00,14.35
2014-10-08 02:00:00,14.35
2014-10-08 03:00:00,14.35
2014-10-08 04:00:00,14.35
2014-10-08 05:00:00,14.35
2014-10-08 06:00:00,14.35
2014-10-08 07:00:00,14.35
2014-10-08 08:00:00,14.35
2014-10-08 09:00:00,14.35
2014-10-08 10:00:00,16.80000001
2014-10-08 11:00:00,50.09
2014-10-08 12:00:00,50.36
2014-10-08 13:00:00,50.05
2014-10-08 14:00:00,49.85
2014-10-08 15:00:00,49.56
2014-10-08 16:00:00,51.88
2014-10-08 17:00:00,49.72
2014-10-08 18:00:00,49.6
2014-10-08 19:00:00,14.35
2014-10-08 20:00:00,14.35
2014-10-08 21:00:00,14.35
2014-10-08 22:00:00,14.35
2014-10-08 23:00:00,14.35
2014-10-09 00:00:00,14.35
2014-10-09 01:00:00,14.35
2014-10-09 02:00:00,14.35
2014-10-09 03:00:00,14.35
2014-10-09 04:00:00,14.35
2014-10-09 05:00:00,14.35
2014-10-09 06:00:00,14.35
2014-10-09 07:00:00,14.35
2014-10-09 08:00:00,14.35
2014-10-09 09:00:00,14.35
2014-10-09 10:00:00,14.35
2014-10-09 11:00:00,18.16
2014-10-09 12:00:00,50.38
2014-10-09 13:00:00,50.22
2014-10-09 14:00:00,49
2014-10-09 15:00:00,50.46
2014-10-09 16:00:00,50.42
2014-10-09 17:00:00,50.2
2014-10-09 18:00:00,50.2
2014-10-09 19:00:00,33.02
2014-10-09 20:00:00,14.35
2014-10-09 21:00:00,14.35
2014-10-09 22:00:00,14.35
2014-10-09 23:00:00,14.35
2014-10-10 00:00:00,14.35
2014-10-10 01:00:00,14.35
2014-10-10 02:00:00,14.35
2014-10-10 03:00:00,14.35
2014-10-10 04:00:00,14.35
2014-10-10 05:00:00,14.35
2014-10-10 06:00:00,14.35
2014-10-10 07:00:00,14.35
2014-10-10 08:00:00,14.35
2014-10-10 09:00:00,14.35
2014-10-10 10:00:00,48.02
2014-10-10 11:00:00,49.36
2014-10-10 12:00:00,50.68
2014-10-10 13:00:00,49.59
2014-10-10 14:00:00,48.92
2014-10-10 15:00:00,49.27
2014-10-10 16:00:00,52.05
2014-10-10 17:00:00,48.7
2014-10-10 18:00:00,14.35
2014-10-10 19:00:00,14.35
2014-10-10 20:00:00,14.35
2014-10-10 21:00:00,14.35
2014-10-10 22:00:00,14.35
2014-10-10 23:00:00,14.35
2014-10-11 00:00:00,14.35
2014-10-11 01:00:00,14.35
2014-10-11 02:00:00,14.35
2014-10-11 03:00:00,14.35
2014-10-11 04:00:00,14.35
2014-10-11 05:00:00,14.35
2014-10-11 06:00:00,14.35
2014-10-11 07:00:00,14.35
2014-10-11 08:00:00,14.35
2014-10-11 09:00:00,26.59
2014-10-11 10:00:00,50.34
2014-10-11 11:00:00,50.31
2014-10-11 12:00:00,49.74
2014-10-11 13:00:00,19.79
2014-10-11 14:00:00,14.35
2014-10-11 15:00:00,14.35
2014-10-11 16:00:00,14.35
2014-10-11 17:00:00,14.35
2014-10-11 18:00:00,16.65
2014-10-11 19:00:00,50.5
2014-10-11 20:00:00,49.93
2014-10-11 21:00:00,43.62
2014-10-11 22:00:00,14.35
2014-10-11 23:00:00,14.35
2014-10-12 00:00:00,14.35
2014-10-12 01:00:00,14.35
2014-10-12 02:00:00,14.35
2014-10-12 03:00:00,14.35
2014-10-12 04:00:00,14.35
2014-10-12 05:00:00,14.35
2014-10-12 06:00:00,14.35
2014-10-12 07:00:00,14.35
2014-10-12 08:00:00,14.35
2014-10-12 09:00:00,14.35
2014-10-12 10:00:00,14.35
2014-10-12 11:00:00,14.35
2014-10-12 12:00:00,18.4
2014-10-12 13:00:00,49.89
2014-10-12 14:00:00,48.49
2014-10-12 15:00:00,14.35
2014-10-12 16:00:00,14.35
2014-10-12 17:00:00,14.35
2014-10-12 18:00:00,14.35
2014-10-12 19:00:00,51.18
2014-10-12 20:00:00,50.93
2014-10-12 21:00:00,50.62
2014-10-12 22:00:00,34.29
2014-10-12 23:00:00,14.35
2014-10-13 00:00:00,14.35
2014-10-13 01:00:00,14.35
2014-10-13 02:00:00,14.35
2014-10-13 03:00:00,14.35
2014-10-13 04:00:00,14.35
2014-10-13 05:00:00,14.35
2014-10-13 06:00:00,14.35
2014-10-13 07:00:00,14.35
2014-10-13 08:00:00,14.35
2014-10-13 09:00:00,14.35
2014-10-13 10:00:00,14.35
2014-10-13 11:00:00,16.64
2014-10-13 12:00:00,48.8
2014-10-13 13:00:00,48.9
2014-10-13 14:00:00,51.3
2014-10-13 15:00:00,50.79
2014-10-13 16:00:00,49.11
2014-10-13 17:00:00,50.16
2014-10-13 18:00:00,16.37
2014-10-13 19:00:00,52.08
2014-10-13 20:00:00,44.15
2014-10-13 21:00:00,14.35
2014-10-13 22:00:00,14.35
2014-10-13 23:00:00,14.35
2014-10-14 00:00:00,14.35
2014-10-14 01:00:00,14.35
2014-10-14 02:00:00,14.35
2014-10-14 03:00:00,14.35
2014-10-14 04:00:00,14.35
2014-10-14 05:00:00,14.35
2014-10-14 06:00:00,14.35
2014-10-14 07:00:00,14.35
2014-10-14 08:00:00,14.35
2014-10-14 09:00:00,14.35
2014-10-14 10:00:00,14.35
2014-10-14 11:00:00,14.35
2014-10-14 12:00:00,14.35
2014-10-14 13:00:00,14.35
2014-10-14 14:00:00,14.35
2014-10-14 15:00:00,14.35
2014-10-14 16:00:00,14.35
2014-10-14 17:00:00,14.35
2014-10-14 18:00:00,14.35
2014-10-14 19:00:00,14.35
2014-10-14 20:00:00,14.35
2014-10-14 21:00:00,14.35
2014-10-14 22:00:00,14.35
2014-10-14 23:00:00,14.35
2014-10-15 00:00:00,14.35
2014-10-15 01:00:00,14.35
2014-10-15 02:00:00,14.35
2014-10-15 03:00:00,14.35
2014-10-15 04:00:00,14.35
2014-10-15 05:00:00,14.35
2014-10-15 06:00:00,14.35
2014-10-15 07:00:00,14.35
2014-10-15 08:00:00,14.35
2014-10-15 09:00:00,14.35
2014-10-15 10:00:00,14.35
2014-10-15 11:00:00,14.35
2014-10-15 12:00:00,14.35
2014-10-15 13:00:00,14.35
2014-10-15 14:00:00,14.35
2014-10-15 15:00:00,14.35
2014-10-15 16:00:00,14.35
2014-10-15 17:00:00,14.35
2014-10-15 18:00:00,14.35
2014-10-15 19:00:00,14.35
2014-10-15 20:00:00,14.35
2014-10-15 21:00:00,14.35
2014-10-15 22:00:00,14.35
2014-10-15 23:00:00,14.35
2014-10-16 00:00:00,14.35
2014-10-16 01:00:00,14.35
2014-10-16 02:00:00,14.35
2014-10-16 03:00:00,14.35
2014-10-16 04:00:00,14.35
2014-10-16 05:00:00,14.35
2014-10-16 06:00:00,14.35
2014-10-16 07:00:00,14.35
2014-10-16 08:00:00,14.35
2014-10-16 09:00:00,14.35
2014-10-16 10:00:00,14.35
2014-10-16 11:00:00,14.35
2014-10-16 12:00:00,14.35
2014-10-16 13:00:00,14.35000001
2014-10-16 14:00:00,47.44
2014-10-16 15:00:00,48.58
2014-10-16 16:00:00,50.13
2014-10-16 17:00:00,49.13
2014-10-16 18:00:00,47.67
2014-10-16 19:00:00,14.35
2014-10-16 20:00:00,14.35
2014-10-16 21:00:00,14.35
2014-10-16 22:00:00,14.35
2014-10-16 23:00:00,14.35
2014-10-17 00:00:00,14.35
2014-10-17 01:00:00,14.35
2014-10-17 02:00:00,14.35
2014-10-17 03:00:00,14.35
2014-10-17 04:00:00,14.35
2014-10-17 05:00:00,14.35
2014-10-17 06:00:00,14.35
2014-10-17 07:00:00,14.35
2014-10-17 08:00:00,14.35
2014-10-17 09:00:00,14.35
2014-10-17 10:00:00,14.35
2014-10-17 11:00:00,14.35
2014-10-17 12:00:00,14.35
2014-10-17 13:00:00,49.07
2014-10-17 14:00:00,50.73
2014-10-17 15:00:00,51.26
2014-10-17 16:00:00,48.77
2014-10-17 17:00:00,50.44
2014-10-17 18:00:00,48.26
2014-10-17 19:00:00,48.86
2014-10-17 20:00:00,47.78
2014-10-17 21:00:00,14.35
2014-10-17 22:00:00,14.35
2014-10-17 23:00:00,14.35
2014-10-18 00:00:00,14.35
2014-10-18 01:00:00,14.35
2014-10-18 02:00:00,14.35
2014-10-18 03:00:00,14.35
2014-10-18 04:00:00,14.35
2014-10-18 05:00:00,14.35
2014-10-18 06:00:00,14.35
2014-10-18 07:00:00,14.35
2014-10-18 08:00:00,14.35
2014-10-18 09:00:00,14.35
2014-10-18 10:00:00,14.35000001
2014-10-18 11:00:00,49.99
2014-10-18 12:00:00,49.82
2014-10-18 13:00:00,49.18
2014-10-18 14:00:00,49.24
2014-10-18 15:00:00,49.98
2014-10-18 16:00:00,50.53
2014-10-18 17:00:00,48.55
2014-10-18 18:00:00,47.56
2014-10-18 19:00:00,53.01
2014-10-18 20:00:00,49.88
2014-10-18 21:00:00,48.94
2014-10-18 22:00:00,48.25
2014-10-18 23:00:00,49.16
2014-10-19 00:00:00,48.46
2014-10-19 01:00:00,14.35
2014-10-19 02:00:00,14.35
2014-10-19 03:00:00,14.35
2014-10-19 04:00:00,14.35
2014-10-19 05:00:00,14.35
2014-10-19 06:00:00,49.59
2014-10-19 07:00:00,49.47
2014-10-19 08:00:00,52.41
2014-10-19 09:00:00,48.49
2014-10-19 10:00:00,49.73
2014-10-19 11:00:00,49.75
2014-10-19 12:00:00,50.27
2014-10-19 13:00:00,51.15
2014-10-19 14:00:00,50.8
2014-10-19 15:00:00,50.31
2014-10-19 16:00:00,49.53
2014-10-19 17:00:00,48.08
2014-10-19 18:00:00,47.7
2014-10-19 19:00:00,50.64
2014-10-19 20:00:00,50.57
2014-10-19 21:00:00,49.65
2014-10-19 22:00:00,49.04
2014-10-19 23:00:00,31.17
2014-10-20 00:00:00,14.35
2014-10-20 01:00:00,14.35
2014-10-20 02:00:00,14.35
2014-10-20 03:00:00,14.35
2014-10-20 04:00:00,14.35
2014-10-20 05:00:00,14.35
2014-10-20 06:00:00,14.35
2014-10-20 07:00:00,14.35
2014-10-20 08:00:00,14.35
2014-10-20 09:00:00,14.35
2014-10-20 10:00:00,50.15
2014-10-20 11:00:00,52.43
2014-10-20 12:00:00,50.88
2014-10-20 13:00:00,49.22
2014-10-20 14:00:00,49.96
2014-10-20 15:00:00,48.54
2014-10-20 16:00:00,49.73
2014-10-20 17:00:00,49.56
2014-10-20 18:00:00,50.16
2014-10-20 19:00:00,49.84
2014-10-20 20:00:00,48.41
2014-10-20 21:00:00,50.05
2014-10-20 22:00:00,48.3
2014-10-20 23:00:00,49.55
2014-10-21 00:00:00,49.5
2014-10-21 01:00:00,51.41
2014-10-21 02:00:00,50.2
2014-10-21 03:00:00,51.17
2014-10-21 04:00:00,50.42
2014-10-21 05:00:00,51.28
2014-10-21 06:00:00,51.01
2014-10-21 07:00:00,49.15
2014-10-21 08:00:00,51.12
2014-10-21 09:00:00,49.96
2014-10-21 10:00:00,49.75
2014-10-21 11:00:00,49.54
2014-10-21 12:00:00,50.91
2014-10-21 13:00:00,49.72
2014-10-21 14:00:00,50.74
2014-10-21 15:00:00,49.42
2014-10-21 16:00:00,49.92
2014-10-21 17:00:00,49.27
2014-10-21 18:00:00,48.12
2014-10-21 19:00:00,49.76
2014-10-21 20:00:00,50.16
2014-10-21 21:00:00,49.11
2014-10-21 22:00:00,48.95
2014-10-21 23:00:00,48.52
2014-10-22 00:00:00,47.51
2014-10-22 01:00:00,14.35
2014-10-22 02:00:00,14.35
2014-10-22 03:00:00,14.35
2014-10-22 04:00:00,43.53
2014-10-22 05:00:00,50.12
2014-10-22 06:00:00,50.49
2014-10-22 07:00:00,47.26
2014-10-22 08:00:00,48.78
2014-10-22 09:00:00,48.16
2014-10-22 10:00:00,49.75
2014-10-22 11:00:00,49.6
2014-10-22 12:00:00,49.29
2014-10-22 13:00:00,48.75
2014-10-22 14:00:00,48.36
2014-10-22 15:00:00,51.56
2014-10-22 16:00:00,51.47
2014-10-22 17:00:00,51.66
2014-10-22 18:00:00,51.46
2014-10-22 19:00:00,51.43
2014-10-22 20:00:00,52.01
2014-10-22 21:00:00,50.36
2014-10-22 22:00:00,14.35
2014-10-22 23:00:00,14.35
2014-10-23 00:00:00,14.35
2014-10-23 01:00:00,14.35
2014-10-23 02:00:00,14.35
2014-10-23 03:00:00,14.35
2014-10-23 04:00:00,14.35
2014-10-23 05:00:00,14.35
2014-10-23 06:00:00,14.35
2014-10-23 07:00:00,14.35
2014-10-23 08:00:00,14.35
2014-10-23 09:00:00,32.37
2014-10-23 10:00:00,48.77
2014-10-23 11:00:00,48.69
2014-10-23 12:00:00,49.59
2014-10-23 13:00:00,46.68
2014-10-23 14:00:00,50.68
2014-10-23 15:00:00,50.08
2014-10-23 16:00:00,49.64
2014-10-23 17:00:00,48.71
2014-10-23 18:00:00,49.21
2014-10-23 19:00:00,48.95
2014-10-23 20:00:00,48.92
2014-10-23 21:00:00,50.41
2014-10-23 22:00:00,50.38
2014-10-23 23:00:00,50.21
2014-10-24 00:00:00,48.04
2014-10-24 01:00:00,52.12
2014-10-24 02:00:00,50.38
2014-10-24 03:00:00,50.05
2014-10-24 04:00:00,48.7
2014-10-24 05:00:00,49.25
2014-10-24 06:00:00,51.43
2014-10-24 07:00:00,49.93
2014-10-24 08:00:00,49.46
2014-10-24 09:00:00,47.27
2014-10-24 10:00:00,49.95
2014-10-24 11:00:00,48.95
2014-10-24 12:00:00,53.24
2014-10-24 13:00:00,51.77
2014-10-24 14:00:00,53.45
2014-10-24 15:00:00,52.05
2014-10-24 16:00:00,48.4
2014-10-24 17:00:00,49.73
2014-10-24 18:00:00,50.67
2014-10-24 19:00:00,51.56
2014-10-24 20:00:00,50.5
2014-10-24 21:00:00,17.68
2014-10-24 22:00:00,14.35
2014-10-24 23:00:00,14.35
2014-10-25 00:00:00,14.35
2014-10-25 01:00:00,14.35000001
2014-10-25 02:00:00,48.99
2014-10-25 03:00:00,50.17
2014-10-25 04:00:00,51.55
2014-10-25 05:00:00,50.66
2014-10-25 06:00:00,51.92
2014-10-25 07:00:00,52.54
2014-10-25 08:00:00,52.35
2014-10-25 09:00:00,51.15
2014-10-25 10:00:00,50.37
2014-10-25 11:00:00,49.03
2014-10-25 12:00:00,49.5
2014-10-25 13:00:00,49.42
2014-10-25 14:00:00,49.54
2014-10-25 15:00:00,50.13
2014-10-25 16:00:00,49.58
2014-10-25 17:00:00,49.11
2014-10-25 18:00:00,49.31
2014-10-25 19:00:00,49.39
2014-10-25 20:00:00,50.35
2014-10-25 21:00:00,50.93
2014-10-25 22:00:00,48.47
2014-10-25 23:00:00,48.94
2014-10-26 00:00:00,47.75
2014-10-26 01:00:00,14.35
2014-10-26 02:00:00,14.35
2014-10-26 03:00:00,14.35
2014-10-26 04:00:00,14.35
2014-10-26 05:00:00,14.35
2014-10-26 06:00:00,14.35
2014-10-26 07:00:00,14.35
2014-10-26 08:00:00,16.98
2014-10-26 09:00:00,49.18
2014-10-26 10:00:00,50.24
2014-10-26 11:00:00,48.21
2014-10-26 12:00:00,50.19
2014-10-26 13:00:00,48.95
2014-10-26 14:00:00,49.37
2014-10-26 15:00:00,49.34
2014-10-26 16:00:00,50.9
2014-10-26 17:00:00,49.83
2014-10-26 18:00:00,47.51
2014-10-26 19:00:00,48.51
2014-10-26 20:00:00,48.24
2014-10-26 21:00:00,49.44
2014-10-26 22:00:00,48.99
2014-10-26 23:00:00,49.85
2014-10-27 00:00:00,50.79
2014-10-27 01:00:00,51.86
2014-10-27 02:00:00,49.64
2014-10-27 03:00:00,50.54
2014-10-27 04:00:00,50.9
2014-10-27 05:00:00,50.9
2014-10-27 06:00:00,50.74
2014-10-27 07:00:00,52.04
2014-10-27 08:00:00,49.67
2014-10-27 09:00:00,48.71
2014-10-27 10:00:00,48.63
2014-10-27 11:00:00,49.66
2014-10-27 12:00:00,49.53
2014-10-27 13:00:00,49.33
2014-10-27 14:00:00,49.24
2014-10-27 15:00:00,49.36
2014-10-27 16:00:00,49.31
2014-10-27 17:00:00,49.22
2014-10-27 18:00:00,49.39
2014-10-27 19:00:00,50.2
2014-10-27 20:00:00,49.22
2014-10-27 21:00:00,50.33
2014-10-27 22:00:00,48.98
2014-10-27 23:00:00,49.64
2014-10-28 00:00:00,47.34
2014-10-28 01:00:00,14.35
2014-10-28 02:00:00,14.35
2014-10-28 03:00:00,14.35
2014-10-28 04:00:00,14.35
2014-10-28 05:00:00,14.35
2014-10-28 06:00:00,50.84
2014-10-28 07:00:00,51.64
2014-10-28 08:00:00,51.54
2014-10-28 09:00:00,49.96
2014-10-28 10:00:00,50.02
2014-10-28 11:00:00,50.46
2014-10-28 12:00:00,50.48
2014-10-28 13:00:00,50.69
2014-10-28 14:00:00,50.86
2014-10-28 15:00:00,49.67
2014-10-28 16:00:00,48.92
2014-10-28 17:00:00,48.77
2014-10-28 18:00:00,51.03
2014-10-28 19:00:00,49.66
2014-10-28 20:00:00,49.88
2014-10-28 21:00:00,49.43
2014-10-28 22:00:00,48.88
2014-10-28 23:00:00,44.1
2014-10-29 00:00:00,14.35
2014-10-29 01:00:00,14.35
2014-10-29 02:00:00,14.35
2014-10-29 03:00:00,14.35
2014-10-29 04:00:00,14.35
2014-10-29 05:00:00,14.35
2014-10-29 06:00:00,14.35
2014-10-29 07:00:00,49.74
2014-10-29 08:00:00,51.38
2014-10-29 09:00:00,51.66
2014-10-29 10:00:00,51.28
2014-10-29 11:00:00,51.78
2014-10-29 12:00:00,51.94
2014-10-29 13:00:00,51.38
2014-10-29 14:00:00,51.76
2014-10-29 15:00:00,51.94
2014-10-29 16:00:00,49.77
2014-10-29 17:00:00,48.89
2014-10-29 18:00:00,49.81
2014-10-29 19:00:00,50.89
2014-10-29 20:00:00,49.56
2014-10-29 21:00:00,51
2014-10-29 22:00:00,50.59
2014-10-29 23:00:00,50.13
2014-10-30 00:00:00,50.5
2014-10-30 01:00:00,51.29
2014-10-30 02:00:00,51.6
2014-10-30 03:00:00,50.91
2014-10-30 04:00:00,49.98
2014-10-30 05:00:00,50.45
2014-10-30 06:00:00,50.48
2014-10-30 07:00:00,51.92
2014-10-30 08:00:00,48.93
2014-10-30 09:00:00,50.13
2014-10-30 10:00:00,49.32
2014-10-30 11:00:00,49.98
2014-10-30 12:00:00,50.85
2014-10-30 13:00:00,50.73
2014-10-30 14:00:00,50.13
2014-10-30 15:00:00,49.42
2014-10-30 16:00:00,48.89
2014-10-30 17:00:00,49.25
2014-10-30 18:00:00,49
2014-10-30 19:00:00,50.08
2014-10-30 20:00:00,50.04
2014-10-30 21:00:00,49.72
2014-10-30 22:00:00,49.99
2014-10-30 23:00:00,50.49
2014-10-31 00:00:00,51.57
2014-10-31 01:00:00,49.53
2014-10-31 02:00:00,48.89
2014-10-31 03:00:00,49.14
2014-10-31 04:00:00,51.1
2014-10-31 05:00:00,50.7
2014-10-31 06:00:00,50.45
2014-10-31 07:00:00,51.42
2014-10-31 08:00:00,51.31
2014-10-31 09:00:00,48.01
2014-10-31 10:00:00,49.52
2014-10-31 11:00:00,49.44
2014-10-31 12:00:00,51.02
2014-10-31 13:00:00,49.88
2014-10-31 14:00:00,50.04
2014-10-31 15:00:00,51.61
2014-10-31 16:00:00,49.34
2014-10-31 17:00:00,49.22
2014-10-31 18:00:00,47.63
2014-10-31 19:00:00,48.86
2014-10-31 20:00:00,50
2014-10-31 21:00:00,49.62
2014-10-31 22:00:00,47.74
2014-10-31 23:00:00,48.78
2014-11-01 00:00:00,14.35
2014-11-01 01:00:00,14.35
2014-11-01 02:00:00,14.35
2014-11-01 03:00:00,14.35
2014-11-01 04:00:00,14.35
2014-11-01 05:00:00,14.35
2014-11-01 06:00:00,14.35
2014-11-01 07:00:00,6.98E-10
2014-11-01 08:00:00,4
2014-11-01 09:00:00,34.8
2014-11-01 10:00:00,34.8
2014-11-01 11:00:00,34.8
2014-11-01 12:00:00,34.8
2014-11-01 13:00:00,34.8
2014-11-01 14:00:00,34.8
2014-11-01 15:00:00,34.8
2014-11-01 16:00:00,34.8
2014-11-01 17:00:00,34.8
2014-11-01 18:00:00,34.8
2014-11-01 19:00:00,34.8
2014-11-01 20:00:00,34.8
2014-11-01 21:00:00,34.8
2014-11-01 22:00:00,34.8
2014-11-01 23:00:00,34.8
2014-11-02 00:00:00,14.35
2014-11-02 01:00:00,14.35
2014-11-02 02:00:00,14.35
2014-11-02 03:00:00,14.35
2014-11-02 04:00:00,18.05000001
2014-11-02 05:00:00,48.59
2014-11-02 06:00:00,50.1
2014-11-02 07:00:00,51.15
2014-11-02 08:00:00,50.53
2014-11-02 09:00:00,50
2014-11-02 10:00:00,50.58
2014-11-02 11:00:00,51.33
2014-11-02 12:00:00,50.62
2014-11-02 13:00:00,50.91
2014-11-02 14:00:00,50.96
2014-11-02 15:00:00,50.49
2014-11-02 16:00:00,50.63
2014-11-02 17:00:00,51.1
2014-11-02 18:00:00,49.46
2014-11-02 19:00:00,50.9
2014-11-02 20:00:00,50.16
2014-11-02 21:00:00,50.46
2014-11-02 22:00:00,50.33
2014-11-02 23:00:00,44.63
2014-11-03 00:00:00,14.35
2014-11-03 01:00:00,14.35
2014-11-03 02:00:00,14.35
2014-11-03 03:00:00,14.35
2014-11-03 04:00:00,14.35
2014-11-03 05:00:00,14.35
2014-11-03 06:00:00,51.13
2014-11-03 07:00:00,50.97
2014-11-03 08:00:00,51.36
2014-11-03 09:00:00,50.85
2014-11-03 10:00:00,49.75
2014-11-03 11:00:00,51.82
2014-11-03 12:00:00,53.5
2014-11-03 13:00:00,49.7
2014-11-03 14:00:00,50.2
2014-11-03 15:00:00,52.11
2014-11-03 16:00:00,50.24
2014-11-03 17:00:00,50.31
2014-11-03 18:00:00,50.11
2014-11-03 19:00:00,51.76
2014-11-03 20:00:00,45.98
2014-11-03 21:00:00,53.93
2014-11-03 22:00:00,48.19
2014-11-03 23:00:00,46.67
2014-11-04 00:00:00,14.35
2014-11-04 01:00:00,50.12
2014-11-04 02:00:00,49.89
2014-11-04 03:00:00,49.11
2014-11-04 04:00:00,49.11
2014-11-04 05:00:00,49.1
2014-11-04 06:00:00,50.35
2014-11-04 07:00:00,49.76
2014-11-04 08:00:00,51.76
2014-11-04 09:00:00,52.32
2014-11-04 10:00:00,51.32
2014-11-04 11:00:00,50.81
2014-11-04 12:00:00,51.25
2014-11-04 13:00:00,49.96
2014-11-04 14:00:00,50.39
2014-11-04 15:00:00,50.48
2014-11-04 16:00:00,49.48
2014-11-04 17:00:00,50.46
2014-11-04 18:00:00,50.28
2014-11-04 19:00:00,50.45
2014-11-04 20:00:00,49.57
2014-11-04 21:00:00,49.05
2014-11-04 22:00:00,50.53
2014-11-04 23:00:00,49.08
2014-11-05 00:00:00,49.94
2014-11-05 01:00:00,50
2014-11-05 02:00:00,49.88
2014-11-05 03:00:00,49.29
2014-11-05 04:00:00,49.53
2014-11-05 05:00:00,48.1
2014-11-05 06:00:00,48.33
2014-11-05 07:00:00,51.49
2014-11-05 08:00:00,52.31
2014-11-05 09:00:00,52.31
2014-11-05 10:00:00,52.03
2014-11-05 11:00:00,51.19
2014-11-05 12:00:00,51.62
2014-11-05 13:00:00,51.52
2014-11-05 14:00:00,51.32
2014-11-05 15:00:00,50.37
2014-11-05 16:00:00,50.68
2014-11-05 17:00:00,51.41
2014-11-05 18:00:00,51.5
2014-11-05 19:00:00,49.49
2014-11-05 20:00:00,50.72
2014-11-05 21:00:00,50.89
2014-11-05 22:00:00,50.85
2014-11-05 23:00:00,50.41
2014-11-06 00:00:00,49.24
2014-11-06 01:00:00,14.35
2014-11-06 02:00:00,14.35
2014-11-06 03:00:00,18.25
2014-11-06 04:00:00,50.11
2014-11-06 05:00:00,50.5
2014-11-06 06:00:00,50.95
2014-11-06 07:00:00,52.39
2014-11-06 08:00:00,51.78
2014-11-06 09:00:00,51.31
2014-11-06 10:00:00,49.64
2014-11-06 11:00:00,50.89
2014-11-06 12:00:00,50.11
2014-11-06 13:00:00,50.48
2014-11-06 14:00:00,51.27
2014-11-06 15:00:00,51.29
2014-11-06 16:00:00,51.49
2014-11-06 17:00:00,50.99
2014-11-06 18:00:00,51.65
2014-11-06 19:00:00,51.32
2014-11-06 20:00:00,50.85
2014-11-06 21:00:00,50.63
2014-11-06 22:00:00,50.05
2014-11-06 23:00:00,47.19
2014-11-07 00:00:00,14.35
2014-11-07 01:00:00,48.7
2014-11-07 02:00:00,49.54
2014-11-07 03:00:00,37.69
2014-11-07 04:00:00,14.35000001
2014-11-07 05:00:00,49.3
2014-11-07 06:00:00,49.15
2014-11-07 07:00:00,51.72
2014-11-07 08:00:00,52.28
2014-11-07 09:00:00,52.17
2014-11-07 10:00:00,51.42
2014-11-07 11:00:00,52.19
2014-11-07 12:00:00,49.83
2014-11-07 13:00:00,50.93
2014-11-07 14:00:00,51.06
2014-11-07 15:00:00,49.92
2014-11-07 16:00:00,51.07
2014-11-07 17:00:00,49.85
2014-11-07 18:00:00,51.08
2014-11-07 19:00:00,50.98
2014-11-07 20:00:00,50.69
2014-11-07 21:00:00,50.94
2014-11-07 22:00:00,50.55
2014-11-07 23:00:00,48.44
2014-11-08 00:00:00,52.54
2014-11-08 01:00:00,47.73
2014-11-08 02:00:00,47.79
2014-11-08 03:00:00,48.26
2014-11-08 04:00:00,48.12
2014-11-08 05:00:00,48.26
2014-11-08 06:00:00,48.63
2014-11-08 07:00:00,49.2
2014-11-08 08:00:00,50.37
2014-11-08 09:00:00,48.77
2014-11-08 10:00:00,50.45
2014-11-08 11:00:00,50.76
2014-11-08 12:00:00,50.76
2014-11-08 13:00:00,51.25
2014-11-08 14:00:00,52.86
2014-11-08 15:00:00,51.44
2014-11-08 16:00:00,50.97
2014-11-08 17:00:00,50.3
2014-11-08 18:00:00,49.98
2014-11-08 19:00:00,51.1
2014-11-08 20:00:00,50.65
2014-11-08 21:00:00,49.57
2014-11-08 22:00:00,51.31
2014-11-08 23:00:00,50.5
2014-11-09 00:00:00,49.69
2014-11-09 01:00:00,50.92
2014-11-09 02:00:00,50.96
2014-11-09 03:00:00,50.65
2014-11-09 04:00:00,50.72
2014-11-09 05:00:00,50.9
2014-11-09 06:00:00,49.16
2014-11-09 07:00:00,50.31
2014-11-09 08:00:00,51.59
2014-11-09 09:00:00,51.4
2014-11-09 10:00:00,51.34
2014-11-09 11:00:00,52
2014-11-09 12:00:00,50.06
2014-11-09 13:00:00,49.68
2014-11-09 14:00:00,51.06
2014-11-09 15:00:00,50.93
2014-11-09 16:00:00,51.14
2014-11-09 17:00:00,50.26
2014-11-09 18:00:00,51.73
2014-11-09 19:00:00,50.88
2014-11-09 20:00:00,53.02
2014-11-09 21:00:00,50.37
2014-11-09 22:00:00,48.98
2014-11-09 23:00:00,50.7
2014-11-10 00:00:00,50.27
2014-11-10 01:00:00,50.07
2014-11-10 02:00:00,49.89
2014-11-10 03:00:00,49.62
2014-11-10 04:00:00,51.06
2014-11-10 05:00:00,52.44
2014-11-10 06:00:00,49.64
2014-11-10 07:00:00,52.38
2014-11-10 08:00:00,51.74
2014-11-10 09:00:00,52.03
2014-11-10 10:00:00,51.8
2014-11-10 11:00:00,50.65
2014-11-10 12:00:00,51.01
2014-11-10 13:00:00,50.42
2014-11-10 14:00:00,51.07
2014-11-10 15:00:00,50.52
2014-11-10 16:00:00,50.18
2014-11-10 17:00:00,50.98
2014-11-10 18:00:00,50.9
2014-11-10 19:00:00,51.34
2014-11-10 20:00:00,50.43
2014-11-10 21:00:00,50.92
2014-11-10 22:00:00,50.94
2014-11-10 23:00:00,49.09
2014-11-11 00:00:00,48.98
2014-11-11 01:00:00,49.02
2014-11-11 02:00:00,50.26
2014-11-11 03:00:00,50.89
2014-11-11 04:00:00,51.13
2014-11-11 05:00:00,50.3
2014-11-11 06:00:00,50.13
2014-11-11 07:00:00,49
2014-11-11 08:00:00,50.68
2014-11-11 09:00:00,51.85
2014-11-11 10:00:00,50.79
2014-11-11 11:00:00,50.8
2014-11-11 12:00:00,48.68
2014-11-11 13:00:00,49.8
2014-11-11 14:00:00,50.37
2014-11-11 15:00:00,51.09
2014-11-11 16:00:00,50.77
2014-11-11 17:00:00,51.94
2014-11-11 18:00:00,51.42
2014-11-11 19:00:00,50.91
2014-11-11 20:00:00,51.82
2014-11-11 21:00:00,51.18
2014-11-11 22:00:00,51.79
2014-11-11 23:00:00,50.51
2014-11-12 00:00:00,50.28
2014-11-12 01:00:00,49.53
2014-11-12 02:00:00,50.01
2014-11-12 03:00:00,51.5
2014-11-12 04:00:00,52.44
2014-11-12 05:00:00,53.11
2014-11-12 06:00:00,49.05
2014-11-12 07:00:00,51.93
2014-11-12 08:00:00,50.34
2014-11-12 09:00:00,51.12
2014-11-12 10:00:00,52.35
2014-11-12 11:00:00,52.45
2014-11-12 12:00:00,52.96
2014-11-12 13:00:00,50.66
2014-11-12 14:00:00,51.57
2014-11-12 15:00:00,50.6
2014-11-12 16:00:00,50.77
2014-11-12 17:00:00,50.06
2014-11-12 18:00:00,49.94
2014-11-12 19:00:00,51.57
2014-11-12 20:00:00,50.58
2014-11-12 21:00:00,50.54
2014-11-12 22:00:00,49.26
2014-11-12 23:00:00,50.49
2014-11-13 00:00:00,49.29
2014-11-13 01:00:00,50.06
2014-11-13 02:00:00,48.68
2014-11-13 03:00:00,47.53
2014-11-13 04:00:00,49.17
2014-11-13 05:00:00,49.02
2014-11-13 06:00:00,50.77
2014-11-13 07:00:00,53.61
2014-11-13 08:00:00,51.05
2014-11-13 09:00:00,51.83
2014-11-13 10:00:00,51.62
2014-11-13 11:00:00,51.83
2014-11-13 12:00:00,50.61
2014-11-13 13:00:00,49.84
2014-11-13 14:00:00,51.08
2014-11-13 15:00:00,51.2
2014-11-13 16:00:00,50.98
2014-11-13 17:00:00,51.04
2014-11-13 18:00:00,49.87
2014-11-13 19:00:00,50.75
2014-11-13 20:00:00,50.95
2014-11-13 21:00:00,51.19
2014-11-13 22:00:00,51.2
2014-11-13 23:00:00,49.42
2014-11-14 00:00:00,48.24
2014-11-14 01:00:00,48.95
2014-11-14 02:00:00,49.26
2014-11-14 03:00:00,48.14
2014-11-14 04:00:00,49.88
2014-11-14 05:00:00,50.27
2014-11-14 06:00:00,48.41
2014-11-14 07:00:00,50.8
2014-11-14 08:00:00,49.62
2014-11-14 09:00:00,51.58
2014-11-14 10:00:00,51.33
2014-11-14 11:00:00,50.55
2014-11-14 12:00:00,50.27
2014-11-14 13:00:00,50.5
2014-11-14 14:00:00,50.51
2014-11-14 15:00:00,49.95
2014-11-14 16:00:00,50.61
2014-11-14 17:00:00,50.63
2014-11-14 18:00:00,48.18
2014-11-14 19:00:00,50.79
2014-11-14 20:00:00,50.04
2014-11-14 21:00:00,51.26
2014-11-14 22:00:00,53.35
2014-11-14 23:00:00,50.68
2014-11-15 00:00:00,50.8
2014-11-15 01:00:00,49.69
2014-11-15 02:00:00,49.57
2014-11-15 03:00:00,49.23
2014-11-15 04:00:00,47.36
2014-11-15 05:00:00,49.48
2014-11-15 06:00:00,47.4
2014-11-15 07:00:00,50.65
2014-11-15 08:00:00,51.48
2014-11-15 09:00:00,50.74
2014-11-15 10:00:00,51.58
2014-11-15 11:00:00,50
2014-11-15 12:00:00,50.19
2014-11-15 13:00:00,50.9
2014-11-15 14:00:00,51.33
2014-11-15 15:00:00,50.7
2014-11-15 16:00:00,50.54
2014-11-15 17:00:00,50.4
2014-11-15 18:00:00,49.97
2014-11-15 19:00:00,50.11
2014-11-15 20:00:00,50
2014-11-15 21:00:00,50.51
2014-11-15 22:00:00,50.28
2014-11-15 23:00:00,49.43
2014-11-16 00:00:00,50.49
2014-11-16 01:00:00,49.18
2014-11-16 02:00:00,48.08
2014-11-16 03:00:00,34.87
2014-11-16 04:00:00,37.64
2014-11-16 05:00:00,38.88
2014-11-16 06:00:00,45.99
2014-11-16 07:00:00,51.58
2014-11-16 08:00:00,51.58
2014-11-16 09:00:00,50.25
2014-11-16 10:00:00,50.39
2014-11-16 11:00:00,50.99
2014-11-16 12:00:00,51.09
2014-11-16 13:00:00,50.96
2014-11-16 14:00:00,51.27
2014-11-16 15:00:00,51.21
2014-11-16 16:00:00,50.22
2014-11-16 17:00:00,51.06
2014-11-16 18:00:00,49.51
2014-11-16 19:00:00,51.73
2014-11-16 20:00:00,50.95
2014-11-16 21:00:00,50.5
2014-11-16 22:00:00,50.19
2014-11-16 23:00:00,50.06
2014-11-17 00:00:00,48.7
2014-11-17 01:00:00,47.58
2014-11-17 02:00:00,43.87
2014-11-17 03:00:00,37.72
2014-11-17 04:00:00,39.37
2014-11-17 05:00:00,50.97
2014-11-17 06:00:00,45.26
2014-11-17 07:00:00,52.21
2014-11-17 08:00:00,53.66
2014-11-17 09:00:00,51.88
2014-11-17 10:00:00,51.9
2014-11-17 11:00:00,50.31
2014-11-17 12:00:00,50.43
2014-11-17 13:00:00,51.74
2014-11-17 14:00:00,51.38
2014-11-17 15:00:00,52.2
2014-11-17 16:00:00,50.84
2014-11-17 17:00:00,51.06
2014-11-17 18:00:00,50.88
2014-11-17 19:00:00,49.86
2014-11-17 20:00:00,51.16
2014-11-17 21:00:00,50.64
2014-11-17 22:00:00,52.7
2014-11-17 23:00:00,51.48
2014-11-18 00:00:00,50.47
2014-11-18 01:00:00,49.14
2014-11-18 02:00:00,49.02
2014-11-18 03:00:00,48.83
2014-11-18 04:00:00,48.15
2014-11-18 05:00:00,49.19
2014-11-18 06:00:00,48.59
2014-11-18 07:00:00,49.89
2014-11-18 08:00:00,52.63
2014-11-18 09:00:00,52.77
2014-11-18 10:00:00,51.71
2014-11-18 11:00:00,52.51
2014-11-18 12:00:00,50.42
2014-11-18 13:00:00,51.44
2014-11-18 14:00:00,51.25
2014-11-18 15:00:00,50.57
2014-11-18 16:00:00,51.81
2014-11-18 17:00:00,51.5
2014-11-18 18:00:00,51.58
2014-11-18 19:00:00,50.65
2014-11-18 20:00:00,50.46
2014-11-18 21:00:00,50.93
2014-11-18 22:00:00,50.99
2014-11-18 23:00:00,49.88
2014-11-19 00:00:00,50.24
2014-11-19 01:00:00,52.32
2014-11-19 02:00:00,50.62
2014-11-19 03:00:00,49.38
2014-11-19 04:00:00,49.72
2014-11-19 05:00:00,49.22
2014-11-19 06:00:00,51.39
2014-11-19 07:00:00,51.18
2014-11-19 08:00:00,51.17
2014-11-19 09:00:00,51.5
2014-11-19 10:00:00,51.74
2014-11-19 11:00:00,51.48
2014-11-19 12:00:00,50.99
2014-11-19 13:00:00,51.14
2014-11-19 14:00:00,51.41
2014-11-19 15:00:00,50.8
2014-11-19 16:00:00,52.07
2014-11-19 17:00:00,52.51
2014-11-19 18:00:00,50.74
2014-11-19 19:00:00,51.92
2014-11-19 20:00:00,49.6
2014-11-19 21:00:00,50.73
2014-11-19 22:00:00,51.25
2014-11-19 23:00:00,49.94
2014-11-20 00:00:00,22.42
2014-11-20 01:00:00,49.46
2014-11-20 02:00:00,49.16
2014-11-20 03:00:00,50.42
2014-11-20 04:00:00,49.81
2014-11-20 05:00:00,51.27
2014-11-20 06:00:00,49.74
2014-11-20 07:00:00,51.59
2014-11-20 08:00:00,50.69
2014-11-20 09:00:00,51.47
2014-11-20 10:00:00,50.94
2014-11-20 11:00:00,51.2
2014-11-20 12:00:00,50.07
2014-11-20 13:00:00,51
2014-11-20 14:00:00,50.87
2014-11-20 15:00:00,50.57
2014-11-20 16:00:00,50.7
2014-11-20 17:00:00,51.84
2014-11-20 18:00:00,29.16
2014-11-20 19:00:00,51.16
2014-11-20 20:00:00,52.27
2014-11-20 21:00:00,53.19
2014-11-20 22:00:00,52.44
2014-11-20 23:00:00,51.77
2014-11-21 00:00:00,49.47
2014-11-21 01:00:00,51.43
2014-11-21 02:00:00,51.84
2014-11-21 03:00:00,50.5
2014-11-21 04:00:00,51.49
2014-11-21 05:00:00,52.01
2014-11-21 06:00:00,50.08
2014-11-21 07:00:00,49.93
2014-11-21 08:00:00,50.92
2014-11-21 09:00:00,51.95
2014-11-21 10:00:00,51.06
2014-11-21 11:00:00,50.47
2014-11-21 12:00:00,49.91
2014-11-21 13:00:00,50.86
2014-11-21 14:00:00,51.55
2014-11-21 15:00:00,50.94
2014-11-21 16:00:00,51.01
2014-11-21 17:00:00,50.24
2014-11-21 18:00:00,50.97
2014-11-21 19:00:00,52.07
2014-11-21 20:00:00,50.77
2014-11-21 21:00:00,50.81
2014-11-21 22:00:00,50.46
2014-11-21 23:00:00,50.15
2014-11-22 00:00:00,51.15
2014-11-22 01:00:00,49.01
2014-11-22 02:00:00,47.94
2014-11-22 03:00:00,48.26
2014-11-22 04:00:00,50.34
2014-11-22 05:00:00,49.52
2014-11-22 06:00:00,48.24
2014-11-22 07:00:00,49.49
2014-11-22 08:00:00,50.69
2014-11-22 09:00:00,50.65
2014-11-22 10:00:00,50.42
2014-11-22 11:00:00,50.07
2014-11-22 12:00:00,49.89
2014-11-22 13:00:00,51.34
2014-11-22 14:00:00,50.75
2014-11-22 15:00:00,50.37
2014-11-22 16:00:00,52.1
2014-11-22 17:00:00,49.65
2014-11-22 18:00:00,48.92
2014-11-22 19:00:00,50.21
2014-11-22 20:00:00,50.62
2014-11-22 21:00:00,50.49
2014-11-22 22:00:00,50.25
2014-11-22 23:00:00,50.63
2014-11-23 00:00:00,49.36
2014-11-23 01:00:00,50.65
2014-11-23 02:00:00,47.34
2014-11-23 03:00:00,47.39
2014-11-23 04:00:00,45.95
2014-11-23 05:00:00,49.46
2014-11-23 06:00:00,46.3
2014-11-23 07:00:00,50.03
2014-11-23 08:00:00,51.08
2014-11-23 09:00:00,50.75
2014-11-23 10:00:00,50.8
2014-11-23 11:00:00,50.83
2014-11-23 12:00:00,50.46
2014-11-23 13:00:00,49.99
2014-11-23 14:00:00,50.49
2014-11-23 15:00:00,51.64
2014-11-23 16:00:00,51.37
2014-11-23 17:00:00,51.95
2014-11-23 18:00:00,49.66
2014-11-23 19:00:00,50.97
2014-11-23 20:00:00,52.2
2014-11-23 21:00:00,51.23
2014-11-23 22:00:00,52.75
2014-11-23 23:00:00,50.1
2014-11-24 00:00:00,47.29
2014-11-24 01:00:00,50.5
2014-11-24 02:00:00,49.05
2014-11-24 03:00:00,49.6
2014-11-24 04:00:00,47.57
2014-11-24 05:00:00,50.73
2014-11-24 06:00:00,48.57
2014-11-24 07:00:00,36.63
2014-11-24 08:00:00,37.68
2014-11-24 09:00:00,37.35
2014-11-24 10:00:00,37.4
2014-11-24 11:00:00,37.43
2014-11-24 12:00:00,37.06
2014-11-24 13:00:00,36.59
2014-11-24 14:00:00,37.09
2014-11-24 15:00:00,38.24
2014-11-24 16:00:00,37.97
2014-11-24 17:00:00,38.55
2014-11-24 18:00:00,36.26
2014-11-24 19:00:00,37.57
2014-11-24 20:00:00,38.8
2014-11-24 21:00:00,37.83
2014-11-24 22:00:00,39.35
2014-11-24 23:00:00,36.7
2014-11-25 00:00:00,50.87
2014-11-25 01:00:00,50.48
2014-11-25 02:00:00,50.05
2014-11-25 03:00:00,49.8
2014-11-25 04:00:00,51.02
2014-11-25 05:00:00,50.19
2014-11-25 06:00:00,50.31
2014-11-25 07:00:00,51.42
2014-11-25 08:00:00,52.05
2014-11-25 09:00:00,52.12
2014-11-25 10:00:00,51.58
2014-11-25 11:00:00,49.34
2014-11-25 12:00:00,49.51
2014-11-25 13:00:00,49.85
2014-11-25 14:00:00,51.14
2014-11-25 15:00:00,50.44
2014-11-25 16:00:00,50.21
2014-11-25 17:00:00,49.89
2014-11-25 18:00:00,50.11
2014-11-25 19:00:00,49.7
2014-11-25 20:00:00,49.98
2014-11-25 21:00:00,50
2014-11-25 22:00:00,50.26
2014-11-25 23:00:00,48.75
2014-11-26 00:00:00,48.98
2014-11-26 01:00:00,49.18
2014-11-26 02:00:00,49.82
2014-11-26 03:00:00,50.9
2014-11-26 04:00:00,49.72
2014-11-26 05:00:00,50.23
2014-11-26 06:00:00,51.11
2014-11-26 07:00:00,49.91
2014-11-26 08:00:00,49.45
2014-11-26 09:00:00,50.82
2014-11-26 10:00:00,52.28
2014-11-26 11:00:00,51.1
2014-11-26 12:00:00,52.51
2014-11-26 13:00:00,50.17
2014-11-26 14:00:00,50.55
2014-11-26 15:00:00,50.89
2014-11-26 16:00:00,50.73
2014-11-26 17:00:00,49.06
2014-11-26 18:00:00,49.15
2014-11-26 19:00:00,49.72
2014-11-26 20:00:00,49.92
2014-11-26 21:00:00,49.27
2014-11-26 22:00:00,51.99
2014-11-26 23:00:00,50.64
2014-11-27 00:00:00,48.92
2014-11-27 01:00:00,48.5
2014-11-27 02:00:00,49.45
2014-11-27 03:00:00,49.8
2014-11-27 04:00:00,48.95
2014-11-27 05:00:00,49.19
2014-11-27 06:00:00,49.96
2014-11-27 07:00:00,49.79
2014-11-27 08:00:00,49.88
2014-11-27 09:00:00,49.65
2014-11-27 10:00:00,49.62
2014-11-27 11:00:00,48.33
2014-11-27 12:00:00,49.7
2014-11-27 13:00:00,49.23
2014-11-27 14:00:00,49.59
2014-11-27 15:00:00,48.8
2014-11-27 16:00:00,50.09
2014-11-27 17:00:00,50.01
2014-11-27 18:00:00,50.06
2014-11-27 19:00:00,49.85
2014-11-27 20:00:00,49.98
2014-11-27 21:00:00,48.95
2014-11-27 22:00:00,48.84
2014-11-27 23:00:00,49.72
2014-11-28 00:00:00,48.32
2014-11-28 01:00:00,48.79
2014-11-28 02:00:00,49.62
2014-11-28 03:00:00,52.66
2014-11-28 04:00:00,50.44
2014-11-28 05:00:00,49.99
2014-11-28 06:00:00,49.1
2014-11-28 07:00:00,49.75
2014-11-28 08:00:00,51.35
2014-11-28 09:00:00,50.88
2014-11-28 10:00:00,51.47
2014-11-28 11:00:00,48.9
2014-11-28 12:00:00,49.77
2014-11-28 13:00:00,48.35
2014-11-28 14:00:00,49.25
2014-11-28 15:00:00,50.35
2014-11-28 16:00:00,50.54
2014-11-28 17:00:00,49.98
2014-11-28 18:00:00,47.84
2014-11-28 19:00:00,49.99
2014-11-28 20:00:00,50.61
2014-11-28 21:00:00,50.6
2014-11-28 22:00:00,50.35
2014-11-28 23:00:00,49.77
2014-11-29 00:00:00,48.64
2014-11-29 01:00:00,46.82
2014-11-29 02:00:00,47.69
2014-11-29 03:00:00,47.26
2014-11-29 04:00:00,47.21
2014-11-29 05:00:00,49.92
2014-11-29 06:00:00,49.4
2014-11-29 07:00:00,50.62
2014-11-29 08:00:00,49.19
2014-11-29 09:00:00,49.26
2014-11-29 10:00:00,50.01
2014-11-29 11:00:00,50.72
2014-11-29 12:00:00,49.07
2014-11-29 13:00:00,49.56
2014-11-29 14:00:00,50.76
2014-11-29 15:00:00,50.77
2014-11-29 16:00:00,50.46
2014-11-29 17:00:00,50.26
2014-11-29 18:00:00,49.56
2014-11-29 19:00:00,50.22
2014-11-29 20:00:00,49.69
2014-11-29 21:00:00,49.82
2014-11-29 22:00:00,50.29
2014-11-29 23:00:00,48.41
2014-11-30 00:00:00,47.49
2014-11-30 01:00:00,46.97
2014-11-30 02:00:00,43.55
2014-11-30 03:00:00,37.07
2014-11-30 04:00:00,40.47
2014-11-30 05:00:00,47.68
2014-11-30 06:00:00,48.01
2014-11-30 07:00:00,37.22
2014-11-30 08:00:00,35.79
2014-11-30 09:00:00,35.86
2014-11-30 10:00:00,36.61
2014-11-30 11:00:00,37.32
2014-11-30 12:00:00,35.67
2014-11-30 13:00:00,36.16
2014-11-30 14:00:00,37.36
2014-11-30 15:00:00,37.37
2014-11-30 16:00:00,37.06
2014-11-30 17:00:00,36.86
2014-11-30 18:00:00,36.16
2014-11-30 19:00:00,36.82
2014-11-30 20:00:00,36.29
2014-11-30 21:00:00,36.42
2014-11-30 22:00:00,36.89
2014-11-30 23:00:00,35.01
2014-12-01 00:00:00,48.23
2014-12-01 01:00:00,45.76
2014-12-01 02:00:00,39.37
2014-12-01 03:00:00,40.89
2014-12-01 04:00:00,42.18
2014-12-01 05:00:00,43.7
2014-12-01 06:00:00,43.33
2014-12-01 07:00:00,49.53
2014-12-01 08:00:00,50.82
2014-12-01 09:00:00,51.8
2014-12-01 10:00:00,51.73
2014-12-01 11:00:00,53
2014-12-01 12:00:00,52.95
2014-12-01 13:00:00,50.57
2014-12-01 14:00:00,52.4
2014-12-01 15:00:00,52.32
2014-12-01 16:00:00,51.22
2014-12-01 17:00:00,50.22
2014-12-01 18:00:00,50.22
2014-12-01 19:00:00,50.57
2014-12-01 20:00:00,49.86
2014-12-01 21:00:00,50.09
2014-12-01 22:00:00,49.33
2014-12-01 23:00:00,49.32
2014-12-02 00:00:00,48.55
2014-12-02 01:00:00,48.29
2014-12-02 02:00:00,49.77
2014-12-02 03:00:00,49.31
2014-12-02 04:00:00,50.47
2014-12-02 05:00:00,51.27
2014-12-02 06:00:00,49.64
2014-12-02 07:00:00,50.91
2014-12-02 08:00:00,51.67
2014-12-02 09:00:00,50.3
2014-12-02 10:00:00,50.2
2014-12-02 11:00:00,50.41
2014-12-02 12:00:00,52.39
2014-12-02 13:00:00,50.02
2014-12-02 14:00:00,49.75
2014-12-02 15:00:00,49.53
2014-12-02 16:00:00,50.36
2014-12-02 17:00:00,50.27
2014-12-02 18:00:00,50.32
2014-12-02 19:00:00,50.42
2014-12-02 20:00:00,51.66
2014-12-02 21:00:00,50.67
2014-12-02 22:00:00,50.87
2014-12-02 23:00:00,50.57
2014-12-03 00:00:00,44.92
2014-12-03 01:00:00,48.22
2014-12-03 02:00:00,50.7
2014-12-03 03:00:00,47.77
2014-12-03 04:00:00,49.61
2014-12-03 05:00:00,50.1
2014-12-03 06:00:00,49.39
2014-12-03 07:00:00,52.89
2014-12-03 08:00:00,49.31
2014-12-03 09:00:00,50.71
2014-12-03 10:00:00,51.02
2014-12-03 11:00:00,50.94
2014-12-03 12:00:00,50.48
2014-12-03 13:00:00,50.26
2014-12-03 14:00:00,50.91
2014-12-03 15:00:00,50.48
2014-12-03 16:00:00,50.26
2014-12-03 17:00:00,50.34
2014-12-03 18:00:00,50.26
2014-12-03 19:00:00,50.39
2014-12-03 20:00:00,50.76
2014-12-03 21:00:00,50.33
2014-12-03 22:00:00,49.88
2014-12-03 23:00:00,50.26
2014-12-04 00:00:00,48.26
2014-12-04 01:00:00,49.25
2014-12-04 02:00:00,47.68
2014-12-04 03:00:00,48.82
2014-12-04 04:00:00,49.21
2014-12-04 05:00:00,49.5
2014-12-04 06:00:00,50.11
2014-12-04 07:00:00,50.63
2014-12-04 08:00:00,51.26
2014-12-04 09:00:00,49.28
2014-12-04 10:00:00,50.7
2014-12-04 11:00:00,49.52
2014-12-04 12:00:00,49.46
2014-12-04 13:00:00,51.2
2014-12-04 14:00:00,51.32
2014-12-04 15:00:00,51.57
2014-12-04 16:00:00,50.53
2014-12-04 17:00:00,50.3
2014-12-04 18:00:00,50.24
2014-12-04 19:00:00,50.25
2014-12-04 20:00:00,50.22
2014-12-04 21:00:00,50.26
2014-12-04 22:00:00,50.48
2014-12-04 23:00:00,49.56
2014-12-05 00:00:00,47.78
2014-12-05 01:00:00,48.87
2014-12-05 02:00:00,49.98
2014-12-05 03:00:00,48.87
2014-12-05 04:00:00,49
2014-12-05 05:00:00,29.02
2014-12-05 06:00:00,13.4
2014-12-05 07:00:00,46.61
2014-12-05 08:00:00,49.38
2014-12-05 09:00:00,50.71
2014-12-05 10:00:00,51.9
2014-12-05 11:00:00,49.84
2014-12-05 12:00:00,51.22
2014-12-05 13:00:00,50.47
2014-12-05 14:00:00,52.26
2014-12-05 15:00:00,49.37
2014-12-05 16:00:00,49.87
2014-12-05 17:00:00,50.2
2014-12-05 18:00:00,50.51
2014-12-05 19:00:00,52.11
2014-12-05 20:00:00,50.76
2014-12-05 21:00:00,51.46
2014-12-05 22:00:00,50.27
2014-12-05 23:00:00,49.92
2014-12-06 00:00:00,48.77
2014-12-06 01:00:00,49.38
2014-12-06 02:00:00,48.41
2014-12-06 03:00:00,48.16
2014-12-06 04:00:00,47.88
2014-12-06 05:00:00,49.21
2014-12-06 06:00:00,49.44
2014-12-06 07:00:00,50.04
2014-12-06 08:00:00,51.54
2014-12-06 09:00:00,51.76
2014-12-06 10:00:00,50.94
2014-12-06 11:00:00,49.74
2014-12-06 12:00:00,50.26
2014-12-06 13:00:00,48.42
2014-12-06 14:00:00,51.36
2014-12-06 15:00:00,49.48
2014-12-06 16:00:00,49.35
2014-12-06 17:00:00,49.97
2014-12-06 18:00:00,48.61
2014-12-06 19:00:00,50.21
2014-12-06 20:00:00,50.31
2014-12-06 21:00:00,50.21
2014-12-06 22:00:00,49.95
2014-12-06 23:00:00,46.32
2014-12-07 00:00:00,14.43
2014-12-07 01:00:00,47.49
2014-12-07 02:00:00,48.01
2014-12-07 03:00:00,47.62
2014-12-07 04:00:00,47.64
2014-12-07 05:00:00,45.66
2014-12-07 06:00:00,46.42
2014-12-07 07:00:00,49.33999999
2014-12-07 08:00:00,12.29
2014-12-07 09:00:00,12.29
2014-12-07 10:00:00,12.29
2014-12-07 11:00:00,12.29
2014-12-07 12:00:00,12.29
2014-12-07 13:00:00,12.29
2014-12-07 14:00:00,12.29
2014-12-07 15:00:00,12.29
2014-12-07 16:00:00,24.21
2014-12-07 17:00:00,39.33
2014-12-07 18:00:00,32.65
2014-12-07 19:00:00,40.29
2014-12-07 20:00:00,39.93
2014-12-07 21:00:00,38.06
2014-12-07 22:00:00,35.03
2014-12-07 23:00:00,34.47
2014-12-08 00:00:00,32.54
2014-12-08 01:00:00,34.86
2014-12-08 02:00:00,33.05
2014-12-08 03:00:00,33.5
2014-12-08 04:00:00,35.09
2014-12-08 05:00:00,37.67
2014-12-08 06:00:00,38.56
2014-12-08 07:00:00,37.59
2014-12-08 08:00:00,39.74
2014-12-08 09:00:00,36.31
2014-12-08 10:00:00,39.84
2014-12-08 11:00:00,36.68
2014-12-08 12:00:00,34.94
2014-12-08 13:00:00,35.29
2014-12-08 14:00:00,36.37
2014-12-08 15:00:00,35.77
2014-12-08 16:00:00,36.51
2014-12-08 17:00:00,39.42
2014-12-08 18:00:00,37.39
2014-12-08 19:00:00,42.51
2014-12-08 20:00:00,37.92
2014-12-08 21:00:00,38.05
2014-12-08 22:00:00,42.49
2014-12-08 23:00:00,38.1
2014-12-09 00:00:00,36.11
2014-12-09 01:00:00,38.21
2014-12-09 02:00:00,40.83
2014-12-09 03:00:00,37.98
2014-12-09 04:00:00,37.77
2014-12-09 05:00:00,40.41
2014-12-09 06:00:00,39.14
2014-12-09 07:00:00,43.94
2014-12-09 08:00:00,45.97
2014-12-09 09:00:00,42.58
2014-12-09 10:00:00,40.7
2014-12-09 11:00:00,43.57
2014-12-09 12:00:00,41.23
2014-12-09 13:00:00,46.67
2014-12-09 14:00:00,43.59
2014-12-09 15:00:00,38.29
2014-12-09 16:00:00,43.03
2014-12-09 17:00:00,39.07
2014-12-09 18:00:00,38.02
2014-12-09 19:00:00,43.45
2014-12-09 20:00:00,36.48
2014-12-09 21:00:00,41.06
2014-12-09 22:00:00,42.01
2014-12-09 23:00:00,43.57
2014-12-10 00:00:00,38.43
2014-12-10 01:00:00,39.48
2014-12-10 02:00:00,38.97
2014-12-10 03:00:00,42.59
2014-12-10 04:00:00,42.39
2014-12-10 05:00:00,44.82
2014-12-10 06:00:00,44.01
2014-12-10 07:00:00,44.92
2014-12-10 08:00:00,43.44
2014-12-10 09:00:00,35.58
2014-12-10 10:00:00,40.14
2014-12-10 11:00:00,42.49
2014-12-10 12:00:00,48
2014-12-10 13:00:00,43.18
2014-12-10 14:00:00,47.68
2014-12-10 15:00:00,43.02
2014-12-10 16:00:00,43.27
2014-12-10 17:00:00,39.5
2014-12-10 18:00:00,39.48
2014-12-10 19:00:00,39.27
2014-12-10 20:00:00,39.86
2014-12-10 21:00:00,41.72
2014-12-10 22:00:00,38.3
2014-12-10 23:00:00,39.95
2014-12-11 00:00:00,33.55
2014-12-11 01:00:00,33.64
2014-12-11 02:00:00,34.86
2014-12-11 03:00:00,32.35
2014-12-11 04:00:00,34.94
2014-12-11 05:00:00,41.43
2014-12-11 06:00:00,41.35
2014-12-11 07:00:00,38.11
2014-12-11 08:00:00,42.35
2014-12-11 09:00:00,43.25
2014-12-11 10:00:00,44.83
2014-12-11 11:00:00,46.33
2014-12-11 12:00:00,40.52
2014-12-11 13:00:00,40.92
2014-12-11 14:00:00,45.89
2014-12-11 15:00:00,38.84
2014-12-11 16:00:00,38.78
2014-12-11 17:00:00,38.88
2014-12-11 18:00:00,40.08
2014-12-11 19:00:00,46.46
2014-12-11 20:00:00,39.58
2014-12-11 21:00:00,40.72
2014-12-11 22:00:00,42.08
2014-12-11 23:00:00,36.03
2014-12-12 00:00:00,32.76
2014-12-12 01:00:00,32.05
2014-12-12 02:00:00,36.48
2014-12-12 03:00:00,40.5
2014-12-12 04:00:00,44.21
2014-12-12 05:00:00,37.75
2014-12-12 06:00:00,40.44
2014-12-12 07:00:00,36.49
2014-12-12 08:00:00,39.82
2014-12-12 09:00:00,41.02
2014-12-12 10:00:00,39.8
2014-12-12 11:00:00,41.54
2014-12-12 12:00:00,41.88
2014-12-12 13:00:00,43.71
2014-12-12 14:00:00,43.68
2014-12-12 15:00:00,45.05
2014-12-12 16:00:00,41.54
2014-12-12 17:00:00,41.65
2014-12-12 18:00:00,37.41
2014-12-12 19:00:00,46.57
2014-12-12 20:00:00,43.48
2014-12-12 21:00:00,44.74
2014-12-12 22:00:00,46.71
2014-12-12 23:00:00,39.73
2014-12-13 00:00:00,37.31
2014-12-13 01:00:00,33.77
2014-12-13 02:00:00,35.4
2014-12-13 03:00:00,33.36
2014-12-13 04:00:00,32.14
2014-12-13 05:00:00,36.75
2014-12-13 06:00:00,35.1
2014-12-13 07:00:00,34.62
2014-12-13 08:00:00,40.98
2014-12-13 09:00:00,41.41
2014-12-13 10:00:00,36.31
2014-12-13 11:00:00,40.48
2014-12-13 12:00:00,41.83
2014-12-13 13:00:00,36.42
2014-12-13 14:00:00,44.65
2014-12-13 15:00:00,40.72
2014-12-13 16:00:00,39.32
2014-12-13 17:00:00,38.32
2014-12-13 18:00:00,37.4
2014-12-13 19:00:00,36.87
2014-12-13 20:00:00,36.99
2014-12-13 21:00:00,39.45
2014-12-13 22:00:00,37.86
2014-12-13 23:00:00,38.29
2014-12-14 00:00:00,31.52
2014-12-14 01:00:00,34.29
2014-12-14 02:00:00,32.6
2014-12-14 03:00:00,48.08
2014-12-14 04:00:00,42.75
2014-12-14 05:00:00,40.18
2014-12-14 06:00:00,40.1
2014-12-14 07:00:00,38.31
2014-12-14 08:00:00,41.87
2014-12-14 09:00:00,43.59
2014-12-14 10:00:00,40.84
2014-12-14 11:00:00,39.75
2014-12-14 12:00:00,42.93
2014-12-14 13:00:00,42.81
2014-12-14 14:00:00,44.44
2014-12-14 15:00:00,45.6
2014-12-14 16:00:00,38.65
2014-12-14 17:00:00,38.94
2014-12-14 18:00:00,39.31
2014-12-14 19:00:00,39.34
2014-12-14 20:00:00,41.17
2014-12-14 21:00:00,36.7
2014-12-14 22:00:00,36.37
2014-12-14 23:00:00,35.84
2014-12-15 00:00:00,32.76
2014-12-15 01:00:00,33.73
2014-12-15 02:00:00,37.25
2014-12-15 03:00:00,38.96
2014-12-15 04:00:00,36.63
2014-12-15 05:00:00,47.2
2014-12-15 06:00:00,36.82
2014-12-15 07:00:00,41.12
2014-12-15 08:00:00,43.33
2014-12-15 09:00:00,43.62
2014-12-15 10:00:00,41.25
2014-12-15 11:00:00,43.12
2014-12-15 12:00:00,44.41
2014-12-15 13:00:00,42.4
2014-12-15 14:00:00,43.76
2014-12-15 15:00:00,42.94
2014-12-15 16:00:00,40.59
2014-12-15 17:00:00,40.29
2014-12-15 18:00:00,38.05
2014-12-15 19:00:00,44.75
2014-12-15 20:00:00,39.52
2014-12-15 21:00:00,43.32
2014-12-15 22:00:00,44.3
2014-12-15 23:00:00,39.89
2014-12-16 00:00:00,12.29
2014-12-16 01:00:00,12.29
2014-12-16 02:00:00,12.29
2014-12-16 03:00:00,15.24
2014-12-16 04:00:00,37.22
2014-12-16 05:00:00,40.78
2014-12-16 06:00:00,42.4
2014-12-16 07:00:00,45.56
2014-12-16 08:00:00,47.23
2014-12-16 09:00:00,39.32
2014-12-16 10:00:00,39.47
2014-12-16 11:00:00,38.91
2014-12-16 12:00:00,41.74
2014-12-16 13:00:00,40.2
2014-12-16 14:00:00,41.6
2014-12-16 15:00:00,40.33
2014-12-16 16:00:00,42.35
2014-12-16 17:00:00,43.85
2014-12-16 18:00:00,42.09
2014-12-16 19:00:00,45.96
2014-12-16 20:00:00,40.08
2014-12-16 21:00:00,40.35
2014-12-16 22:00:00,37.56
2014-12-16 23:00:00,35.4
2014-12-17 00:00:00,21.85
2014-12-17 01:00:00,34.23
2014-12-17 02:00:00,35.46
2014-12-17 03:00:00,34.6
2014-12-17 04:00:00,32.75
2014-12-17 05:00:00,38.22
2014-12-17 06:00:00,40.3
2014-12-17 07:00:00,43.32
2014-12-17 08:00:00,40.56
2014-12-17 09:00:00,41.88
2014-12-17 10:00:00,42.29
2014-12-17 11:00:00,44.27
2014-12-17 12:00:00,46.5
2014-12-17 13:00:00,39.76
2014-12-17 14:00:00,42.37
2014-12-17 15:00:00,40.34
2014-12-17 16:00:00,42.48
2014-12-17 17:00:00,39.95
2014-12-17 18:00:00,41.14
2014-12-17 19:00:00,40.22
2014-12-17 20:00:00,40.4
2014-12-17 21:00:00,43.09
2014-12-17 22:00:00,12.29
2014-12-17 23:00:00,12.29
2014-12-18 00:00:00,15.68
2014-12-18 01:00:00,31.61
2014-12-18 02:00:00,34.64
2014-12-18 03:00:00,33.22
2014-12-18 04:00:00,33.08
2014-12-18 05:00:00,35.98
2014-12-18 06:00:00,37.62
2014-12-18 07:00:00,39.88
2014-12-18 08:00:00,38.88
2014-12-18 09:00:00,43.58
2014-12-18 10:00:00,44.65
2014-12-18 11:00:00,43.95
2014-12-18 12:00:00,44.7
2014-12-18 13:00:00,43.68
2014-12-18 14:00:00,44.23
2014-12-18 15:00:00,43.59
2014-12-18 16:00:00,42.78
2014-12-18 17:00:00,41.82
2014-12-18 18:00:00,41.91
2014-12-18 19:00:00,41.98
2014-12-18 20:00:00,45.4
2014-12-18 21:00:00,44.77
2014-12-18 22:00:00,40.84
2014-12-18 23:00:00,12.29
2014-12-19 00:00:00,14.77
2014-12-19 01:00:00,43.03
2014-12-19 02:00:00,38.78
2014-12-19 03:00:00,38.18
2014-12-19 04:00:00,34.49
2014-12-19 05:00:00,37.77
2014-12-19 06:00:00,38.75
2014-12-19 07:00:00,38.5
2014-12-19 08:00:00,36.58
2014-12-19 09:00:00,42.17
2014-12-19 10:00:00,42.74
2014-12-19 11:00:00,38.22
2014-12-19 12:00:00,44.05
2014-12-19 13:00:00,42.19
2014-12-19 14:00:00,44.84
2014-12-19 15:00:00,40.39
2014-12-19 16:00:00,42.16
2014-12-19 17:00:00,42.36
2014-12-19 18:00:00,42.54
2014-12-19 19:00:00,42.35
2014-12-19 20:00:00,42.34
2014-12-19 21:00:00,43.01
2014-12-19 22:00:00,40.84
2014-12-19 23:00:00,15.32
2014-12-20 00:00:00,15.35
2014-12-20 01:00:00,36.17
2014-12-20 02:00:00,38.74
2014-12-20 03:00:00,38.97
2014-12-20 04:00:00,35.93
2014-12-20 05:00:00,35.85
2014-12-20 06:00:00,42.04
2014-12-20 07:00:00,35.65
2014-12-20 08:00:00,49.32
2014-12-20 09:00:00,35.04
2014-12-20 10:00:00,40.02
2014-12-20 11:00:00,38.34
2014-12-20 12:00:00,45.13
2014-12-20 13:00:00,36.13
2014-12-20 14:00:00,46
2014-12-20 15:00:00,42.01
2014-12-20 16:00:00,40.44
2014-12-20 17:00:00,42.92
2014-12-20 18:00:00,43
2014-12-20 19:00:00,43.33
2014-12-20 20:00:00,41.35
2014-12-20 21:00:00,40.66
2014-12-20 22:00:00,41.45
2014-12-20 23:00:00,35.5
2014-12-21 00:00:00,35.89
2014-12-21 01:00:00,31.89
2014-12-21 02:00:00,31.57
2014-12-21 03:00:00,46.53
2014-12-21 04:00:00,43.5
2014-12-21 05:00:00,45.87
2014-12-21 06:00:00,35.05
2014-12-21 07:00:00,35.79
2014-12-21 08:00:00,39.25
2014-12-21 09:00:00,33.97
2014-12-21 10:00:00,35.14
2014-12-21 11:00:00,36.13
2014-12-21 12:00:00,38.52
2014-12-21 13:00:00,36.11
2014-12-21 14:00:00,43.86
2014-12-21 15:00:00,41.51
2014-12-21 16:00:00,42.2
2014-12-21 17:00:00,42.15
2014-12-21 18:00:00,41.95
2014-12-21 19:00:00,41.94
2014-12-21 20:00:00,42.38
2014-12-21 21:00:00,42.43
2014-12-21 22:00:00,41.33999999
2014-12-21 23:00:00,12.29
2014-12-22 00:00:00,15.14
2014-12-22 01:00:00,37.78
2014-12-22 02:00:00,35.25
2014-12-22 03:00:00,34.77
2014-12-22 04:00:00,35.3
2014-12-22 05:00:00,38.07
2014-12-22 06:00:00,33.45
2014-12-22 07:00:00,39.34
2014-12-22 08:00:00,42.52
2014-12-22 09:00:00,41.37
2014-12-22 10:00:00,40.33
2014-12-22 11:00:00,37.05
2014-12-22 12:00:00,40.84
2014-12-22 13:00:00,38.64
2014-12-22 14:00:00,38.45
2014-12-22 15:00:00,38.8
2014-12-22 16:00:00,38.38
2014-12-22 17:00:00,39.98
2014-12-22 18:00:00,37.04
2014-12-22 19:00:00,46.31
2014-12-22 20:00:00,43.97
2014-12-22 21:00:00,43.56
2014-12-22 22:00:00,39.36
2014-12-22 23:00:00,35.29
2014-12-23 00:00:00,15.56
2014-12-23 01:00:00,35.49
2014-12-23 02:00:00,34.08
2014-12-23 03:00:00,31.74
2014-12-23 04:00:00,35.1
2014-12-23 05:00:00,39.5
2014-12-23 06:00:00,42.86
2014-12-23 07:00:00,35.69
2014-12-23 08:00:00,41.04
2014-12-23 09:00:00,43.37
2014-12-23 10:00:00,39.89
2014-12-23 11:00:00,34.7
2014-12-23 12:00:00,35.26
2014-12-23 13:00:00,36.48
2014-12-23 14:00:00,36.93
2014-12-23 15:00:00,45.98
2014-12-23 16:00:00,42.22
2014-12-23 17:00:00,40.59
2014-12-23 18:00:00,39.32
2014-12-23 19:00:00,44.44
2014-12-23 20:00:00,42.95
2014-12-23 21:00:00,39.36
2014-12-23 22:00:00,12.29
2014-12-23 23:00:00,12.29
2014-12-24 00:00:00,16.22
2014-12-24 01:00:00,44.56
2014-12-24 02:00:00,34.95
2014-12-24 03:00:00,38.16
2014-12-24 04:00:00,37.21
2014-12-24 05:00:00,34.9
2014-12-24 06:00:00,40.51
2014-12-24 07:00:00,36.82
2014-12-24 08:00:00,38.82
2014-12-24 09:00:00,37.71
2014-12-24 10:00:00,37.4
2014-12-24 11:00:00,37.94
2014-12-24 12:00:00,37.41
2014-12-24 13:00:00,36.24
2014-12-24 14:00:00,36.34
2014-12-24 15:00:00,33.3
2014-12-24 16:00:00,11.28
2014-12-24 17:00:00,11.28
2014-12-24 18:00:00,14.99
2014-12-24 19:00:00,43.58
2014-12-24 20:00:00,42.11
2014-12-24 21:00:00,37.34
2014-12-24 22:00:00,11.28
2014-12-24 23:00:00,11.28
2014-12-25 00:00:00,15.58
2014-12-25 01:00:00,40.44
2014-12-25 02:00:00,35.47
2014-12-25 03:00:00,33.38
2014-12-25 04:00:00,33.66
2014-12-25 05:00:00,39.65
2014-12-25 06:00:00,43.64
2014-12-25 07:00:00,31.38
2014-12-25 08:00:00,40.22
2014-12-25 09:00:00,38.59
2014-12-25 10:00:00,38.47
2014-12-25 11:00:00,38.7
2014-12-25 12:00:00,36.76
2014-12-25 13:00:00,36.15
2014-12-25 14:00:00,36.13
2014-12-25 15:00:00,34.63
2014-12-25 16:00:00,11.28
2014-12-25 17:00:00,11.28
2014-12-25 18:00:00,11.28
2014-12-25 19:00:00,42.82
2014-12-25 20:00:00,38.25
2014-12-25 21:00:00,37.97
2014-12-25 22:00:00,40.3
2014-12-25 23:00:00,14.21
2014-12-26 00:00:00,14.5
2014-12-26 01:00:00,39.7
2014-12-26 02:00:00,33.44
2014-12-26 03:00:00,37.31
2014-12-26 04:00:00,36.93
2014-12-26 05:00:00,37.24
2014-12-26 06:00:00,43.4
2014-12-26 07:00:00,36.88
2014-12-26 08:00:00,39.84
2014-12-26 09:00:00,41.95
2014-12-26 10:00:00,39.12
2014-12-26 11:00:00,41.21
2014-12-26 12:00:00,37.76
2014-12-26 13:00:00,37.27
2014-12-26 14:00:00,37.29
2014-12-26 15:00:00,37.55
2014-12-26 16:00:00,11.28
2014-12-26 17:00:00,11.28
2014-12-26 18:00:00,11.28
2014-12-26 19:00:00,41.14
2014-12-26 20:00:00,44.51
2014-12-26 21:00:00,37.84
2014-12-26 22:00:00,36.35
2014-12-26 23:00:00,11.28
2014-12-27 00:00:00,11.28
2014-12-27 01:00:00,33.68
2014-12-27 02:00:00,30.5
2014-12-27 03:00:00,36.21
2014-12-27 04:00:00,34.66
2014-12-27 05:00:00,39.42
2014-12-27 06:00:00,41.59
2014-12-27 07:00:00,33.48
2014-12-27 08:00:00,40.65
2014-12-27 09:00:00,38.07
2014-12-27 10:00:00,38.33
2014-12-27 11:00:00,38.73
2014-12-27 12:00:00,37.52
2014-12-27 13:00:00,38.14
2014-12-27 14:00:00,38.97
2014-12-27 15:00:00,42.23
2014-12-27 16:00:00,43.03
2014-12-27 17:00:00,39.46
2014-12-27 18:00:00,37.84
2014-12-27 19:00:00,38.98
2014-12-27 20:00:00,38.68
2014-12-27 21:00:00,36.28
2014-12-27 22:00:00,11.28
2014-12-27 23:00:00,11.28
2014-12-28 00:00:00,13.91
2014-12-28 01:00:00,33.35
2014-12-28 02:00:00,32.99
2014-12-28 03:00:00,30.79
2014-12-28 04:00:00,30.65
2014-12-28 05:00:00,34.58
2014-12-28 06:00:00,40.88
2014-12-28 07:00:00,30.77
2014-12-28 08:00:00,36.07
2014-12-28 09:00:00,37.93
2014-12-28 10:00:00,35.45
2014-12-28 11:00:00,32.82
2014-12-28 12:00:00,34.93
2014-12-28 13:00:00,36.5
2014-12-28 14:00:00,39.86
2014-12-28 15:00:00,36.31
2014-12-28 16:00:00,42.18
2014-12-28 17:00:00,40.93
2014-12-28 18:00:00,40.3
2014-12-28 19:00:00,41.08
2014-12-28 20:00:00,41.96
2014-12-28 21:00:00,36.82
2014-12-28 22:00:00,38.58
2014-12-28 23:00:00,32.36
2014-12-29 00:00:00,33.43
2014-12-29 01:00:00,31.19
2014-12-29 02:00:00,39.13
2014-12-29 03:00:00,41.72
2014-12-29 04:00:00,39.45
2014-12-29 05:00:00,37.1
2014-12-29 06:00:00,38.23
2014-12-29 07:00:00,31.96
2014-12-29 08:00:00,41.03
2014-12-29 09:00:00,40.9
2014-12-29 10:00:00,42.16
2014-12-29 11:00:00,40.67
2014-12-29 12:00:00,38.12
2014-12-29 13:00:00,37.25
2014-12-29 14:00:00,11.28
2014-12-29 15:00:00,11.28
2014-12-29 16:00:00,38.47
2014-12-29 17:00:00,40.33
2014-12-29 18:00:00,38.89
2014-12-29 19:00:00,42.87
2014-12-29 20:00:00,38.76
2014-12-29 21:00:00,41.67
2014-12-29 22:00:00,38.92
2014-12-29 23:00:00,32.72
2014-12-30 00:00:00,11.28
2014-12-30 01:00:00,11.28
2014-12-30 02:00:00,11.28
2014-12-30 03:00:00,39.82
2014-12-30 04:00:00,35.48
2014-12-30 05:00:00,33.46
2014-12-30 06:00:00,41.44
2014-12-30 07:00:00,33.51
2014-12-30 08:00:00,37.11
2014-12-30 09:00:00,34.32
2014-12-30 10:00:00,38.59
2014-12-30 11:00:00,33.7
2014-12-30 12:00:00,37.03
2014-12-30 13:00:00,41.81
2014-12-30 14:00:00,36.98
2014-12-30 15:00:00,38.96
2014-12-30 16:00:00,39.15
2014-12-30 17:00:00,40.44
2014-12-30 18:00:00,38.83
2014-12-30 19:00:00,41.92
2014-12-30 20:00:00,39.5
2014-12-30 21:00:00,37.65
2014-12-30 22:00:00,38.48
2014-12-30 23:00:00,36.6
2014-12-31 00:00:00,14.42
2014-12-31 01:00:00,40.69
2014-12-31 02:00:00,31.43
2014-12-31 03:00:00,31.49
2014-12-31 04:00:00,39.83
2014-12-31 05:00:00,39.54
2014-12-31 06:00:00,39.17
2014-12-31 07:00:00,33.39
2014-12-31 08:00:00,41.46
2014-12-31 09:00:00,38.94
2014-12-31 10:00:00,38.47
2014-12-31 11:00:00,38.29
2014-12-31 12:00:00,39.74
2014-12-31 13:00:00,35.19
2014-12-31 14:00:00,39.78
2014-12-31 15:00:00,38.06
2014-12-31 16:00:00,40.67
2014-12-31 17:00:00,39.53
2014-12-31 18:00:00,37.31
2014-12-31 19:00:00,40.53
2014-12-31 20:00:00,39.24
2014-12-31 21:00:00,39.87
2014-12-31 22:00:00,43.11
2014-12-31 23:00:00,34.84
2015-01-01 00:00:00,14.44
2015-01-01 01:00:00,35.46
2015-01-01 02:00:00,35.46
2015-01-01 03:00:00,36.01
2015-01-01 04:00:00,36.03
2015-01-01 05:00:00,39.13
2015-01-01 06:00:00,35.27
2015-01-01 07:00:00,32.01
2015-01-01 08:00:00,36.88
2015-01-01 09:00:00,29.81
2015-01-01 10:00:00,37.68
2015-01-01 11:00:00,39.12
2015-01-01 12:00:00,30.77
2015-01-01 13:00:00,30.53
2015-01-01 14:00:00,29.19
2015-01-01 15:00:00,33.28
2015-01-01 16:00:00,40.39
2015-01-01 17:00:00,39.92
2015-01-01 18:00:00,38.09
2015-01-01 19:00:00,40.28
2015-01-01 20:00:00,40.27
2015-01-01 21:00:00,37.09
2015-01-01 22:00:00,11.28
2015-01-01 23:00:00,11.28
2015-01-02 00:00:00,13.45
2015-01-02 01:00:00,33.16
2015-01-02 02:00:00,34.45
2015-01-02 03:00:00,36.07
2015-01-02 04:00:00,38.16
2015-01-02 05:00:00,36.53
2015-01-02 06:00:00,37.47
2015-01-02 07:00:00,40.53
2015-01-02 08:00:00,43.02
2015-01-02 09:00:00,41.02
2015-01-02 10:00:00,42.75
2015-01-02 11:00:00,40.26
2015-01-02 12:00:00,40.36
2015-01-02 13:00:00,38.84
2015-01-02 14:00:00,40.63
2015-01-02 15:00:00,43.04
2015-01-02 16:00:00,41.41
2015-01-02 17:00:00,39.05
2015-01-02 18:00:00,14.69
2015-01-02 19:00:00,44.56
2015-01-02 20:00:00,41.99
2015-01-02 21:00:00,38.83
2015-01-02 22:00:00,38.58
2015-01-02 23:00:00,11.28
2015-01-03 00:00:00,15.13
2015-01-03 01:00:00,27.57
2015-01-03 02:00:00,34.96
2015-01-03 03:00:00,35.46
2015-01-03 04:00:00,37.32
2015-01-03 05:00:00,43.69
2015-01-03 06:00:00,43.57
2015-01-03 07:00:00,41.58
2015-01-03 08:00:00,43.93
2015-01-03 09:00:00,36.53
2015-01-03 10:00:00,37.13
2015-01-03 11:00:00,37.22
2015-01-03 12:00:00,36.34
2015-01-03 13:00:00,35.69
2015-01-03 14:00:00,36.11
2015-01-03 15:00:00,38.93
2015-01-03 16:00:00,41.12
2015-01-03 17:00:00,39.72
2015-01-03 18:00:00,36.79
2015-01-03 19:00:00,43.43
2015-01-03 20:00:00,40.71
2015-01-03 21:00:00,39.2
2015-01-03 22:00:00,11.28
2015-01-03 23:00:00,11.28
2015-01-04 00:00:00,14.3
2015-01-04 01:00:00,34.73
2015-01-04 02:00:00,33.33
2015-01-04 03:00:00,34.49
2015-01-04 04:00:00,33.07
2015-01-04 05:00:00,30.06
2015-01-04 06:00:00,39.62
2015-01-04 07:00:00,28.69
2015-01-04 08:00:00,38.63
2015-01-04 09:00:00,37.52
2015-01-04 10:00:00,40.07
2015-01-04 11:00:00,39.68
2015-01-04 12:00:00,37.53
2015-01-04 13:00:00,38.18
2015-01-04 14:00:00,41.95
2015-01-04 15:00:00,32.5
2015-01-04 16:00:00,11.28
2015-01-04 17:00:00,11.28
2015-01-04 18:00:00,11.28
2015-01-04 19:00:00,40.45
2015-01-04 20:00:00,38.66
2015-01-04 21:00:00,42.66
2015-01-04 22:00:00,38.49
2015-01-04 23:00:00,11.28
2015-01-05 00:00:00,14.22
2015-01-05 01:00:00,38.92
2015-01-05 02:00:00,38.4
2015-01-05 03:00:00,34.09
2015-01-05 04:00:00,31.25
2015-01-05 05:00:00,36.09
2015-01-05 06:00:00,42.47
2015-01-05 07:00:00,40.89
2015-01-05 08:00:00,42.96
2015-01-05 09:00:00,42.04
2015-01-05 10:00:00,43.95
2015-01-05 11:00:00,40.86
2015-01-05 12:00:00,42.95
2015-01-05 13:00:00,35.58
2015-01-05 14:00:00,42.33
2015-01-05 15:00:00,11.28
2015-01-05 16:00:00,11.28
2015-01-05 17:00:00,11.28
2015-01-05 18:00:00,11.28
2015-01-05 19:00:00,39.29
2015-01-05 20:00:00,39.46
2015-01-05 21:00:00,38.99
2015-01-05 22:00:00,37.67
2015-01-05 23:00:00,33.51
2015-01-06 00:00:00,11.28
2015-01-06 01:00:00,11.28
2015-01-06 02:00:00,11.28
2015-01-06 03:00:00,11.28
2015-01-06 04:00:00,13.88
2015-01-06 05:00:00,38.66
2015-01-06 06:00:00,39.9
2015-01-06 07:00:00,38.62
2015-01-06 08:00:00,43
2015-01-06 09:00:00,41.51
2015-01-06 10:00:00,37.25
2015-01-06 11:00:00,41.56
2015-01-06 12:00:00,40.62
2015-01-06 13:00:00,38.29
2015-01-06 14:00:00,39.97
2015-01-06 15:00:00,37.84
2015-01-06 16:00:00,41.46
2015-01-06 17:00:00,37.34
2015-01-06 18:00:00,36.87
2015-01-06 19:00:00,43.94
2015-01-06 20:00:00,37.1
2015-01-06 21:00:00,42.58
2015-01-06 22:00:00,43.57
2015-01-06 23:00:00,33.21
2015-01-07 00:00:00,14.65
2015-01-07 01:00:00,48.06
2015-01-07 02:00:00,38.71
2015-01-07 03:00:00,40.79
2015-01-07 04:00:00,40.52
2015-01-07 05:00:00,32.99
2015-01-07 06:00:00,48.36
2015-01-07 07:00:00,33.55
2015-01-07 08:00:00,36.42
2015-01-07 09:00:00,42.39
2015-01-07 10:00:00,42.48
2015-01-07 11:00:00,40.57
2015-01-07 12:00:00,45.18
2015-01-07 13:00:00,43.81
2015-01-07 14:00:00,42.52
2015-01-07 15:00:00,41.91
2015-01-07 16:00:00,39.11
2015-01-07 17:00:00,11.28
2015-01-07 18:00:00,11.28
2015-01-07 19:00:00,41.35
2015-01-07 20:00:00,39.75
2015-01-07 21:00:00,41.36
2015-01-07 22:00:00,38.51
2015-01-07 23:00:00,30.25
2015-01-08 00:00:00,14.16
2015-01-08 01:00:00,36.65
2015-01-08 02:00:00,33.41
2015-01-08 03:00:00,34.64
2015-01-08 04:00:00,47.79999999
2015-01-08 05:00:00,11.28
2015-01-08 06:00:00,11.28
2015-01-08 07:00:00,11.28
2015-01-08 08:00:00,11.28
2015-01-08 09:00:00,35.01
2015-01-08 10:00:00,39.06
2015-01-08 11:00:00,39.94
2015-01-08 12:00:00,40.04
2015-01-08 13:00:00,36.49
2015-01-08 14:00:00,38.28
2015-01-08 15:00:00,35.95
2015-01-08 16:00:00,40.08
2015-01-08 17:00:00,36.71
2015-01-08 18:00:00,33.21
2015-01-08 19:00:00,40.97
2015-01-08 20:00:00,39.85
2015-01-08 21:00:00,34.6
2015-01-08 22:00:00,34.68
2015-01-08 23:00:00,32.72
2015-01-09 00:00:00,34.4
2015-01-09 01:00:00,36.01
2015-01-09 02:00:00,38.6
2015-01-09 03:00:00,38.94
2015-01-09 04:00:00,33.66
2015-01-09 05:00:00,38.7
2015-01-09 06:00:00,42.58
2015-01-09 07:00:00,42.52
2015-01-09 08:00:00,40.26
2015-01-09 09:00:00,38.74
2015-01-09 10:00:00,38.92
2015-01-09 11:00:00,40.35
2015-01-09 12:00:00,41.84
2015-01-09 13:00:00,39.96
2015-01-09 14:00:00,43.04
2015-01-09 15:00:00,41.33
2015-01-09 16:00:00,38.37
2015-01-09 17:00:00,33.97
2015-01-09 18:00:00,40.29
2015-01-09 19:00:00,41.48
2015-01-09 20:00:00,39.61
2015-01-09 21:00:00,39.85
2015-01-09 22:00:00,35.17
2015-01-09 23:00:00,11.28
2015-01-10 00:00:00,13.13
2015-01-10 01:00:00,33.77
2015-01-10 02:00:00,34.8
2015-01-10 03:00:00,31.22
2015-01-10 04:00:00,32.79
2015-01-10 05:00:00,44.57
2015-01-10 06:00:00,40.45
2015-01-10 07:00:00,29.21
2015-01-10 08:00:00,42.81
2015-01-10 09:00:00,42.48
2015-01-10 10:00:00,40.9
2015-01-10 11:00:00,36.64
2015-01-10 12:00:00,39.31
2015-01-10 13:00:00,35.87
2015-01-10 14:00:00,39.37
2015-01-10 15:00:00,37.61
2015-01-10 16:00:00,39.85
2015-01-10 17:00:00,43.03
2015-01-10 18:00:00,14.07
2015-01-10 19:00:00,11.28
2015-01-10 20:00:00,11.28
2015-01-10 21:00:00,37.81
2015-01-10 22:00:00,41.15999999
2015-01-10 23:00:00,11.28
2015-01-11 00:00:00,14.33
2015-01-11 01:00:00,34.46
2015-01-11 02:00:00,36.59
2015-01-11 03:00:00,31.65
2015-01-11 04:00:00,34.53
2015-01-11 05:00:00,39.79
2015-01-11 06:00:00,38.58
2015-01-11 07:00:00,33.24
2015-01-11 08:00:00,43.98
2015-01-11 09:00:00,36.96
2015-01-11 10:00:00,33.75
2015-01-11 11:00:00,36.76
2015-01-11 12:00:00,36.06
2015-01-11 13:00:00,38.74
2015-01-11 14:00:00,35.35
2015-01-11 15:00:00,38.96
2015-01-11 16:00:00,11.28
2015-01-11 17:00:00,11.28
2015-01-11 18:00:00,14.59
2015-01-11 19:00:00,39.11
2015-01-11 20:00:00,31.83
2015-01-11 21:00:00,11.28
2015-01-11 22:00:00,11.28
2015-01-11 23:00:00,11.28
2015-01-12 00:00:00,11.28
2015-01-12 01:00:00,11.28
2015-01-12 02:00:00,11.28
2015-01-12 03:00:00,11.28
2015-01-12 04:00:00,11.28
2015-01-12 05:00:00,11.28
2015-01-12 06:00:00,11.28
2015-01-12 07:00:00,11.28000001
2015-01-12 08:00:00,44.22
2015-01-12 09:00:00,38.48
2015-01-12 10:00:00,40.66
2015-01-12 11:00:00,43.18
2015-01-12 12:00:00,42.93
2015-01-12 13:00:00,39.48
2015-01-12 14:00:00,40.25
2015-01-12 15:00:00,40.27
2015-01-12 16:00:00,37.56
2015-01-12 17:00:00,38.07
2015-01-12 18:00:00,33.37
2015-01-12 19:00:00,40.89
2015-01-12 20:00:00,42.61
2015-01-12 21:00:00,39.68
2015-01-12 22:00:00,38.16
2015-01-12 23:00:00,36.86
2015-01-13 00:00:00,14.08
2015-01-13 01:00:00,34.63
2015-01-13 02:00:00,35.63
2015-01-13 03:00:00,11.28
2015-01-13 04:00:00,11.28
2015-01-13 05:00:00,27.1
2015-01-13 06:00:00,39.24
2015-01-13 07:00:00,39.7
2015-01-13 08:00:00,42.47
2015-01-13 09:00:00,40.12
2015-01-13 10:00:00,37.93
2015-01-13 11:00:00,43.11
2015-01-13 12:00:00,42.61
2015-01-13 13:00:00,39.25
2015-01-13 14:00:00,40.44
2015-01-13 15:00:00,42.93
2015-01-13 16:00:00,39.26
2015-01-13 17:00:00,34.99
2015-01-13 18:00:00,30.98
2015-01-13 19:00:00,38.29
2015-01-13 20:00:00,39.12
2015-01-13 21:00:00,39.56
2015-01-13 22:00:00,38.93
2015-01-13 23:00:00,35.82
2015-01-14 00:00:00,19.25
2015-01-14 01:00:00,37.65
2015-01-14 02:00:00,37.87
2015-01-14 03:00:00,32.74
2015-01-14 04:00:00,40.52
2015-01-14 05:00:00,41.79
2015-01-14 06:00:00,11.28
2015-01-14 07:00:00,15.34
2015-01-14 08:00:00,40.42
2015-01-14 09:00:00,40.54
2015-01-14 10:00:00,39.7
2015-01-14 11:00:00,38.78
2015-01-14 12:00:00,35.96
2015-01-14 13:00:00,41.85
2015-01-14 14:00:00,44.75
2015-01-14 15:00:00,41.44
2015-01-14 16:00:00,38.83
2015-01-14 17:00:00,36.34
2015-01-14 18:00:00,34.37
2015-01-14 19:00:00,43.54
2015-01-14 20:00:00,37.61
2015-01-14 21:00:00,38.31
2015-01-14 22:00:00,35.92
2015-01-14 23:00:00,11.28
2015-01-15 00:00:00,13.9
2015-01-15 01:00:00,37.6
2015-01-15 02:00:00,36.91
2015-01-15 03:00:00,36.21
2015-01-15 04:00:00,33.94
2015-01-15 05:00:00,34.81
2015-01-15 06:00:00,40.05
2015-01-15 07:00:00,35.16
2015-01-15 08:00:00,36.09
2015-01-15 09:00:00,11.28
2015-01-15 10:00:00,16.24
2015-01-15 11:00:00,38.33
2015-01-15 12:00:00,40.81
2015-01-15 13:00:00,39.68
2015-01-15 14:00:00,40.11
2015-01-15 15:00:00,41.12
2015-01-15 16:00:00,40.89
2015-01-15 17:00:00,40.54
2015-01-15 18:00:00,38.62
2015-01-15 19:00:00,41.53
2015-01-15 20:00:00,39.31
2015-01-15 21:00:00,41.77
2015-01-15 22:00:00,37.01
2015-01-15 23:00:00,11.28
2015-01-16 00:00:00,14.26
2015-01-16 01:00:00,39.43
2015-01-16 02:00:00,39.27
2015-01-16 03:00:00,35.21
2015-01-16 04:00:00,11.28
2015-01-16 05:00:00,11.28
2015-01-16 06:00:00,11.28
2015-01-16 07:00:00,4.000000004
2015-01-16 08:00:00,26.6
2015-01-16 09:00:00,28.2
2015-01-16 10:00:00,28.2
2015-01-16 11:00:00,28.2
2015-01-16 12:00:00,28.6
2015-01-16 13:00:00,28.6
2015-01-16 14:00:00,28.6
2015-01-16 15:00:00,28.6
2015-01-16 16:00:00,28.6
2015-01-16 17:00:00,28.2
2015-01-16 18:00:00,28.2
2015-01-16 19:00:00,28.6
2015-01-16 20:00:00,28.6
2015-01-16 21:00:00,28.6
2015-01-16 22:00:00,28.6
2015-01-16 23:00:00,28.6
2015-01-17 00:00:00,35.52
2015-01-17 01:00:00,40.07
2015-01-17 02:00:00,41.1
2015-01-17 03:00:00,41.23
2015-01-17 04:00:00,39.65
2015-01-17 05:00:00,11.28
2015-01-17 06:00:00,13.49
2015-01-17 07:00:00,35.95
2015-01-17 08:00:00,38.26
2015-01-17 09:00:00,39.42
2015-01-17 10:00:00,34.7
2015-01-17 11:00:00,32.52
2015-01-17 12:00:00,35.24
2015-01-17 13:00:00,35.5
2015-01-17 14:00:00,44.84
2015-01-17 15:00:00,40.38
2015-01-17 16:00:00,41.72
2015-01-17 17:00:00,39.58
2015-01-17 18:00:00,36.12
2015-01-17 19:00:00,37.64
2015-01-17 20:00:00,38.94
2015-01-17 21:00:00,37.36
2015-01-17 22:00:00,39.91999999
2015-01-17 23:00:00,11.28
2015-01-18 00:00:00,14.35
2015-01-18 01:00:00,37.07
2015-01-18 02:00:00,34
2015-01-18 03:00:00,36.86
2015-01-18 04:00:00,30.63
2015-01-18 05:00:00,34.26
2015-01-18 06:00:00,39.35
2015-01-18 07:00:00,36.65
2015-01-18 08:00:00,40.05
2015-01-18 09:00:00,33.91
2015-01-18 10:00:00,36.04
2015-01-18 11:00:00,37.94
2015-01-18 12:00:00,35.63
2015-01-18 13:00:00,35.64
2015-01-18 14:00:00,39.48
2015-01-18 15:00:00,36.4
2015-01-18 16:00:00,40.4
2015-01-18 17:00:00,41.68
2015-01-18 18:00:00,31.62
2015-01-18 19:00:00,42.81
2015-01-18 20:00:00,40.65
2015-01-18 21:00:00,35.93
2015-01-18 22:00:00,33.6
2015-01-18 23:00:00,9.84
2015-01-19 00:00:00,13
2015-01-19 01:00:00,45.17
2015-01-19 02:00:00,38.45
2015-01-19 03:00:00,34.21
2015-01-19 04:00:00,35.99
2015-01-19 05:00:00,9.84
2015-01-19 06:00:00,9.84
2015-01-19 07:00:00,12.58
2015-01-19 08:00:00,35.43
2015-01-19 09:00:00,41.25
2015-01-19 10:00:00,38.11
2015-01-19 11:00:00,39.86
2015-01-19 12:00:00,36.33
2015-01-19 13:00:00,38.32
2015-01-19 14:00:00,39.51
2015-01-19 15:00:00,43.94
2015-01-19 16:00:00,39.37
2015-01-19 17:00:00,35.71
2015-01-19 18:00:00,39.7
2015-01-19 19:00:00,40.04
2015-01-19 20:00:00,39.96
2015-01-19 21:00:00,37.33
2015-01-19 22:00:00,38.25
2015-01-19 23:00:00,24.12
2015-01-20 00:00:00,9.84
2015-01-20 01:00:00,9.84
2015-01-20 02:00:00,9.84
2015-01-20 03:00:00,9.84
2015-01-20 04:00:00,9.840000001
2015-01-20 05:00:00,14.11
2015-01-20 06:00:00,40.6
2015-01-20 07:00:00,34.73
2015-01-20 08:00:00,33.34
2015-01-20 09:00:00,37.82
2015-01-20 10:00:00,37.8
2015-01-20 11:00:00,38.35
2015-01-20 12:00:00,38.3
2015-01-20 13:00:00,32.04
2015-01-20 14:00:00,36.85
2015-01-20 15:00:00,40.15
2015-01-20 16:00:00,41.67
2015-01-20 17:00:00,36.06
2015-01-20 18:00:00,41.45
2015-01-20 19:00:00,39.09
2015-01-20 20:00:00,37.55
2015-01-20 21:00:00,34.58
2015-01-20 22:00:00,37.59
2015-01-20 23:00:00,26.36
2015-01-21 00:00:00,12.65
2015-01-21 01:00:00,33.52
2015-01-21 02:00:00,39.33
2015-01-21 03:00:00,33.19
2015-01-21 04:00:00,35.16
2015-01-21 05:00:00,43.34
2015-01-21 06:00:00,40.26
2015-01-21 07:00:00,26.75
2015-01-21 08:00:00,28.73
2015-01-21 09:00:00,28.24
2015-01-21 10:00:00,26.75
2015-01-21 11:00:00,27.25
2015-01-21 12:00:00,27.26
2015-01-21 13:00:00,27.26
2015-01-21 14:00:00,27.26
2015-01-21 15:00:00,27.26
2015-01-21 16:00:00,27.26
2015-01-21 17:00:00,26.76
2015-01-21 18:00:00,26.76
2015-01-21 19:00:00,27.26
2015-01-21 20:00:00,29.37
2015-01-21 21:00:00,16.36
2015-01-21 22:00:00,0
2015-01-21 23:00:00,0
2015-01-22 00:00:00,9.84
2015-01-22 01:00:00,9.84
2015-01-22 02:00:00,9.84
2015-01-22 03:00:00,12.58
2015-01-22 04:00:00,39.31
2015-01-22 05:00:00,34.78
2015-01-22 06:00:00,42.67
2015-01-22 07:00:00,30.53
2015-01-22 08:00:00,30.09
2015-01-22 09:00:00,31
2015-01-22 10:00:00,31.76
2015-01-22 11:00:00,31.76
2015-01-22 12:00:00,31.76
2015-01-22 13:00:00,31.76
2015-01-22 14:00:00,31.77
2015-01-22 15:00:00,31.77
2015-01-22 16:00:00,31.77
2015-01-22 17:00:00,31.77
2015-01-22 18:00:00,31.77
2015-01-22 19:00:00,31.77
2015-01-22 20:00:00,31.77
2015-01-22 21:00:00,31.01
2015-01-22 22:00:00,28.25
2015-01-22 23:00:00,13.73
2015-01-23 00:00:00,13.58
2015-01-23 01:00:00,9.84
2015-01-23 02:00:00,9.84
2015-01-23 03:00:00,9.84
2015-01-23 04:00:00,9.840000005
2015-01-23 05:00:00,38.44
2015-01-23 06:00:00,34.13
2015-01-23 07:00:00,32.89
2015-01-23 08:00:00,36.37
2015-01-23 09:00:00,39.02
2015-01-23 10:00:00,40.86
2015-01-23 11:00:00,36.69
2015-01-23 12:00:00,37.99
2015-01-23 13:00:00,39.04
2015-01-23 14:00:00,37.3
2015-01-23 15:00:00,40.59
2015-01-23 16:00:00,36.74
2015-01-23 17:00:00,34.68
2015-01-23 18:00:00,34.74
2015-01-23 19:00:00,37.89
2015-01-23 20:00:00,38.72
2015-01-23 21:00:00,36.06
2015-01-23 22:00:00,38.33
2015-01-23 23:00:00,31.15
2015-01-24 00:00:00,9.84
2015-01-24 01:00:00,9.84
2015-01-24 02:00:00,9.84
2015-01-24 03:00:00,9.84
2015-01-24 04:00:00,9.84
2015-01-24 05:00:00,11.87
2015-01-24 06:00:00,47.01
2015-01-24 07:00:00,38.3
2015-01-24 08:00:00,40.25
2015-01-24 09:00:00,38.32
2015-01-24 10:00:00,35.64
2015-01-24 11:00:00,30.71
2015-01-24 12:00:00,34.66
2015-01-24 13:00:00,35.64
2015-01-24 14:00:00,37.51
2015-01-24 15:00:00,34.79
2015-01-24 16:00:00,37.49
2015-01-24 17:00:00,39.18
2015-01-24 18:00:00,34.29
2015-01-24 19:00:00,41.19
2015-01-24 20:00:00,37.92
2015-01-24 21:00:00,35
2015-01-24 22:00:00,35.42
2015-01-24 23:00:00,13.27
2015-01-25 00:00:00,12.8
2015-01-25 01:00:00,30.35
2015-01-25 02:00:00,32.45
2015-01-25 03:00:00,32.81
2015-01-25 04:00:00,35.44
2015-01-25 05:00:00,35.81
2015-01-25 06:00:00,35.86
2015-01-25 07:00:00,32.55
2015-01-25 08:00:00,39.41
2015-01-25 09:00:00,43.74
2015-01-25 10:00:00,37.83
2015-01-25 11:00:00,35.68
2015-01-25 12:00:00,39.32
2015-01-25 13:00:00,32.59
2015-01-25 14:00:00,35.94
2015-01-25 15:00:00,34.5
2015-01-25 16:00:00,9.84
2015-01-25 17:00:00,9.84
2015-01-25 18:00:00,21.22
2015-01-25 19:00:00,39.31
2015-01-25 20:00:00,36.71
2015-01-25 21:00:00,36.67
2015-01-25 22:00:00,37.4
2015-01-25 23:00:00,32.95
2015-01-26 00:00:00,32.2
2015-01-26 01:00:00,37.02
2015-01-26 02:00:00,33.15
2015-01-26 03:00:00,38.1
2015-01-26 04:00:00,41.05
2015-01-26 05:00:00,35.91
2015-01-26 06:00:00,9.84
2015-01-26 07:00:00,9.84
2015-01-26 08:00:00,11.81
2015-01-26 09:00:00,35.28
2015-01-26 10:00:00,37.28
2015-01-26 11:00:00,39.96
2015-01-26 12:00:00,40.78
2015-01-26 13:00:00,37.77
2015-01-26 14:00:00,40.13
2015-01-26 15:00:00,40.41
2015-01-26 16:00:00,38.98
2015-01-26 17:00:00,34.92
2015-01-26 18:00:00,33.38
2015-01-26 19:00:00,38.58
2015-01-26 20:00:00,39.63
2015-01-26 21:00:00,37.61
2015-01-26 22:00:00,37.83
2015-01-26 23:00:00,30.63
2015-01-27 00:00:00,12.57
2015-01-27 01:00:00,33.78
2015-01-27 02:00:00,42.15
2015-01-27 03:00:00,36.95
2015-01-27 04:00:00,33.83
2015-01-27 05:00:00,41.88
2015-01-27 06:00:00,43.15
2015-01-27 07:00:00,41.75
2015-01-27 08:00:00,38.64
2015-01-27 09:00:00,34.25
2015-01-27 10:00:00,35.66
2015-01-27 11:00:00,38.34
2015-01-27 12:00:00,39.66
2015-01-27 13:00:00,38.58
2015-01-27 14:00:00,39.22
2015-01-27 15:00:00,43.38
2015-01-27 16:00:00,37.92
2015-01-27 17:00:00,33.91
2015-01-27 18:00:00,34.9
2015-01-27 19:00:00,36.73
2015-01-27 20:00:00,36.66
2015-01-27 21:00:00,22.88
2015-01-27 22:00:00,9.84
2015-01-27 23:00:00,9.84
2015-01-28 00:00:00,13.13
2015-01-28 01:00:00,40.61
2015-01-28 02:00:00,42.85
2015-01-28 03:00:00,39.02
2015-01-28 04:00:00,33.59
2015-01-28 05:00:00,34.32
2015-01-28 06:00:00,41.2
2015-01-28 07:00:00,32.32
2015-01-28 08:00:00,38.32
2015-01-28 09:00:00,36.57
2015-01-28 10:00:00,33.44
2015-01-28 11:00:00,37
2015-01-28 12:00:00,38.85
2015-01-28 13:00:00,35.75
2015-01-28 14:00:00,38.45
2015-01-28 15:00:00,36.12
2015-01-28 16:00:00,36.36
2015-01-28 17:00:00,32.67
2015-01-28 18:00:00,30.65
2015-01-28 19:00:00,35.55
2015-01-28 20:00:00,39.09
2015-01-28 21:00:00,33.52
2015-01-28 22:00:00,35.02
2015-01-28 23:00:00,26.96
2015-01-29 00:00:00,11.21
2015-01-29 01:00:00,35.53
2015-01-29 02:00:00,33.53
2015-01-29 03:00:00,36.97
2015-01-29 04:00:00,36.52
2015-01-29 05:00:00,37.37
2015-01-29 06:00:00,41.63
2015-01-29 07:00:00,35.18
2015-01-29 08:00:00,42.68
2015-01-29 09:00:00,33.71
2015-01-29 10:00:00,37.3
2015-01-29 11:00:00,39.89
2015-01-29 12:00:00,41.55
2015-01-29 13:00:00,36.93
2015-01-29 14:00:00,40.8
2015-01-29 15:00:00,37.82
2015-01-29 16:00:00,38.89
2015-01-29 17:00:00,36.15
2015-01-29 18:00:00,38.06
2015-01-29 19:00:00,39.44
2015-01-29 20:00:00,35.4
2015-01-29 21:00:00,33.6
2015-01-29 22:00:00,9.84
2015-01-29 23:00:00,9.84
2015-01-30 00:00:00,12.69
2015-01-30 01:00:00,41.08
2015-01-30 02:00:00,39.29
2015-01-30 03:00:00,36.73
2015-01-30 04:00:00,38.42
2015-01-30 05:00:00,36.38
2015-01-30 06:00:00,38.03
2015-01-30 07:00:00,35.19
2015-01-30 08:00:00,36.81
2015-01-30 09:00:00,37.2
2015-01-30 10:00:00,41.64
2015-01-30 11:00:00,35.82
2015-01-30 12:00:00,37.1
2015-01-30 13:00:00,29.2
2015-01-30 14:00:00,34.99
2015-01-30 15:00:00,32.15
2015-01-30 16:00:00,34.79
2015-01-30 17:00:00,34.61
2015-01-30 18:00:00,35.77
2015-01-30 19:00:00,35.87
2015-01-30 20:00:00,37.88
2015-01-30 21:00:00,35.7
2015-01-30 22:00:00,16.94
2015-01-30 23:00:00,9.84
2015-01-31 00:00:00,12.84
2015-01-31 01:00:00,41.69
2015-01-31 02:00:00,37.6
2015-01-31 03:00:00,36.36
2015-01-31 04:00:00,36.68
2015-01-31 05:00:00,31.51
2015-01-31 06:00:00,33.03
2015-01-31 07:00:00,38.21
2015-01-31 08:00:00,36.22
2015-01-31 09:00:00,38.07
2015-01-31 10:00:00,35.02
2015-01-31 11:00:00,34.27
2015-01-31 12:00:00,37.63
2015-01-31 13:00:00,34.74
2015-01-31 14:00:00,45.32
2015-01-31 15:00:00,41.72
2015-01-31 16:00:00,36.47
2015-01-31 17:00:00,37.09
2015-01-31 18:00:00,32.97
2015-01-31 19:00:00,44.29
2015-01-31 20:00:00,42.43
2015-01-31 21:00:00,38.11
2015-01-31 22:00:00,11.49
2015-01-31 23:00:00,9.84
2015-02-01 00:00:00,13
2015-02-01 01:00:00,33.87
2015-02-01 02:00:00,31.69
2015-02-01 03:00:00,29.99
2015-02-01 04:00:00,28.69
2015-02-01 05:00:00,28.32
2015-02-01 06:00:00,40.51
2015-02-01 07:00:00,36.43
2015-02-01 08:00:00,33.47
2015-02-01 09:00:00,9.84
2015-02-01 10:00:00,9.84
2015-02-01 11:00:00,9.84
2015-02-01 12:00:00,9.84
2015-02-01 13:00:00,9.84
2015-02-01 14:00:00,9.84
2015-02-01 15:00:00,9.84
2015-02-01 16:00:00,9.84
2015-02-01 17:00:00,9.84
2015-02-01 18:00:00,9.84
2015-02-01 19:00:00,9.84
2015-02-01 20:00:00,9.84
2015-02-01 21:00:00,9.84
2015-02-01 22:00:00,9.84
2015-02-01 23:00:00,9.84
2015-02-02 00:00:00,14.57
2015-02-02 01:00:00,33.15
2015-02-02 02:00:00,33.32
2015-02-02 03:00:00,30.88
2015-02-02 04:00:00,31.29
2015-02-02 05:00:00,38.57
2015-02-02 06:00:00,39.75
2015-02-02 07:00:00,42.18
2015-02-02 08:00:00,35.58
2015-02-02 09:00:00,37.74
2015-02-02 10:00:00,37.18
2015-02-02 11:00:00,36.33
2015-02-02 12:00:00,40.54
2015-02-02 13:00:00,42
2015-02-02 14:00:00,40.36
2015-02-02 15:00:00,37.09
2015-02-02 16:00:00,39.86
2015-02-02 17:00:00,35.8
2015-02-02 18:00:00,36.14
2015-02-02 19:00:00,38.62
2015-02-02 20:00:00,36.27
2015-02-02 21:00:00,38.01
2015-02-02 22:00:00,37.47
2015-02-02 23:00:00,34.86
2015-02-03 00:00:00,37.89
2015-02-03 01:00:00,34.87
2015-02-03 02:00:00,35.07
2015-02-03 03:00:00,36.85
2015-02-03 04:00:00,33.42
2015-02-03 05:00:00,36.16
2015-02-03 06:00:00,39.92
2015-02-03 07:00:00,39.73
2015-02-03 08:00:00,39.14
2015-02-03 09:00:00,43.28
2015-02-03 10:00:00,44.66
2015-02-03 11:00:00,42.84
2015-02-03 12:00:00,37.73
2015-02-03 13:00:00,35.84
2015-02-03 14:00:00,38.88
2015-02-03 15:00:00,34.5
2015-02-03 16:00:00,40.05
2015-02-03 17:00:00,42.97
2015-02-03 18:00:00,37.88
2015-02-03 19:00:00,41.32
2015-02-03 20:00:00,34.69
2015-02-03 21:00:00,39.68
2015-02-03 22:00:00,41.48999999
2015-02-03 23:00:00,9.84
2015-02-04 00:00:00,12.1
2015-02-04 01:00:00,36.22
2015-02-04 02:00:00,37.3
2015-02-04 03:00:00,39.22
2015-02-04 04:00:00,37.91
2015-02-04 05:00:00,34.21
2015-02-04 06:00:00,45.44
2015-02-04 07:00:00,28.56
2015-02-04 08:00:00,30.78
2015-02-04 09:00:00,36.21
2015-02-04 10:00:00,37.34
2015-02-04 11:00:00,37.96
2015-02-04 12:00:00,42.05
2015-02-04 13:00:00,37.8
2015-02-04 14:00:00,40.72
2015-02-04 15:00:00,41.25
2015-02-04 16:00:00,41.51
2015-02-04 17:00:00,41.74
2015-02-04 18:00:00,36.16
2015-02-04 19:00:00,42.4
2015-02-04 20:00:00,39.7
2015-02-04 21:00:00,35.44
2015-02-04 22:00:00,38.67999999
2015-02-04 23:00:00,9.84
2015-02-05 00:00:00,9.84
2015-02-05 01:00:00,34.35
2015-02-05 02:00:00,36.41
2015-02-05 03:00:00,33.68
2015-02-05 04:00:00,30.81
2015-02-05 05:00:00,34.35
2015-02-05 06:00:00,41.81
2015-02-05 07:00:00,36.76
2015-02-05 08:00:00,39.11
2015-02-05 09:00:00,42.61
2015-02-05 10:00:00,43.17
2015-02-05 11:00:00,44.66
2015-02-05 12:00:00,46.77
2015-02-05 13:00:00,36.77
2015-02-05 14:00:00,34.3
2015-02-05 15:00:00,34.74
2015-02-05 16:00:00,40.13
2015-02-05 17:00:00,35.34
2015-02-05 18:00:00,36.03
2015-02-05 19:00:00,37.23
2015-02-05 20:00:00,32.95
2015-02-05 21:00:00,35.96
2015-02-05 22:00:00,36.97
2015-02-05 23:00:00,25.62
2015-02-06 00:00:00,9.84
2015-02-06 01:00:00,9.840000001
2015-02-06 02:00:00,13.13
2015-02-06 03:00:00,40.58
2015-02-06 04:00:00,40.17
2015-02-06 05:00:00,40.72
2015-02-06 06:00:00,40.8
2015-02-06 07:00:00,36.52
2015-02-06 08:00:00,38.85
2015-02-06 09:00:00,40.83
2015-02-06 10:00:00,39.21
2015-02-06 11:00:00,40.3
2015-02-06 12:00:00,43.02
2015-02-06 13:00:00,37.9
2015-02-06 14:00:00,40.48
2015-02-06 15:00:00,37.47
2015-02-06 16:00:00,39.68
2015-02-06 17:00:00,38.63
2015-02-06 18:00:00,38.38
2015-02-06 19:00:00,42.64
2015-02-06 20:00:00,40.65
2015-02-06 21:00:00,41.94
2015-02-06 22:00:00,41.13
2015-02-06 23:00:00,39.68
2015-02-07 00:00:00,16.39
2015-02-07 01:00:00,31.49
2015-02-07 02:00:00,34.96
2015-02-07 03:00:00,39.79
2015-02-07 04:00:00,41.48
2015-02-07 05:00:00,35.9
2015-02-07 06:00:00,36.22
2015-02-07 07:00:00,41.39
2015-02-07 08:00:00,42.49
2015-02-07 09:00:00,39.78
2015-02-07 10:00:00,36.92
2015-02-07 11:00:00,36.99
2015-02-07 12:00:00,38.59
2015-02-07 13:00:00,35.5
2015-02-07 14:00:00,40.86
2015-02-07 15:00:00,36.61
2015-02-07 16:00:00,37.06
2015-02-07 17:00:00,9.84
2015-02-07 18:00:00,19.87
2015-02-07 19:00:00,40.78
2015-02-07 20:00:00,38.42
2015-02-07 21:00:00,37.86
2015-02-07 22:00:00,35.4
2015-02-07 23:00:00,34.05
2015-02-08 00:00:00,11.09
2015-02-08 01:00:00,34.42
2015-02-08 02:00:00,34.24
2015-02-08 03:00:00,33.09
2015-02-08 04:00:00,39.22
2015-02-08 05:00:00,39.97
2015-02-08 06:00:00,37.78
2015-02-08 07:00:00,29.84
2015-02-08 08:00:00,34.28
2015-02-08 09:00:00,35.47
2015-02-08 10:00:00,34.71
2015-02-08 11:00:00,32.64
2015-02-08 12:00:00,36
2015-02-08 13:00:00,37.05
2015-02-08 14:00:00,38.37
2015-02-08 15:00:00,36.43
2015-02-08 16:00:00,8.71
2015-02-08 17:00:00,8.71
2015-02-08 18:00:00,8.71
2015-02-08 19:00:00,8.71
2015-02-08 20:00:00,8.71
2015-02-08 21:00:00,8.71
2015-02-08 22:00:00,8.71
2015-02-08 23:00:00,8.71
2015-02-09 00:00:00,11.58
2015-02-09 01:00:00,33.63
2015-02-09 02:00:00,35.08
2015-02-09 03:00:00,33.01
2015-02-09 04:00:00,35.17
2015-02-09 05:00:00,36.28
2015-02-09 06:00:00,34.67
2015-02-09 07:00:00,33.65
2015-02-09 08:00:00,37.02
2015-02-09 09:00:00,33.87
2015-02-09 10:00:00,39.21
2015-02-09 11:00:00,38.88
2015-02-09 12:00:00,33.58
2015-02-09 13:00:00,8.71
2015-02-09 14:00:00,8.71
2015-02-09 15:00:00,8.71
2015-02-09 16:00:00,36.05
2015-02-09 17:00:00,35.57
2015-02-09 18:00:00,35.32
2015-02-09 19:00:00,37.3
2015-02-09 20:00:00,35.12
2015-02-09 21:00:00,33.82
2015-02-09 22:00:00,8.71
2015-02-09 23:00:00,8.71
2015-02-10 00:00:00,8.71
2015-02-10 01:00:00,8.71
2015-02-10 02:00:00,8.71
2015-02-10 03:00:00,8.71
2015-02-10 04:00:00,8.71
2015-02-10 05:00:00,8.71
2015-02-10 06:00:00,18.88
2015-02-10 07:00:00,37.9
2015-02-10 08:00:00,40.42
2015-02-10 09:00:00,38.82
2015-02-10 10:00:00,38.72
2015-02-10 11:00:00,38.32
2015-02-10 12:00:00,39.31
2015-02-10 13:00:00,39.67
2015-02-10 14:00:00,37.33
2015-02-10 15:00:00,34.77
2015-02-10 16:00:00,37.75
2015-02-10 17:00:00,37.95
2015-02-10 18:00:00,35.68
2015-02-10 19:00:00,42.37
2015-02-10 20:00:00,38.05
2015-02-10 21:00:00,38.86
2015-02-10 22:00:00,37.32
2015-02-10 23:00:00,36.96
2015-02-11 00:00:00,13.63
2015-02-11 01:00:00,36.03
2015-02-11 02:00:00,33.1
2015-02-11 03:00:00,35.46
2015-02-11 04:00:00,40.81
2015-02-11 05:00:00,40.89
2015-02-11 06:00:00,40.95
2015-02-11 07:00:00,37.32
2015-02-11 08:00:00,38.75
2015-02-11 09:00:00,34.28
2015-02-11 10:00:00,36.85
2015-02-11 11:00:00,37.91
2015-02-11 12:00:00,38.49
2015-02-11 13:00:00,36.07
2015-02-11 14:00:00,38.09
2015-02-11 15:00:00,36.28
2015-02-11 16:00:00,36.96
2015-02-11 17:00:00,37.88
2015-02-11 18:00:00,38.25
2015-02-11 19:00:00,41.86
2015-02-11 20:00:00,37.03
2015-02-11 21:00:00,10.58
2015-02-11 22:00:00,8.71
2015-02-11 23:00:00,8.71
2015-02-12 00:00:00,11.39
2015-02-12 01:00:00,32.41
2015-02-12 02:00:00,31.41
2015-02-12 03:00:00,31.91
2015-02-12 04:00:00,33.75
2015-02-12 05:00:00,34.73
2015-02-12 06:00:00,39.1
2015-02-12 07:00:00,28.61
2015-02-12 08:00:00,30.04
2015-02-12 09:00:00,25.57
2015-02-12 10:00:00,28.14
2015-02-12 11:00:00,29.2
2015-02-12 12:00:00,29.78
2015-02-12 13:00:00,27.36
2015-02-12 14:00:00,29.38
2015-02-12 15:00:00,27.57
2015-02-12 16:00:00,28.25
2015-02-12 17:00:00,29.17
2015-02-12 18:00:00,5.96
2015-02-12 19:00:00,33.15
2015-02-12 20:00:00,28.32
2015-02-12 21:00:00,26.8
2015-02-12 22:00:00,0
2015-02-12 23:00:00,0
2015-02-13 00:00:00,11.7
2015-02-13 01:00:00,34.71
2015-02-13 02:00:00,34.27
2015-02-13 03:00:00,30.07
2015-02-13 04:00:00,32.3
2015-02-13 05:00:00,33.26
2015-02-13 06:00:00,42.29
2015-02-13 07:00:00,33.63
2015-02-13 08:00:00,38.9
2015-02-13 09:00:00,36.56
2015-02-13 10:00:00,36.92
2015-02-13 11:00:00,37.76
2015-02-13 12:00:00,32.72
2015-02-13 13:00:00,36.76
2015-02-13 14:00:00,36.31
2015-02-13 15:00:00,33.91
2015-02-13 16:00:00,36.71
2015-02-13 17:00:00,33.72
2015-02-13 18:00:00,30.2
2015-02-13 19:00:00,41.02
2015-02-13 20:00:00,42.64
2015-02-13 21:00:00,21.05
2015-02-13 22:00:00,8.71
2015-02-13 23:00:00,8.71
2015-02-14 00:00:00,9.95
2015-02-14 01:00:00,31.47
2015-02-14 02:00:00,33.56
2015-02-14 03:00:00,34.55
2015-02-14 04:00:00,38.66
2015-02-14 05:00:00,35.72
2015-02-14 06:00:00,33.82
2015-02-14 07:00:00,39.44
2015-02-14 08:00:00,37.32
2015-02-14 09:00:00,41.49
2015-02-14 10:00:00,35.04
2015-02-14 11:00:00,34.98
2015-02-14 12:00:00,34.06
2015-02-14 13:00:00,34.09
2015-02-14 14:00:00,30.34
2015-02-14 15:00:00,37.18
2015-02-14 16:00:00,30.32
2015-02-14 17:00:00,35.97
2015-02-14 18:00:00,36.51
2015-02-14 19:00:00,37.05
2015-02-14 20:00:00,36.72
2015-02-14 21:00:00,36.33
2015-02-14 22:00:00,35.93
2015-02-14 23:00:00,8.71
2015-02-15 00:00:00,10.69
2015-02-15 01:00:00,30.59
2015-02-15 02:00:00,31.17
2015-02-15 03:00:00,31.25
2015-02-15 04:00:00,34.07
2015-02-15 05:00:00,37.1
2015-02-15 06:00:00,32.08
2015-02-15 07:00:00,30.26
2015-02-15 08:00:00,34.16
2015-02-15 09:00:00,47.38
2015-02-15 10:00:00,37.76
2015-02-15 11:00:00,36.25
2015-02-15 12:00:00,32.25
2015-02-15 13:00:00,33.32
2015-02-15 14:00:00,36.71
2015-02-15 15:00:00,35.07
2015-02-15 16:00:00,33.84
2015-02-15 17:00:00,8.71
2015-02-15 18:00:00,11.84
2015-02-15 19:00:00,39.4
2015-02-15 20:00:00,35.94
2015-02-15 21:00:00,8.71
2015-02-15 22:00:00,8.71
2015-02-15 23:00:00,8.71
2015-02-16 00:00:00,8.71
2015-02-16 01:00:00,8.710000001
2015-02-16 02:00:00,12
2015-02-16 03:00:00,33.06
2015-02-16 04:00:00,27.29
2015-02-16 05:00:00,31.85
2015-02-16 06:00:00,42.94
2015-02-16 07:00:00,33.88
2015-02-16 08:00:00,35.43
2015-02-16 09:00:00,32.84
2015-02-16 10:00:00,36.48
2015-02-16 11:00:00,34.09
2015-02-16 12:00:00,40.4
2015-02-16 13:00:00,35.43
2015-02-16 14:00:00,38.09
2015-02-16 15:00:00,38.38
2015-02-16 16:00:00,35.07
2015-02-16 17:00:00,35.32
2015-02-16 18:00:00,32.67
2015-02-16 19:00:00,36.98
2015-02-16 20:00:00,39.63
2015-02-16 21:00:00,37.35
2015-02-16 22:00:00,36.46
2015-02-16 23:00:00,36.37
2015-02-17 00:00:00,12.04
2015-02-17 01:00:00,33.92
2015-02-17 02:00:00,34.39
2015-02-17 03:00:00,33.17
2015-02-17 04:00:00,36.07
2015-02-17 05:00:00,35.13
2015-02-17 06:00:00,42.23
2015-02-17 07:00:00,32.5
2015-02-17 08:00:00,35.7
2015-02-17 09:00:00,38.35
2015-02-17 10:00:00,38.94
2015-02-17 11:00:00,39.98
2015-02-17 12:00:00,41.03
2015-02-17 13:00:00,35.69
2015-02-17 14:00:00,37.37
2015-02-17 15:00:00,34.41
2015-02-17 16:00:00,36.33
2015-02-17 17:00:00,33.75
2015-02-17 18:00:00,34.36
2015-02-17 19:00:00,36.43
2015-02-17 20:00:00,39.01
2015-02-17 21:00:00,37.75
2015-02-17 22:00:00,35.92
2015-02-17 23:00:00,8.71
2015-02-18 00:00:00,11.31
2015-02-18 01:00:00,43.05
2015-02-18 02:00:00,43.14
2015-02-18 03:00:00,31.24
2015-02-18 04:00:00,35.7
2015-02-18 05:00:00,33.07
2015-02-18 06:00:00,40.01
2015-02-18 07:00:00,36.1
2015-02-18 08:00:00,39.9
2015-02-18 09:00:00,41.18
2015-02-18 10:00:00,39.85
2015-02-18 11:00:00,36.85
2015-02-18 12:00:00,34.07
2015-02-18 13:00:00,32.98
2015-02-18 14:00:00,37.79
2015-02-18 15:00:00,37.09
2015-02-18 16:00:00,34.02
2015-02-18 17:00:00,31.44
2015-02-18 18:00:00,31.14
2015-02-18 19:00:00,39.74
2015-02-18 20:00:00,33.66
2015-02-18 21:00:00,37.71
2015-02-18 22:00:00,34.23
2015-02-18 23:00:00,8.71
2015-02-19 00:00:00,12.05
2015-02-19 01:00:00,40.61
2015-02-19 02:00:00,36.15
2015-02-19 03:00:00,32.84
2015-02-19 04:00:00,32.6
2015-02-19 05:00:00,33.57
2015-02-19 06:00:00,37.32
2015-02-19 07:00:00,32.32
2015-02-19 08:00:00,39.44
2015-02-19 09:00:00,36.82
2015-02-19 10:00:00,39.51
2015-02-19 11:00:00,33.9
2015-02-19 12:00:00,35.85
2015-02-19 13:00:00,37.22
2015-02-19 14:00:00,37.72
2015-02-19 15:00:00,41.46
2015-02-19 16:00:00,39.04
2015-02-19 17:00:00,34.23
2015-02-19 18:00:00,31.37
2015-02-19 19:00:00,33.74
2015-02-19 20:00:00,36.1
2015-02-19 21:00:00,34.5
2015-02-19 22:00:00,34.7
2015-02-19 23:00:00,36.14
2015-02-20 00:00:00,8.71
2015-02-20 01:00:00,32.46
2015-02-20 02:00:00,30.2
2015-02-20 03:00:00,32.29
2015-02-20 04:00:00,29.51
2015-02-20 05:00:00,36.16
2015-02-20 06:00:00,35.36
2015-02-20 07:00:00,34.8
2015-02-20 08:00:00,37.35
2015-02-20 09:00:00,38.05
2015-02-20 10:00:00,37.67
2015-02-20 11:00:00,35.68
2015-02-20 12:00:00,39.65
2015-02-20 13:00:00,35.23
2015-02-20 14:00:00,35.46
2015-02-20 15:00:00,38.19
2015-02-20 16:00:00,36.58
2015-02-20 17:00:00,35.82
2015-02-20 18:00:00,34.28
2015-02-20 19:00:00,36.18
2015-02-20 20:00:00,37.81
2015-02-20 21:00:00,38.28
2015-02-20 22:00:00,37.63999999
2015-02-20 23:00:00,8.71
2015-02-21 00:00:00,10.45
2015-02-21 01:00:00,34.71
2015-02-21 02:00:00,32.98
2015-02-21 03:00:00,33.19
2015-02-21 04:00:00,30.43
2015-02-21 05:00:00,30.44
2015-02-21 06:00:00,36.06
2015-02-21 07:00:00,33.03
2015-02-21 08:00:00,35.19
2015-02-21 09:00:00,39.83
2015-02-21 10:00:00,36.4
2015-02-21 11:00:00,36.44
2015-02-21 12:00:00,36.98
2015-02-21 13:00:00,37.2
2015-02-21 14:00:00,39.85
2015-02-21 15:00:00,36.34
2015-02-21 16:00:00,35.4
2015-02-21 17:00:00,32.15
2015-02-21 18:00:00,31.92
2015-02-21 19:00:00,40.77
2015-02-21 20:00:00,38.78
2015-02-21 21:00:00,8.71
2015-02-21 22:00:00,8.71
2015-02-21 23:00:00,8.71
2015-02-22 00:00:00,12.56
2015-02-22 01:00:00,33.58
2015-02-22 02:00:00,32.26
2015-02-22 03:00:00,32.24
2015-02-22 04:00:00,33.63
2015-02-22 05:00:00,32.93
2015-02-22 06:00:00,36.38
2015-02-22 07:00:00,33.86
2015-02-22 08:00:00,37.05
2015-02-22 09:00:00,8.71
2015-02-22 10:00:00,8.71
2015-02-22 11:00:00,8.71
2015-02-22 12:00:00,8.71
2015-02-22 13:00:00,8.71
2015-02-22 14:00:00,8.71
2015-02-22 15:00:00,8.71
2015-02-22 16:00:00,8.710000004
2015-02-22 17:00:00,29.78
2015-02-22 18:00:00,36.35
2015-02-22 19:00:00,35.53
2015-02-22 20:00:00,38.34
2015-02-22 21:00:00,39.9
2015-02-22 22:00:00,34.43
2015-02-22 23:00:00,32.7
2015-02-23 00:00:00,37.1
2015-02-23 01:00:00,34.34
2015-02-23 02:00:00,29.26
2015-02-23 03:00:00,38.13
2015-02-23 04:00:00,33.15
2015-02-23 05:00:00,36.13
2015-02-23 06:00:00,35.37
2015-02-23 07:00:00,36.46
2015-02-23 08:00:00,41.42
2015-02-23 09:00:00,39.59
2015-02-23 10:00:00,42.67
2015-02-23 11:00:00,40.5
2015-02-23 12:00:00,42.62
2015-02-23 13:00:00,37.26
2015-02-23 14:00:00,35.34
2015-02-23 15:00:00,38.16
2015-02-23 16:00:00,36.56
2015-02-23 17:00:00,34.05
2015-02-23 18:00:00,35.13
2015-02-23 19:00:00,41.6
2015-02-23 20:00:00,41.32
2015-02-23 21:00:00,38.97
2015-02-23 22:00:00,35.02
2015-02-23 23:00:00,8.71
2015-02-24 00:00:00,11.29
2015-02-24 01:00:00,34.49
2015-02-24 02:00:00,37.01
2015-02-24 03:00:00,39.78
2015-02-24 04:00:00,34.48
2015-02-24 05:00:00,36.45
2015-02-24 06:00:00,36.81
2015-02-24 07:00:00,33.75
2015-02-24 08:00:00,42.11
2015-02-24 09:00:00,35.65
2015-02-24 10:00:00,38.58
2015-02-24 11:00:00,40.37
2015-02-24 12:00:00,38.48
2015-02-24 13:00:00,38.87
2015-02-24 14:00:00,36.6
2015-02-24 15:00:00,36.63
2015-02-24 16:00:00,36.47
2015-02-24 17:00:00,34.03
2015-02-24 18:00:00,32.52
2015-02-24 19:00:00,36.58
2015-02-24 20:00:00,39.23
2015-02-24 21:00:00,34.85
2015-02-24 22:00:00,36.42
2015-02-24 23:00:00,27.78
2015-02-25 00:00:00,10.89
2015-02-25 01:00:00,35.53
2015-02-25 02:00:00,35.25
2015-02-25 03:00:00,31.73
2015-02-25 04:00:00,34.66
2015-02-25 05:00:00,33.86
2015-02-25 06:00:00,41.53
2015-02-25 07:00:00,36.86
2015-02-25 08:00:00,37.53
2015-02-25 09:00:00,35.14
2015-02-25 10:00:00,38.31
2015-02-25 11:00:00,38.15
2015-02-25 12:00:00,39.15
2015-02-25 13:00:00,38.5
2015-02-25 14:00:00,39.84
2015-02-25 15:00:00,42.75
2015-02-25 16:00:00,37.69
2015-02-25 17:00:00,35.07
2015-02-25 18:00:00,35.18
2015-02-25 19:00:00,37.98
2015-02-25 20:00:00,39.8
2015-02-25 21:00:00,33.91
2015-02-25 22:00:00,34.79
2015-02-25 23:00:00,35.87
2015-02-26 00:00:00,12.17
2015-02-26 01:00:00,33.13
2015-02-26 02:00:00,30.84
2015-02-26 03:00:00,34.99
2015-02-26 04:00:00,32.67
2015-02-26 05:00:00,35.61
2015-02-26 06:00:00,38.33
2015-02-26 07:00:00,37.61
2015-02-26 08:00:00,39.87
2015-02-26 09:00:00,37.38
2015-02-26 10:00:00,36.34
2015-02-26 11:00:00,35.69
2015-02-26 12:00:00,35.22
2015-02-26 13:00:00,36.96
2015-02-26 14:00:00,37.75
2015-02-26 15:00:00,38.48
2015-02-26 16:00:00,36.55
2015-02-26 17:00:00,36.83
2015-02-26 18:00:00,39.47
2015-02-26 19:00:00,36.52
2015-02-26 20:00:00,38.93
2015-02-26 21:00:00,37.63
2015-02-26 22:00:00,34.21
2015-02-26 23:00:00,30.63
2015-02-27 00:00:00,8.71
2015-02-27 01:00:00,36
2015-02-27 02:00:00,41.06
2015-02-27 03:00:00,36.14
2015-02-27 04:00:00,32.18
2015-02-27 05:00:00,38.48
2015-02-27 06:00:00,37.82
2015-02-27 07:00:00,39.79
2015-02-27 08:00:00,39.69
2015-02-27 09:00:00,41.1
2015-02-27 10:00:00,39.6
2015-02-27 11:00:00,39.88
2015-02-27 12:00:00,38.51
2015-02-27 13:00:00,38.54
2015-02-27 14:00:00,41.17
2015-02-27 15:00:00,38.53
2015-02-27 16:00:00,39.61
2015-02-27 17:00:00,38.68
2015-02-27 18:00:00,35.41
2015-02-27 19:00:00,39.07
2015-02-27 20:00:00,39.05
2015-02-27 21:00:00,38.88
2015-02-27 22:00:00,41.38
2015-02-27 23:00:00,34.77
2015-02-28 00:00:00,11.76
2015-02-28 01:00:00,36.96
2015-02-28 02:00:00,34.15
2015-02-28 03:00:00,30.71
2015-02-28 04:00:00,33.52
2015-02-28 05:00:00,36.89
2015-02-28 06:00:00,33.93
2015-02-28 07:00:00,35.59
2015-02-28 08:00:00,43.46
2015-02-28 09:00:00,36.87
2015-02-28 10:00:00,38.69
2015-02-28 11:00:00,33.86
2015-02-28 12:00:00,33.82
2015-02-28 13:00:00,33.35
2015-02-28 14:00:00,31.99
2015-02-28 15:00:00,35.25
2015-02-28 16:00:00,34.44
2015-02-28 17:00:00,36.12
2015-02-28 18:00:00,34.42
2015-02-28 19:00:00,40.99
2015-02-28 20:00:00,35.83
2015-02-28 21:00:00,36.3
2015-02-28 22:00:00,35.7
2015-02-28 23:00:00,8.71
2015-03-01 00:00:00,11.72
2015-03-01 01:00:00,32.6
2015-03-01 02:00:00,31.33
2015-03-01 03:00:00,32.35
2015-03-01 04:00:00,34.64
2015-03-01 05:00:00,34.78
2015-03-01 06:00:00,37.6
2015-03-01 07:00:00,28.75
2015-03-01 08:00:00,35.62
2015-03-01 09:00:00,31.63
2015-03-01 10:00:00,32.55
2015-03-01 11:00:00,34.66
2015-03-01 12:00:00,34.88
2015-03-01 13:00:00,36.3
2015-03-01 14:00:00,37.62
2015-03-01 15:00:00,34.8
2015-03-01 16:00:00,33.18
2015-03-01 17:00:00,40.72
2015-03-01 18:00:00,34.16
2015-03-01 19:00:00,33.58
2015-03-01 20:00:00,38.38
2015-03-01 21:00:00,35.76
2015-03-01 22:00:00,34.27
2015-03-01 23:00:00,31.52
2015-03-02 00:00:00,31.01
2015-03-02 01:00:00,34
2015-03-02 02:00:00,30.94
2015-03-02 03:00:00,32.58
2015-03-02 04:00:00,33.87
2015-03-02 05:00:00,43.88
2015-03-02 06:00:00,45.87
2015-03-02 07:00:00,39.38
2015-03-02 08:00:00,44.02
2015-03-02 09:00:00,37.43
2015-03-02 10:00:00,44.18
2015-03-02 11:00:00,37.75
2015-03-02 12:00:00,36.32
2015-03-02 13:00:00,36.73
2015-03-02 14:00:00,38.94
2015-03-02 15:00:00,40.7
2015-03-02 16:00:00,38.32
2015-03-02 17:00:00,40.15
2015-03-02 18:00:00,34.18
2015-03-02 19:00:00,38.96
2015-03-02 20:00:00,37.82
2015-03-02 21:00:00,36.78
2015-03-02 22:00:00,37.3
2015-03-02 23:00:00,36.03
2015-03-03 00:00:00,14.22
2015-03-03 01:00:00,37.47
2015-03-03 02:00:00,35.69
2015-03-03 03:00:00,36.76
2015-03-03 04:00:00,39.08
2015-03-03 05:00:00,37.14
2015-03-03 06:00:00,44.81
2015-03-03 07:00:00,38.75
2015-03-03 08:00:00,40.45
2015-03-03 09:00:00,41.23
2015-03-03 10:00:00,41.08
2015-03-03 11:00:00,38.87
2015-03-03 12:00:00,39.72
2015-03-03 13:00:00,39.02
2015-03-03 14:00:00,39.31
2015-03-03 15:00:00,38.34
2015-03-03 16:00:00,37.97
2015-03-03 17:00:00,39.51
2015-03-03 18:00:00,36.93
2015-03-03 19:00:00,42.82
2015-03-03 20:00:00,38.75
2015-03-03 21:00:00,36.89
2015-03-03 22:00:00,39.22
2015-03-03 23:00:00,36.72
2015-03-04 00:00:00,10.62
2015-03-04 01:00:00,32.87
2015-03-04 02:00:00,33.78
2015-03-04 03:00:00,33.44
2015-03-04 04:00:00,33.18
2015-03-04 05:00:00,38.01
2015-03-04 06:00:00,40.73
2015-03-04 07:00:00,40.08
2015-03-04 08:00:00,38.58
2015-03-04 09:00:00,39.16
2015-03-04 10:00:00,40.37
2015-03-04 11:00:00,37.77
2015-03-04 12:00:00,39.69
2015-03-04 13:00:00,38.5
2015-03-04 14:00:00,39
2015-03-04 15:00:00,37.09
2015-03-04 16:00:00,37.21
2015-03-04 17:00:00,37.93
2015-03-04 18:00:00,34.51
2015-03-04 19:00:00,35.27
2015-03-04 20:00:00,37.62
2015-03-04 21:00:00,40.9
2015-03-04 22:00:00,39.63999999
2015-03-04 23:00:00,9.99
2015-03-05 00:00:00,10.2
2015-03-05 01:00:00,32.68
2015-03-05 02:00:00,36.55
2015-03-05 03:00:00,34.29
2015-03-05 04:00:00,36
2015-03-05 05:00:00,37.58
2015-03-05 06:00:00,42.31
2015-03-05 07:00:00,38.54
2015-03-05 08:00:00,43.04
2015-03-05 09:00:00,38.28
2015-03-05 10:00:00,39.47
2015-03-05 11:00:00,39.12
2015-03-05 12:00:00,39.09
2015-03-05 13:00:00,39.43
2015-03-05 14:00:00,40.97
2015-03-05 15:00:00,42.04
2015-03-05 16:00:00,39.22
2015-03-05 17:00:00,40.31
2015-03-05 18:00:00,34.88
2015-03-05 19:00:00,39.01
2015-03-05 20:00:00,39.71
2015-03-05 21:00:00,39.61
2015-03-05 22:00:00,38.98
2015-03-05 23:00:00,39.12
2015-03-06 00:00:00,12.49
2015-03-06 01:00:00,35.18
2015-03-06 02:00:00,33.52
2015-03-06 03:00:00,29.33
2015-03-06 04:00:00,31.89
2015-03-06 05:00:00,32.35
2015-03-06 06:00:00,37.77
2015-03-06 07:00:00,41.07
2015-03-06 08:00:00,41.28
2015-03-06 09:00:00,38.45
2015-03-06 10:00:00,38.42
2015-03-06 11:00:00,40.69
2015-03-06 12:00:00,38.08
2015-03-06 13:00:00,39.6
2015-03-06 14:00:00,39.62
2015-03-06 15:00:00,40.9
2015-03-06 16:00:00,36.4
2015-03-06 17:00:00,37.85
2015-03-06 18:00:00,35.84
2015-03-06 19:00:00,41.11
2015-03-06 20:00:00,38.14
2015-03-06 21:00:00,37.97
2015-03-06 22:00:00,38.69
2015-03-06 23:00:00,33.38
2015-03-07 00:00:00,10.93
2015-03-07 01:00:00,38.89
2015-03-07 02:00:00,38.69
2015-03-07 03:00:00,36.69
2015-03-07 04:00:00,31.72
2015-03-07 05:00:00,34.63
2015-03-07 06:00:00,40.13
2015-03-07 07:00:00,34.15
2015-03-07 08:00:00,40.41
2015-03-07 09:00:00,38.82
2015-03-07 10:00:00,38.64
2015-03-07 11:00:00,40
2015-03-07 12:00:00,35.43
2015-03-07 13:00:00,33.5
2015-03-07 14:00:00,34.95
2015-03-07 15:00:00,35.07
2015-03-07 16:00:00,33.53
2015-03-07 17:00:00,36.47
2015-03-07 18:00:00,38.31
2015-03-07 19:00:00,39.14
2015-03-07 20:00:00,38.68
2015-03-07 21:00:00,34.8
2015-03-07 22:00:00,35.5
2015-03-07 23:00:00,31.17
2015-03-08 00:00:00,7.58
2015-03-08 01:00:00,33.69
2015-03-08 02:00:00,37.64
2015-03-08 03:00:00,31.65
2015-03-08 04:00:00,32.99
2015-03-08 05:00:00,37.48
2015-03-08 06:00:00,35.88
2015-03-08 07:00:00,35.41
2015-03-08 08:00:00,33
2015-03-08 09:00:00,35.51
2015-03-08 10:00:00,40.65
2015-03-08 11:00:00,29.43
2015-03-08 12:00:00,36.74
2015-03-08 13:00:00,36.4
2015-03-08 14:00:00,32.37
2015-03-08 15:00:00,32.3
2015-03-08 16:00:00,35.12
2015-03-08 17:00:00,31.69
2015-03-08 18:00:00,31.73
2015-03-08 19:00:00,41.38
2015-03-08 20:00:00,36.66
2015-03-08 21:00:00,34.8
2015-03-08 22:00:00,34.65
2015-03-08 23:00:00,34.09
2015-03-09 00:00:00,7.58
2015-03-09 01:00:00,32.35
2015-03-09 02:00:00,39.63
2015-03-09 03:00:00,32.99
2015-03-09 04:00:00,34.76
2015-03-09 05:00:00,32.4
2015-03-09 06:00:00,39.08
2015-03-09 07:00:00,34.34
2015-03-09 08:00:00,37.19
2015-03-09 09:00:00,37.47
2015-03-09 10:00:00,37.17
2015-03-09 11:00:00,38.49
2015-03-09 12:00:00,38.09
2015-03-09 13:00:00,39.68
2015-03-09 14:00:00,39.81
2015-03-09 15:00:00,38.79
2015-03-09 16:00:00,37.44
2015-03-09 17:00:00,34.63
2015-03-09 18:00:00,31.79
2015-03-09 19:00:00,39.42
2015-03-09 20:00:00,37.97
2015-03-09 21:00:00,38.51
2015-03-09 22:00:00,36.57
2015-03-09 23:00:00,28.99
2015-03-10 00:00:00,7.58
2015-03-10 01:00:00,33.98
2015-03-10 02:00:00,32.79
2015-03-10 03:00:00,28.25
2015-03-10 04:00:00,30.78
2015-03-10 05:00:00,35.89
2015-03-10 06:00:00,43.15
2015-03-10 07:00:00,36.93
2015-03-10 08:00:00,37.76
2015-03-10 09:00:00,40.54
2015-03-10 10:00:00,38.74
2015-03-10 11:00:00,38.13
2015-03-10 12:00:00,38.37
2015-03-10 13:00:00,38.19
2015-03-10 14:00:00,36.11
2015-03-10 15:00:00,37.15
2015-03-10 16:00:00,36.44
2015-03-10 17:00:00,36.88
2015-03-10 18:00:00,33.9
2015-03-10 19:00:00,40.66
2015-03-10 20:00:00,37.35
2015-03-10 21:00:00,37.52
2015-03-10 22:00:00,36.18
2015-03-10 23:00:00,32.24
2015-03-11 00:00:00,32
2015-03-11 01:00:00,32.47
2015-03-11 02:00:00,34.8
2015-03-11 03:00:00,33.73
2015-03-11 04:00:00,31.67
2015-03-11 05:00:00,37.87
2015-03-11 06:00:00,41.03
2015-03-11 07:00:00,26.8
2015-03-11 08:00:00,26.8
2015-03-11 09:00:00,26.8
2015-03-11 10:00:00,26.8
2015-03-11 11:00:00,26.8
2015-03-11 12:00:00,26.8
2015-03-11 13:00:00,26.8
2015-03-11 14:00:00,26.8
2015-03-11 15:00:00,26.8
2015-03-11 16:00:00,26.9
2015-03-11 17:00:00,26.9
2015-03-11 18:00:00,26.9
2015-03-11 19:00:00,26.9
2015-03-11 20:00:00,26.9
2015-03-11 21:00:00,26.9
2015-03-11 22:00:00,26.9
2015-03-11 23:00:00,26.9
2015-03-12 00:00:00,31.91
2015-03-12 01:00:00,33.55
2015-03-12 02:00:00,30.08
2015-03-12 03:00:00,34.62
2015-03-12 04:00:00,30.23
2015-03-12 05:00:00,30.5
2015-03-12 06:00:00,38.8
2015-03-12 07:00:00,26.5
2015-03-12 08:00:00,26.5
2015-03-12 09:00:00,26.5
2015-03-12 10:00:00,26.5
2015-03-12 11:00:00,26.5
2015-03-12 12:00:00,26.5
2015-03-12 13:00:00,26.5
2015-03-12 14:00:00,26.5
2015-03-12 15:00:00,26.5
2015-03-12 16:00:00,26.5
2015-03-12 17:00:00,26.5
2015-03-12 18:00:00,26.5
2015-03-12 19:00:00,26.5
2015-03-12 20:00:00,26.5
2015-03-12 21:00:00,26.5
2015-03-12 22:00:00,26.5
2015-03-12 23:00:00,26.5
2015-03-13 00:00:00,33.12
2015-03-13 01:00:00,35.73
2015-03-13 02:00:00,36.54
2015-03-13 03:00:00,34.49
2015-03-13 04:00:00,36.19
2015-03-13 05:00:00,39.52
2015-03-13 06:00:00,44.51
2015-03-13 07:00:00,40.34
2015-03-13 08:00:00,42.25
2015-03-13 09:00:00,38.59
2015-03-13 10:00:00,40.19
2015-03-13 11:00:00,40.42
2015-03-13 12:00:00,41.28
2015-03-13 13:00:00,36.55
2015-03-13 14:00:00,39.63
2015-03-13 15:00:00,41.27
2015-03-13 16:00:00,37.13
2015-03-13 17:00:00,35.49
2015-03-13 18:00:00,36.61
2015-03-13 19:00:00,36.95
2015-03-13 20:00:00,36.9
2015-03-13 21:00:00,33.39
2015-03-13 22:00:00,35.27
2015-03-13 23:00:00,35.88
2015-03-14 00:00:00,35.32
2015-03-14 01:00:00,34.6
2015-03-14 02:00:00,33.3
2015-03-14 03:00:00,37.95
2015-03-14 04:00:00,39.27
2015-03-14 05:00:00,33.43
2015-03-14 06:00:00,34.16
2015-03-14 07:00:00,32.74
2015-03-14 08:00:00,38.66
2015-03-14 09:00:00,36.83
2015-03-14 10:00:00,36.34
2015-03-14 11:00:00,35.97
2015-03-14 12:00:00,33.73
2015-03-14 13:00:00,33.84
2015-03-14 14:00:00,32.38
2015-03-14 15:00:00,32.16
2015-03-14 16:00:00,38.25
2015-03-14 17:00:00,30.82
2015-03-14 18:00:00,33.84
2015-03-14 19:00:00,34.91
2015-03-14 20:00:00,32.79
2015-03-14 21:00:00,36.39
2015-03-14 22:00:00,35.98
2015-03-14 23:00:00,31.69
2015-03-15 00:00:00,29.99
2015-03-15 01:00:00,30.33
2015-03-15 02:00:00,31.2
2015-03-15 03:00:00,30.45
2015-03-15 04:00:00,33.47
2015-03-15 05:00:00,32.75
2015-03-15 06:00:00,31.87
2015-03-15 07:00:00,30.16
2015-03-15 08:00:00,37.74
2015-03-15 09:00:00,38.46
2015-03-15 10:00:00,32.83
2015-03-15 11:00:00,32.36
2015-03-15 12:00:00,35.54
2015-03-15 13:00:00,30.69
2015-03-15 14:00:00,30.77
2015-03-15 15:00:00,32.64
2015-03-15 16:00:00,32.7
2015-03-15 17:00:00,28.87
2015-03-15 18:00:00,31.09
2015-03-15 19:00:00,39.14
2015-03-15 20:00:00,39.1
2015-03-15 21:00:00,34.19
2015-03-15 22:00:00,32.85
2015-03-15 23:00:00,30.82
2015-03-16 00:00:00,29.2
2015-03-16 01:00:00,37.86
2015-03-16 02:00:00,29.76
2015-03-16 03:00:00,28.83
2015-03-16 04:00:00,29.78
2015-03-16 05:00:00,29.61
2015-03-16 06:00:00,32.66
2015-03-16 07:00:00,35.65
2015-03-16 08:00:00,33.55
2015-03-16 09:00:00,36.55
2015-03-16 10:00:00,36.5
2015-03-16 11:00:00,37.21
2015-03-16 12:00:00,32.5
2015-03-16 13:00:00,35.37
2015-03-16 14:00:00,36.56
2015-03-16 15:00:00,35.31
2015-03-16 16:00:00,33.01
2015-03-16 17:00:00,32.26
2015-03-16 18:00:00,31.75
2015-03-16 19:00:00,35.56
2015-03-16 20:00:00,35.52
2015-03-16 21:00:00,34.38
2015-03-16 22:00:00,32.34
2015-03-16 23:00:00,32.47
2015-03-17 00:00:00,36.74
2015-03-17 01:00:00,9.280000004
2015-03-17 02:00:00,34.02
2015-03-17 03:00:00,33.15
2015-03-17 04:00:00,33.7
2015-03-17 05:00:00,33.62
2015-03-17 06:00:00,35.59
2015-03-17 07:00:00,33.09
2015-03-17 08:00:00,35.24
2015-03-17 09:00:00,36.46
2015-03-17 10:00:00,35.6
2015-03-17 11:00:00,35.68
2015-03-17 12:00:00,33.67
2015-03-17 13:00:00,37.41
2015-03-17 14:00:00,35.72
2015-03-17 15:00:00,35.52
2015-03-17 16:00:00,35.85
2015-03-17 17:00:00,33.35
2015-03-17 18:00:00,31.71
2015-03-17 19:00:00,34.06
2015-03-17 20:00:00,38.08
2015-03-17 21:00:00,37.36
2015-03-17 22:00:00,35.71
2015-03-17 23:00:00,25.34
2015-03-18 00:00:00,11.54
2015-03-18 01:00:00,31.63
2015-03-18 02:00:00,30.07
2015-03-18 03:00:00,32.25
2015-03-18 04:00:00,31.73
2015-03-18 05:00:00,29.94
2015-03-18 06:00:00,31.4
2015-03-18 07:00:00,31.03
2015-03-18 08:00:00,30.29
2015-03-18 09:00:00,32.83
2015-03-18 10:00:00,32.56
2015-03-18 11:00:00,31.29
2015-03-18 12:00:00,28.98
2015-03-18 13:00:00,29.28
2015-03-18 14:00:00,30.65
2015-03-18 15:00:00,31.37
2015-03-18 16:00:00,29.06
2015-03-18 17:00:00,30.97
2015-03-18 18:00:00,28.94
2015-03-18 19:00:00,33.84
2015-03-18 20:00:00,34.93
2015-03-18 21:00:00,31.89
2015-03-18 22:00:00,31.88
2015-03-18 23:00:00,28.09
2015-03-19 00:00:00,2.84
2015-03-19 01:00:00,28.15
2015-03-19 02:00:00,28.39
2015-03-19 03:00:00,27.48
2015-03-19 04:00:00,30.74
2015-03-19 05:00:00,30.47
2015-03-19 06:00:00,33.36
2015-03-19 07:00:00,30.95
2015-03-19 08:00:00,27.28
2015-03-19 09:00:00,31.81
2015-03-19 10:00:00,32.25
2015-03-19 11:00:00,31.26
2015-03-19 12:00:00,32.86
2015-03-19 13:00:00,28.31
2015-03-19 14:00:00,32.22
2015-03-19 15:00:00,29.56
2015-03-19 16:00:00,30.97
2015-03-19 17:00:00,30.78
2015-03-19 18:00:00,26.94
2015-03-19 19:00:00,34.33
2015-03-19 20:00:00,31.51
2015-03-19 21:00:00,31.41
2015-03-19 22:00:00,30.59
2015-03-19 23:00:00,27.36
2015-03-20 00:00:00,2.84
2015-03-20 01:00:00,31.74
2015-03-20 02:00:00,32.62
2015-03-20 03:00:00,30.71
2015-03-20 04:00:00,30.84
2015-03-20 05:00:00,31.56
2015-03-20 06:00:00,33.84
2015-03-20 07:00:00,31.88
2015-03-20 08:00:00,31.76
2015-03-20 09:00:00,31.16
2015-03-20 10:00:00,31.17
2015-03-20 11:00:00,31.05
2015-03-20 12:00:00,29.63
2015-03-20 13:00:00,29.84
2015-03-20 14:00:00,25.3
2015-03-20 15:00:00,28.88
2015-03-20 16:00:00,29.73
2015-03-20 17:00:00,27.56
2015-03-20 18:00:00,24.49
2015-03-20 19:00:00,28.68
2015-03-20 20:00:00,27.56
2015-03-20 21:00:00,29.87
2015-03-20 22:00:00,26.99
2015-03-20 23:00:00,27.52
2015-03-21 00:00:00,5.49
2015-03-21 01:00:00,26.96
2015-03-21 02:00:00,33.9
2015-03-21 03:00:00,31.92
2015-03-21 04:00:00,29.51
2015-03-21 05:00:00,28.61
2015-03-21 06:00:00,24.66
2015-03-21 07:00:00,30.34
2015-03-21 08:00:00,33.01
2015-03-21 09:00:00,31.55
2015-03-21 10:00:00,30.66
2015-03-21 11:00:00,26.09
2015-03-21 12:00:00,26.53
2015-03-21 13:00:00,24.31
2015-03-21 14:00:00,28.8
2015-03-21 15:00:00,35.03
2015-03-21 16:00:00,28.21
2015-03-21 17:00:00,32.84
2015-03-21 18:00:00,28.78
2015-03-21 19:00:00,29.73
2015-03-21 20:00:00,32.36
2015-03-21 21:00:00,29.19
2015-03-21 22:00:00,27.51
2015-03-21 23:00:00,21.93
2015-03-22 00:00:00,6.42
2015-03-22 01:00:00,27.75
2015-03-22 02:00:00,28.77
2015-03-22 03:00:00,31.47
2015-03-22 04:00:00,32.56
2015-03-22 05:00:00,33.77
2015-03-22 06:00:00,31.87
2015-03-22 07:00:00,32.51
2015-03-22 08:00:00,31.19
2015-03-22 09:00:00,30.12
2015-03-22 10:00:00,29.84
2015-03-22 11:00:00,27.27
2015-03-22 12:00:00,32.85
2015-03-22 13:00:00,29.42
2015-03-22 14:00:00,26.6
2015-03-22 15:00:00,26.76
2015-03-22 16:00:00,29.9
2015-03-22 17:00:00,29.65
2015-03-22 18:00:00,29.51
2015-03-22 19:00:00,32.45
2015-03-22 20:00:00,32.9
2015-03-22 21:00:00,30.24
2015-03-22 22:00:00,29.41
2015-03-22 23:00:00,25.09
2015-03-23 00:00:00,2.84
2015-03-23 01:00:00,33.78
2015-03-23 02:00:00,28.99
2015-03-23 03:00:00,27.7
2015-03-23 04:00:00,32.95
2015-03-23 05:00:00,31.34
2015-03-23 06:00:00,27.91
2015-03-23 07:00:00,33.28
2015-03-23 08:00:00,30.64
2015-03-23 09:00:00,32.03
2015-03-23 10:00:00,33.42
2015-03-23 11:00:00,37.64
2015-03-23 12:00:00,31.85
2015-03-23 13:00:00,31.08
2015-03-23 14:00:00,31.49
2015-03-23 15:00:00,30.09
2015-03-23 16:00:00,34.11
2015-03-23 17:00:00,34.3
2015-03-23 18:00:00,28.78
2015-03-23 19:00:00,31.11
2015-03-23 20:00:00,32.01
2015-03-23 21:00:00,32.92
2015-03-23 22:00:00,33.43
2015-03-23 23:00:00,31.81
2015-03-24 00:00:00,31.5
2015-03-24 01:00:00,28.22
2015-03-24 02:00:00,26.04
2015-03-24 03:00:00,24.96
2015-03-24 04:00:00,26.23
2015-03-24 05:00:00,35.04
2015-03-24 06:00:00,36.03
2015-03-24 07:00:00,26.25
2015-03-24 08:00:00,30.92
2015-03-24 09:00:00,33.89
2015-03-24 10:00:00,31.99
2015-03-24 11:00:00,28.01
2015-03-24 12:00:00,31.03
2015-03-24 13:00:00,30.15
2015-03-24 14:00:00,32.79
2015-03-24 15:00:00,31.19
2015-03-24 16:00:00,31.3
2015-03-24 17:00:00,30.39
2015-03-24 18:00:00,25.43
2015-03-24 19:00:00,31.99
2015-03-24 20:00:00,32.2
2015-03-24 21:00:00,31.38
2015-03-24 22:00:00,27.98
2015-03-24 23:00:00,19.72
2015-03-25 00:00:00,6.3
2015-03-25 01:00:00,26.89
2015-03-25 02:00:00,26.39
2015-03-25 03:00:00,26.3
2015-03-25 04:00:00,27.54
2015-03-25 05:00:00,26.93
2015-03-25 06:00:00,28.77
2015-03-25 07:00:00,29.29
2015-03-25 08:00:00,29.37
2015-03-25 09:00:00,31.9
2015-03-25 10:00:00,31.47
2015-03-25 11:00:00,33.03
2015-03-25 12:00:00,32.94
2015-03-25 13:00:00,31.1
2015-03-25 14:00:00,33.75
2015-03-25 15:00:00,32.75
2015-03-25 16:00:00,31.4
2015-03-25 17:00:00,29.37
2015-03-25 18:00:00,26.21
2015-03-25 19:00:00,30.96
2015-03-25 20:00:00,28.98
2015-03-25 21:00:00,29.23
2015-03-25 22:00:00,28.23
2015-03-25 23:00:00,25.77
2015-03-26 00:00:00,2.84
2015-03-26 01:00:00,30.66
2015-03-26 02:00:00,30.35
2015-03-26 03:00:00,35.08
2015-03-26 04:00:00,32.23
2015-03-26 05:00:00,30.43
2015-03-26 06:00:00,30.95
2015-03-26 07:00:00,27.57
2015-03-26 08:00:00,29.74
2015-03-26 09:00:00,27.48
2015-03-26 10:00:00,30.71
2015-03-26 11:00:00,31.78
2015-03-26 12:00:00,34.43
2015-03-26 13:00:00,30.01
2015-03-26 14:00:00,32.59
2015-03-26 15:00:00,29.95
2015-03-26 16:00:00,29.1
2015-03-26 17:00:00,32.13
2015-03-26 18:00:00,31.56
2015-03-26 19:00:00,29.98
2015-03-26 20:00:00,31.08
2015-03-26 21:00:00,30.52
2015-03-26 22:00:00,32
2015-03-26 23:00:00,33.54
2015-03-27 00:00:00,35.73
2015-03-27 01:00:00,34.51
2015-03-27 02:00:00,31.34
2015-03-27 03:00:00,28.39
2015-03-27 04:00:00,28.4
2015-03-27 05:00:00,29.68
2015-03-27 06:00:00,26.95
2015-03-27 07:00:00,31.57
2015-03-27 08:00:00,31.11
2015-03-27 09:00:00,32.74
2015-03-27 10:00:00,32.24
2015-03-27 11:00:00,32.7
2015-03-27 12:00:00,31.97
2015-03-27 13:00:00,33.14
2015-03-27 14:00:00,32.47
2015-03-27 15:00:00,32.14
2015-03-27 16:00:00,31.97
2015-03-27 17:00:00,30.54
2015-03-27 18:00:00,30.62
2015-03-27 19:00:00,30.7
2015-03-27 20:00:00,28.13
2015-03-27 21:00:00,29.97
2015-03-27 22:00:00,31.24
2015-03-27 23:00:00,30.39
2015-03-28 00:00:00,29.92
2015-03-28 01:00:00,30.8
2015-03-28 02:00:00,29.48
2015-03-28 03:00:00,28.28
2015-03-28 04:00:00,32.73
2015-03-28 05:00:00,30.48
2015-03-28 06:00:00,31.44
2015-03-28 07:00:00,31.54
2015-03-28 08:00:00,33.25
2015-03-28 09:00:00,36.69
2015-03-28 10:00:00,32.95
2015-03-28 11:00:00,34.12
2015-03-28 12:00:00,34.4
2015-03-28 13:00:00,33.52
2015-03-28 14:00:00,36.31
2015-03-28 15:00:00,34.18
2015-03-28 16:00:00,32.84
2015-03-28 17:00:00,32.51
2015-03-28 18:00:00,30.95
2015-03-28 19:00:00,36.95
2015-03-28 20:00:00,37.18
2015-03-28 21:00:00,32.32
2015-03-28 22:00:00,31.52
2015-03-28 23:00:00,29.87
2015-03-29 00:00:00,30.97
2015-03-29 01:00:00,32.4
2015-03-29 02:00:00,36.69
2015-03-29 03:00:00,32.75
2015-03-29 04:00:00,31.13
2015-03-29 05:00:00,35.25
2015-03-29 06:00:00,33.49
2015-03-29 07:00:00,26.89
2015-03-29 08:00:00,31.15
2015-03-29 09:00:00,26.58
2015-03-29 10:00:00,28.73
2015-03-29 11:00:00,26.73
2015-03-29 12:00:00,25.1
2015-03-29 13:00:00,28.83
2015-03-29 14:00:00,34.05
2015-03-29 15:00:00,31.35
2015-03-29 16:00:00,31.15
2015-03-29 17:00:00,31.14
2015-03-29 18:00:00,30.58
2015-03-29 19:00:00,31.6
2015-03-29 20:00:00,35.59
2015-03-29 21:00:00,33.66
2015-03-29 22:00:00,34.9
2015-03-29 23:00:00,34.33
2015-03-30 00:00:00,31.85
2015-03-30 01:00:00,35.49
2015-03-30 02:00:00,28.61
2015-03-30 03:00:00,28.94
2015-03-30 04:00:00,32.3
2015-03-30 05:00:00,34.17
2015-03-30 06:00:00,34.46
2015-03-30 07:00:00,31.9
2015-03-30 08:00:00,31.63
2015-03-30 09:00:00,30.07
2015-03-30 10:00:00,30.11
2015-03-30 11:00:00,29.48
2015-03-30 12:00:00,35.27
2015-03-30 13:00:00,31.92
2015-03-30 14:00:00,32.43
2015-03-30 15:00:00,30.48
2015-03-30 16:00:00,31.86
2015-03-30 17:00:00,33.1
2015-03-30 18:00:00,26.08
2015-03-30 19:00:00,30.47
2015-03-30 20:00:00,31.35
2015-03-30 21:00:00,29.98
2015-03-30 22:00:00,31.84
2015-03-30 23:00:00,26.23
2015-03-31 00:00:00,6.56
2015-03-31 01:00:00,26.75
2015-03-31 02:00:00,25.57
2015-03-31 03:00:00,26.42
2015-03-31 04:00:00,25.54
2015-03-31 05:00:00,29.88
2015-03-31 06:00:00,28.88
2015-03-31 07:00:00,34.4
2015-03-31 08:00:00,34.01
2015-03-31 09:00:00,33.09
2015-03-31 10:00:00,30.89
2015-03-31 11:00:00,26.9
2015-03-31 12:00:00,31.66
2015-03-31 13:00:00,36.06
2015-03-31 14:00:00,33.12
2015-03-31 15:00:00,31.43
2015-03-31 16:00:00,32.3
2015-03-31 17:00:00,32.7
2015-03-31 18:00:00,30.08
2015-03-31 19:00:00,31.26
2015-03-31 20:00:00,33.26
2015-03-31 21:00:00,29.48
2015-03-31 22:00:00,29.56
2015-03-31 23:00:00,30.08
2015-04-01 00:00:00,5.41
2015-04-01 01:00:00,31.28
2015-04-01 02:00:00,27.23
2015-04-01 03:00:00,25.75
2015-04-01 04:00:00,26.36
2015-04-01 05:00:00,24.65
2015-04-01 06:00:00,27.21
2015-04-01 07:00:00,33.48
2015-04-01 08:00:00,30.87
2015-04-01 09:00:00,33.01
2015-04-01 10:00:00,33.18
2015-04-01 11:00:00,31.52
2015-04-01 12:00:00,30.61
2015-04-01 13:00:00,32.28
2015-04-01 14:00:00,35.85
2015-04-01 15:00:00,32.88
2015-04-01 16:00:00,31
2015-04-01 17:00:00,33.7
2015-04-01 18:00:00,33.7
2015-04-01 19:00:00,34.96
2015-04-01 20:00:00,33.71
2015-04-01 21:00:00,35.51
2015-04-01 22:00:00,33.92
2015-04-01 23:00:00,29.78
2015-04-02 00:00:00,6.83
2015-04-02 01:00:00,28.12
2015-04-02 02:00:00,25.54
2015-04-02 03:00:00,24.83
2015-04-02 04:00:00,25.44
2015-04-02 05:00:00,27.91
2015-04-02 06:00:00,24.95
2015-04-02 07:00:00,24.36
2015-04-02 08:00:00,28.29
2015-04-02 09:00:00,29.01
2015-04-02 10:00:00,30.99
2015-04-02 11:00:00,30.38
2015-04-02 12:00:00,26.05
2015-04-02 13:00:00,31.06
2015-04-02 14:00:00,35.72
2015-04-02 15:00:00,29.53
2015-04-02 16:00:00,31.23
2015-04-02 17:00:00,29.27
2015-04-02 18:00:00,31.89
2015-04-02 19:00:00,29.82
2015-04-02 20:00:00,31.85
2015-04-02 21:00:00,29.83
2015-04-02 22:00:00,28.91
2015-04-02 23:00:00,23.2
2015-04-03 00:00:00,12.11
2015-04-03 01:00:00,27.21
2015-04-03 02:00:00,27.8
2015-04-03 03:00:00,26.72
2015-04-03 04:00:00,25.07
2015-04-03 05:00:00,29.84
2015-04-03 06:00:00,29.09
2015-04-03 07:00:00,30.65
2015-04-03 08:00:00,29.97
2015-04-03 09:00:00,27.42
2015-04-03 10:00:00,27.55
2015-04-03 11:00:00,27.84
2015-04-03 12:00:00,28.59
2015-04-03 13:00:00,24.87
2015-04-03 14:00:00,26.1
2015-04-03 15:00:00,29.09
2015-04-03 16:00:00,25.51
2015-04-03 17:00:00,34.92
2015-04-03 18:00:00,25.79
2015-04-03 19:00:00,27.12
2015-04-03 20:00:00,28.86
2015-04-03 21:00:00,31.94
2015-04-03 22:00:00,29.82
2015-04-03 23:00:00,25.17
2015-04-04 00:00:00,5.76
2015-04-04 01:00:00,25.46
2015-04-04 02:00:00,24.54
2015-04-04 03:00:00,25.21
2015-04-04 04:00:00,25.62
2015-04-04 05:00:00,27.24
2015-04-04 06:00:00,24.71
2015-04-04 07:00:00,24.67
2015-04-04 08:00:00,31.57
2015-04-04 09:00:00,26.11
2015-04-04 10:00:00,30.69
2015-04-04 11:00:00,30.02
2015-04-04 12:00:00,28.84
2015-04-04 13:00:00,28.67
2015-04-04 14:00:00,29.76
2015-04-04 15:00:00,27.37
2015-04-04 16:00:00,27.6
2015-04-04 17:00:00,30.88
2015-04-04 18:00:00,31.33
2015-04-04 19:00:00,30.23
2015-04-04 20:00:00,30.59
2015-04-04 21:00:00,29.78
2015-04-04 22:00:00,28.67
2015-04-04 23:00:00,25.61
2015-04-05 00:00:00,2.84
2015-04-05 01:00:00,25.33
2015-04-05 02:00:00,27.15
2015-04-05 03:00:00,27.73
2015-04-05 04:00:00,26.65
2015-04-05 05:00:00,26.63
2015-04-05 06:00:00,24.26
2015-04-05 07:00:00,27.54
2015-04-05 08:00:00,28.2
2015-04-05 09:00:00,30.71
2015-04-05 10:00:00,29.2
2015-04-05 11:00:00,27.36
2015-04-05 12:00:00,29.33
2015-04-05 13:00:00,33.46
2015-04-05 14:00:00,34.28
2015-04-05 15:00:00,24.8
2015-04-05 16:00:00,26.09
2015-04-05 17:00:00,28.88
2015-04-05 18:00:00,33.68
2015-04-05 19:00:00,30.1
2015-04-05 20:00:00,29.53
2015-04-05 21:00:00,28.34
2015-04-05 22:00:00,30.03
2015-04-05 23:00:00,20.46
2015-04-06 00:00:00,6.03
2015-04-06 01:00:00,24.06
2015-04-06 02:00:00,24.78
2015-04-06 03:00:00,29.26
2015-04-06 04:00:00,30.12
2015-04-06 05:00:00,26.35
2015-04-06 06:00:00,24.86
2015-04-06 07:00:00,33.34
2015-04-06 08:00:00,35.85
2015-04-06 09:00:00,34.17
2015-04-06 10:00:00,32.19
2015-04-06 11:00:00,32.52
2015-04-06 12:00:00,37.52
2015-04-06 13:00:00,31.51
2015-04-06 14:00:00,30.19
2015-04-06 15:00:00,26.96
2015-04-06 16:00:00,31.02
2015-04-06 17:00:00,34.17
2015-04-06 18:00:00,29.06
2015-04-06 19:00:00,34.83
2015-04-06 20:00:00,33.74
2015-04-06 21:00:00,33.78
2015-04-06 22:00:00,30.35
2015-04-06 23:00:00,27.13
2015-04-07 00:00:00,3.9
2015-04-07 01:00:00,27.68
2015-04-07 02:00:00,25.93
2015-04-07 03:00:00,25.34
2015-04-07 04:00:00,24.15
2015-04-07 05:00:00,34.7
2015-04-07 06:00:00,34.9
2015-04-07 07:00:00,30.08
2015-04-07 08:00:00,33.19
2015-04-07 09:00:00,32.11
2015-04-07 10:00:00,34.88
2015-04-07 11:00:00,34.86
2015-04-07 12:00:00,35.73
2015-04-07 13:00:00,33.18
2015-04-07 14:00:00,33.11
2015-04-07 15:00:00,33.92
2015-04-07 16:00:00,32.53
2015-04-07 17:00:00,30.97
2015-04-07 18:00:00,31.79
2015-04-07 19:00:00,33.74
2015-04-07 20:00:00,38.83
2015-04-07 21:00:00,35.1
2015-04-07 22:00:00,32.12
2015-04-07 23:00:00,24.46
2015-04-08 00:00:00,2.42
2015-04-08 01:00:00,31.64
2015-04-08 02:00:00,26.75
2015-04-08 03:00:00,31.36
2015-04-08 04:00:00,30.88
2015-04-08 05:00:00,32.52
2015-04-08 06:00:00,34
2015-04-08 07:00:00,32.35
2015-04-08 08:00:00,33.42
2015-04-08 09:00:00,38.71
2015-04-08 10:00:00,34.6
2015-04-08 11:00:00,37.17
2015-04-08 12:00:00,38.07
2015-04-08 13:00:00,33.7
2015-04-08 14:00:00,35.29
2015-04-08 15:00:00,36.78
2015-04-08 16:00:00,34.84
2015-04-08 17:00:00,31.09
2015-04-08 18:00:00,27.49
2015-04-08 19:00:00,33.79
2015-04-08 20:00:00,32.34
2015-04-08 21:00:00,29.97
2015-04-08 22:00:00,30.22
2015-04-08 23:00:00,22.71
2015-04-09 00:00:00,6
2015-04-09 01:00:00,35.31
2015-04-09 02:00:00,34.54
2015-04-09 03:00:00,33.02
2015-04-09 04:00:00,28.82
2015-04-09 05:00:00,31.69
2015-04-09 06:00:00,34.42
2015-04-09 07:00:00,26.8
2015-04-09 08:00:00,26.8
2015-04-09 09:00:00,26.8
2015-04-09 10:00:00,26.8
2015-04-09 11:00:00,26.8
2015-04-09 12:00:00,26.8
2015-04-09 13:00:00,26.8
2015-04-09 14:00:00,26.8
2015-04-09 15:00:00,26.8
2015-04-09 16:00:00,26.8
2015-04-09 17:00:00,26.8
2015-04-09 18:00:00,26.8
2015-04-09 19:00:00,26.8
2015-04-09 20:00:00,26.8
2015-04-09 21:00:00,26.8
2015-04-09 22:00:00,26.8
2015-04-09 23:00:00,26.8
2015-04-10 00:00:00,5.61
2015-04-10 01:00:00,28.14
2015-04-10 02:00:00,26.23
2015-04-10 03:00:00,35.02
2015-04-10 04:00:00,31.77
2015-04-10 05:00:00,27.33
2015-04-10 06:00:00,32.89
2015-04-10 07:00:00,30.67
2015-04-10 08:00:00,35.64
2015-04-10 09:00:00,31.53
2015-04-10 10:00:00,32.82
2015-04-10 11:00:00,34.36
2015-04-10 12:00:00,36.06
2015-04-10 13:00:00,31.55
2015-04-10 14:00:00,34.06
2015-04-10 15:00:00,33.97
2015-04-10 16:00:00,33.52
2015-04-10 17:00:00,32.64
2015-04-10 18:00:00,27.4
2015-04-10 19:00:00,33.09
2015-04-10 20:00:00,31
2015-04-10 21:00:00,30.97
2015-04-10 22:00:00,31.43
2015-04-10 23:00:00,27.7
2015-04-11 00:00:00,2.42
2015-04-11 01:00:00,27.97
2015-04-11 02:00:00,31.45
2015-04-11 03:00:00,30.51
2015-04-11 04:00:00,27.69
2015-04-11 05:00:00,32.36
2015-04-11 06:00:00,32.22
2015-04-11 07:00:00,32.03
2015-04-11 08:00:00,35.04
2015-04-11 09:00:00,37.93
2015-04-11 10:00:00,33.07
2015-04-11 11:00:00,34.15
2015-04-11 12:00:00,35.67
2015-04-11 13:00:00,28.57
2015-04-11 14:00:00,35.32
2015-04-11 15:00:00,38.64
2015-04-11 16:00:00,31.31
2015-04-11 17:00:00,31.72
2015-04-11 18:00:00,31.63
2015-04-11 19:00:00,35.06
2015-04-11 20:00:00,33.93
2015-04-11 21:00:00,32.65
2015-04-11 22:00:00,34.62
2015-04-11 23:00:00,27.32
2015-04-12 00:00:00,6.11
2015-04-12 01:00:00,31.12
2015-04-12 02:00:00,31.61
2015-04-12 03:00:00,29.76
2015-04-12 04:00:00,28.16
2015-04-12 05:00:00,30.74
2015-04-12 06:00:00,24.9
2015-04-12 07:00:00,26.77
2015-04-12 08:00:00,36.58
2015-04-12 09:00:00,31.24
2015-04-12 10:00:00,30.67
2015-04-12 11:00:00,31.9
2015-04-12 12:00:00,26.97
2015-04-12 13:00:00,29.91
2015-04-12 14:00:00,29.9
2015-04-12 15:00:00,34.76
2015-04-12 16:00:00,35.83
2015-04-12 17:00:00,33.31
2015-04-12 18:00:00,27.33
2015-04-12 19:00:00,29.45
2015-04-12 20:00:00,36.82
2015-04-12 21:00:00,36.51
2015-04-12 22:00:00,30.76
2015-04-12 23:00:00,26.51
2015-04-13 00:00:00,5.89
2015-04-13 01:00:00,29.26
2015-04-13 02:00:00,31.75
2015-04-13 03:00:00,27.13
2015-04-13 04:00:00,33.38
2015-04-13 05:00:00,34.09
2015-04-13 06:00:00,30.76
2015-04-13 07:00:00,35.09
2015-04-13 08:00:00,35.9
2015-04-13 09:00:00,36.67
2015-04-13 10:00:00,38.43
2015-04-13 11:00:00,37.48
2015-04-13 12:00:00,37.72
2015-04-13 13:00:00,33.79
2015-04-13 14:00:00,36.09
2015-04-13 15:00:00,37.7
2015-04-13 16:00:00,34.09
2015-04-13 17:00:00,41.57
2015-04-13 18:00:00,42.06
2015-04-13 19:00:00,42.05
2015-04-13 20:00:00,41.95
2015-04-13 21:00:00,41.27
2015-04-13 22:00:00,42.13
2015-04-13 23:00:00,31.48
2015-04-14 00:00:00,2.42
2015-04-14 01:00:00,41.85
2015-04-14 02:00:00,42.28
2015-04-14 03:00:00,42.17
2015-04-14 04:00:00,42.35
2015-04-14 05:00:00,42.17
2015-04-14 06:00:00,42.28
2015-04-14 07:00:00,42.13
2015-04-14 08:00:00,41.99
2015-04-14 09:00:00,42.3
2015-04-14 10:00:00,42.02
2015-04-14 11:00:00,42.29
2015-04-14 12:00:00,42.05
2015-04-14 13:00:00,42.34
2015-04-14 14:00:00,41.97
2015-04-14 15:00:00,42.25
2015-04-14 16:00:00,42.23
2015-04-14 17:00:00,42.06
2015-04-14 18:00:00,42.17
2015-04-14 19:00:00,39.27
2015-04-14 20:00:00,42.1
2015-04-14 21:00:00,42.13
2015-04-14 22:00:00,42.12
2015-04-14 23:00:00,39.8
2015-04-15 00:00:00,6.55
2015-04-15 01:00:00,41.86
2015-04-15 02:00:00,42.51
2015-04-15 03:00:00,42.84
2015-04-15 04:00:00,42.51
2015-04-15 05:00:00,42.35
2015-04-15 06:00:00,42.3
2015-04-15 07:00:00,42.32
2015-04-15 08:00:00,42.52
2015-04-15 09:00:00,42.34
2015-04-15 10:00:00,42.39
2015-04-15 11:00:00,42.44
2015-04-15 12:00:00,42.43
2015-04-15 13:00:00,42.42
2015-04-15 14:00:00,42.45
2015-04-15 15:00:00,42.41
2015-04-15 16:00:00,42.46
2015-04-15 17:00:00,42.54
2015-04-15 18:00:00,42.31
2015-04-15 19:00:00,42.28
2015-04-15 20:00:00,42.42
2015-04-15 21:00:00,42.45
2015-04-15 22:00:00,42.36
2015-04-15 23:00:00,38.04
2015-04-16 00:00:00,5.96
2015-04-16 01:00:00,42.22
2015-04-16 02:00:00,42.11
2015-04-16 03:00:00,42.1
2015-04-16 04:00:00,42.26
2015-04-16 05:00:00,41.95
2015-04-16 06:00:00,42.65
2015-04-16 07:00:00,41.79
2015-04-16 08:00:00,41.73
2015-04-16 09:00:00,42.64
2015-04-16 10:00:00,42.01
2015-04-16 11:00:00,42.43
2015-04-16 12:00:00,42.39
2015-04-16 13:00:00,42.45
2015-04-16 14:00:00,42.5
2015-04-16 15:00:00,42.31
2015-04-16 16:00:00,42.61
2015-04-16 17:00:00,42.37
2015-04-16 18:00:00,42.32
2015-04-16 19:00:00,42.45
2015-04-16 20:00:00,42.39
2015-04-16 21:00:00,42.48
2015-04-16 22:00:00,42.4
2015-04-16 23:00:00,35.19
2015-04-17 00:00:00,2.42
2015-04-17 01:00:00,42.92
2015-04-17 02:00:00,42.54
2015-04-17 03:00:00,42.99
2015-04-17 04:00:00,42.83
2015-04-17 05:00:00,42.84
2015-04-17 06:00:00,42.8
2015-04-17 07:00:00,42.66
2015-04-17 08:00:00,43.02
2015-04-17 09:00:00,43.03
2015-04-17 10:00:00,42.62
2015-04-17 11:00:00,42.88
2015-04-17 12:00:00,42.81
2015-04-17 13:00:00,42.89
2015-04-17 14:00:00,43
2015-04-17 15:00:00,42.66
2015-04-17 16:00:00,42.8
2015-04-17 17:00:00,42.67
2015-04-17 18:00:00,42.68
2015-04-17 19:00:00,42.53
2015-04-17 20:00:00,42.54
2015-04-17 21:00:00,42.57
2015-04-17 22:00:00,42.57
2015-04-17 23:00:00,36.59
2015-04-18 00:00:00,6.3
2015-04-18 01:00:00,43.18
2015-04-18 02:00:00,43.1
2015-04-18 03:00:00,43.57
2015-04-18 04:00:00,43.91
2015-04-18 05:00:00,44.19
2015-04-18 06:00:00,43.98
2015-04-18 07:00:00,44.21
2015-04-18 08:00:00,44.24
2015-04-18 09:00:00,44.02
2015-04-18 10:00:00,44.16
2015-04-18 11:00:00,44.17
2015-04-18 12:00:00,44.22
2015-04-18 13:00:00,44.09
2015-04-18 14:00:00,44.21
2015-04-18 15:00:00,44.09
2015-04-18 16:00:00,44.11
2015-04-18 17:00:00,44.14
2015-04-18 18:00:00,44.08
2015-04-18 19:00:00,44.09
2015-04-18 20:00:00,44.11
2015-04-18 21:00:00,44.17
2015-04-18 22:00:00,44.16
2015-04-18 23:00:00,42.7
2015-04-19 00:00:00,2.42
2015-04-19 01:00:00,2.42
2015-04-19 02:00:00,2.42
2015-04-19 03:00:00,2.42
2015-04-19 04:00:00,2.42
2015-04-19 05:00:00,2.42
2015-04-19 06:00:00,2.42
2015-04-19 07:00:00,2.42
2015-04-19 08:00:00,2.42
2015-04-19 09:00:00,2.42
2015-04-19 10:00:00,2.42
2015-04-19 11:00:00,2.42
2015-04-19 12:00:00,2.42
2015-04-19 13:00:00,2.42
2015-04-19 14:00:00,2.42
2015-04-19 15:00:00,2.42
2015-04-19 16:00:00,2.42
2015-04-19 17:00:00,2.42
2015-04-19 18:00:00,2.42
2015-04-19 19:00:00,2.42
2015-04-19 20:00:00,2.42
2015-04-19 21:00:00,2.42
2015-04-19 22:00:00,2.42
2015-04-19 23:00:00,2.42
2015-04-20 00:00:00,2.42
2015-04-20 01:00:00,2.42
2015-04-20 02:00:00,2.42
2015-04-20 03:00:00,2.42
2015-04-20 04:00:00,2.42
2015-04-20 05:00:00,2.42
2015-04-20 06:00:00,2.42
2015-04-20 07:00:00,2.42
2015-04-20 08:00:00,2.42
2015-04-20 09:00:00,2.42
2015-04-20 10:00:00,2.42
2015-04-20 11:00:00,2.42
2015-04-20 12:00:00,2.42
2015-04-20 13:00:00,2.42
2015-04-20 14:00:00,2.42
2015-04-20 15:00:00,2.42
2015-04-20 16:00:00,2.42
2015-04-20 17:00:00,2.42
2015-04-20 18:00:00,2.42
2015-04-20 19:00:00,2.42
2015-04-20 20:00:00,2.42
2015-04-20 21:00:00,2.42
2015-04-20 22:00:00,2.42
2015-04-20 23:00:00,2.42
2015-04-21 00:00:00,2.42
2015-04-21 01:00:00,2.42
2015-04-21 02:00:00,2.42
2015-04-21 03:00:00,2.42
2015-04-21 04:00:00,2.42
2015-04-21 05:00:00,2.42
2015-04-21 06:00:00,2.42
2015-04-21 07:00:00,2.42
2015-04-21 08:00:00,2.42
2015-04-21 09:00:00,2.42
2015-04-21 10:00:00,2.42
2015-04-21 11:00:00,2.42
2015-04-21 12:00:00,2.42
2015-04-21 13:00:00,2.42
2015-04-21 14:00:00,2.42
2015-04-21 15:00:00,2.42
2015-04-21 16:00:00,2.42
2015-04-21 17:00:00,2.42
2015-04-21 18:00:00,2.42
2015-04-21 19:00:00,2.42
2015-04-21 20:00:00,2.42
2015-04-21 21:00:00,2.42
2015-04-21 22:00:00,2.42
2015-04-21 23:00:00,2.42
2015-04-22 00:00:00,2.42
2015-04-22 01:00:00,2.42
2015-04-22 02:00:00,2.42
2015-04-22 03:00:00,2.42
2015-04-22 04:00:00,2.42
2015-04-22 05:00:00,2.42
2015-04-22 06:00:00,2.42
2015-04-22 07:00:00,2.42
2015-04-22 08:00:00,2.42
2015-04-22 09:00:00,2.42
2015-04-22 10:00:00,2.42
2015-04-22 11:00:00,2.42
2015-04-22 12:00:00,2.42
2015-04-22 13:00:00,2.42
2015-04-22 14:00:00,2.42
2015-04-22 15:00:00,2.42
2015-04-22 16:00:00,2.42
2015-04-22 17:00:00,2.42
2015-04-22 18:00:00,2.42
2015-04-22 19:00:00,2.42
2015-04-22 20:00:00,2.42
2015-04-22 21:00:00,2.42
2015-04-22 22:00:00,2.42
2015-04-22 23:00:00,2.42
2015-04-23 00:00:00,2.42
2015-04-23 01:00:00,2.42
2015-04-23 02:00:00,2.42
2015-04-23 03:00:00,2.42
2015-04-23 04:00:00,2.42
2015-04-23 05:00:00,2.42
2015-04-23 06:00:00,2.42
2015-04-23 07:00:00,2.42
2015-04-23 08:00:00,2.42
2015-04-23 09:00:00,2.42
2015-04-23 10:00:00,2.42
2015-04-23 11:00:00,2.42
2015-04-23 12:00:00,2.42
2015-04-23 13:00:00,2.42
2015-04-23 14:00:00,2.42
2015-04-23 15:00:00,2.42
2015-04-23 16:00:00,2.42
2015-04-23 17:00:00,2.42
2015-04-23 18:00:00,2.42
2015-04-23 19:00:00,2.42
2015-04-23 20:00:00,2.42
2015-04-23 21:00:00,2.42
2015-04-23 22:00:00,2.42
2015-04-23 23:00:00,2.42
2015-04-24 00:00:00,2.42
2015-04-24 01:00:00,2.42
2015-04-24 02:00:00,2.42
2015-04-24 03:00:00,2.42
2015-04-24 04:00:00,2.42
2015-04-24 05:00:00,2.42
2015-04-24 06:00:00,2.42
2015-04-24 07:00:00,2.42
2015-04-24 08:00:00,2.42
2015-04-24 09:00:00,2.42
2015-04-24 10:00:00,2.42
2015-04-24 11:00:00,2.42
2015-04-24 12:00:00,2.42
2015-04-24 13:00:00,2.42
2015-04-24 14:00:00,2.42
2015-04-24 15:00:00,2.42
2015-04-24 16:00:00,2.42
2015-04-24 17:00:00,2.42
2015-04-24 18:00:00,2.42
2015-04-24 19:00:00,2.42
2015-04-24 20:00:00,2.42
2015-04-24 21:00:00,2.42
2015-04-24 22:00:00,2.42
2015-04-24 23:00:00,2.42
2015-04-25 00:00:00,2.42
2015-04-25 01:00:00,2.42
2015-04-25 02:00:00,2.42
2015-04-25 03:00:00,2.42
2015-04-25 04:00:00,2.42
2015-04-25 05:00:00,2.42
2015-04-25 06:00:00,2.42
2015-04-25 07:00:00,2.42
2015-04-25 08:00:00,2.42
2015-04-25 09:00:00,2.42
2015-04-25 10:00:00,2.42
2015-04-25 11:00:00,2.42
2015-04-25 12:00:00,2.42
2015-04-25 13:00:00,2.42
2015-04-25 14:00:00,2.42
2015-04-25 15:00:00,2.42
2015-04-25 16:00:00,2.42
2015-04-25 17:00:00,2.42
2015-04-25 18:00:00,2.42
2015-04-25 19:00:00,2.42
2015-04-25 20:00:00,2.42
2015-04-25 21:00:00,2.42
2015-04-25 22:00:00,2.42
2015-04-25 23:00:00,2.42
2015-04-26 00:00:00,2.42
2015-04-26 01:00:00,2.42
2015-04-26 02:00:00,2.42
2015-04-26 03:00:00,2.42
2015-04-26 04:00:00,2.42
2015-04-26 05:00:00,2.42
2015-04-26 06:00:00,2.42
2015-04-26 07:00:00,2.42
2015-04-26 08:00:00,2.42
2015-04-26 09:00:00,2.42
2015-04-26 10:00:00,2.42
2015-04-26 11:00:00,2.42
2015-04-26 12:00:00,2.42
2015-04-26 13:00:00,2.42
2015-04-26 14:00:00,2.42
2015-04-26 15:00:00,2.42
2015-04-26 16:00:00,2.42
2015-04-26 17:00:00,2.42
2015-04-26 18:00:00,2.42
2015-04-26 19:00:00,2.42
2015-04-26 20:00:00,2.42
2015-04-26 21:00:00,2.42
2015-04-26 22:00:00,2.42
2015-04-26 23:00:00,2.42
2015-04-27 00:00:00,2.42
2015-04-27 01:00:00,2.42
2015-04-27 02:00:00,2.42
2015-04-27 03:00:00,2.42
2015-04-27 04:00:00,2.42
2015-04-27 05:00:00,2.42
2015-04-27 06:00:00,2.42
2015-04-27 07:00:00,0
2015-04-27 08:00:00,0
2015-04-27 09:00:00,0
2015-04-27 10:00:00,0
2015-04-27 11:00:00,0
2015-04-27 12:00:00,0
2015-04-27 13:00:00,0
2015-04-27 14:00:00,0
2015-04-27 15:00:00,0
2015-04-27 16:00:00,0
2015-04-27 17:00:00,0
2015-04-27 18:00:00,0
2015-04-27 19:00:00,0
2015-04-27 20:00:00,0
2015-04-27 21:00:00,0
2015-04-27 22:00:00,0
2015-04-27 23:00:00,0
2015-04-28 00:00:00,2.42
2015-04-28 01:00:00,2.42
2015-04-28 02:00:00,2.42
2015-04-28 03:00:00,2.42
2015-04-28 04:00:00,2.42
2015-04-28 05:00:00,2.42
2015-04-28 06:00:00,2.42
2015-04-28 07:00:00,2.42
2015-04-28 08:00:00,2.42
2015-04-28 09:00:00,2.42
2015-04-28 10:00:00,2.42
2015-04-28 11:00:00,2.42
2015-04-28 12:00:00,2.42
2015-04-28 13:00:00,2.42
2015-04-28 14:00:00,2.42
2015-04-28 15:00:00,2.42
2015-04-28 16:00:00,2.42
2015-04-28 17:00:00,2.42
2015-04-28 18:00:00,2.42
2015-04-28 19:00:00,2.42
2015-04-28 20:00:00,2.42
2015-04-28 21:00:00,2.42
2015-04-28 22:00:00,2.42
2015-04-28 23:00:00,2.42
2015-04-29 00:00:00,2.42
2015-04-29 01:00:00,2.42
2015-04-29 02:00:00,2.42
2015-04-29 03:00:00,2.42
2015-04-29 04:00:00,2.42
2015-04-29 05:00:00,2.42
2015-04-29 06:00:00,2.42
2015-04-29 07:00:00,2.42
2015-04-29 08:00:00,2.42
2015-04-29 09:00:00,2.42
2015-04-29 10:00:00,2.42
2015-04-29 11:00:00,2.42
2015-04-29 12:00:00,2.42
2015-04-29 13:00:00,2.42
2015-04-29 14:00:00,2.42
2015-04-29 15:00:00,2.42
2015-04-29 16:00:00,2.42
2015-04-29 17:00:00,2.42
2015-04-29 18:00:00,2.42
2015-04-29 19:00:00,2.42
2015-04-29 20:00:00,2.42
2015-04-29 21:00:00,2.42
2015-04-29 22:00:00,2.42
2015-04-29 23:00:00,2.42
2015-04-30 00:00:00,2.42
2015-04-30 01:00:00,2.42
2015-04-30 02:00:00,2.42
2015-04-30 03:00:00,2.42
2015-04-30 04:00:00,2.42
2015-04-30 05:00:00,2.42
2015-04-30 06:00:00,2.42
2015-04-30 07:00:00,2.42
2015-04-30 08:00:00,2.42
2015-04-30 09:00:00,2.42
2015-04-30 10:00:00,2.42
2015-04-30 11:00:00,2.42
2015-04-30 12:00:00,2.42
2015-04-30 13:00:00,2.42
2015-04-30 14:00:00,2.42
2015-04-30 15:00:00,2.42
2015-04-30 16:00:00,2.42
2015-04-30 17:00:00,2.42
2015-04-30 18:00:00,2.42
2015-04-30 19:00:00,2.42
2015-04-30 20:00:00,2.42
2015-04-30 21:00:00,2.42
2015-04-30 22:00:00,2.42
2015-04-30 23:00:00,2.42
2015-05-01 00:00:00,2.42
2015-05-01 01:00:00,2.42
2015-05-01 02:00:00,2.42
2015-05-01 03:00:00,2.42
2015-05-01 04:00:00,2.42
2015-05-01 05:00:00,2.42
2015-05-01 06:00:00,2.42
2015-05-01 07:00:00,0
2015-05-01 08:00:00,0
2015-05-01 09:00:00,0
2015-05-01 10:00:00,0
2015-05-01 11:00:00,0
2015-05-01 12:00:00,0
2015-05-01 13:00:00,0
2015-05-01 14:00:00,0
2015-05-01 15:00:00,0
2015-05-01 16:00:00,0
2015-05-01 17:00:00,0
2015-05-01 18:00:00,0
2015-05-01 19:00:00,0
2015-05-01 20:00:00,0
2015-05-01 21:00:00,0
2015-05-01 22:00:00,0
2015-05-01 23:00:00,0
2015-05-02 00:00:00,2.42
2015-05-02 01:00:00,2.42
2015-05-02 02:00:00,2.42
2015-05-02 03:00:00,2.42
2015-05-02 04:00:00,2.42
2015-05-02 05:00:00,2.42
2015-05-02 06:00:00,2.42
2015-05-02 07:00:00,2.42
2015-05-02 08:00:00,2.42
2015-05-02 09:00:00,2.42
2015-05-02 10:00:00,2.42
2015-05-02 11:00:00,2.42
2015-05-02 12:00:00,2.42
2015-05-02 13:00:00,2.42
2015-05-02 14:00:00,2.42
2015-05-02 15:00:00,2.42
2015-05-02 16:00:00,2.42
2015-05-02 17:00:00,2.42
2015-05-02 18:00:00,2.42
2015-05-02 19:00:00,2.42
2015-05-02 20:00:00,2.42
2015-05-02 21:00:00,2.42
2015-05-02 22:00:00,2.42
2015-05-02 23:00:00,2.42
2015-05-03 00:00:00,2.42
2015-05-03 01:00:00,2.42
2015-05-03 02:00:00,2.42
2015-05-03 03:00:00,2.42
2015-05-03 04:00:00,2.42
2015-05-03 05:00:00,2.42
2015-05-03 06:00:00,2.42
2015-05-03 07:00:00,2.42
2015-05-03 08:00:00,2.42
2015-05-03 09:00:00,2.42
2015-05-03 10:00:00,2.42
2015-05-03 11:00:00,2.42
2015-05-03 12:00:00,2.42
2015-05-03 13:00:00,2.42
2015-05-03 14:00:00,2.42
2015-05-03 15:00:00,2.42
2015-05-03 16:00:00,2.42
2015-05-03 17:00:00,2.42
2015-05-03 18:00:00,2.42
2015-05-03 19:00:00,2.42
2015-05-03 20:00:00,2.42
2015-05-03 21:00:00,2.42
2015-05-03 22:00:00,2.42
2015-05-03 23:00:00,2.42
2015-05-04 00:00:00,2.42
2015-05-04 01:00:00,2.42
2015-05-04 02:00:00,2.42
2015-05-04 03:00:00,2.42
2015-05-04 04:00:00,2.42
2015-05-04 05:00:00,2.42
2015-05-04 06:00:00,2.42
2015-05-04 07:00:00,2.42
2015-05-04 08:00:00,2.42
2015-05-04 09:00:00,2.42
2015-05-04 10:00:00,2.42
2015-05-04 11:00:00,2.42
2015-05-04 12:00:00,2.42
2015-05-04 13:00:00,2.42
2015-05-04 14:00:00,2.42
2015-05-04 15:00:00,2.42
2015-05-04 16:00:00,2.42
2015-05-04 17:00:00,2.42
2015-05-04 18:00:00,2.42
2015-05-04 19:00:00,2.42
2015-05-04 20:00:00,2.42
2015-05-04 21:00:00,2.42
2015-05-04 22:00:00,2.42
2015-05-04 23:00:00,2.42
2015-05-05 00:00:00,2.42
2015-05-05 01:00:00,2.42
2015-05-05 02:00:00,2.42
2015-05-05 03:00:00,2.42
2015-05-05 04:00:00,2.42
2015-05-05 05:00:00,2.42
2015-05-05 06:00:00,2.42
2015-05-05 07:00:00,2.42
2015-05-05 08:00:00,2.42
2015-05-05 09:00:00,2.42
2015-05-05 10:00:00,2.42
2015-05-05 11:00:00,2.42
2015-05-05 12:00:00,2.42
2015-05-05 13:00:00,2.42
2015-05-05 14:00:00,2.42
2015-05-05 15:00:00,2.42
2015-05-05 16:00:00,2.42
2015-05-05 17:00:00,2.42
2015-05-05 18:00:00,2.42
2015-05-05 19:00:00,2.42
2015-05-05 20:00:00,2.42
2015-05-05 21:00:00,2.42
2015-05-05 22:00:00,2.42
2015-05-05 23:00:00,2.42
2015-05-06 00:00:00,2.42
2015-05-06 01:00:00,2.42
2015-05-06 02:00:00,2.42
2015-05-06 03:00:00,2.42
2015-05-06 04:00:00,2.42
2015-05-06 05:00:00,2.42
2015-05-06 06:00:00,2.42
2015-05-06 07:00:00,2.42
2015-05-06 08:00:00,2.42
2015-05-06 09:00:00,2.42
2015-05-06 10:00:00,2.42
2015-05-06 11:00:00,2.42
2015-05-06 12:00:00,2.42
2015-05-06 13:00:00,2.42
2015-05-06 14:00:00,2.42
2015-05-06 15:00:00,2.42
2015-05-06 16:00:00,2.42
2015-05-06 17:00:00,2.42
2015-05-06 18:00:00,2.42
2015-05-06 19:00:00,2.42
2015-05-06 20:00:00,2.42
2015-05-06 21:00:00,2.42
2015-05-06 22:00:00,2.42
2015-05-06 23:00:00,2.42
2015-05-07 00:00:00,2.42
2015-05-07 01:00:00,2.42
2015-05-07 02:00:00,2.42
2015-05-07 03:00:00,2.42
2015-05-07 04:00:00,2.42
2015-05-07 05:00:00,2.42
2015-05-07 06:00:00,2.42
2015-05-07 07:00:00,2.42
2015-05-07 08:00:00,2.42
2015-05-07 09:00:00,2.42
2015-05-07 10:00:00,2.42
2015-05-07 11:00:00,2.42
2015-05-07 12:00:00,2.42
2015-05-07 13:00:00,2.42
2015-05-07 14:00:00,2.42
2015-05-07 15:00:00,2.42
2015-05-07 16:00:00,2.42
2015-05-07 17:00:00,2.42
2015-05-07 18:00:00,2.42
2015-05-07 19:00:00,2.42
2015-05-07 20:00:00,2.42
2015-05-07 21:00:00,2.42
2015-05-07 22:00:00,2.42
2015-05-07 23:00:00,2.42
2015-05-08 00:00:00,2.42
2015-05-08 01:00:00,2.42
2015-05-08 02:00:00,2.42
2015-05-08 03:00:00,2.42
2015-05-08 04:00:00,2.42
2015-05-08 05:00:00,2.42
2015-05-08 06:00:00,2.42
2015-05-08 07:00:00,2.42
2015-05-08 08:00:00,2.42
2015-05-08 09:00:00,2.42
2015-05-08 10:00:00,2.42
2015-05-08 11:00:00,2.42
2015-05-08 12:00:00,2.42
2015-05-08 13:00:00,2.42
2015-05-08 14:00:00,2.42
2015-05-08 15:00:00,2.42
2015-05-08 16:00:00,2.42
2015-05-08 17:00:00,2.42
2015-05-08 18:00:00,2.42
2015-05-08 19:00:00,2.42
2015-05-08 20:00:00,2.42
2015-05-08 21:00:00,2.42
2015-05-08 22:00:00,2.42
2015-05-08 23:00:00,2.42
2015-05-09 00:00:00,2.42
2015-05-09 01:00:00,2.42
2015-05-09 02:00:00,2.42
2015-05-09 03:00:00,2.42
2015-05-09 04:00:00,2.42
2015-05-09 05:00:00,2.42
2015-05-09 06:00:00,2.42
2015-05-09 07:00:00,2.42
2015-05-09 08:00:00,2.42
2015-05-09 09:00:00,2.42
2015-05-09 10:00:00,2.42
2015-05-09 11:00:00,2.42
2015-05-09 12:00:00,2.42
2015-05-09 13:00:00,2.420000007
2015-05-09 14:00:00,41.24
2015-05-09 15:00:00,43.63
2015-05-09 16:00:00,5.499999999
2015-05-09 17:00:00,2.42
2015-05-09 18:00:00,2.42
2015-05-09 19:00:00,43.94
2015-05-09 20:00:00,44.12
2015-05-09 21:00:00,44.18
2015-05-09 22:00:00,44.15
2015-05-09 23:00:00,38.84
2015-05-10 00:00:00,8.32
2015-05-10 01:00:00,42.95
2015-05-10 02:00:00,43.29
2015-05-10 03:00:00,43.78
2015-05-10 04:00:00,43.69
2015-05-10 05:00:00,43.71
2015-05-10 06:00:00,43.75
2015-05-10 07:00:00,44.18
2015-05-10 08:00:00,44.73
2015-05-10 09:00:00,42.8
2015-05-10 10:00:00,44.14
2015-05-10 11:00:00,44.02
2015-05-10 12:00:00,44.13
2015-05-10 13:00:00,43.97
2015-05-10 14:00:00,44.12
2015-05-10 15:00:00,43.94
2015-05-10 16:00:00,44
2015-05-10 17:00:00,43.96
2015-05-10 18:00:00,43.93
2015-05-10 19:00:00,44.03
2015-05-10 20:00:00,44.01
2015-05-10 21:00:00,44.04
2015-05-10 22:00:00,44.13
2015-05-10 23:00:00,39.69
2015-05-11 00:00:00,2.42
2015-05-11 01:00:00,2.42
2015-05-11 02:00:00,2.42
2015-05-11 03:00:00,2.42
2015-05-11 04:00:00,2.42
2015-05-11 05:00:00,2.42
2015-05-11 06:00:00,2.42
2015-05-11 07:00:00,3.730000006
2015-05-11 08:00:00,35.77
2015-05-11 09:00:00,41.89
2015-05-11 10:00:00,41.84
2015-05-11 11:00:00,41.85
2015-05-11 12:00:00,41.84
2015-05-11 13:00:00,41.85
2015-05-11 14:00:00,41.9
2015-05-11 15:00:00,41.56
2015-05-11 16:00:00,42.28
2015-05-11 17:00:00,41.53
2015-05-11 18:00:00,38.43
2015-05-11 19:00:00,38.41
2015-05-11 20:00:00,38.45
2015-05-11 21:00:00,37.51
2015-05-11 22:00:00,2.42
2015-05-11 23:00:00,2.42
2015-05-12 00:00:00,2.42
2015-05-12 01:00:00,2.42
2015-05-12 02:00:00,2.42
2015-05-12 03:00:00,2.42
2015-05-12 04:00:00,2.42
2015-05-12 05:00:00,2.42
2015-05-12 06:00:00,2.42
2015-05-12 07:00:00,2.420000006
2015-05-12 08:00:00,36.46
2015-05-12 09:00:00,37.64
2015-05-12 10:00:00,37.54
2015-05-12 11:00:00,41.61
2015-05-12 12:00:00,41.55
2015-05-12 13:00:00,41.57
2015-05-12 14:00:00,41.54
2015-05-12 15:00:00,41.35
2015-05-12 16:00:00,39.08
2015-05-12 17:00:00,38.93
2015-05-12 18:00:00,38.99
2015-05-12 19:00:00,41.91
2015-05-12 20:00:00,41.81
2015-05-12 21:00:00,41.86
2015-05-12 22:00:00,40.17999999
2015-05-12 23:00:00,2.42
2015-05-13 00:00:00,2.42
2015-05-13 01:00:00,1.78
2015-05-13 02:00:00,1.78
2015-05-13 03:00:00,1.78
2015-05-13 04:00:00,1.780000001
2015-05-13 05:00:00,5.26
2015-05-13 06:00:00,28.98
2015-05-13 07:00:00,33.99
2015-05-13 08:00:00,29.63
2015-05-13 09:00:00,34.18
2015-05-13 10:00:00,33.88
2015-05-13 11:00:00,34.23
2015-05-13 12:00:00,34.25
2015-05-13 13:00:00,34.17
2015-05-13 14:00:00,34.12
2015-05-13 15:00:00,34.4
2015-05-13 16:00:00,34.84
2015-05-13 17:00:00,34.4
2015-05-13 18:00:00,34.41
2015-05-13 19:00:00,34.17
2015-05-13 20:00:00,34.42
2015-05-13 21:00:00,34.4
2015-05-13 22:00:00,34.94
2015-05-13 23:00:00,31.55
2015-05-14 00:00:00,1.78
2015-05-14 01:00:00,1.78
2015-05-14 02:00:00,1.78
2015-05-14 03:00:00,1.78
2015-05-14 04:00:00,1.780000005
2015-05-14 05:00:00,28.79
2015-05-14 06:00:00,28.98
2015-05-14 07:00:00,29.4
2015-05-14 08:00:00,29.92
2015-05-14 09:00:00,35.58
2015-05-14 10:00:00,30.87
2015-05-14 11:00:00,35.36
2015-05-14 12:00:00,35.58
2015-05-14 13:00:00,35.61
2015-05-14 14:00:00,35.34
2015-05-14 15:00:00,35.33
2015-05-14 16:00:00,35.76
2015-05-14 17:00:00,35.34
2015-05-14 18:00:00,35.27
2015-05-14 19:00:00,35.29
2015-05-14 20:00:00,36.15
2015-05-14 21:00:00,35.24
2015-05-14 22:00:00,34.45999999
2015-05-14 23:00:00,1.78
2015-05-15 00:00:00,1.78
2015-05-15 01:00:00,1.78
2015-05-15 02:00:00,1.78
2015-05-15 03:00:00,1.78
2015-05-15 04:00:00,1.780000005
2015-05-15 05:00:00,30.16
2015-05-15 06:00:00,30.03
2015-05-15 07:00:00,30.26
2015-05-15 08:00:00,30
2015-05-15 09:00:00,31.32
2015-05-15 10:00:00,35.31
2015-05-15 11:00:00,37.13
2015-05-15 12:00:00,35.81
2015-05-15 13:00:00,35.96
2015-05-15 14:00:00,35.83
2015-05-15 15:00:00,35.88
2015-05-15 16:00:00,35.95
2015-05-15 17:00:00,35.87
2015-05-15 18:00:00,35.91
2015-05-15 19:00:00,35.78
2015-05-15 20:00:00,35.76
2015-05-15 21:00:00,36.03
2015-05-15 22:00:00,33.95999999
2015-05-15 23:00:00,1.78
2015-05-16 00:00:00,1.78
2015-05-16 01:00:00,1.78
2015-05-16 02:00:00,1.78
2015-05-16 03:00:00,1.78
2015-05-16 04:00:00,1.78
2015-05-16 05:00:00,1.78
2015-05-16 06:00:00,1.78
2015-05-16 07:00:00,1.78
2015-05-16 08:00:00,1.78
2015-05-16 09:00:00,4.38
2015-05-16 10:00:00,33.62
2015-05-16 11:00:00,33.5
2015-05-16 12:00:00,33.33
2015-05-16 13:00:00,33.29
2015-05-16 14:00:00,33.07
2015-05-16 15:00:00,33.26
2015-05-16 16:00:00,34.63
2015-05-16 17:00:00,32.02
2015-05-16 18:00:00,33.17
2015-05-16 19:00:00,32.99
2015-05-16 20:00:00,33.49
2015-05-16 21:00:00,33.02
2015-05-16 22:00:00,33.04
2015-05-16 23:00:00,27.65
2015-05-17 00:00:00,0
2015-05-17 01:00:00,1.78
2015-05-17 02:00:00,1.78
2015-05-17 03:00:00,1.78
2015-05-17 04:00:00,1.78
2015-05-17 05:00:00,1.78
2015-05-17 06:00:00,28.06
2015-05-17 07:00:00,19.85
2015-05-17 08:00:00,29.6
2015-05-17 09:00:00,34.63
2015-05-17 10:00:00,34.68
2015-05-17 11:00:00,34.39
2015-05-17 12:00:00,34.42
2015-05-17 13:00:00,35.96
2015-05-17 14:00:00,34.98
2015-05-17 15:00:00,34.88
2015-05-17 16:00:00,34.45
2015-05-17 17:00:00,25.59
2015-05-17 18:00:00,24.9
2015-05-17 19:00:00,34.32
2015-05-17 20:00:00,34.79
2015-05-17 21:00:00,34.65
2015-05-17 22:00:00,34.33
2015-05-17 23:00:00,34.17
2015-05-18 00:00:00,1.78
2015-05-18 01:00:00,1.78
2015-05-18 02:00:00,1.78
2015-05-18 03:00:00,1.78
2015-05-18 04:00:00,1.78
2015-05-18 05:00:00,1.78
2015-05-18 06:00:00,1.78
2015-05-18 07:00:00,1.780000001
2015-05-18 08:00:00,7.58
2015-05-18 09:00:00,35.21
2015-05-18 10:00:00,35.56
2015-05-18 11:00:00,35.71
2015-05-18 12:00:00,35.47
2015-05-18 13:00:00,35.59
2015-05-18 14:00:00,35.69
2015-05-18 15:00:00,35.69
2015-05-18 16:00:00,35.27
2015-05-18 17:00:00,35.62
2015-05-18 18:00:00,35.52
2015-05-18 19:00:00,35.73
2015-05-18 20:00:00,35.56
2015-05-18 21:00:00,35.47
2015-05-18 22:00:00,35.67
2015-05-18 23:00:00,32.94
2015-05-19 00:00:00,1.78
2015-05-19 01:00:00,1.78
2015-05-19 02:00:00,1.78
2015-05-19 03:00:00,1.78
2015-05-19 04:00:00,1.78
2015-05-19 05:00:00,1.78
2015-05-19 06:00:00,1.78
2015-05-19 07:00:00,27.12
2015-05-19 08:00:00,27.93
2015-05-19 09:00:00,35.33
2015-05-19 10:00:00,35.29
2015-05-19 11:00:00,35.56
2015-05-19 12:00:00,35.52
2015-05-19 13:00:00,35.51
2015-05-19 14:00:00,35.52
2015-05-19 15:00:00,35.42
2015-05-19 16:00:00,35.49
2015-05-19 17:00:00,35.39
2015-05-19 18:00:00,35.49
2015-05-19 19:00:00,35.62
2015-05-19 20:00:00,35.29
2015-05-19 21:00:00,35.52
2015-05-19 22:00:00,35.47999999
2015-05-19 23:00:00,6.63
2015-05-20 00:00:00,1.78
2015-05-20 01:00:00,1.78
2015-05-20 02:00:00,1.78
2015-05-20 03:00:00,1.78
2015-05-20 04:00:00,1.78
2015-05-20 05:00:00,1.78
2015-05-20 06:00:00,22.16
2015-05-20 07:00:00,18.4
2015-05-20 08:00:00,18.84
2015-05-20 09:00:00,35.38
2015-05-20 10:00:00,35.44
2015-05-20 11:00:00,35.48
2015-05-20 12:00:00,35.5
2015-05-20 13:00:00,35.49
2015-05-20 14:00:00,35.36
2015-05-20 15:00:00,35.47
2015-05-20 16:00:00,35.65
2015-05-20 17:00:00,35.81
2015-05-20 18:00:00,35.79
2015-05-20 19:00:00,35.89
2015-05-20 20:00:00,35.79
2015-05-20 21:00:00,36
2015-05-20 22:00:00,35.43
2015-05-20 23:00:00,18.1
2015-05-21 00:00:00,1.78
2015-05-21 01:00:00,1.78
2015-05-21 02:00:00,1.78
2015-05-21 03:00:00,1.78
2015-05-21 04:00:00,1.78
2015-05-21 05:00:00,1.78
2015-05-21 06:00:00,1.78
2015-05-21 07:00:00,1.780000005
2015-05-21 08:00:00,28.85
2015-05-21 09:00:00,36.62
2015-05-21 10:00:00,36.7
2015-05-21 11:00:00,36.43
2015-05-21 12:00:00,36.71
2015-05-21 13:00:00,36.3
2015-05-21 14:00:00,36.06
2015-05-21 15:00:00,35.6
2015-05-21 16:00:00,35.8
2015-05-21 17:00:00,30.62
2015-05-21 18:00:00,30.47
2015-05-21 19:00:00,35.47
2015-05-21 20:00:00,35.5
2015-05-21 21:00:00,35.52
2015-05-21 22:00:00,34.13999999
2015-05-21 23:00:00,1.78
2015-05-22 00:00:00,1.78
2015-05-22 01:00:00,1.78
2015-05-22 02:00:00,1.78
2015-05-22 03:00:00,1.78
2015-05-22 04:00:00,1.78
2015-05-22 05:00:00,1.78
2015-05-22 06:00:00,1.78
2015-05-22 07:00:00,1.78
2015-05-22 08:00:00,1.78
2015-05-22 09:00:00,8.49
2015-05-22 10:00:00,35.59
2015-05-22 11:00:00,36.41
2015-05-22 12:00:00,35.59
2015-05-22 13:00:00,36.22
2015-05-22 14:00:00,35.56
2015-05-22 15:00:00,36.05
2015-05-22 16:00:00,36.21
2015-05-22 17:00:00,33.92
2015-05-22 18:00:00,33.56
2015-05-22 19:00:00,33.63
2015-05-22 20:00:00,33.58
2015-05-22 21:00:00,33.63
2015-05-22 22:00:00,33.52
2015-05-22 23:00:00,18.81
2015-05-23 00:00:00,1.78
2015-05-23 01:00:00,1.78
2015-05-23 02:00:00,1.78
2015-05-23 03:00:00,1.78
2015-05-23 04:00:00,1.78
2015-05-23 05:00:00,1.78
2015-05-23 06:00:00,1.78
2015-05-23 07:00:00,1.78
2015-05-23 08:00:00,1.78
2015-05-23 09:00:00,1.78
2015-05-23 10:00:00,1.780000005
2015-05-23 11:00:00,27.87
2015-05-23 12:00:00,35.07
2015-05-23 13:00:00,35.08
2015-05-23 14:00:00,35.37
2015-05-23 15:00:00,35.02
2015-05-23 16:00:00,35.12
2015-05-23 17:00:00,19.71
2015-05-23 18:00:00,20.42
2015-05-23 19:00:00,35.52
2015-05-23 20:00:00,35.84
2015-05-23 21:00:00,35.77
2015-05-23 22:00:00,35.85
2015-05-23 23:00:00,34.44
2015-05-24 00:00:00,1.78
2015-05-24 01:00:00,1.78
2015-05-24 02:00:00,1.78
2015-05-24 03:00:00,1.78
2015-05-24 04:00:00,1.78
2015-05-24 05:00:00,1.78
2015-05-24 06:00:00,1.78
2015-05-24 07:00:00,1.780000005
2015-05-24 08:00:00,28.85
2015-05-24 09:00:00,36.62
2015-05-24 10:00:00,36.7
2015-05-24 11:00:00,36.43
2015-05-24 12:00:00,36.71
2015-05-24 13:00:00,36.3
2015-05-24 14:00:00,36.06
2015-05-24 15:00:00,35.6
2015-05-24 16:00:00,35.8
2015-05-24 17:00:00,30.62
2015-05-24 18:00:00,30.47
2015-05-24 19:00:00,35.47
2015-05-24 20:00:00,35.5
2015-05-24 21:00:00,35.52
2015-05-24 22:00:00,34.13999999
2015-05-24 23:00:00,1.78
2015-05-25 00:00:00,0
2015-05-25 01:00:00,1.78
2015-05-25 02:00:00,1.78
2015-05-25 03:00:00,1.78
2015-05-25 04:00:00,1.78
2015-05-25 05:00:00,1.78
2015-05-25 06:00:00,1.78
2015-05-25 07:00:00,1.780000001
2015-05-25 08:00:00,8.01
2015-05-25 09:00:00,33.31
2015-05-25 10:00:00,33.68
2015-05-25 11:00:00,33.6
2015-05-25 12:00:00,32.64
2015-05-25 13:00:00,33.34
2015-05-25 14:00:00,33.54
2015-05-25 15:00:00,33.14
2015-05-25 16:00:00,31.17999999
2015-05-25 17:00:00,1.78
2015-05-25 18:00:00,1.78
2015-05-25 19:00:00,1.78
2015-05-25 20:00:00,1.78
2015-05-25 21:00:00,1.78
2015-05-25 22:00:00,1.78
2015-05-25 23:00:00,1.78
2015-05-26 00:00:00,1.78
2015-05-26 01:00:00,1.78
2015-05-26 02:00:00,1.78
2015-05-26 03:00:00,1.78
2015-05-26 04:00:00,1.78
2015-05-26 05:00:00,1.78
2015-05-26 06:00:00,1.78
2015-05-26 07:00:00,1.78
2015-05-26 08:00:00,1.78
2015-05-26 09:00:00,1.78
2015-05-26 10:00:00,1.78
2015-05-26 11:00:00,1.78
2015-05-26 12:00:00,4.62
2015-05-26 13:00:00,32.98
2015-05-26 14:00:00,33.03
2015-05-26 15:00:00,33.01
2015-05-26 16:00:00,33.04
2015-05-26 17:00:00,33.07
2015-05-26 18:00:00,33.04
2015-05-26 19:00:00,33.07
2015-05-26 20:00:00,33.3
2015-05-26 21:00:00,30.12
2015-05-26 22:00:00,1.78
2015-05-26 23:00:00,1.78
2015-05-27 00:00:00,1.78
2015-05-27 01:00:00,1.78
2015-05-27 02:00:00,1.78
2015-05-27 03:00:00,1.78
2015-05-27 04:00:00,1.78
2015-05-27 05:00:00,1.78
2015-05-27 06:00:00,1.78
2015-05-27 07:00:00,1.78
2015-05-27 08:00:00,1.78
2015-05-27 09:00:00,1.78
2015-05-27 10:00:00,1.78
2015-05-27 11:00:00,1.78
2015-05-27 12:00:00,3.17
2015-05-27 13:00:00,33.19
2015-05-27 14:00:00,35.98
2015-05-27 15:00:00,35.99
2015-05-27 16:00:00,36.08
2015-05-27 17:00:00,35.93
2015-05-27 18:00:00,36.04
2015-05-27 19:00:00,36.03
2015-05-27 20:00:00,35.91
2015-05-27 21:00:00,34.83
2015-05-27 22:00:00,1.78
2015-05-27 23:00:00,1.78
2015-05-28 00:00:00,1.78
2015-05-28 01:00:00,1.78
2015-05-28 02:00:00,1.78
2015-05-28 03:00:00,1.78
2015-05-28 04:00:00,1.78
2015-05-28 05:00:00,1.78
2015-05-28 06:00:00,1.78
2015-05-28 07:00:00,1.78
2015-05-28 08:00:00,1.78
2015-05-28 09:00:00,1.78
2015-05-28 10:00:00,1.78
2015-05-28 11:00:00,1.78
2015-05-28 12:00:00,33.92
2015-05-28 13:00:00,33.6
2015-05-28 14:00:00,33.67
2015-05-28 15:00:00,33.67
2015-05-28 16:00:00,33.16
2015-05-28 17:00:00,30.81
2015-05-28 18:00:00,30.98
2015-05-28 19:00:00,30.99
2015-05-28 20:00:00,31.04
2015-05-28 21:00:00,29.65
2015-05-28 22:00:00,1.78
2015-05-28 23:00:00,1.78
2015-05-29 00:00:00,1.78
2015-05-29 01:00:00,1.78
2015-05-29 02:00:00,1.78
2015-05-29 03:00:00,1.78
2015-05-29 04:00:00,1.78
2015-05-29 05:00:00,1.78
2015-05-29 06:00:00,1.78
2015-05-29 07:00:00,1.78
2015-05-29 08:00:00,1.78
2015-05-29 09:00:00,1.78
2015-05-29 10:00:00,1.78
2015-05-29 11:00:00,1.78
2015-05-29 12:00:00,35.49
2015-05-29 13:00:00,35.72
2015-05-29 14:00:00,30.45
2015-05-29 15:00:00,35.54
2015-05-29 16:00:00,35.45
2015-05-29 17:00:00,33.06
2015-05-29 18:00:00,24.9
2015-05-29 19:00:00,25.28
2015-05-29 20:00:00,35.56
2015-05-29 21:00:00,30.23
2015-05-29 22:00:00,1.78
2015-05-29 23:00:00,1.78
2015-05-30 00:00:00,1.78
2015-05-30 01:00:00,1.78
2015-05-30 02:00:00,1.78
2015-05-30 03:00:00,1.78
2015-05-30 04:00:00,1.78
2015-05-30 05:00:00,1.78
2015-05-30 06:00:00,1.78
2015-05-30 07:00:00,1.78
2015-05-30 08:00:00,1.78
2015-05-30 09:00:00,1.78
2015-05-30 10:00:00,1.78
2015-05-30 11:00:00,1.78
2015-05-30 12:00:00,33.01
2015-05-30 13:00:00,33.41
2015-05-30 14:00:00,33.29
2015-05-30 15:00:00,33.36
2015-05-30 16:00:00,33.16
2015-05-30 17:00:00,33.31
2015-05-30 18:00:00,33.31
2015-05-30 19:00:00,33.34
2015-05-30 20:00:00,32.39
2015-05-30 21:00:00,1.78
2015-05-30 22:00:00,1.78
2015-05-30 23:00:00,1.78
2015-05-31 00:00:00,1.78
2015-05-31 01:00:00,1.78
2015-05-31 02:00:00,1.78
2015-05-31 03:00:00,1.78
2015-05-31 04:00:00,1.78
2015-05-31 05:00:00,1.78
2015-05-31 06:00:00,1.78
2015-05-31 07:00:00,1.78
2015-05-31 08:00:00,1.78
2015-05-31 09:00:00,1.78
2015-05-31 10:00:00,1.78
2015-05-31 11:00:00,1.78
2015-05-31 12:00:00,30.22
2015-05-31 13:00:00,30.32
2015-05-31 14:00:00,30.41
2015-05-31 15:00:00,30.57
2015-05-31 16:00:00,30.58
2015-05-31 17:00:00,31.07
2015-05-31 18:00:00,31.13
2015-05-31 19:00:00,33.76
2015-05-31 20:00:00,33.72
2015-05-31 21:00:00,33.72
2015-05-31 22:00:00,33.72
2015-05-31 23:00:00,32.64
2015-06-01 00:00:00,1.78
2015-06-01 01:00:00,1.78
2015-06-01 02:00:00,1.78
2015-06-01 03:00:00,1.78
2015-06-01 04:00:00,1.78
2015-06-01 05:00:00,1.78
2015-06-01 06:00:00,1.78
2015-06-01 07:00:00,1.78
2015-06-01 08:00:00,1.78
2015-06-01 09:00:00,1.78
2015-06-01 10:00:00,29.75
2015-06-01 11:00:00,34.3
2015-06-01 12:00:00,34.04
2015-06-01 13:00:00,34.29
2015-06-01 14:00:00,34.25
2015-06-01 15:00:00,35.52
2015-06-01 16:00:00,35.45
2015-06-01 17:00:00,32.38
2015-06-01 18:00:00,19.28
2015-06-01 19:00:00,26.98
2015-06-01 20:00:00,32.5
2015-06-01 21:00:00,1.78
2015-06-01 22:00:00,1.78
2015-06-01 23:00:00,1.78
2015-06-02 00:00:00,1.78
2015-06-02 01:00:00,1.78
2015-06-02 02:00:00,1.78
2015-06-02 03:00:00,1.78
2015-06-02 04:00:00,1.78
2015-06-02 05:00:00,1.78
2015-06-02 06:00:00,1.78
2015-06-02 07:00:00,1.78
2015-06-02 08:00:00,1.78
2015-06-02 09:00:00,9.88
2015-06-02 10:00:00,33.57
2015-06-02 11:00:00,33.35
2015-06-02 12:00:00,33.9
2015-06-02 13:00:00,33.7
2015-06-02 14:00:00,33.09
2015-06-02 15:00:00,33.67
2015-06-02 16:00:00,33.48
2015-06-02 17:00:00,30.22
2015-06-02 18:00:00,24.86
2015-06-02 19:00:00,28.92
2015-06-02 20:00:00,1.78
2015-06-02 21:00:00,1.78
2015-06-02 22:00:00,1.78
2015-06-02 23:00:00,1.78
2015-06-03 00:00:00,1.78
2015-06-03 01:00:00,1.78
2015-06-03 02:00:00,1.78
2015-06-03 03:00:00,1.78
2015-06-03 04:00:00,1.78
2015-06-03 05:00:00,1.78
2015-06-03 06:00:00,1.78
2015-06-03 07:00:00,1.78
2015-06-03 08:00:00,1.78
2015-06-03 09:00:00,1.78
2015-06-03 10:00:00,30.74
2015-06-03 11:00:00,35.92
2015-06-03 12:00:00,31.22
2015-06-03 13:00:00,34.78
2015-06-03 14:00:00,33.22
2015-06-03 15:00:00,36.11
2015-06-03 16:00:00,36.12
2015-06-03 17:00:00,33.05
2015-06-03 18:00:00,28.77
2015-06-03 19:00:00,1.78
2015-06-03 20:00:00,1.78
2015-06-03 21:00:00,1.78
2015-06-03 22:00:00,1.78
2015-06-03 23:00:00,1.78
2015-06-04 00:00:00,1.78
2015-06-04 01:00:00,1.78
2015-06-04 02:00:00,1.78
2015-06-04 03:00:00,1.78
2015-06-04 04:00:00,1.78
2015-06-04 05:00:00,1.78
2015-06-04 06:00:00,1.78
2015-06-04 07:00:00,1.78
2015-06-04 08:00:00,1.78
2015-06-04 09:00:00,32.69
2015-06-04 10:00:00,35.86
2015-06-04 11:00:00,35.79
2015-06-04 12:00:00,34.08
2015-06-04 13:00:00,33.96
2015-06-04 14:00:00,33.39
2015-06-04 15:00:00,33.37
2015-06-04 16:00:00,33.4
2015-06-04 17:00:00,30.72
2015-06-04 18:00:00,1.78
2015-06-04 19:00:00,1.78
2015-06-04 20:00:00,1.78
2015-06-04 21:00:00,1.78
2015-06-04 22:00:00,1.78
2015-06-04 23:00:00,1.78
2015-06-05 00:00:00,1.78
2015-06-05 01:00:00,1.78
2015-06-05 02:00:00,1.78
2015-06-05 03:00:00,1.78
2015-06-05 04:00:00,1.78
2015-06-05 05:00:00,1.78
2015-06-05 06:00:00,1.78
2015-06-05 07:00:00,24.82
2015-06-05 08:00:00,33.54
2015-06-05 09:00:00,32.25
2015-06-05 10:00:00,35.82
2015-06-05 11:00:00,35.5
2015-06-05 12:00:00,35.34
2015-06-05 13:00:00,35.94
2015-06-05 14:00:00,35.51
2015-06-05 15:00:00,33.13
2015-06-05 16:00:00,1.78
2015-06-05 17:00:00,1.78
2015-06-05 18:00:00,1.78
2015-06-05 19:00:00,1.78
2015-06-05 20:00:00,1.78
2015-06-05 21:00:00,1.78
2015-06-05 22:00:00,1.78
2015-06-05 23:00:00,1.78
2015-06-06 00:00:00,1.78
2015-06-06 01:00:00,1.78
2015-06-06 02:00:00,1.78
2015-06-06 03:00:00,1.78
2015-06-06 04:00:00,1.78
2015-06-06 05:00:00,1.78
2015-06-07 00:00:00,1.78
2015-06-07 01:00:00,1.78
2015-06-07 02:00:00,1.78
2015-06-07 03:00:00,1.78
2015-06-07 04:00:00,1.78
2015-06-07 05:00:00,1.78
2015-06-07 06:00:00,1.78
2015-06-07 07:00:00,1.780000003
2015-06-07 08:00:00,18.39
2015-06-07 09:00:00,33.98
2015-06-07 10:00:00,36.13
2015-06-07 11:00:00,35.85
2015-06-07 12:00:00,33.23
2015-06-07 13:00:00,35.97
2015-06-07 14:00:00,32.07
2015-06-07 15:00:00,1.78
2015-06-07 16:00:00,1.78
2015-06-07 17:00:00,1.78
2015-06-07 18:00:00,1.78
2015-06-07 19:00:00,1.78
2015-06-07 20:00:00,1.78
2015-06-07 21:00:00,1.78
2015-06-07 22:00:00,1.78
2015-06-07 23:00:00,1.78
2015-06-08 00:00:00,1.78
2015-06-08 01:00:00,1.78
2015-06-08 02:00:00,1.78
2015-06-08 03:00:00,1.78
2015-06-08 04:00:00,1.78
2015-06-08 05:00:00,1.78
2015-06-08 06:00:00,1.78
2015-06-08 07:00:00,1.78
2015-06-08 08:00:00,1.78
2015-06-08 09:00:00,1.78
2015-06-08 10:00:00,1.780000006
2015-06-08 11:00:00,35.55
2015-06-08 12:00:00,36.02
2015-06-08 13:00:00,32.95
2015-06-08 14:00:00,32.76
2015-06-08 15:00:00,36.31
2015-06-08 16:00:00,34.32
2015-06-08 17:00:00,32.52
2015-06-08 18:00:00,1.78
2015-06-08 19:00:00,1.78
2015-06-08 20:00:00,1.78
2015-06-08 21:00:00,1.78
2015-06-08 22:00:00,1.78
2015-06-08 23:00:00,1.78
2015-06-09 00:00:00,1.78
2015-06-09 01:00:00,1.78
2015-06-09 02:00:00,1.78
2015-06-09 03:00:00,1.78
2015-06-09 04:00:00,1.78
2015-06-09 05:00:00,1.78
2015-06-09 06:00:00,1.78
2015-06-09 07:00:00,1.78
2015-06-09 08:00:00,1.78
2015-06-09 09:00:00,1.78
2015-06-09 10:00:00,1.78
2015-06-09 11:00:00,1.78
2015-06-09 12:00:00,1.78
2015-06-09 13:00:00,1.780000004
2015-06-09 14:00:00,27.42
2015-06-09 15:00:00,36.14
2015-06-09 16:00:00,36.15
2015-06-09 17:00:00,34.95
2015-06-09 18:00:00,1.78
2015-06-09 19:00:00,1.78
2015-06-09 20:00:00,1.78
2015-06-09 21:00:00,1.78
2015-06-09 22:00:00,1.78
2015-06-09 23:00:00,1.78
2015-06-10 00:00:00,1.78
2015-06-10 01:00:00,1.78
2015-06-10 02:00:00,1.78
2015-06-10 03:00:00,1.78
2015-06-10 04:00:00,1.78
2015-06-10 05:00:00,1.78
2015-06-10 06:00:00,1.78
2015-06-10 07:00:00,1.780000001
2015-06-10 08:00:00,5.66
2015-06-10 09:00:00,31.17
2015-06-10 10:00:00,31.15
2015-06-10 11:00:00,31.23
2015-06-10 12:00:00,33.8
2015-06-10 13:00:00,33.46
2015-06-10 14:00:00,32.92
2015-06-10 15:00:00,1.78
2015-06-10 16:00:00,1.78
2015-06-10 17:00:00,1.78
2015-06-10 18:00:00,1.78
2015-06-10 19:00:00,1.78
2015-06-10 20:00:00,1.78
2015-06-10 21:00:00,1.78
2015-06-10 22:00:00,1.78
2015-06-10 23:00:00,1.78
2015-06-11 00:00:00,1.78
2015-06-11 01:00:00,1.78
2015-06-11 02:00:00,1.78
2015-06-11 03:00:00,1.78
2015-06-11 04:00:00,1.78
2015-06-11 05:00:00,1.78
2015-06-11 06:00:00,1.78
2015-06-11 07:00:00,1.78
2015-06-11 08:00:00,1.78
2015-06-11 09:00:00,1.78
2015-06-11 10:00:00,1.78
2015-06-11 11:00:00,1.78
2015-06-11 12:00:00,1.78
2015-06-11 13:00:00,30.21
2015-06-11 14:00:00,30.35
2015-06-11 15:00:00,30.47
2015-06-11 16:00:00,30.45
2015-06-11 17:00:00,29.32
2015-06-11 18:00:00,1.78
2015-06-11 19:00:00,1.78
2015-06-11 20:00:00,1.78
2015-06-11 21:00:00,1.78
2015-06-11 22:00:00,1.78
2015-06-11 23:00:00,1.78
2015-06-12 00:00:00,1.78
2015-06-12 01:00:00,1.78
2015-06-12 02:00:00,1.78
2015-06-12 03:00:00,1.78
2015-06-12 04:00:00,1.78
2015-06-12 05:00:00,1.78
2015-06-12 06:00:00,1.78
2015-06-12 07:00:00,1.78
2015-06-12 08:00:00,1.78
2015-06-12 09:00:00,1.78
2015-06-12 10:00:00,1.780000001
2015-06-12 11:00:00,5.6
2015-06-12 12:00:00,30.43
2015-06-12 13:00:00,30.49
2015-06-12 14:00:00,30.71
2015-06-12 15:00:00,27.75
2015-06-12 16:00:00,1.78
2015-06-12 17:00:00,1.78
2015-06-12 18:00:00,1.78
2015-06-12 19:00:00,1.78
2015-06-12 20:00:00,1.78
2015-06-12 21:00:00,1.78
2015-06-12 22:00:00,1.78
2015-06-12 23:00:00,1.78
2015-06-13 00:00:00,1.78
2015-06-13 01:00:00,1.78
2015-06-13 02:00:00,1.78
2015-06-13 03:00:00,1.78
2015-06-13 04:00:00,1.78
2015-06-13 05:00:00,1.78
2015-06-13 06:00:00,1.78
2015-06-13 07:00:00,1.78
2015-06-13 08:00:00,1.78
2015-06-13 09:00:00,1.78
2015-06-13 10:00:00,1.780000006
2015-06-13 11:00:00,35.31
2015-06-13 12:00:00,35.93
2015-06-13 13:00:00,31.06
2015-06-13 14:00:00,25.55
2015-06-13 15:00:00,29.06
2015-06-13 16:00:00,1.78
2015-06-13 17:00:00,1.78
2015-06-13 18:00:00,1.78
2015-06-13 19:00:00,1.78
2015-06-13 20:00:00,1.78
2015-06-13 21:00:00,1.78
2015-06-13 22:00:00,1.78
2015-06-13 23:00:00,1.78
2015-06-14 00:00:00,1.78
2015-06-14 01:00:00,1.78
2015-06-14 02:00:00,1.78
2015-06-14 03:00:00,1.78
2015-06-14 04:00:00,1.78
2015-06-14 05:00:00,1.78
2015-06-14 06:00:00,1.78
2015-06-14 07:00:00,1.78
2015-06-14 08:00:00,1.78
2015-06-14 09:00:00,1.78
2015-06-14 10:00:00,1.78
2015-06-14 11:00:00,1.78
2015-06-14 12:00:00,1.78
2015-06-14 13:00:00,1.78
2015-06-14 14:00:00,1.78
2015-06-14 15:00:00,1.78
2015-06-14 16:00:00,1.78
2015-06-14 17:00:00,1.78
2015-06-14 18:00:00,1.78
2015-06-14 19:00:00,30.82
2015-06-14 20:00:00,35.5
2015-06-14 21:00:00,30.62
2015-06-14 22:00:00,29.53
2015-06-14 23:00:00,1.78
2015-06-15 00:00:00,1.78
2015-06-15 01:00:00,1.78
2015-06-15 02:00:00,1.78
2015-06-15 03:00:00,1.78
2015-06-15 04:00:00,1.78
2015-06-15 05:00:00,1.78
2015-06-15 06:00:00,1.78
2015-06-15 07:00:00,1.78
2015-06-15 08:00:00,1.78
2015-06-15 09:00:00,1.78
2015-06-15 10:00:00,1.78
2015-06-15 11:00:00,1.78
2015-06-15 12:00:00,1.78
2015-06-15 13:00:00,1.78
2015-06-15 14:00:00,1.78
2015-06-15 15:00:00,1.78
2015-06-15 16:00:00,1.78
2015-06-15 17:00:00,1.78
2015-06-15 18:00:00,1.78
2015-06-15 19:00:00,1.78
2015-06-15 20:00:00,1.78
2015-06-15 21:00:00,1.78
2015-06-15 22:00:00,1.78
2015-06-15 23:00:00,1.78
2015-06-16 00:00:00,1.78
2015-06-16 01:00:00,1.78
2015-06-16 02:00:00,1.78
2015-06-16 03:00:00,1.78
2015-06-16 04:00:00,1.78
2015-06-16 05:00:00,1.78
2015-06-16 06:00:00,1.78
2015-06-16 07:00:00,1.78
2015-06-16 08:00:00,1.78
2015-06-16 09:00:00,1.78
2015-06-16 10:00:00,1.78
2015-06-16 11:00:00,1.78
2015-06-16 12:00:00,1.78
2015-06-16 13:00:00,1.78
2015-06-16 14:00:00,1.78
2015-06-16 15:00:00,1.78
2015-06-16 16:00:00,1.78
2015-06-16 17:00:00,1.78
2015-06-16 18:00:00,1.78
2015-06-16 19:00:00,1.78
2015-06-16 20:00:00,1.78
2015-06-16 21:00:00,1.78
2015-06-16 22:00:00,1.78
2015-06-16 23:00:00,1.78
2015-06-17 00:00:00,1.78
2015-06-17 01:00:00,1.78
2015-06-17 02:00:00,1.78
2015-06-17 03:00:00,1.78
2015-06-17 04:00:00,1.78
2015-06-17 05:00:00,1.78
2015-06-17 06:00:00,1.78
2015-06-17 07:00:00,1.78
2015-06-17 08:00:00,1.78
2015-06-17 09:00:00,1.78
2015-06-17 10:00:00,1.78
2015-06-17 11:00:00,1.78
2015-06-17 12:00:00,1.78
2015-06-17 13:00:00,1.78
2015-06-17 14:00:00,1.78
2015-06-17 15:00:00,1.78
2015-06-17 16:00:00,1.78
2015-06-17 17:00:00,1.78
2015-06-17 18:00:00,1.78
2015-06-17 19:00:00,1.78
2015-06-17 20:00:00,1.78
2015-06-17 21:00:00,1.78
2015-06-17 22:00:00,1.78
2015-06-17 23:00:00,1.78
2015-06-18 00:00:00,1.78
2015-06-18 01:00:00,1.78
2015-06-18 02:00:00,1.78
2015-06-18 03:00:00,1.78
2015-06-18 04:00:00,1.78
2015-06-18 05:00:00,1.78
2015-06-18 06:00:00,1.78
2015-06-18 07:00:00,1.78
2015-06-18 08:00:00,1.78
2015-06-18 09:00:00,1.78
2015-06-18 10:00:00,1.78
2015-06-18 11:00:00,1.78
2015-06-18 12:00:00,1.78
2015-06-18 13:00:00,1.78
2015-06-18 14:00:00,1.78
2015-06-18 15:00:00,1.78
2015-06-18 16:00:00,1.78
2015-06-18 17:00:00,1.78
2015-06-18 18:00:00,1.78
2015-06-18 19:00:00,1.78
2015-06-18 20:00:00,1.78
2015-06-18 21:00:00,1.78
2015-06-18 22:00:00,1.78
2015-06-18 23:00:00,1.78
2015-06-19 00:00:00,1.78
2015-06-19 01:00:00,1.78
2015-06-19 02:00:00,1.78
2015-06-19 03:00:00,1.78
2015-06-19 04:00:00,1.78
2015-06-19 05:00:00,1.78
2015-06-19 06:00:00,1.78
2015-06-19 07:00:00,1.78
2015-06-19 08:00:00,1.78
2015-06-19 09:00:00,1.78
2015-06-19 10:00:00,1.78
2015-06-19 11:00:00,1.78
2015-06-19 12:00:00,1.78
2015-06-19 13:00:00,1.78
2015-06-19 14:00:00,1.78
2015-06-19 15:00:00,1.78
2015-06-19 16:00:00,1.78
2015-06-19 17:00:00,1.78
2015-06-19 18:00:00,1.78
2015-06-19 19:00:00,1.78
2015-06-19 20:00:00,1.78
2015-06-19 21:00:00,1.78
2015-06-19 22:00:00,1.78
2015-06-19 23:00:00,1.78
2015-06-20 00:00:00,1.78
2015-06-20 01:00:00,1.78
2015-06-20 02:00:00,1.78
2015-06-20 03:00:00,1.78
2015-06-20 04:00:00,1.78
2015-06-20 05:00:00,1.78
2015-06-20 06:00:00,1.78
2015-06-20 07:00:00,1.78
2015-06-20 08:00:00,1.78
2015-06-20 09:00:00,1.78
2015-06-20 10:00:00,1.78
2015-06-20 11:00:00,1.78
2015-06-20 12:00:00,1.78
2015-06-20 13:00:00,1.78
2015-06-20 14:00:00,1.78
2015-06-20 15:00:00,1.78
2015-06-20 16:00:00,1.78
2015-06-20 17:00:00,1.78
2015-06-20 18:00:00,1.78
2015-06-20 19:00:00,1.78
2015-06-20 20:00:00,1.78
2015-06-20 21:00:00,1.78
2015-06-20 22:00:00,1.78
2015-06-20 23:00:00,1.78
2015-06-21 00:00:00,1.78
2015-06-21 01:00:00,1.78
2015-06-21 02:00:00,1.78
2015-06-21 03:00:00,1.78
2015-06-21 04:00:00,1.78
2015-06-21 05:00:00,1.78
2015-06-21 06:00:00,1.78
2015-06-21 07:00:00,1.78
2015-06-21 08:00:00,1.78
2015-06-21 09:00:00,1.78
2015-06-21 10:00:00,1.78
2015-06-21 11:00:00,1.78
2015-06-21 12:00:00,1.78
2015-06-21 13:00:00,1.78
2015-06-21 14:00:00,1.78
2015-06-21 15:00:00,1.78
2015-06-21 16:00:00,1.78
2015-06-21 17:00:00,1.78
2015-06-21 18:00:00,1.78
2015-06-21 19:00:00,1.78
2015-06-21 20:00:00,1.78
2015-06-21 21:00:00,1.78
2015-06-21 22:00:00,1.78
2015-06-21 23:00:00,1.78
2015-06-22 00:00:00,1.78
2015-06-22 01:00:00,1.78
2015-06-22 02:00:00,1.78
2015-06-22 03:00:00,1.78
2015-06-22 04:00:00,1.78
2015-06-22 05:00:00,1.78
2015-06-22 06:00:00,1.78
2015-06-22 07:00:00,1.78
2015-06-22 08:00:00,1.78
2015-06-22 09:00:00,1.78
2015-06-22 10:00:00,1.78
2015-06-22 11:00:00,1.78
2015-06-22 12:00:00,1.78
2015-06-22 13:00:00,1.78
2015-06-22 14:00:00,1.78
2015-06-22 15:00:00,1.78
2015-06-22 16:00:00,1.78
2015-06-22 17:00:00,1.78
2015-06-22 18:00:00,1.78
2015-06-22 19:00:00,1.78
2015-06-22 20:00:00,1.78
2015-06-22 21:00:00,1.78
2015-06-22 22:00:00,1.78
2015-06-22 23:00:00,1.78
2015-06-23 00:00:00,1.75
2015-06-23 01:00:00,1.78
2015-06-23 02:00:00,1.78
2015-06-23 03:00:00,1.78
2015-06-23 04:00:00,1.78
2015-06-23 05:00:00,1.78
2015-06-23 06:00:00,1.78
2015-06-23 07:00:00,1.78
2015-06-23 08:00:00,1.78
2015-06-23 09:00:00,1.78
2015-06-23 10:00:00,1.78
2015-06-23 11:00:00,1.78
2015-06-23 12:00:00,1.78
2015-06-23 13:00:00,1.78
2015-06-23 14:00:00,1.78
2015-06-23 15:00:00,1.78
2015-06-23 16:00:00,1.78
2015-06-23 17:00:00,1.78
2015-06-23 18:00:00,1.78
2015-06-23 19:00:00,1.78
2015-06-23 20:00:00,1.78
2015-06-23 21:00:00,1.78
2015-06-23 22:00:00,1.78
2015-06-23 23:00:00,1.78
2015-06-24 00:00:00,1.78
2015-06-24 01:00:00,1.78
2015-06-24 02:00:00,1.78
2015-06-24 03:00:00,1.78
2015-06-24 04:00:00,1.78
2015-06-24 05:00:00,1.78
2015-06-24 06:00:00,1.78
2015-06-24 07:00:00,1.78
2015-06-24 08:00:00,1.78
2015-06-24 09:00:00,1.78
2015-06-24 10:00:00,1.78
2015-06-24 11:00:00,1.78
2015-06-24 12:00:00,1.78
2015-06-24 13:00:00,1.78
2015-06-24 14:00:00,1.78
2015-06-24 15:00:00,1.78
2015-06-24 16:00:00,1.78
2015-06-24 17:00:00,1.78
2015-06-24 18:00:00,1.78
2015-06-24 19:00:00,1.78
2015-06-24 20:00:00,1.78
2015-06-24 21:00:00,1.78
2015-06-24 22:00:00,1.78
2015-06-24 23:00:00,1.78
2015-06-25 00:00:00,1.78
2015-06-25 01:00:00,1.78
2015-06-25 02:00:00,1.78
2015-06-25 03:00:00,1.78
2015-06-25 04:00:00,1.78
2015-06-25 05:00:00,1.78
2015-06-25 06:00:00,1.78
2015-06-25 07:00:00,1.78
2015-06-25 08:00:00,1.78
2015-06-25 09:00:00,1.78
2015-06-25 10:00:00,1.78
2015-06-25 11:00:00,1.78
2015-06-25 12:00:00,1.78
2015-06-25 13:00:00,1.78
2015-06-25 14:00:00,1.78
2015-06-25 15:00:00,1.78
2015-06-25 16:00:00,1.78
2015-06-25 17:00:00,1.78
2015-06-25 18:00:00,1.78
2015-06-25 19:00:00,1.780000006
2015-06-25 20:00:00,35.55
2015-06-25 21:00:00,11.97
2015-06-25 22:00:00,1.78
2015-06-25 23:00:00,1.78
2015-06-26 00:00:00,1.78
2015-06-26 01:00:00,1.78
2015-06-26 02:00:00,1.78
2015-06-26 03:00:00,1.78
2015-06-26 04:00:00,1.78
2015-06-26 05:00:00,1.78
2015-06-26 06:00:00,1.78
2015-06-26 07:00:00,1.78
2015-06-26 08:00:00,1.78
2015-06-26 09:00:00,1.78
2015-06-26 10:00:00,1.78
2015-06-26 11:00:00,1.78
2015-06-26 12:00:00,1.78
2015-06-26 13:00:00,1.78
2015-06-26 14:00:00,1.78
2015-06-26 15:00:00,1.78
2015-06-26 16:00:00,1.78
2015-06-26 17:00:00,1.78
2015-06-26 18:00:00,1.78
2015-06-26 19:00:00,1.780000004
2015-06-26 20:00:00,25.89
2015-06-26 21:00:00,1.78
2015-06-26 22:00:00,1.78
2015-06-26 23:00:00,1.78
2015-06-27 00:00:00,1.78
2015-06-27 01:00:00,1.78
2015-06-27 02:00:00,1.78
2015-06-27 03:00:00,1.78
2015-06-27 04:00:00,1.78
2015-06-27 05:00:00,1.78
2015-06-27 06:00:00,1.78
2015-06-27 07:00:00,1.78
2015-06-27 08:00:00,1.78
2015-06-27 09:00:00,1.78
2015-06-27 10:00:00,1.780000002
2015-06-27 11:00:00,12.18
2015-06-27 12:00:00,34.66
2015-06-27 13:00:00,1.78
2015-06-27 14:00:00,1.78
2015-06-27 15:00:00,1.78
2015-06-27 16:00:00,1.78
2015-06-27 17:00:00,1.78
2015-06-27 18:00:00,1.78
2015-06-27 19:00:00,1.78
2015-06-27 20:00:00,1.78
2015-06-27 21:00:00,1.78
2015-06-27 22:00:00,1.78
2015-06-27 23:00:00,1.78
2015-06-28 00:00:00,1.78
2015-06-28 01:00:00,1.78
2015-06-28 02:00:00,1.78
2015-06-28 03:00:00,1.78
2015-06-28 04:00:00,1.78
2015-06-28 05:00:00,1.78
2015-06-28 06:00:00,1.78
2015-06-28 07:00:00,1.78
2015-06-28 08:00:00,1.78
2015-06-28 09:00:00,1.78
2015-06-28 10:00:00,1.78
2015-06-28 11:00:00,1.78
2015-06-28 12:00:00,1.78
2015-06-28 13:00:00,1.78
2015-06-28 14:00:00,1.78
2015-06-28 15:00:00,1.78
2015-06-28 16:00:00,1.78
2015-06-28 17:00:00,1.78
2015-06-28 18:00:00,1.78
2015-06-28 19:00:00,1.78
2015-06-28 20:00:00,1.78
2015-06-28 21:00:00,21.64
2015-06-28 22:00:00,1.78
2015-06-28 23:00:00,1.78
2015-06-29 00:00:00,1.78
2015-06-29 01:00:00,1.78
2015-06-29 02:00:00,1.78
2015-06-29 03:00:00,1.78
2015-06-29 04:00:00,1.78
2015-06-29 05:00:00,1.78
2015-06-29 06:00:00,1.78
2015-06-29 07:00:00,1.78
2015-06-29 08:00:00,1.78
2015-06-29 09:00:00,1.78
2015-06-29 10:00:00,1.78
2015-06-29 11:00:00,1.78
2015-06-29 12:00:00,1.78
2015-06-29 13:00:00,1.78
2015-06-29 14:00:00,1.78
2015-06-29 15:00:00,1.78
2015-06-29 16:00:00,34.57
2015-06-29 17:00:00,18.81
2015-06-29 18:00:00,1.78
2015-06-29 19:00:00,1.78
2015-06-29 20:00:00,1.78
2015-06-29 21:00:00,1.78
2015-06-29 22:00:00,1.78
2015-06-29 23:00:00,1.78
2015-06-30 00:00:00,1.78
2015-06-30 01:00:00,1.78
2015-06-30 02:00:00,1.78
2015-06-30 03:00:00,1.78
2015-06-30 04:00:00,1.78
2015-06-30 05:00:00,1.78
2015-06-30 06:00:00,1.78
2015-06-30 07:00:00,1.78
2015-06-30 08:00:00,1.78
2015-06-30 09:00:00,1.78
2015-06-30 10:00:00,1.780000004
2015-06-30 11:00:00,24.31
2015-06-30 12:00:00,25
2015-06-30 13:00:00,1.78
2015-06-30 14:00:00,1.78
2015-06-30 15:00:00,1.78
2015-06-30 16:00:00,1.78
2015-06-30 17:00:00,1.78
2015-06-30 18:00:00,1.78
2015-06-30 19:00:00,1.78
2015-06-30 20:00:00,1.78
2015-06-30 21:00:00,1.78
2015-06-30 22:00:00,1.78
2015-06-30 23:00:00,1.78
2015-07-01 00:00:00,1.78
2015-07-01 01:00:00,1.78
2015-07-01 02:00:00,1.78
2015-07-01 03:00:00,1.78
2015-07-01 04:00:00,1.78
2015-07-01 05:00:00,1.78
2015-07-01 06:00:00,1.78
2015-07-01 07:00:00,1.78
2015-07-01 08:00:00,1.78
2015-07-01 09:00:00,1.78
2015-07-01 10:00:00,1.78
2015-07-01 11:00:00,1.78
2015-07-01 12:00:00,1.78
2015-07-01 13:00:00,26
2015-07-01 14:00:00,29.61
2015-07-01 15:00:00,1.78
2015-07-01 16:00:00,1.78
2015-07-01 17:00:00,1.78
2015-07-01 18:00:00,1.78
2015-07-01 19:00:00,1.78
2015-07-01 20:00:00,1.78
2015-07-01 21:00:00,1.78
2015-07-01 22:00:00,1.78
2015-07-01 23:00:00,1.78
2015-07-02 00:00:00,1.78
2015-07-02 01:00:00,1.78
2015-07-02 02:00:00,1.78
2015-07-02 03:00:00,1.78
2015-07-02 04:00:00,1.78
2015-07-02 05:00:00,1.78
2015-07-02 06:00:00,1.78
2015-07-02 07:00:00,1.78
2015-07-02 08:00:00,1.78
2015-07-02 09:00:00,1.78
2015-07-02 10:00:00,1.78
2015-07-02 11:00:00,1.78
2015-07-02 12:00:00,1.78
2015-07-02 13:00:00,1.78
2015-07-02 14:00:00,1.78
2015-07-02 15:00:00,5.63
2015-07-02 16:00:00,35.72
2015-07-02 17:00:00,19.23
2015-07-02 18:00:00,1.78
2015-07-02 19:00:00,1.78
2015-07-02 20:00:00,1.78
2015-07-02 21:00:00,1.78
2015-07-02 22:00:00,1.78
2015-07-02 23:00:00,1.78
2015-07-03 00:00:00,1.78
2015-07-03 01:00:00,1.78
2015-07-03 02:00:00,1.78
2015-07-03 03:00:00,1.78
2015-07-03 04:00:00,1.78
2015-07-03 05:00:00,1.78
2015-07-03 06:00:00,1.78
2015-07-03 07:00:00,1.78
2015-07-03 08:00:00,1.78
2015-07-03 09:00:00,1.78
2015-07-03 10:00:00,1.78
2015-07-03 11:00:00,1.78
2015-07-03 12:00:00,1.78
2015-07-03 13:00:00,1.78
2015-07-03 14:00:00,1.78
2015-07-03 15:00:00,1.78
2015-07-03 16:00:00,1.78
2015-07-03 17:00:00,1.78
2015-07-03 18:00:00,1.78
2015-07-03 19:00:00,22.16
2015-07-03 20:00:00,29.27
2015-07-03 21:00:00,1.78
2015-07-03 22:00:00,1.78
2015-07-03 23:00:00,1.78
2015-07-04 00:00:00,1.78
2015-07-04 01:00:00,1.78
2015-07-04 02:00:00,1.78
2015-07-04 03:00:00,1.78
2015-07-04 04:00:00,1.78
2015-07-04 05:00:00,1.78
2015-07-04 06:00:00,1.78
2015-07-04 07:00:00,1.78
2015-07-04 08:00:00,1.78
2015-07-04 09:00:00,1.78
2015-07-04 10:00:00,30.13
2015-07-04 11:00:00,34.69
2015-07-04 12:00:00,1.78
2015-07-04 13:00:00,1.78
2015-07-04 14:00:00,1.78
2015-07-04 15:00:00,1.78
2015-07-04 16:00:00,1.78
2015-07-04 17:00:00,1.78
2015-07-04 18:00:00,1.78
2015-07-04 19:00:00,1.78
2015-07-04 20:00:00,1.78
2015-07-04 21:00:00,1.78
2015-07-04 22:00:00,1.78
2015-07-04 23:00:00,1.78
2015-07-05 00:00:00,1.78
2015-07-05 01:00:00,1.78
2015-07-05 02:00:00,1.78
2015-07-05 03:00:00,1.78
2015-07-05 04:00:00,1.78
2015-07-05 05:00:00,1.78
2015-07-05 06:00:00,1.78
2015-07-05 07:00:00,1.78
2015-07-05 08:00:00,1.78
2015-07-05 09:00:00,1.78
2015-07-05 10:00:00,1.78
2015-07-05 11:00:00,1.78
2015-07-05 12:00:00,1.78
2015-07-05 13:00:00,1.78
2015-07-05 14:00:00,1.78
2015-07-05 15:00:00,1.78
2015-07-05 16:00:00,1.78
2015-07-05 17:00:00,1.78
2015-07-05 18:00:00,1.78
2015-07-05 19:00:00,6.680000005
2015-07-05 20:00:00,32.83
2015-07-05 21:00:00,31.32
2015-07-05 22:00:00,1.78
2015-07-05 23:00:00,1.78
2015-07-06 00:00:00,1.78
2015-07-06 01:00:00,1.78
2015-07-06 02:00:00,1.78
2015-07-06 03:00:00,1.78
2015-07-06 04:00:00,1.78
2015-07-06 05:00:00,1.78
2015-07-06 06:00:00,1.78
2015-07-06 07:00:00,1.78
2015-07-06 08:00:00,1.78
2015-07-06 09:00:00,1.78
2015-07-06 10:00:00,1.78
2015-07-06 11:00:00,4.47
2015-07-06 12:00:00,19.09
2015-07-06 13:00:00,19.41
2015-07-06 14:00:00,21.69
2015-07-06 15:00:00,1.78
2015-07-06 16:00:00,1.78
2015-07-06 17:00:00,1.78
2015-07-06 18:00:00,1.78
2015-07-06 19:00:00,1.78
2015-07-06 20:00:00,1.78
2015-07-06 21:00:00,1.78
2015-07-06 22:00:00,1.78
2015-07-06 23:00:00,1.78
2015-07-07 00:00:00,1.78
2015-07-07 01:00:00,1.78
2015-07-07 02:00:00,1.78
2015-07-07 03:00:00,1.78
2015-07-07 04:00:00,1.78
2015-07-07 05:00:00,1.78
2015-07-07 06:00:00,1.78
2015-07-07 07:00:00,1.78
2015-07-07 08:00:00,1.78
2015-07-07 09:00:00,1.78
2015-07-07 10:00:00,1.78
2015-07-07 11:00:00,1.78
2015-07-07 12:00:00,1.78
2015-07-07 13:00:00,1.78
2015-07-07 14:00:00,1.78
2015-07-07 15:00:00,1.78
2015-07-07 16:00:00,28.33
2015-07-07 17:00:00,27.64
2015-07-07 18:00:00,1.78
2015-07-07 19:00:00,1.78
2015-07-07 20:00:00,1.78
2015-07-07 21:00:00,1.78
2015-07-07 22:00:00,1.78
2015-07-07 23:00:00,1.78
2015-07-08 00:00:00,1.78
2015-07-08 01:00:00,1.78
2015-07-08 02:00:00,1.78
2015-07-08 03:00:00,1.78
2015-07-08 04:00:00,1.78
2015-07-08 05:00:00,1.78
2015-07-08 06:00:00,1.78
2015-07-08 07:00:00,1.78
2015-07-08 08:00:00,1.78
2015-07-08 09:00:00,1.78
2015-07-08 10:00:00,1.780000005
2015-07-08 11:00:00,27.66
2015-07-08 12:00:00,29.21
2015-07-08 13:00:00,1.78
2015-07-08 14:00:00,1.78
2015-07-08 15:00:00,1.78
2015-07-08 16:00:00,1.78
2015-07-08 17:00:00,1.78
2015-07-08 18:00:00,1.78
2015-07-08 19:00:00,1.78
2015-07-08 20:00:00,1.78
2015-07-08 21:00:00,1.78
2015-07-08 22:00:00,1.78
2015-07-08 23:00:00,1.78
2015-07-09 00:00:00,1.78
2015-07-09 01:00:00,1.78
2015-07-09 02:00:00,1.78
2015-07-09 03:00:00,1.78
2015-07-09 04:00:00,1.78
2015-07-09 05:00:00,1.78
2015-07-09 06:00:00,1.78
2015-07-09 07:00:00,1.78
2015-07-09 08:00:00,1.78
2015-07-09 09:00:00,1.78
2015-07-09 10:00:00,1.78
2015-07-09 11:00:00,1.78
2015-07-09 12:00:00,1.78
2015-07-09 13:00:00,1.78
2015-07-09 14:00:00,1.78
2015-07-09 15:00:00,1.78
2015-07-09 16:00:00,1.78
2015-07-09 17:00:00,1.78
2015-07-09 18:00:00,1.78
2015-07-09 19:00:00,1.780000004
2015-07-09 20:00:00,24.57
2015-07-09 21:00:00,29.03
2015-07-09 22:00:00,1.78
2015-07-09 23:00:00,1.78
2015-07-10 00:00:00,1.78
2015-07-10 01:00:00,1.78
2015-07-10 02:00:00,1.78
2015-07-10 03:00:00,1.78
2015-07-10 04:00:00,1.78
2015-07-10 05:00:00,1.78
2015-07-10 06:00:00,1.78
2015-07-10 07:00:00,1.78
2015-07-10 08:00:00,1.78
2015-07-10 09:00:00,1.78
2015-07-10 10:00:00,1.78
2015-07-10 11:00:00,1.78
2015-07-10 12:00:00,1.78
2015-07-10 13:00:00,31.28
2015-07-10 14:00:00,27.49
2015-07-10 15:00:00,1.78
2015-07-10 16:00:00,1.78
2015-07-10 17:00:00,1.78
2015-07-10 18:00:00,1.78
2015-07-10 19:00:00,1.78
2015-07-10 20:00:00,1.78
2015-07-10 21:00:00,1.78
2015-07-10 22:00:00,1.78
2015-07-10 23:00:00,1.78
2015-07-11 00:00:00,1.78
2015-07-11 01:00:00,1.78
2015-07-11 02:00:00,1.78
2015-07-11 03:00:00,1.78
2015-07-11 04:00:00,1.78
2015-07-11 05:00:00,1.78
2015-07-11 06:00:00,1.78
2015-07-11 07:00:00,1.78
2015-07-11 08:00:00,1.78
2015-07-11 09:00:00,1.78
2015-07-11 10:00:00,5.690000005
2015-07-11 11:00:00,35.22
2015-07-11 12:00:00,34.29
2015-07-11 13:00:00,1.78
2015-07-11 14:00:00,1.78
2015-07-11 15:00:00,1.78
2015-07-11 16:00:00,1.78
2015-07-11 17:00:00,1.78
2015-07-11 18:00:00,1.78
2015-07-11 19:00:00,1.78
2015-07-11 20:00:00,1.78
2015-07-11 21:00:00,1.78
2015-07-11 22:00:00,1.78
2015-07-11 23:00:00,1.78
2015-07-12 00:00:00,1.78
2015-07-12 01:00:00,1.78
2015-07-12 02:00:00,1.78
2015-07-12 03:00:00,1.78
2015-07-12 04:00:00,1.78
2015-07-12 05:00:00,1.78
2015-07-12 06:00:00,1.78
2015-07-12 07:00:00,1.78
2015-07-12 08:00:00,1.78
2015-07-12 09:00:00,1.78
2015-07-12 10:00:00,1.78
2015-07-12 11:00:00,1.78
2015-07-12 12:00:00,1.78
2015-07-12 13:00:00,1.78
2015-07-12 14:00:00,1.78
2015-07-12 15:00:00,1.78
2015-07-12 16:00:00,1.78
2015-07-12 17:00:00,1.78
2015-07-12 18:00:00,1.78
2015-07-12 19:00:00,33.62
2015-07-12 20:00:00,33.23
2015-07-12 21:00:00,1.78
2015-07-12 22:00:00,1.78
2015-07-12 23:00:00,1.78
2015-07-13 00:00:00,1.78
2015-07-13 01:00:00,1.78
2015-07-13 02:00:00,1.78
2015-07-13 03:00:00,1.78
2015-07-13 04:00:00,1.78
2015-07-13 05:00:00,1.78
2015-07-13 06:00:00,1.78
2015-07-13 07:00:00,1.78
2015-07-13 08:00:00,1.78
2015-07-13 09:00:00,1.78
2015-07-13 10:00:00,4.330000005
2015-07-13 11:00:00,32.32
2015-07-13 12:00:00,34.05
2015-07-13 13:00:00,3.57
2015-07-13 14:00:00,1.78
2015-07-13 15:00:00,1.78
2015-07-13 16:00:00,1.78
2015-07-13 17:00:00,1.78
2015-07-13 18:00:00,1.78
2015-07-13 19:00:00,1.78
2015-07-13 20:00:00,1.78
2015-07-13 21:00:00,1.78
2015-07-13 22:00:00,1.78
2015-07-13 23:00:00,1.78
2015-07-14 00:00:00,1.78
2015-07-14 01:00:00,1.78
2015-07-14 02:00:00,1.78
2015-07-14 03:00:00,1.78
2015-07-14 04:00:00,1.78
2015-07-14 05:00:00,1.78
2015-07-14 06:00:00,1.78
2015-07-14 07:00:00,1.78
2015-07-14 08:00:00,4.59
2015-07-14 09:00:00,19.88
2015-07-14 10:00:00,29.96
2015-07-14 11:00:00,21.27
2015-07-14 12:00:00,1.78
2015-07-14 13:00:00,1.78
2015-07-14 14:00:00,1.78
2015-07-14 15:00:00,1.78
2015-07-14 16:00:00,1.78
2015-07-14 17:00:00,1.78
2015-07-14 18:00:00,1.78
2015-07-14 19:00:00,1.78
2015-07-14 20:00:00,1.78
2015-07-14 21:00:00,1.78
2015-07-14 22:00:00,1.78
2015-07-14 23:00:00,1.78
2015-07-15 00:00:00,1.78
2015-07-15 01:00:00,1.78
2015-07-15 02:00:00,1.78
2015-07-15 03:00:00,1.78
2015-07-15 04:00:00,1.78
2015-07-15 05:00:00,1.78
2015-07-15 06:00:00,1.78
2015-07-15 07:00:00,1.78
2015-07-15 08:00:00,1.78
2015-07-15 09:00:00,1.78
2015-07-15 10:00:00,1.78
2015-07-15 11:00:00,1.78
2015-07-15 12:00:00,1.78
2015-07-15 13:00:00,1.78
2015-07-15 14:00:00,1.78
2015-07-15 15:00:00,35.17
2015-07-15 16:00:00,31.12999999
2015-07-15 17:00:00,1.78
2015-07-15 18:00:00,1.78
2015-07-15 19:00:00,1.78
2015-07-15 20:00:00,1.78
2015-07-15 21:00:00,1.78
2015-07-15 22:00:00,1.78
2015-07-15 23:00:00,1.78
2015-07-16 00:00:00,0
2015-07-16 01:00:00,1.78
2015-07-16 02:00:00,1.78
2015-07-16 03:00:00,1.78
2015-07-16 04:00:00,1.78
2015-07-16 05:00:00,1.78
2015-07-16 06:00:00,1.78
2015-07-16 07:00:00,1.78
2015-07-16 08:00:00,1.78
2015-07-16 09:00:00,29.6
2015-07-16 10:00:00,29.03
2015-07-16 11:00:00,1.78
2015-07-16 12:00:00,1.78
2015-07-16 13:00:00,1.78
2015-07-16 14:00:00,1.78
2015-07-16 15:00:00,1.78
2015-07-16 16:00:00,1.78
2015-07-16 17:00:00,1.78
2015-07-16 18:00:00,1.78
2015-07-16 19:00:00,1.78
2015-07-16 20:00:00,1.78
2015-07-16 21:00:00,1.78
2015-07-16 22:00:00,1.78
2015-07-16 23:00:00,1.78
2015-07-17 00:00:00,1.78
2015-07-17 01:00:00,1.78
2015-07-17 02:00:00,1.78
2015-07-17 03:00:00,1.78
2015-07-17 04:00:00,1.78
2015-07-17 05:00:00,1.78
2015-07-17 06:00:00,1.78
2015-07-17 07:00:00,1.78
2015-07-17 08:00:00,1.78
2015-07-17 09:00:00,1.78
2015-07-17 10:00:00,1.78
2015-07-17 11:00:00,1.78
2015-07-17 12:00:00,1.78
2015-07-17 13:00:00,1.78
2015-07-17 14:00:00,1.78
2015-07-17 15:00:00,27.42
2015-07-17 16:00:00,1.78
2015-07-17 17:00:00,1.78
2015-07-17 18:00:00,1.78
2015-07-17 19:00:00,18.22
2015-07-17 20:00:00,18.96
2015-07-17 21:00:00,1.78
2015-07-17 22:00:00,1.78
2015-07-17 23:00:00,1.78
2015-07-18 00:00:00,1.78
2015-07-18 01:00:00,1.78
2015-07-18 02:00:00,1.78
2015-07-18 03:00:00,1.78
2015-07-18 04:00:00,1.78
2015-07-18 05:00:00,1.78
2015-07-18 06:00:00,1.78
2015-07-18 07:00:00,1.78
2015-07-18 08:00:00,1.78
2015-07-18 09:00:00,1.78
2015-07-18 10:00:00,1.78
2015-07-18 11:00:00,1.78
2015-07-18 12:00:00,1.78
2015-07-18 13:00:00,1.78
2015-07-18 14:00:00,1.78
2015-07-18 15:00:00,1.78
2015-07-18 16:00:00,1.78
2015-07-18 17:00:00,1.78
2015-07-18 18:00:00,1.78
2015-07-18 19:00:00,1.78
2015-07-18 20:00:00,1.78
2015-07-18 21:00:00,35.47
2015-07-18 22:00:00,27
2015-07-18 23:00:00,1.78
2015-07-19 00:00:00,1.78
2015-07-19 01:00:00,1.78
2015-07-19 02:00:00,1.78
2015-07-19 03:00:00,1.78
2015-07-19 04:00:00,1.78
2015-07-19 05:00:00,1.78
2015-07-19 06:00:00,1.78
2015-07-19 07:00:00,1.78
2015-07-19 08:00:00,1.78
2015-07-19 09:00:00,1.78
2015-07-19 10:00:00,1.78
2015-07-19 11:00:00,1.78
2015-07-19 12:00:00,1.78
2015-07-19 13:00:00,1.78
2015-07-19 14:00:00,1.78
2015-07-19 15:00:00,1.78
2015-07-19 16:00:00,1.78
2015-07-19 17:00:00,1.78
2015-07-19 18:00:00,1.78
2015-07-19 19:00:00,5.270000004
2015-07-19 20:00:00,27.76
2015-07-19 21:00:00,25.3
2015-07-19 22:00:00,1.78
2015-07-19 23:00:00,1.78
2015-07-20 00:00:00,1.78
2015-07-20 01:00:00,1.78
2015-07-20 02:00:00,1.78
2015-07-20 03:00:00,1.78
2015-07-20 04:00:00,1.78
2015-07-20 05:00:00,1.78
2015-07-20 06:00:00,1.78
2015-07-20 07:00:00,1.78
2015-07-20 08:00:00,1.78
2015-07-20 09:00:00,1.78
2015-07-20 10:00:00,1.78
2015-07-20 11:00:00,1.78
2015-07-20 12:00:00,1.78
2015-07-20 13:00:00,1.78
2015-07-20 14:00:00,1.78
2015-07-20 15:00:00,26.77
2015-07-20 16:00:00,26.11
2015-07-20 17:00:00,1.78
2015-07-20 18:00:00,1.78
2015-07-20 19:00:00,1.78
2015-07-20 20:00:00,1.78
2015-07-20 21:00:00,1.78
2015-07-20 22:00:00,1.78
2015-07-20 23:00:00,1.78
2015-07-21 00:00:00,1.78
2015-07-21 01:00:00,1.78
2015-07-21 02:00:00,1.78
2015-07-21 03:00:00,1.78
2015-07-21 04:00:00,1.78
2015-07-21 05:00:00,1.78
2015-07-21 06:00:00,1.78
2015-07-21 07:00:00,1.78
2015-07-21 08:00:00,1.78
2015-07-21 09:00:00,1.78
2015-07-21 10:00:00,1.78
2015-07-21 11:00:00,1.78
2015-07-21 12:00:00,1.78
2015-07-21 13:00:00,27.19
2015-07-21 14:00:00,32.94
2015-07-21 15:00:00,1.78
2015-07-21 16:00:00,1.78
2015-07-21 17:00:00,1.78
2015-07-21 18:00:00,1.78
2015-07-21 19:00:00,1.78
2015-07-21 20:00:00,1.78
2015-07-21 21:00:00,1.78
2015-07-21 22:00:00,1.78
2015-07-21 23:00:00,1.78
2015-07-22 00:00:00,1.78
2015-07-22 01:00:00,1.78
2015-07-22 02:00:00,1.78
2015-07-22 03:00:00,1.78
2015-07-22 04:00:00,1.78
2015-07-22 05:00:00,1.78
2015-07-22 06:00:00,1.78
2015-07-22 07:00:00,1.78
2015-07-22 08:00:00,1.78
2015-07-22 09:00:00,1.78
2015-07-22 10:00:00,1.78
2015-07-22 11:00:00,1.78
2015-07-22 12:00:00,1.78
2015-07-22 13:00:00,1.78
2015-07-22 14:00:00,1.78
2015-07-22 15:00:00,30.09
2015-07-22 16:00:00,29.85
2015-07-22 17:00:00,4.06
2015-07-22 18:00:00,1.78
2015-07-22 19:00:00,1.78
2015-07-22 20:00:00,1.78
2015-07-22 21:00:00,1.78
2015-07-22 22:00:00,1.78
2015-07-22 23:00:00,1.78
2015-07-23 00:00:00,1.78
2015-07-23 01:00:00,1.78
2015-07-23 02:00:00,1.78
2015-07-23 03:00:00,1.78
2015-07-23 04:00:00,1.78
2015-07-23 05:00:00,1.78
2015-07-23 06:00:00,1.78
2015-07-23 07:00:00,1.78
2015-07-23 08:00:00,1.78
2015-07-23 09:00:00,1.78
2015-07-23 10:00:00,1.78
2015-07-23 11:00:00,1.78
2015-07-23 12:00:00,1.78
2015-07-23 13:00:00,1.780000001
2015-07-23 14:00:00,5.47
2015-07-23 15:00:00,33.58
2015-07-23 16:00:00,28.35
2015-07-23 17:00:00,1.78
2015-07-23 18:00:00,1.78
2015-07-23 19:00:00,1.78
2015-07-23 20:00:00,1.78
2015-07-23 21:00:00,1.78
2015-07-23 22:00:00,1.78
2015-07-23 23:00:00,1.78
2015-07-24 00:00:00,1.78
2015-07-24 01:00:00,1.78
2015-07-24 02:00:00,1.78
2015-07-24 03:00:00,1.78
2015-07-24 04:00:00,1.78
2015-07-24 05:00:00,1.78
2015-07-24 06:00:00,1.78
2015-07-24 07:00:00,1.78
2015-07-24 08:00:00,1.78
2015-07-24 09:00:00,1.78
2015-07-24 10:00:00,1.78
2015-07-24 11:00:00,1.78
2015-07-24 12:00:00,1.78
2015-07-24 13:00:00,1.78
2015-07-24 14:00:00,1.78
2015-07-24 15:00:00,1.78
2015-07-24 16:00:00,1.78
2015-07-24 17:00:00,1.78
2015-07-24 18:00:00,1.78
2015-07-24 19:00:00,4.080000005
2015-07-24 20:00:00,34.93
2015-07-24 21:00:00,22.04
2015-07-24 22:00:00,1.78
2015-07-24 23:00:00,1.78
2015-07-25 00:00:00,1.78
2015-07-25 01:00:00,1.78
2015-07-25 02:00:00,1.78
2015-07-25 03:00:00,1.78
2015-07-25 04:00:00,1.78
2015-07-25 05:00:00,1.78
2015-07-25 06:00:00,1.78
2015-07-25 07:00:00,1.78
2015-07-25 08:00:00,1.78
2015-07-25 09:00:00,1.78
2015-07-25 10:00:00,1.780000005
2015-07-25 11:00:00,29.17
2015-07-25 12:00:00,30.14
2015-07-25 13:00:00,30.43
2015-07-25 14:00:00,30.52
2015-07-25 15:00:00,30.5
2015-07-25 16:00:00,30.7
2015-07-25 17:00:00,9.15
2015-07-25 18:00:00,1.78
2015-07-25 19:00:00,3.850000005
2015-07-25 20:00:00,32.46
2015-07-25 21:00:00,32.57
2015-07-25 22:00:00,1.78
2015-07-25 23:00:00,1.78
2015-07-26 00:00:00,1.78
2015-07-26 01:00:00,1.78
2015-07-26 02:00:00,1.78
2015-07-26 03:00:00,1.78
2015-07-26 04:00:00,1.78
2015-07-26 05:00:00,1.78
2015-07-26 06:00:00,1.78
2015-07-26 07:00:00,1.78
2015-07-26 08:00:00,1.78
2015-07-26 09:00:00,1.78
2015-07-26 10:00:00,1.78
2015-07-26 11:00:00,1.78
2015-07-26 12:00:00,1.78
2015-07-26 13:00:00,1.78
2015-07-26 14:00:00,1.78
2015-07-26 15:00:00,1.78
2015-07-26 16:00:00,1.78
2015-07-26 17:00:00,1.78
2015-07-26 18:00:00,1.78
2015-07-26 19:00:00,1.780000006
2015-07-26 20:00:00,34.67
2015-07-26 21:00:00,24.45
2015-07-26 22:00:00,1.78
2015-07-26 23:00:00,1.78
2015-07-27 00:00:00,1.78
2015-07-27 01:00:00,1.78
2015-07-27 02:00:00,1.78
2015-07-27 03:00:00,1.78
2015-07-27 04:00:00,1.78
2015-07-27 05:00:00,1.78
2015-07-27 06:00:00,1.78
2015-07-27 07:00:00,1.78
2015-07-27 08:00:00,1.78
2015-07-27 09:00:00,1.78
2015-07-27 10:00:00,1.78
2015-07-27 11:00:00,1.78
2015-07-27 12:00:00,1.78
2015-07-27 13:00:00,1.78
2015-07-27 14:00:00,1.78
2015-07-27 15:00:00,1.78
2015-07-27 16:00:00,1.78
2015-07-27 17:00:00,1.78
2015-07-27 18:00:00,1.78
2015-07-27 19:00:00,1.780000005
2015-07-27 20:00:00,32.13
2015-07-27 21:00:00,29.85
2015-07-27 22:00:00,1.78
2015-07-27 23:00:00,1.78
2015-07-28 00:00:00,1.78
2015-07-28 01:00:00,1.78
2015-07-28 02:00:00,1.78
2015-07-28 03:00:00,1.78
2015-07-28 04:00:00,1.78
2015-07-28 05:00:00,1.78
2015-07-28 06:00:00,1.78
2015-07-28 07:00:00,1.78
2015-07-28 08:00:00,1.78
2015-07-28 09:00:00,1.78
2015-07-28 10:00:00,1.780000003
2015-07-28 11:00:00,17.32
2015-07-28 12:00:00,27
2015-07-28 13:00:00,35.54
2015-07-28 14:00:00,35.54
2015-07-28 15:00:00,11.97
2015-07-28 16:00:00,1.78
2015-07-28 17:00:00,1.78
2015-07-28 18:00:00,1.78
2015-07-28 19:00:00,1.78
2015-07-28 20:00:00,1.78
2015-07-28 21:00:00,1.78
2015-07-28 22:00:00,1.78
2015-07-28 23:00:00,1.78
2015-07-29 00:00:00,1.78
2015-07-29 01:00:00,1.78
2015-07-29 02:00:00,1.78
2015-07-29 03:00:00,1.78
2015-07-29 04:00:00,1.78
2015-07-29 05:00:00,1.78
2015-07-29 06:00:00,1.78
2015-07-29 07:00:00,1.78
2015-07-29 08:00:00,1.78
2015-07-29 09:00:00,1.78
2015-07-29 10:00:00,1.78
2015-07-29 11:00:00,1.78
2015-07-29 12:00:00,1.78
2015-07-29 13:00:00,1.78
2015-07-29 14:00:00,1.78
2015-07-29 15:00:00,1.78
2015-07-29 16:00:00,1.78
2015-07-29 17:00:00,1.78
2015-07-29 18:00:00,1.78
2015-07-29 19:00:00,12.83
2015-07-29 20:00:00,18.13
2015-07-29 21:00:00,17.71
2015-07-29 22:00:00,1.78
2015-07-29 23:00:00,1.78
2015-07-30 00:00:00,1.78
2015-07-30 01:00:00,1.78
2015-07-30 02:00:00,1.78
2015-07-30 03:00:00,1.78
2015-07-30 04:00:00,1.78
2015-07-30 05:00:00,1.78
2015-07-30 06:00:00,1.78
2015-07-30 07:00:00,1.78
2015-07-30 08:00:00,1.78
2015-07-30 09:00:00,1.78
2015-07-30 10:00:00,1.78
2015-07-30 11:00:00,1.78
2015-07-30 12:00:00,1.78
2015-07-30 13:00:00,1.78
2015-07-30 14:00:00,1.78
2015-07-30 15:00:00,1.78
2015-07-30 16:00:00,1.78
2015-07-30 17:00:00,1.78
2015-07-30 18:00:00,1.78
2015-07-30 19:00:00,19.11
2015-07-30 20:00:00,19.03
2015-07-30 21:00:00,19.05
2015-07-30 22:00:00,5.219999999
2015-07-30 23:00:00,1.78
2015-07-31 00:00:00,1.78
2015-07-31 01:00:00,1.78
2015-07-31 02:00:00,1.78
2015-07-31 03:00:00,1.78
2015-07-31 04:00:00,1.78
2015-07-31 05:00:00,1.78
2015-07-31 06:00:00,1.78
2015-07-31 07:00:00,4.89E-09
2015-07-31 08:00:00,28
2015-07-31 09:00:00,32
2015-07-31 10:00:00,29.99999999
2015-07-31 11:00:00,0
2015-07-31 12:00:00,0
2015-07-31 13:00:00,0
2015-07-31 14:00:00,0
2015-07-31 15:00:00,0
2015-07-31 16:00:00,0
2015-07-31 17:00:00,0
2015-07-31 18:00:00,0
2015-07-31 19:00:00,0
2015-07-31 20:00:00,0
2015-07-31 21:00:00,0
2015-07-31 22:00:00,0
2015-07-31 23:00:00,0
2015-08-01 00:00:00,1.78
2015-08-01 01:00:00,1.78
2015-08-01 02:00:00,1.78
2015-08-01 03:00:00,1.78
2015-08-01 04:00:00,1.78
2015-08-01 05:00:00,1.78
2015-08-01 06:00:00,1.78
2015-08-01 07:00:00,1.78
2015-08-01 08:00:00,1.78
2015-08-01 09:00:00,1.78
2015-08-01 10:00:00,1.78
2015-08-01 11:00:00,1.78
2015-08-01 12:00:00,1.78
2015-08-01 13:00:00,1.78
2015-08-01 14:00:00,1.78
2015-08-01 15:00:00,1.78
2015-08-01 16:00:00,1.78
2015-08-01 17:00:00,1.78
2015-08-01 18:00:00,1.78
2015-08-01 19:00:00,4.050000005
2015-08-01 20:00:00,32.81
2015-08-01 21:00:00,20.11
2015-08-01 22:00:00,1.78
2015-08-01 23:00:00,1.78
2015-08-02 00:00:00,1.78
2015-08-02 01:00:00,1.78
2015-08-02 02:00:00,1.78
2015-08-02 03:00:00,1.78
2015-08-02 04:00:00,1.78
2015-08-02 05:00:00,1.78
2015-08-02 06:00:00,1.78
2015-08-02 07:00:00,1.78
2015-08-02 08:00:00,1.78
2015-08-02 09:00:00,1.78
2015-08-02 10:00:00,1.78
2015-08-02 11:00:00,1.78
2015-08-02 12:00:00,1.78
2015-08-02 13:00:00,1.78
2015-08-02 14:00:00,1.78
2015-08-02 15:00:00,1.78
2015-08-02 16:00:00,1.78
2015-08-02 17:00:00,1.78
2015-08-02 18:00:00,1.78
2015-08-02 19:00:00,9.400000004
2015-08-02 20:00:00,34.72
2015-08-02 21:00:00,27.39
2015-08-02 22:00:00,1.78
2015-08-02 23:00:00,1.78
2015-08-03 00:00:00,1.78
2015-08-03 01:00:00,1.78
2015-08-03 02:00:00,1.78
2015-08-03 03:00:00,1.78
2015-08-03 04:00:00,1.78
2015-08-03 05:00:00,1.78
2015-08-03 06:00:00,1.78
2015-08-03 07:00:00,1.78
2015-08-03 08:00:00,1.78
2015-08-03 09:00:00,1.78
2015-08-03 10:00:00,1.78
2015-08-03 11:00:00,1.78
2015-08-03 12:00:00,1.78
2015-08-03 13:00:00,1.780000004
2015-08-03 14:00:00,27.18
2015-08-03 15:00:00,34.71
2015-08-03 16:00:00,8.189999999
2015-08-03 17:00:00,1.78
2015-08-03 18:00:00,1.78
2015-08-03 19:00:00,1.78
2015-08-03 20:00:00,1.78
2015-08-03 21:00:00,1.78
2015-08-03 22:00:00,1.78
2015-08-03 23:00:00,1.78
2015-08-04 00:00:00,1.78
2015-08-04 01:00:00,1.78
2015-08-04 02:00:00,1.78
2015-08-04 03:00:00,1.78
2015-08-04 04:00:00,1.78
2015-08-04 05:00:00,1.78
2015-08-04 06:00:00,1.78
2015-08-04 07:00:00,1.78
2015-08-04 08:00:00,1.78
2015-08-04 09:00:00,1.78
2015-08-04 10:00:00,1.78
2015-08-04 11:00:00,1.78
2015-08-04 12:00:00,1.78
2015-08-04 13:00:00,1.78
2015-08-04 14:00:00,1.78
2015-08-04 15:00:00,1.78
2015-08-04 16:00:00,1.78
2015-08-04 17:00:00,1.78
2015-08-04 18:00:00,1.78
2015-08-04 19:00:00,13.87
2015-08-04 20:00:00,28.8
2015-08-04 21:00:00,15.03
2015-08-04 22:00:00,1.78
2015-08-04 23:00:00,1.78
2015-08-05 00:00:00,1.78
2015-08-05 01:00:00,1.78
2015-08-05 02:00:00,1.78
2015-08-05 03:00:00,1.78
2015-08-05 04:00:00,1.78
2015-08-05 05:00:00,1.78
2015-08-05 06:00:00,1.78
2015-08-05 07:00:00,1.78
2015-08-05 08:00:00,1.78
2015-08-05 09:00:00,1.78
2015-08-05 10:00:00,1.78
2015-08-05 11:00:00,1.78
2015-08-05 12:00:00,34.91
2015-08-05 13:00:00,24.41
2015-08-05 14:00:00,5.21
2015-08-05 15:00:00,1.78
2015-08-05 16:00:00,1.78
2015-08-05 17:00:00,1.78
2015-08-05 18:00:00,1.78
2015-08-05 19:00:00,1.78
2015-08-05 20:00:00,1.78
2015-08-05 21:00:00,1.78
2015-08-05 22:00:00,1.78
2015-08-05 23:00:00,1.78
2015-08-06 00:00:00,1.78
2015-08-06 01:00:00,1.78
2015-08-06 02:00:00,1.78
2015-08-06 03:00:00,1.78
2015-08-06 04:00:00,1.78
2015-08-06 05:00:00,1.78
2015-08-06 06:00:00,1.78
2015-08-06 07:00:00,1.78
2015-08-06 08:00:00,1.78
2015-08-06 09:00:00,1.78
2015-08-06 10:00:00,1.78
2015-08-06 11:00:00,1.78
2015-08-06 12:00:00,3.72
2015-08-06 13:00:00,24.64
2015-08-06 14:00:00,28.07
2015-08-06 15:00:00,1.78
2015-08-06 16:00:00,1.78
2015-08-06 17:00:00,1.78
2015-08-06 18:00:00,1.78
2015-08-06 19:00:00,1.78
2015-08-06 20:00:00,1.78
2015-08-06 21:00:00,1.78
2015-08-06 22:00:00,1.78
2015-08-06 23:00:00,1.78
2015-08-07 00:00:00,1.78
2015-08-07 01:00:00,1.78
2015-08-07 02:00:00,1.78
2015-08-07 03:00:00,1.78
2015-08-07 04:00:00,1.78
2015-08-07 05:00:00,1.78
2015-08-07 06:00:00,1.78
2015-08-07 07:00:00,1.78
2015-08-07 08:00:00,1.78
2015-08-07 09:00:00,1.78
2015-08-07 10:00:00,1.78
2015-08-07 11:00:00,1.78
2015-08-07 12:00:00,1.78
2015-08-07 13:00:00,1.78
2015-08-07 14:00:00,1.78
2015-08-07 15:00:00,1.78
2015-08-07 16:00:00,5.080000005
2015-08-07 17:00:00,35.49
2015-08-07 18:00:00,29.8
2015-08-07 19:00:00,1.78
2015-08-07 20:00:00,1.78
2015-08-07 21:00:00,1.78
2015-08-07 22:00:00,1.78
2015-08-07 23:00:00,1.78
2015-08-08 00:00:00,1.78
2015-08-08 01:00:00,1.78
2015-08-08 02:00:00,1.78
2015-08-08 03:00:00,1.78
2015-08-08 04:00:00,1.78
2015-08-08 05:00:00,1.78
2015-08-08 06:00:00,1.78
2015-08-08 07:00:00,1.78
2015-08-08 08:00:00,1.78
2015-08-08 09:00:00,1.78
2015-08-08 10:00:00,1.78
2015-08-08 11:00:00,1.78
2015-08-08 12:00:00,1.78
2015-08-08 13:00:00,1.78
2015-08-08 14:00:00,1.78
2015-08-08 15:00:00,1.78
2015-08-08 16:00:00,1.78
2015-08-08 17:00:00,1.78
2015-08-08 18:00:00,1.78
2015-08-08 19:00:00,4.430000005
2015-08-08 20:00:00,33.5
2015-08-08 21:00:00,25.76
2015-08-08 22:00:00,1.78
2015-08-08 23:00:00,1.78
2015-08-09 00:00:00,1.78
2015-08-09 01:00:00,1.78
2015-08-09 02:00:00,1.78
2015-08-09 03:00:00,1.78
2015-08-09 04:00:00,1.78
2015-08-09 05:00:00,1.78
2015-08-09 06:00:00,1.78
2015-08-09 07:00:00,1.78
2015-08-09 08:00:00,1.78
2015-08-09 09:00:00,1.78
2015-08-09 10:00:00,1.78
2015-08-09 11:00:00,1.78
2015-08-09 12:00:00,1.78
2015-08-09 13:00:00,1.78
2015-08-09 14:00:00,1.78
2015-08-09 15:00:00,1.78
2015-08-09 16:00:00,1.78
2015-08-09 17:00:00,1.78
2015-08-09 18:00:00,1.78
2015-08-09 19:00:00,1.780000003
2015-08-09 20:00:00,20.72
2015-08-09 21:00:00,30.95
2015-08-09 22:00:00,1.78
2015-08-09 23:00:00,1.78
2015-08-10 00:00:00,1.78
2015-08-10 01:00:00,1.78
2015-08-10 02:00:00,1.78
2015-08-10 03:00:00,1.78
2015-08-10 04:00:00,1.78
2015-08-10 05:00:00,1.78
2015-08-10 06:00:00,1.78
2015-08-10 07:00:00,0
2015-08-10 08:00:00,0
2015-08-10 09:00:00,0
2015-08-10 10:00:00,0
2015-08-10 11:00:00,0
2015-08-10 12:00:00,0
2015-08-10 13:00:00,0
2015-08-10 14:00:00,0
2015-08-10 15:00:00,0
2015-08-10 16:00:00,0
2015-08-10 17:00:00,0
2015-08-10 18:00:00,0
2015-08-10 19:00:00,10
2015-08-10 20:00:00,22
2015-08-10 21:00:00,28
2015-08-10 22:00:00,0
2015-08-10 23:00:00,0
2015-08-11 00:00:00,1.78
2015-08-11 01:00:00,1.78
2015-08-11 02:00:00,1.78
2015-08-11 03:00:00,1.78
2015-08-11 04:00:00,1.78
2015-08-11 05:00:00,1.78
2015-08-11 06:00:00,1.78
2015-08-11 07:00:00,1.78
2015-08-11 08:00:00,1.78
2015-08-11 09:00:00,1.78
2015-08-11 10:00:00,1.78
2015-08-11 11:00:00,1.78
2015-08-11 12:00:00,1.78
2015-08-11 13:00:00,1.78
2015-08-11 14:00:00,1.78
2015-08-11 15:00:00,1.78
2015-08-11 16:00:00,1.78
2015-08-11 17:00:00,1.78
2015-08-11 18:00:00,1.78
2015-08-11 19:00:00,1.78
2015-08-11 20:00:00,3.95
2015-08-11 21:00:00,31.1
2015-08-11 22:00:00,29.84
2015-08-11 23:00:00,1.78
2015-08-12 00:00:00,1.78
2015-08-12 01:00:00,1.78
2015-08-12 02:00:00,1.78
2015-08-12 03:00:00,1.78
2015-08-12 04:00:00,1.78
2015-08-12 05:00:00,1.78
2015-08-12 06:00:00,1.78
2015-08-12 07:00:00,1.78
2015-08-12 08:00:00,1.78
2015-08-12 09:00:00,1.78
2015-08-12 10:00:00,1.780000005
2015-08-12 11:00:00,29.82
2015-08-12 12:00:00,1.78
2015-08-12 13:00:00,1.78
2015-08-12 14:00:00,1.78
2015-08-12 15:00:00,32.42
2015-08-12 16:00:00,1.78
2015-08-12 17:00:00,1.78
2015-08-12 18:00:00,1.78
2015-08-12 19:00:00,1.78
2015-08-12 20:00:00,1.78
2015-08-12 21:00:00,1.78
2015-08-12 22:00:00,1.78
2015-08-12 23:00:00,1.78
2015-08-13 00:00:00,1.78
2015-08-13 01:00:00,1.78
2015-08-13 02:00:00,1.78
2015-08-13 03:00:00,1.78
2015-08-13 04:00:00,1.78
2015-08-13 05:00:00,1.78
2015-08-13 06:00:00,1.78
2015-08-13 07:00:00,1.78
2015-08-13 08:00:00,1.78
2015-08-13 09:00:00,1.78
2015-08-13 10:00:00,1.78
2015-08-13 11:00:00,1.78
2015-08-13 12:00:00,1.78
2015-08-13 13:00:00,1.78
2015-08-13 14:00:00,1.78
2015-08-13 15:00:00,1.78
2015-08-13 16:00:00,33.63
2015-08-13 17:00:00,28.25
2015-08-13 18:00:00,1.78
2015-08-13 19:00:00,1.78
2015-08-13 20:00:00,1.78
2015-08-13 21:00:00,1.78
2015-08-13 22:00:00,1.78
2015-08-13 23:00:00,1.78
2015-08-14 00:00:00,1.78
2015-08-14 01:00:00,1.78
2015-08-14 02:00:00,1.78
2015-08-14 03:00:00,1.78
2015-08-14 04:00:00,1.78
2015-08-14 05:00:00,1.78
2015-08-14 06:00:00,1.78
2015-08-14 07:00:00,1.78
2015-08-14 08:00:00,1.78
2015-08-14 09:00:00,1.78
2015-08-14 10:00:00,1.78
2015-08-14 11:00:00,1.78
2015-08-14 12:00:00,1.78
2015-08-14 13:00:00,1.78
2015-08-14 14:00:00,1.78
2015-08-14 15:00:00,1.78
2015-08-14 16:00:00,1.78
2015-08-14 17:00:00,1.78
2015-08-14 18:00:00,1.78
2015-08-14 19:00:00,32.74
2015-08-14 20:00:00,33.07
2015-08-14 21:00:00,1.78
2015-08-14 22:00:00,1.78
2015-08-14 23:00:00,1.78
2015-08-15 00:00:00,1.78
2015-08-15 01:00:00,1.78
2015-08-15 02:00:00,1.78
2015-08-15 03:00:00,1.78
2015-08-15 04:00:00,1.78
2015-08-15 05:00:00,1.78
2015-08-15 06:00:00,1.78
2015-08-15 07:00:00,1.78
2015-08-15 08:00:00,1.78
2015-08-15 09:00:00,1.78
2015-08-15 10:00:00,1.780000001
2015-08-15 11:00:00,9.4
2015-08-15 12:00:00,19.97
2015-08-15 13:00:00,20.74
2015-08-15 14:00:00,23.41
2015-08-15 15:00:00,1.78
2015-08-15 16:00:00,1.78
2015-08-15 17:00:00,1.78
2015-08-15 18:00:00,1.78
2015-08-15 19:00:00,1.78
2015-08-15 20:00:00,1.78
2015-08-15 21:00:00,1.78
2015-08-15 22:00:00,1.78
2015-08-15 23:00:00,1.78
2015-08-16 00:00:00,1.78
2015-08-16 01:00:00,1.78
2015-08-16 02:00:00,1.78
2015-08-16 03:00:00,1.78
2015-08-16 04:00:00,1.78
2015-08-16 05:00:00,1.78
2015-08-16 06:00:00,1.78
2015-08-16 07:00:00,1.78
2015-08-16 08:00:00,1.78
2015-08-16 09:00:00,1.78
2015-08-16 10:00:00,1.78
2015-08-16 11:00:00,1.78
2015-08-16 12:00:00,1.78
2015-08-16 13:00:00,1.78
2015-08-16 14:00:00,1.78
2015-08-16 15:00:00,1.78
2015-08-16 16:00:00,1.78
2015-08-16 17:00:00,1.78
2015-08-16 18:00:00,1.78
2015-08-16 19:00:00,27.7
2015-08-16 20:00:00,33.72
2015-08-16 21:00:00,22.4
2015-08-16 22:00:00,10.89
2015-08-16 23:00:00,1.78
2015-08-17 00:00:00,1.78
2015-08-17 01:00:00,1.78
2015-08-17 02:00:00,1.78
2015-08-17 03:00:00,1.78
2015-08-17 04:00:00,1.78
2015-08-17 05:00:00,1.78
2015-08-17 06:00:00,1.78
2015-08-17 07:00:00,1.78
2015-08-17 08:00:00,1.78
2015-08-17 09:00:00,1.78
2015-08-17 10:00:00,1.78
2015-08-17 11:00:00,1.78
2015-08-17 12:00:00,1.78
2015-08-17 13:00:00,1.78
2015-08-17 14:00:00,1.78
2015-08-17 15:00:00,1.78
2015-08-17 16:00:00,1.78
2015-08-17 17:00:00,1.78
2015-08-17 18:00:00,5.17
2015-08-17 19:00:00,34.33
2015-08-17 20:00:00,32.79
2015-08-17 21:00:00,3.63
2015-08-17 22:00:00,1.78
2015-08-17 23:00:00,1.78
2015-08-18 00:00:00,1.78
2015-08-18 01:00:00,1.78
2015-08-18 02:00:00,1.78
2015-08-18 03:00:00,1.78
2015-08-18 04:00:00,1.78
2015-08-18 05:00:00,1.78
2015-08-18 06:00:00,1.78
2015-08-18 07:00:00,1.78
2015-08-18 08:00:00,1.78
2015-08-18 09:00:00,1.78
2015-08-18 10:00:00,1.78
2015-08-18 11:00:00,1.78
2015-08-18 12:00:00,4.36
2015-08-18 13:00:00,34.93
2015-08-18 14:00:00,26.84
2015-08-18 15:00:00,1.78
2015-08-18 16:00:00,1.78
2015-08-18 17:00:00,1.78
2015-08-18 18:00:00,1.78
2015-08-18 19:00:00,1.78
2015-08-18 20:00:00,1.78
2015-08-18 21:00:00,1.78
2015-08-18 22:00:00,1.78
2015-08-18 23:00:00,1.78
2015-08-19 00:00:00,1.78
2015-08-19 01:00:00,1.78
2015-08-19 02:00:00,1.78
2015-08-19 03:00:00,1.78
2015-08-19 04:00:00,1.78
2015-08-19 05:00:00,1.78
2015-08-19 06:00:00,1.78
2015-08-19 07:00:00,1.78
2015-08-19 08:00:00,1.78
2015-08-19 09:00:00,1.78
2015-08-19 10:00:00,1.78
2015-08-19 11:00:00,1.78
2015-08-19 12:00:00,1.78
2015-08-19 13:00:00,1.78
2015-08-19 14:00:00,1.78
2015-08-19 15:00:00,1.78
2015-08-19 16:00:00,1.78
2015-08-19 17:00:00,1.78
2015-08-19 18:00:00,1.78
2015-08-19 19:00:00,1.78
2015-08-19 20:00:00,1.78
2015-08-19 21:00:00,1.78
2015-08-19 22:00:00,1.78
2015-08-19 23:00:00,1.78
2015-08-20 00:00:00,1.78
2015-08-20 01:00:00,2.42
2015-08-20 02:00:00,2.42
2015-08-20 03:00:00,2.42
2015-08-20 04:00:00,2.42
2015-08-20 05:00:00,2.42
2015-08-20 06:00:00,2.42
2015-08-20 07:00:00,2.42
2015-08-20 08:00:00,2.42
2015-08-20 09:00:00,2.42
2015-08-20 10:00:00,2.42
2015-08-20 11:00:00,2.42
2015-08-20 12:00:00,2.42
2015-08-20 13:00:00,2.42
2015-08-20 14:00:00,2.42
2015-08-20 15:00:00,2.42
2015-08-20 16:00:00,2.42
2015-08-20 17:00:00,2.42
2015-08-20 18:00:00,2.42
2015-08-20 19:00:00,2.42
2015-08-20 20:00:00,2.42
2015-08-20 21:00:00,2.42
2015-08-20 22:00:00,2.42
2015-08-20 23:00:00,2.42
2015-08-21 00:00:00,2.42
2015-08-21 01:00:00,2.42
2015-08-21 02:00:00,2.42
2015-08-21 03:00:00,2.42
2015-08-21 04:00:00,2.42
2015-08-21 05:00:00,2.42
2015-08-21 06:00:00,2.42
2015-08-21 07:00:00,2.42
2015-08-21 08:00:00,2.42
2015-08-21 09:00:00,2.42
2015-08-21 10:00:00,2.42
2015-08-21 11:00:00,2.42
2015-08-21 12:00:00,2.42
2015-08-21 13:00:00,2.42
2015-08-21 14:00:00,2.42
2015-08-21 15:00:00,2.42
2015-08-21 16:00:00,2.42
2015-08-21 17:00:00,2.42
2015-08-21 18:00:00,2.42
2015-08-21 19:00:00,2.42
2015-08-21 20:00:00,2.42
2015-08-21 21:00:00,2.42
2015-08-21 22:00:00,2.42
2015-08-21 23:00:00,2.42
2015-08-22 00:00:00,2.42
2015-08-22 01:00:00,2.42
2015-08-22 02:00:00,2.42
2015-08-22 03:00:00,2.42
2015-08-22 04:00:00,2.42
2015-08-22 05:00:00,2.42
2015-08-22 06:00:00,2.42
2015-08-22 07:00:00,2.42
2015-08-22 08:00:00,2.42
2015-08-22 09:00:00,2.42
2015-08-22 10:00:00,2.42
2015-08-22 11:00:00,2.42
2015-08-22 12:00:00,2.42
2015-08-22 13:00:00,2.42
2015-08-22 14:00:00,2.42
2015-08-22 15:00:00,2.42
2015-08-22 16:00:00,2.42
2015-08-22 17:00:00,2.42
2015-08-22 18:00:00,2.42
2015-08-22 19:00:00,2.42
2015-08-22 20:00:00,2.42
2015-08-22 21:00:00,2.42
2015-08-22 22:00:00,2.42
2015-08-22 23:00:00,2.42
2015-08-23 00:00:00,2.42
2015-08-23 01:00:00,2.42
2015-08-23 02:00:00,2.42
2015-08-23 03:00:00,2.42
2015-08-23 04:00:00,2.42
2015-08-23 05:00:00,2.42
2015-08-23 06:00:00,2.42
2015-08-23 07:00:00,2.42
2015-08-23 08:00:00,2.42
2015-08-23 09:00:00,2.42
2015-08-23 10:00:00,2.42
2015-08-23 11:00:00,2.42
2015-08-23 12:00:00,2.42
2015-08-23 13:00:00,2.42
2015-08-23 14:00:00,2.42
2015-08-23 15:00:00,2.42
2015-08-23 16:00:00,2.42
2015-08-23 17:00:00,2.42
2015-08-23 18:00:00,2.42
2015-08-23 19:00:00,2.42
2015-08-23 20:00:00,2.42
2015-08-23 21:00:00,2.42
2015-08-23 22:00:00,2.42
2015-08-23 23:00:00,2.42
2015-08-24 00:00:00,2.42
2015-08-24 01:00:00,2.42
2015-08-24 02:00:00,2.42
2015-08-24 03:00:00,2.42
2015-08-24 04:00:00,2.42
2015-08-24 05:00:00,2.42
2015-08-24 06:00:00,2.42
2015-08-24 07:00:00,2.42
2015-08-24 08:00:00,2.42
2015-08-24 09:00:00,2.42
2015-08-24 10:00:00,2.42
2015-08-24 11:00:00,2.42
2015-08-24 12:00:00,2.42
2015-08-24 13:00:00,2.42
2015-08-24 14:00:00,2.42
2015-08-24 15:00:00,2.42
2015-08-24 16:00:00,2.42
2015-08-24 17:00:00,2.42
2015-08-24 18:00:00,2.42
2015-08-24 19:00:00,2.42
2015-08-24 20:00:00,2.42
2015-08-24 21:00:00,2.42
2015-08-24 22:00:00,2.42
2015-08-24 23:00:00,2.42
2015-08-25 00:00:00,2.42
2015-08-25 01:00:00,2.42
2015-08-25 02:00:00,2.42
2015-08-25 03:00:00,2.42
2015-08-25 04:00:00,2.42
2015-08-25 05:00:00,2.42
2015-08-25 06:00:00,2.42
2015-08-25 07:00:00,2.42
2015-08-25 08:00:00,2.42
2015-08-25 09:00:00,2.42
2015-08-25 10:00:00,2.42
2015-08-25 11:00:00,2.42
2015-08-25 12:00:00,2.42
2015-08-25 13:00:00,2.42
2015-08-25 14:00:00,2.42
2015-08-25 15:00:00,2.42
2015-08-25 16:00:00,2.42
2015-08-25 17:00:00,2.42
2015-08-25 18:00:00,2.42
2015-08-25 19:00:00,4.960000003
2015-08-25 20:00:00,22.92
2015-08-25 21:00:00,2.42
2015-08-25 22:00:00,2.42
2015-08-25 23:00:00,2.42
2015-08-26 00:00:00,2.42
2015-08-26 01:00:00,2.42
2015-08-26 02:00:00,2.42
2015-08-26 03:00:00,2.42
2015-08-26 04:00:00,2.42
2015-08-26 05:00:00,2.42
2015-08-26 06:00:00,2.42
2015-08-26 07:00:00,2.42
2015-08-26 08:00:00,2.42
2015-08-26 09:00:00,2.42
2015-08-26 10:00:00,2.42
2015-08-26 11:00:00,2.42
2015-08-26 12:00:00,2.42
2015-08-26 13:00:00,2.42
2015-08-26 14:00:00,2.42
2015-08-26 15:00:00,2.42
2015-08-26 16:00:00,2.42
2015-08-26 17:00:00,2.42
2015-08-26 18:00:00,2.42
2015-08-26 19:00:00,2.42
2015-08-26 20:00:00,2.42
2015-08-26 21:00:00,2.42
2015-08-26 22:00:00,2.42
2015-08-26 23:00:00,2.42
2015-08-27 00:00:00,2.42
2015-08-27 01:00:00,2.42
2015-08-27 02:00:00,2.42
2015-08-27 03:00:00,2.42
2015-08-27 04:00:00,2.42
2015-08-27 05:00:00,2.42
2015-08-27 06:00:00,2.42
2015-08-27 07:00:00,2.42
2015-08-27 08:00:00,2.42
2015-08-27 09:00:00,2.42
2015-08-27 10:00:00,2.42
2015-08-27 11:00:00,2.42
2015-08-27 12:00:00,2.42
2015-08-27 13:00:00,2.42
2015-08-27 14:00:00,2.42
2015-08-27 15:00:00,2.42
2015-08-27 16:00:00,2.42
2015-08-27 17:00:00,2.42
2015-08-27 18:00:00,2.42
2015-08-27 19:00:00,2.42
2015-08-27 20:00:00,2.42
2015-08-27 21:00:00,2.42
2015-08-27 22:00:00,2.42
2015-08-27 23:00:00,2.42
2015-08-28 00:00:00,2.42
2015-08-28 01:00:00,2.42
2015-08-28 02:00:00,2.42
2015-08-28 03:00:00,2.42
2015-08-28 04:00:00,2.42
2015-08-28 05:00:00,2.42
2015-08-28 06:00:00,2.42
2015-08-28 07:00:00,2.42
2015-08-28 08:00:00,2.42
2015-08-28 09:00:00,2.42
2015-08-28 10:00:00,2.42
2015-08-28 11:00:00,2.42
2015-08-28 12:00:00,2.42
2015-08-28 13:00:00,2.42
2015-08-28 14:00:00,2.42
2015-08-28 15:00:00,2.42
2015-08-28 16:00:00,2.42
2015-08-28 17:00:00,2.42
2015-08-28 18:00:00,2.42
2015-08-28 19:00:00,6.930000006
2015-08-28 20:00:00,39.44
2015-08-28 21:00:00,2.42
2015-08-28 22:00:00,2.42
2015-08-28 23:00:00,2.42
2015-08-29 00:00:00,2.42
2015-08-29 01:00:00,2.42
2015-08-29 02:00:00,2.42
2015-08-29 03:00:00,2.42
2015-08-29 04:00:00,2.42
2015-08-29 05:00:00,2.42
2015-08-29 06:00:00,2.42
2015-08-29 07:00:00,2.42
2015-08-29 08:00:00,2.42
2015-08-29 09:00:00,2.42
2015-08-29 10:00:00,2.42
2015-08-29 11:00:00,2.42
2015-08-29 12:00:00,2.42
2015-08-29 13:00:00,2.42
2015-08-29 14:00:00,2.42
2015-08-29 15:00:00,2.42
2015-08-29 16:00:00,2.42
2015-08-29 17:00:00,2.42
2015-08-29 18:00:00,2.42
2015-08-29 19:00:00,2.42
2015-08-29 20:00:00,2.42
2015-08-29 21:00:00,2.42
2015-08-29 22:00:00,2.42
2015-08-29 23:00:00,2.42
2015-08-30 00:00:00,2.42
2015-08-30 01:00:00,2.42
2015-08-30 02:00:00,2.42
2015-08-30 03:00:00,2.42
2015-08-30 04:00:00,2.42
2015-08-30 05:00:00,2.42
2015-08-30 06:00:00,2.42
2015-08-30 07:00:00,2.42
2015-08-30 08:00:00,2.42
2015-08-30 09:00:00,2.42
2015-08-30 10:00:00,2.42
2015-08-30 11:00:00,2.42
2015-08-30 12:00:00,2.42
2015-08-30 13:00:00,2.42
2015-08-30 14:00:00,2.42
2015-08-30 15:00:00,2.42
2015-08-30 16:00:00,2.42
2015-08-30 17:00:00,2.42
2015-08-30 18:00:00,2.42
2015-08-30 19:00:00,2.42
2015-08-30 20:00:00,2.42
2015-08-30 21:00:00,2.42
2015-08-30 22:00:00,2.42
2015-08-30 23:00:00,2.42
2015-08-31 00:00:00,2.42
2015-08-31 01:00:00,2.42
2015-08-31 02:00:00,2.42
2015-08-31 03:00:00,2.42
2015-08-31 04:00:00,2.42
2015-08-31 05:00:00,2.42
2015-08-31 06:00:00,2.42
2015-08-31 07:00:00,2.42
2015-08-31 08:00:00,2.42
2015-08-31 09:00:00,2.42
2015-08-31 10:00:00,2.42
2015-08-31 11:00:00,2.42
2015-08-31 12:00:00,2.42
2015-08-31 13:00:00,2.42
2015-08-31 14:00:00,2.42
2015-08-31 15:00:00,2.42
2015-08-31 16:00:00,2.42
2015-08-31 17:00:00,2.42
2015-08-31 18:00:00,2.42
2015-08-31 19:00:00,6.670000006
2015-08-31 20:00:00,40.91
2015-08-31 21:00:00,2.42
2015-08-31 22:00:00,2.42
2015-08-31 23:00:00,2.42
2015-09-01 00:00:00,2.42
2015-09-01 01:00:00,2.42
2015-09-01 02:00:00,2.42
2015-09-01 03:00:00,2.42
2015-09-01 04:00:00,2.42
2015-09-01 05:00:00,2.42
2015-09-01 06:00:00,2.42
2015-09-01 07:00:00,2.42
2015-09-01 08:00:00,2.42
2015-09-01 09:00:00,2.42
2015-09-01 10:00:00,2.42
2015-09-01 11:00:00,2.42
2015-09-01 12:00:00,2.42
2015-09-01 13:00:00,2.42
2015-09-01 14:00:00,2.42
2015-09-01 15:00:00,2.42
2015-09-01 16:00:00,2.42
2015-09-01 17:00:00,2.42
2015-09-01 18:00:00,2.42
2015-09-01 19:00:00,2.42
2015-09-01 20:00:00,2.42
2015-09-01 21:00:00,2.42
2015-09-01 22:00:00,2.42
2015-09-01 23:00:00,2.42
2015-09-02 00:00:00,2.42
2015-09-02 01:00:00,2.42
2015-09-02 02:00:00,2.42
2015-09-02 03:00:00,2.42
2015-09-02 04:00:00,2.42
2015-09-02 05:00:00,2.42
2015-09-02 06:00:00,2.42
2015-09-02 07:00:00,2.42
2015-09-02 08:00:00,2.42
2015-09-02 09:00:00,2.42
2015-09-02 10:00:00,2.42
2015-09-02 11:00:00,2.42
2015-09-02 12:00:00,2.42
2015-09-02 13:00:00,2.42
2015-09-02 14:00:00,2.42
2015-09-02 15:00:00,2.42
2015-09-02 16:00:00,2.42
2015-09-02 17:00:00,2.42
2015-09-02 18:00:00,2.42
2015-09-02 19:00:00,2.42
2015-09-02 20:00:00,2.42
2015-09-02 21:00:00,2.42
2015-09-02 22:00:00,2.42
2015-09-02 23:00:00,2.42
2015-09-03 00:00:00,1.78
2015-09-03 01:00:00,2.42
2015-09-03 02:00:00,2.42
2015-09-03 03:00:00,2.42
2015-09-03 04:00:00,2.42
2015-09-03 05:00:00,2.42
2015-09-03 06:00:00,2.42
2015-09-03 07:00:00,2.42
2015-09-03 08:00:00,2.42
2015-09-03 09:00:00,2.42
2015-09-03 10:00:00,2.42
2015-09-03 11:00:00,2.42
2015-09-03 12:00:00,2.42
2015-09-03 13:00:00,2.42
2015-09-03 14:00:00,2.42
2015-09-03 15:00:00,2.42
2015-09-03 16:00:00,2.42
2015-09-03 17:00:00,2.42
2015-09-03 18:00:00,2.42
2015-09-03 19:00:00,6.800000006
2015-09-03 20:00:00,39.08
2015-09-03 21:00:00,2.42
2015-09-03 22:00:00,2.42
2015-09-03 23:00:00,2.42
2015-09-04 00:00:00,2.42
2015-09-04 01:00:00,2.42
2015-09-04 02:00:00,2.42
2015-09-04 03:00:00,2.42
2015-09-04 04:00:00,2.42
2015-09-04 05:00:00,2.42
2015-09-04 06:00:00,2.42
2015-09-04 07:00:00,2.42
2015-09-04 08:00:00,2.42
2015-09-04 09:00:00,2.42
2015-09-04 10:00:00,2.42
2015-09-04 11:00:00,2.42
2015-09-04 12:00:00,2.42
2015-09-04 13:00:00,2.42
2015-09-04 14:00:00,2.42
2015-09-04 15:00:00,2.42
2015-09-04 16:00:00,2.42
2015-09-04 17:00:00,2.42
2015-09-04 18:00:00,2.42
2015-09-04 19:00:00,2.42
2015-09-04 20:00:00,2.42
2015-09-04 21:00:00,2.42
2015-09-04 22:00:00,2.42
2015-09-04 23:00:00,2.42
2015-09-05 00:00:00,2.42
2015-09-05 01:00:00,2.42
2015-09-05 02:00:00,2.42
2015-09-05 03:00:00,2.42
2015-09-05 04:00:00,2.42
2015-09-05 05:00:00,2.42
2015-09-05 06:00:00,2.42
2015-09-05 07:00:00,2.42
2015-09-05 08:00:00,2.42
2015-09-05 09:00:00,2.42
2015-09-05 10:00:00,2.42
2015-09-05 11:00:00,2.42
2015-09-05 12:00:00,2.42
2015-09-05 13:00:00,2.42
2015-09-05 14:00:00,2.42
2015-09-05 15:00:00,2.42
2015-09-05 16:00:00,2.42
2015-09-05 17:00:00,2.42
2015-09-05 18:00:00,2.42
2015-09-05 19:00:00,2.42
2015-09-05 20:00:00,2.42
2015-09-05 21:00:00,2.42
2015-09-05 22:00:00,2.42
2015-09-05 23:00:00,2.42
2015-09-06 00:00:00,2.42
2015-09-06 01:00:00,2.42
2015-09-06 02:00:00,2.42
2015-09-06 03:00:00,2.42
2015-09-06 04:00:00,2.42
2015-09-06 05:00:00,2.42
2015-09-06 06:00:00,2.42
2015-09-06 07:00:00,2.42
2015-09-06 08:00:00,2.42
2015-09-06 09:00:00,2.42
2015-09-06 10:00:00,2.42
2015-09-06 11:00:00,2.42
2015-09-06 12:00:00,2.42
2015-09-06 13:00:00,2.42
2015-09-06 14:00:00,2.42
2015-09-06 15:00:00,2.42
2015-09-06 16:00:00,2.42
2015-09-06 17:00:00,2.42
2015-09-06 18:00:00,2.42
2015-09-06 19:00:00,6.170000006
2015-09-06 20:00:00,40.31
2015-09-06 21:00:00,2.42
2015-09-06 22:00:00,2.42
2015-09-06 23:00:00,2.42
2015-09-07 00:00:00,2.42
2015-09-07 01:00:00,2.42
2015-09-07 02:00:00,2.42
2015-09-07 03:00:00,2.42
2015-09-07 04:00:00,2.42
2015-09-07 05:00:00,2.42
2015-09-07 06:00:00,2.42
2015-09-07 07:00:00,2.42
2015-09-07 08:00:00,2.42
2015-09-07 09:00:00,2.42
2015-09-07 10:00:00,2.42
2015-09-07 11:00:00,2.42
2015-09-07 12:00:00,2.42
2015-09-07 13:00:00,2.42
2015-09-07 14:00:00,2.42
2015-09-07 15:00:00,2.42
2015-09-07 16:00:00,2.42
2015-09-07 17:00:00,2.42
2015-09-07 18:00:00,2.42
2015-09-07 19:00:00,2.42
2015-09-07 20:00:00,2.42
2015-09-07 21:00:00,2.42
2015-09-07 22:00:00,2.42
2015-09-07 23:00:00,2.42
2015-09-08 00:00:00,2.42
2015-09-08 01:00:00,2.42
2015-09-08 02:00:00,2.42
2015-09-08 03:00:00,2.42
2015-09-08 04:00:00,2.42
2015-09-08 05:00:00,2.42
2015-09-08 06:00:00,2.42
2015-09-08 07:00:00,2.42
2015-09-08 08:00:00,2.42
2015-09-08 09:00:00,2.42
2015-09-08 10:00:00,2.42
2015-09-08 11:00:00,2.42
2015-09-08 12:00:00,2.42
2015-09-08 13:00:00,2.42
2015-09-08 14:00:00,2.42
2015-09-08 15:00:00,2.42
2015-09-08 16:00:00,2.42
2015-09-08 17:00:00,2.42
2015-09-08 18:00:00,2.42
2015-09-08 19:00:00,2.42
2015-09-08 20:00:00,2.42
2015-09-08 21:00:00,2.42
2015-09-08 22:00:00,2.42
2015-09-08 23:00:00,2.42
2015-09-09 00:00:00,2.42
2015-09-09 01:00:00,2.42
2015-09-09 02:00:00,2.42
2015-09-09 03:00:00,2.42
2015-09-09 04:00:00,2.42
2015-09-09 05:00:00,2.42
2015-09-09 06:00:00,2.42
2015-09-09 07:00:00,2.42
2015-09-09 08:00:00,2.42
2015-09-09 09:00:00,2.42
2015-09-09 10:00:00,2.42
2015-09-09 11:00:00,2.42
2015-09-09 12:00:00,2.42
2015-09-09 13:00:00,2.42
2015-09-09 14:00:00,2.42
2015-09-09 15:00:00,2.42
2015-09-09 16:00:00,2.42
2015-09-09 17:00:00,2.42
2015-09-09 18:00:00,2.42
2015-09-09 19:00:00,5.830000006
2015-09-09 20:00:00,41.24
2015-09-09 21:00:00,2.42
2015-09-09 22:00:00,2.42
2015-09-09 23:00:00,2.42
2015-09-10 00:00:00,2.42
2015-09-10 01:00:00,2.42
2015-09-10 02:00:00,2.42
2015-09-10 03:00:00,2.42
2015-09-10 04:00:00,2.42
2015-09-10 05:00:00,2.42
2015-09-10 06:00:00,2.42
2015-09-10 07:00:00,2.42
2015-09-10 08:00:00,2.42
2015-09-10 09:00:00,2.42
2015-09-10 10:00:00,2.42
2015-09-10 11:00:00,2.42
2015-09-10 12:00:00,2.42
2015-09-10 13:00:00,2.42
2015-09-10 14:00:00,2.42
2015-09-10 15:00:00,2.42
2015-09-10 16:00:00,2.42
2015-09-10 17:00:00,2.42
2015-09-10 18:00:00,2.42
2015-09-10 19:00:00,2.42
2015-09-10 20:00:00,2.42
2015-09-10 21:00:00,2.42
2015-09-10 22:00:00,2.42
2015-09-10 23:00:00,2.42
2015-09-11 00:00:00,2.42
2015-09-11 01:00:00,2.42
2015-09-11 02:00:00,2.42
2015-09-11 03:00:00,2.42
2015-09-11 04:00:00,2.42
2015-09-11 05:00:00,2.42
2015-09-11 06:00:00,2.42
2015-09-11 07:00:00,2.42
2015-09-11 08:00:00,2.42
2015-09-11 09:00:00,2.42
2015-09-11 10:00:00,2.42
2015-09-11 11:00:00,2.42
2015-09-11 12:00:00,2.42
2015-09-11 13:00:00,2.42
2015-09-11 14:00:00,2.42
2015-09-11 15:00:00,2.42
2015-09-11 16:00:00,2.42
2015-09-11 17:00:00,2.42
2015-09-11 18:00:00,2.42
2015-09-11 19:00:00,2.42
2015-09-11 20:00:00,2.42
2015-09-11 21:00:00,2.42
2015-09-11 22:00:00,2.42
2015-09-11 23:00:00,2.42
2015-09-12 00:00:00,2.42
2015-09-12 01:00:00,2.42
2015-09-12 02:00:00,2.42
2015-09-12 03:00:00,2.42
2015-09-12 04:00:00,2.42
2015-09-12 05:00:00,2.42
2015-09-12 06:00:00,2.42
2015-09-12 07:00:00,2.42
2015-09-12 08:00:00,2.42
2015-09-12 09:00:00,2.42
2015-09-12 10:00:00,2.42
2015-09-12 11:00:00,2.42
2015-09-12 12:00:00,2.42
2015-09-12 13:00:00,2.42
2015-09-12 14:00:00,2.42
2015-09-12 15:00:00,2.42
2015-09-12 16:00:00,2.42
2015-09-12 17:00:00,2.42
2015-09-12 18:00:00,2.42
2015-09-12 19:00:00,4.980000006
2015-09-12 20:00:00,40.62
2015-09-12 21:00:00,2.42
2015-09-12 22:00:00,2.42
2015-09-12 23:00:00,2.42
2015-09-13 00:00:00,2.42
2015-09-13 01:00:00,2.42
2015-09-13 02:00:00,2.42
2015-09-13 03:00:00,2.42
2015-09-13 04:00:00,2.42
2015-09-13 05:00:00,2.42
2015-09-13 06:00:00,2.42
2015-09-13 07:00:00,2.42
2015-09-13 08:00:00,2.42
2015-09-13 09:00:00,2.42
2015-09-13 10:00:00,2.42
2015-09-13 11:00:00,2.42
2015-09-13 12:00:00,2.42
2015-09-13 13:00:00,2.42
2015-09-13 14:00:00,2.42
2015-09-13 15:00:00,2.42
2015-09-13 16:00:00,2.42
2015-09-13 17:00:00,2.42
2015-09-13 18:00:00,2.42
2015-09-13 19:00:00,2.42
2015-09-13 20:00:00,2.42
2015-09-13 21:00:00,2.42
2015-09-13 22:00:00,2.42
2015-09-13 23:00:00,2.42
2015-09-14 00:00:00,2.42
2015-09-14 01:00:00,2.42
2015-09-14 02:00:00,2.42
2015-09-14 03:00:00,2.42
2015-09-14 04:00:00,2.42
2015-09-14 05:00:00,2.42
2015-09-14 06:00:00,2.42
2015-09-14 07:00:00,2.42
2015-09-14 08:00:00,2.42
2015-09-14 09:00:00,2.42
2015-09-14 10:00:00,2.42
2015-09-14 11:00:00,2.42
2015-09-14 12:00:00,2.42
2015-09-14 13:00:00,2.42
2015-09-14 14:00:00,2.42
2015-09-14 15:00:00,2.42
2015-09-14 16:00:00,2.42
2015-09-14 17:00:00,2.42
2015-09-14 18:00:00,2.42
2015-09-14 19:00:00,2.42
2015-09-14 20:00:00,2.42
2015-09-14 21:00:00,2.42
2015-09-14 22:00:00,2.42
2015-09-14 23:00:00,2.42
2015-09-15 00:00:00,2.42
2015-09-15 01:00:00,2.84
2015-09-15 02:00:00,2.84
2015-09-15 03:00:00,2.84
2015-09-15 04:00:00,2.84
2015-09-15 05:00:00,2.84
2015-09-15 06:00:00,2.84
2015-09-15 07:00:00,2.84
2015-09-15 08:00:00,2.84
2015-09-15 09:00:00,2.84
2015-09-15 10:00:00,2.84
2015-09-15 11:00:00,2.84
2015-09-15 12:00:00,2.84
2015-09-15 13:00:00,2.84
2015-09-15 14:00:00,2.84
2015-09-15 15:00:00,2.84
2015-09-15 16:00:00,2.84
2015-09-15 17:00:00,2.84
2015-09-15 18:00:00,2.84
2015-09-15 19:00:00,2.840000007
2015-09-15 20:00:00,41.52
2015-09-15 21:00:00,2.84
2015-09-15 22:00:00,2.84
2015-09-15 23:00:00,2.84
2015-09-16 00:00:00,2.84
2015-09-16 01:00:00,2.84
2015-09-16 02:00:00,2.84
2015-09-16 03:00:00,2.84
2015-09-16 04:00:00,2.84
2015-09-16 05:00:00,2.84
2015-09-16 06:00:00,2.84
2015-09-16 07:00:00,2.84
2015-09-16 08:00:00,2.84
2015-09-16 09:00:00,2.84
2015-09-16 10:00:00,2.84
2015-09-16 11:00:00,2.84
2015-09-16 12:00:00,2.84
2015-09-16 13:00:00,2.84
2015-09-16 14:00:00,2.84
2015-09-16 15:00:00,2.84
2015-09-16 16:00:00,2.84
2015-09-16 17:00:00,2.84
2015-09-16 18:00:00,2.84
2015-09-16 19:00:00,2.84
2015-09-16 20:00:00,2.84
2015-09-16 21:00:00,2.84
2015-09-16 22:00:00,2.84
2015-09-16 23:00:00,2.84
2015-09-17 00:00:00,2.84
2015-09-17 01:00:00,2.84
2015-09-17 02:00:00,2.84
2015-09-17 03:00:00,2.84
2015-09-17 04:00:00,2.84
2015-09-17 05:00:00,2.84
2015-09-17 06:00:00,2.84
2015-09-17 07:00:00,2.84
2015-09-17 08:00:00,2.84
2015-09-17 09:00:00,2.84
2015-09-17 10:00:00,2.84
2015-09-17 11:00:00,2.84
2015-09-17 12:00:00,2.84
2015-09-17 13:00:00,2.84
2015-09-17 14:00:00,2.84
2015-09-17 15:00:00,2.84
2015-09-17 16:00:00,2.84
2015-09-17 17:00:00,2.84
2015-09-17 18:00:00,2.84
2015-09-17 19:00:00,2.84
2015-09-17 20:00:00,2.84
2015-09-17 21:00:00,2.84
2015-09-17 22:00:00,2.84
2015-09-17 23:00:00,2.84
2015-09-18 00:00:00,2.84
2015-09-18 01:00:00,2.84
2015-09-18 02:00:00,2.84
2015-09-18 03:00:00,2.84
2015-09-18 04:00:00,2.84
2015-09-18 05:00:00,2.84
2015-09-18 06:00:00,2.84
2015-09-18 07:00:00,2.84
2015-09-18 08:00:00,2.84
2015-09-18 09:00:00,2.84
2015-09-18 10:00:00,2.84
2015-09-18 11:00:00,2.84
2015-09-18 12:00:00,2.84
2015-09-18 13:00:00,2.84
2015-09-18 14:00:00,2.84
2015-09-18 15:00:00,2.84
2015-09-18 16:00:00,2.84
2015-09-18 17:00:00,2.84
2015-09-18 18:00:00,2.84
2015-09-18 19:00:00,2.840000007
2015-09-18 20:00:00,42.61
2015-09-18 21:00:00,4.72
2015-09-18 22:00:00,2.84
2015-09-18 23:00:00,2.84
2015-09-19 00:00:00,2.84
2015-09-19 01:00:00,2.84
2015-09-19 02:00:00,2.84
2015-09-19 03:00:00,2.84
2015-09-19 04:00:00,2.84
2015-09-19 05:00:00,2.84
2015-09-19 06:00:00,2.84
2015-09-19 07:00:00,2.84
2015-09-19 08:00:00,2.84
2015-09-19 09:00:00,2.84
2015-09-19 10:00:00,2.84
2015-09-19 11:00:00,2.84
2015-09-19 12:00:00,2.84
2015-09-19 13:00:00,2.84
2015-09-19 14:00:00,2.84
2015-09-19 15:00:00,2.84
2015-09-19 16:00:00,2.84
2015-09-19 17:00:00,2.84
2015-09-19 18:00:00,2.84
2015-09-19 19:00:00,2.84
2015-09-19 20:00:00,2.84
2015-09-19 21:00:00,2.84
2015-09-19 22:00:00,2.84
2015-09-19 23:00:00,2.84
2015-09-20 00:00:00,2.84
2015-09-20 01:00:00,2.84
2015-09-20 02:00:00,2.84
2015-09-20 03:00:00,2.84
2015-09-20 04:00:00,2.84
2015-09-20 05:00:00,2.84
2015-09-20 06:00:00,2.84
2015-09-20 07:00:00,2.84
2015-09-20 08:00:00,2.84
2015-09-20 09:00:00,2.84
2015-09-20 10:00:00,2.84
2015-09-20 11:00:00,2.84
2015-09-20 12:00:00,2.84
2015-09-20 13:00:00,2.84
2015-09-20 14:00:00,2.84
2015-09-20 15:00:00,2.84
2015-09-20 16:00:00,2.84
2015-09-20 17:00:00,2.84
2015-09-20 18:00:00,2.84
2015-09-20 19:00:00,2.84
2015-09-20 20:00:00,2.84
2015-09-20 21:00:00,2.84
2015-09-20 22:00:00,2.84
2015-09-20 23:00:00,2.84
2015-09-21 00:00:00,2.84
2015-09-21 01:00:00,2.84
2015-09-21 02:00:00,2.84
2015-09-21 03:00:00,2.84
2015-09-21 04:00:00,2.84
2015-09-21 05:00:00,2.84
2015-09-21 06:00:00,2.84
2015-09-21 07:00:00,2.84
2015-09-21 08:00:00,2.84
2015-09-21 09:00:00,2.84
2015-09-21 10:00:00,2.84
2015-09-21 11:00:00,2.84
2015-09-21 12:00:00,2.84
2015-09-21 13:00:00,2.84
2015-09-21 14:00:00,2.84
2015-09-21 15:00:00,2.84
2015-09-21 16:00:00,2.84
2015-09-21 17:00:00,2.84
2015-09-21 18:00:00,2.84
2015-09-21 19:00:00,2.840000007
2015-09-21 20:00:00,41.43
2015-09-21 21:00:00,2.84
2015-09-21 22:00:00,2.84
2015-09-21 23:00:00,2.84
2015-09-22 00:00:00,2.84
2015-09-22 01:00:00,2.84
2015-09-22 02:00:00,2.84
2015-09-22 03:00:00,2.84
2015-09-22 04:00:00,2.84
2015-09-22 05:00:00,2.84
2015-09-22 06:00:00,2.84
2015-09-22 07:00:00,2.84
2015-09-22 08:00:00,2.84
2015-09-22 09:00:00,2.84
2015-09-22 10:00:00,2.84
2015-09-22 11:00:00,2.84
2015-09-22 12:00:00,2.84
2015-09-22 13:00:00,2.84
2015-09-22 14:00:00,2.84
2015-09-22 15:00:00,2.84
2015-09-22 16:00:00,2.84
2015-09-22 17:00:00,2.84
2015-09-22 18:00:00,2.84
2015-09-22 19:00:00,2.84
2015-09-22 20:00:00,2.84
2015-09-22 21:00:00,2.84
2015-09-22 22:00:00,2.84
2015-09-22 23:00:00,2.84
2015-09-23 00:00:00,2.84
2015-09-23 01:00:00,2.84
2015-09-23 02:00:00,2.84
2015-09-23 03:00:00,2.84
2015-09-23 04:00:00,2.84
2015-09-23 05:00:00,2.84
2015-09-23 06:00:00,2.84
2015-09-23 07:00:00,2.84
2015-09-23 08:00:00,2.84
2015-09-23 09:00:00,2.84
2015-09-23 10:00:00,2.84
2015-09-23 11:00:00,2.84
2015-09-23 12:00:00,2.84
2015-09-23 13:00:00,2.84
2015-09-23 14:00:00,2.84
2015-09-23 15:00:00,2.84
2015-09-23 16:00:00,2.84
2015-09-23 17:00:00,2.84
2015-09-23 18:00:00,2.84
2015-09-23 19:00:00,2.84
2015-09-23 20:00:00,2.84
2015-09-23 21:00:00,2.84
2015-09-23 22:00:00,2.84
2015-09-23 23:00:00,2.84
2015-09-24 00:00:00,2.84
2015-09-24 01:00:00,2.84
2015-09-24 02:00:00,2.84
2015-09-24 03:00:00,2.84
2015-09-24 04:00:00,2.84
2015-09-24 05:00:00,2.84
2015-09-24 06:00:00,2.84
2015-09-24 07:00:00,2.84
2015-09-24 08:00:00,2.84
2015-09-24 09:00:00,2.84
2015-09-24 10:00:00,2.84
2015-09-24 11:00:00,2.84
2015-09-24 12:00:00,2.84
2015-09-24 13:00:00,2.84
2015-09-24 14:00:00,2.84
2015-09-24 15:00:00,2.84
2015-09-24 16:00:00,2.84
2015-09-24 17:00:00,2.84
2015-09-24 18:00:00,6.91
2015-09-24 19:00:00,38.62999999
2015-09-24 20:00:00,2.84
2015-09-24 21:00:00,2.84
2015-09-24 22:00:00,2.84
2015-09-24 23:00:00,2.84
2015-09-25 00:00:00,2.84
2015-09-25 01:00:00,2.84
2015-09-25 02:00:00,2.84
2015-09-25 03:00:00,2.84
2015-09-25 04:00:00,2.84
2015-09-25 05:00:00,2.84
2015-09-25 06:00:00,2.84
2015-09-25 07:00:00,2.84
2015-09-25 08:00:00,2.84
2015-09-25 09:00:00,2.84
2015-09-25 10:00:00,2.84
2015-09-25 11:00:00,2.84
2015-09-25 12:00:00,2.84
2015-09-25 13:00:00,2.84
2015-09-25 14:00:00,2.84
2015-09-25 15:00:00,2.84
2015-09-25 16:00:00,2.84
2015-09-25 17:00:00,2.84
2015-09-25 18:00:00,2.84
2015-09-25 19:00:00,2.84
2015-09-25 20:00:00,2.84
2015-09-25 21:00:00,2.84
2015-09-25 22:00:00,2.84
2015-09-25 23:00:00,2.84
2015-09-26 00:00:00,2.84
2015-09-26 01:00:00,2.84
2015-09-26 02:00:00,2.84
2015-09-26 03:00:00,2.84
2015-09-26 04:00:00,2.84
2015-09-26 05:00:00,2.84
2015-09-26 06:00:00,2.84
2015-09-26 07:00:00,2.84
2015-09-26 08:00:00,2.84
2015-09-26 09:00:00,2.84
2015-09-26 10:00:00,2.84
2015-09-26 11:00:00,2.84
2015-09-26 12:00:00,2.84
2015-09-26 13:00:00,2.84
2015-09-26 14:00:00,2.84
2015-09-26 15:00:00,2.84
2015-09-26 16:00:00,2.84
2015-09-26 17:00:00,2.84
2015-09-26 18:00:00,2.84
2015-09-26 19:00:00,2.84
2015-09-26 20:00:00,2.84
2015-09-26 21:00:00,2.84
2015-09-26 22:00:00,2.84
2015-09-26 23:00:00,2.84
2015-09-27 00:00:00,2.84
2015-09-27 01:00:00,7.58
2015-09-27 02:00:00,7.58
2015-09-27 03:00:00,7.58
2015-09-27 04:00:00,7.58
2015-09-27 05:00:00,7.58
2015-09-27 06:00:00,7.58
2015-09-27 07:00:00,7.58
2015-09-27 08:00:00,7.58
2015-09-27 09:00:00,7.58
2015-09-27 10:00:00,7.58
2015-09-27 11:00:00,7.58
2015-09-27 12:00:00,7.58
2015-09-27 13:00:00,7.58
2015-09-27 14:00:00,7.58
2015-09-27 15:00:00,7.58
2015-09-27 16:00:00,7.58
2015-09-27 17:00:00,7.58
2015-09-27 18:00:00,7.58
2015-09-27 19:00:00,7.58
2015-09-27 20:00:00,7.58
2015-09-27 21:00:00,7.58
2015-09-27 22:00:00,7.58
2015-09-27 23:00:00,7.58
2015-09-28 00:00:00,7.58
2015-09-28 01:00:00,7.58
2015-09-28 02:00:00,7.58
2015-09-28 03:00:00,7.58
2015-09-28 04:00:00,7.58
2015-09-28 05:00:00,7.58
2015-09-28 06:00:00,7.58
2015-09-28 07:00:00,7.58
2015-09-28 08:00:00,7.58
2015-09-28 09:00:00,7.58
2015-09-28 10:00:00,7.58
2015-09-28 11:00:00,7.58
2015-09-28 12:00:00,7.58
2015-09-28 13:00:00,7.58
2015-09-28 14:00:00,7.58
2015-09-28 15:00:00,7.58
2015-09-28 16:00:00,7.58
2015-09-28 17:00:00,7.58
2015-09-28 18:00:00,7.58
2015-09-28 19:00:00,11.96000001
2015-09-28 20:00:00,42.83
2015-09-28 21:00:00,7.58
2015-09-28 22:00:00,7.58
2015-09-28 23:00:00,7.58
2015-09-29 00:00:00,7.58
2015-09-29 01:00:00,7.58
2015-09-29 02:00:00,7.58
2015-09-29 03:00:00,7.58
2015-09-29 04:00:00,7.58
2015-09-29 05:00:00,7.58
2015-09-29 06:00:00,7.58
2015-09-29 07:00:00,7.58
2015-09-29 08:00:00,7.58
2015-09-29 09:00:00,7.58
2015-09-29 10:00:00,7.58
2015-09-29 11:00:00,7.58
2015-09-29 12:00:00,7.58
2015-09-29 13:00:00,7.58
2015-09-29 14:00:00,7.58
2015-09-29 15:00:00,7.58
2015-09-29 16:00:00,7.58
2015-09-29 17:00:00,7.58
2015-09-29 18:00:00,7.58
2015-09-29 19:00:00,7.58
2015-09-29 20:00:00,7.58
2015-09-29 21:00:00,7.58
2015-09-29 22:00:00,7.58
2015-09-29 23:00:00,7.58
2015-09-30 00:00:00,7.58
2015-09-30 01:00:00,8.71
2015-09-30 02:00:00,8.71
2015-09-30 03:00:00,8.71
2015-09-30 04:00:00,8.71
2015-09-30 05:00:00,8.71
2015-09-30 06:00:00,8.71
2015-09-30 07:00:00,8.71
2015-09-30 08:00:00,8.71
2015-09-30 09:00:00,8.71
2015-09-30 10:00:00,8.71
2015-09-30 11:00:00,8.71
2015-09-30 12:00:00,8.71
2015-09-30 13:00:00,8.71
2015-09-30 14:00:00,8.71
2015-09-30 15:00:00,8.71
2015-09-30 16:00:00,8.71
2015-09-30 17:00:00,8.71
2015-09-30 18:00:00,8.71
2015-09-30 19:00:00,8.71
2015-09-30 20:00:00,8.71
2015-09-30 21:00:00,8.71
2015-09-30 22:00:00,8.71
2015-09-30 23:00:00,8.71
2015-10-01 00:00:00,8.71
2015-10-01 01:00:00,8.71
2015-10-01 02:00:00,8.71
2015-10-01 03:00:00,8.71
2015-10-01 04:00:00,8.71
2015-10-01 05:00:00,8.71
2015-10-01 06:00:00,8.71
2015-10-01 07:00:00,8.71
2015-10-01 08:00:00,8.71
2015-10-01 09:00:00,8.71
2015-10-01 10:00:00,8.71
2015-10-01 11:00:00,8.71
2015-10-01 12:00:00,8.71
2015-10-01 13:00:00,8.71
2015-10-01 14:00:00,8.71
2015-10-01 15:00:00,8.71
2015-10-01 16:00:00,8.71
2015-10-01 17:00:00,8.71
2015-10-01 18:00:00,8.71
2015-10-01 19:00:00,52.27999999
2015-10-01 20:00:00,10.33
2015-10-01 21:00:00,8.71
2015-10-01 22:00:00,8.71
2015-10-01 23:00:00,8.71
2015-10-02 00:00:00,8.71
2015-10-02 01:00:00,8.71
2015-10-02 02:00:00,8.71
2015-10-02 03:00:00,8.71
2015-10-02 04:00:00,8.71
2015-10-02 05:00:00,8.71
2015-10-02 06:00:00,8.71
2015-10-02 07:00:00,8.71
2015-10-02 08:00:00,8.71
2015-10-02 09:00:00,8.71
2015-10-02 10:00:00,8.71
2015-10-02 11:00:00,8.71
2015-10-02 12:00:00,8.71
2015-10-02 13:00:00,8.71
2015-10-02 14:00:00,8.71
2015-10-02 15:00:00,8.71
2015-10-02 16:00:00,8.71
2015-10-02 17:00:00,8.71
2015-10-02 18:00:00,8.71
2015-10-02 19:00:00,8.71
2015-10-02 20:00:00,8.71
2015-10-02 21:00:00,8.71
2015-10-02 22:00:00,8.71
2015-10-02 23:00:00,8.71
2015-10-03 00:00:00,8.71
2015-10-03 01:00:00,8.71
2015-10-03 02:00:00,8.71
2015-10-03 03:00:00,8.71
2015-10-03 04:00:00,8.71
2015-10-03 05:00:00,8.71
2015-10-03 06:00:00,8.71
2015-10-03 07:00:00,8.71
2015-10-03 08:00:00,8.71
2015-10-03 09:00:00,8.71
2015-10-03 10:00:00,8.71
2015-10-03 11:00:00,8.71
2015-10-03 12:00:00,8.71
2015-10-03 13:00:00,8.71
2015-10-03 14:00:00,8.71
2015-10-03 15:00:00,8.71
2015-10-03 16:00:00,8.71
2015-10-03 17:00:00,8.71
2015-10-03 18:00:00,8.71
2015-10-03 19:00:00,8.71
2015-10-03 20:00:00,8.71
2015-10-03 21:00:00,8.71
2015-10-03 22:00:00,8.71
2015-10-03 23:00:00,8.71
2015-10-04 00:00:00,8.71
2015-10-04 01:00:00,9.84
2015-10-04 02:00:00,9.84
2015-10-04 03:00:00,9.84
2015-10-04 04:00:00,9.84
2015-10-04 05:00:00,9.84
2015-10-04 06:00:00,9.84
2015-10-04 07:00:00,9.84
2015-10-04 08:00:00,9.84
2015-10-04 09:00:00,9.84
2015-10-04 10:00:00,9.84
2015-10-04 11:00:00,9.84
2015-10-04 12:00:00,9.84
2015-10-04 13:00:00,9.84
2015-10-04 14:00:00,9.84
2015-10-04 15:00:00,9.84
2015-10-04 16:00:00,9.84
2015-10-04 17:00:00,9.84
2015-10-04 18:00:00,9.84
2015-10-04 19:00:00,11.90000001
2015-10-04 20:00:00,45.3
2015-10-04 21:00:00,9.84
2015-10-04 22:00:00,9.84
2015-10-04 23:00:00,9.84
2015-10-05 00:00:00,9.84
2015-10-05 01:00:00,9.84
2015-10-05 02:00:00,9.84
2015-10-05 03:00:00,9.84
2015-10-05 04:00:00,9.84
2015-10-05 05:00:00,9.84
2015-10-05 06:00:00,9.84
2015-10-05 07:00:00,9.84
2015-10-05 08:00:00,9.84
2015-10-05 09:00:00,9.84
2015-10-05 10:00:00,9.84
2015-10-05 11:00:00,9.84
2015-10-05 12:00:00,9.84
2015-10-05 13:00:00,9.84
2015-10-05 14:00:00,9.84
2015-10-05 15:00:00,9.84
2015-10-05 16:00:00,9.84
2015-10-05 17:00:00,9.84
2015-10-05 18:00:00,9.84
2015-10-05 19:00:00,9.84
2015-10-05 20:00:00,9.84
2015-10-05 21:00:00,9.84
2015-10-05 22:00:00,9.84
2015-10-05 23:00:00,9.84
2015-10-06 00:00:00,9.84
2015-10-06 01:00:00,9.84
2015-10-06 02:00:00,9.84
2015-10-06 03:00:00,9.84
2015-10-06 04:00:00,9.84
2015-10-06 05:00:00,9.84
2015-10-06 06:00:00,9.84
2015-10-06 07:00:00,9.84
2015-10-06 08:00:00,9.84
2015-10-06 09:00:00,9.84
2015-10-06 10:00:00,9.84
2015-10-06 11:00:00,9.84
2015-10-06 12:00:00,9.84
2015-10-06 13:00:00,9.84
2015-10-06 14:00:00,9.84
2015-10-06 15:00:00,9.84
2015-10-06 16:00:00,9.84
2015-10-06 17:00:00,9.84
2015-10-06 18:00:00,9.84
2015-10-06 19:00:00,9.84
2015-10-06 20:00:00,9.84
2015-10-06 21:00:00,9.84
2015-10-06 22:00:00,9.84
2015-10-06 23:00:00,9.84
2015-10-07 00:00:00,9.84
2015-10-07 01:00:00,9.84
2015-10-07 02:00:00,9.84
2015-10-07 03:00:00,9.84
2015-10-07 04:00:00,9.84
2015-10-07 05:00:00,9.84
2015-10-07 06:00:00,9.84
2015-10-07 07:00:00,9.84
2015-10-07 08:00:00,9.84
2015-10-07 09:00:00,9.84
2015-10-07 10:00:00,9.84
2015-10-07 11:00:00,9.84
2015-10-07 12:00:00,9.84
2015-10-07 13:00:00,9.84
2015-10-07 14:00:00,9.84
2015-10-07 15:00:00,9.84
2015-10-07 16:00:00,9.84
2015-10-07 17:00:00,9.84
2015-10-07 18:00:00,9.84
2015-10-07 19:00:00,14.62000001
2015-10-07 20:00:00,49.27
2015-10-07 21:00:00,9.84
2015-10-07 22:00:00,9.84
2015-10-07 23:00:00,9.84
2015-10-08 00:00:00,9.84
2015-10-08 01:00:00,9.84
2015-10-08 02:00:00,9.84
2015-10-08 03:00:00,9.84
2015-10-08 04:00:00,9.84
2015-10-08 05:00:00,9.84
2015-10-08 06:00:00,9.84
2015-10-08 07:00:00,9.84
2015-10-08 08:00:00,9.84
2015-10-08 09:00:00,9.84
2015-10-08 10:00:00,9.84
2015-10-08 11:00:00,9.84
2015-10-08 12:00:00,9.84
2015-10-08 13:00:00,9.84
2015-10-08 14:00:00,9.84
2015-10-08 15:00:00,9.84
2015-10-08 16:00:00,9.84
2015-10-08 17:00:00,9.84
2015-10-08 18:00:00,9.84
2015-10-08 19:00:00,9.84
2015-10-08 20:00:00,9.84
2015-10-08 21:00:00,9.84
2015-10-08 22:00:00,9.84
2015-10-08 23:00:00,9.84
2015-10-09 00:00:00,11.28
2015-10-09 01:00:00,11.28
2015-10-09 02:00:00,11.28
2015-10-09 03:00:00,11.28
2015-10-09 04:00:00,11.28
2015-10-09 05:00:00,11.28
2015-10-09 06:00:00,11.28
2015-10-09 07:00:00,11.28
2015-10-09 08:00:00,11.28
2015-10-09 09:00:00,11.28
2015-10-09 10:00:00,11.28
2015-10-09 11:00:00,11.28
2015-10-09 12:00:00,11.28
2015-10-09 13:00:00,11.28
2015-10-09 14:00:00,11.28
2015-10-09 15:00:00,11.28
2015-10-09 16:00:00,11.28
2015-10-09 17:00:00,11.28
2015-10-09 18:00:00,11.28
2015-10-09 19:00:00,51.48999999
2015-10-09 20:00:00,11.28
2015-10-09 21:00:00,11.28
2015-10-09 22:00:00,11.28
2015-10-09 23:00:00,11.28
2015-10-10 00:00:00,11.28
2015-10-10 01:00:00,11.28
2015-10-10 02:00:00,11.28
2015-10-10 03:00:00,11.28
2015-10-10 04:00:00,11.28
2015-10-10 05:00:00,11.28
2015-10-10 06:00:00,11.28
2015-10-10 07:00:00,0
2015-10-10 08:00:00,0
2015-10-10 09:00:00,0
2015-10-10 10:00:00,0
2015-10-10 11:00:00,0
2015-10-10 12:00:00,0
2015-10-10 13:00:00,0
2015-10-10 14:00:00,0
2015-10-10 15:00:00,0
2015-10-10 16:00:00,0
2015-10-10 17:00:00,0
2015-10-10 18:00:00,0
2015-10-10 19:00:00,0
2015-10-10 20:00:00,0
2015-10-10 21:00:00,0
2015-10-10 22:00:00,0
2015-10-10 23:00:00,0
2015-10-11 00:00:00,11.28
2015-10-11 01:00:00,11.28
2015-10-11 02:00:00,11.28
2015-10-11 03:00:00,11.28
2015-10-11 04:00:00,11.28
2015-10-11 05:00:00,11.28
2015-10-11 06:00:00,11.28
2015-10-11 07:00:00,11.28
2015-10-11 08:00:00,11.28
2015-10-11 09:00:00,11.28
2015-10-11 10:00:00,11.28
2015-10-11 11:00:00,11.28
2015-10-11 12:00:00,11.28
2015-10-11 13:00:00,11.28
2015-10-11 14:00:00,11.28
2015-10-11 15:00:00,11.28
2015-10-11 16:00:00,11.28
2015-10-11 17:00:00,11.28
2015-10-11 18:00:00,11.28
2015-10-11 19:00:00,11.28
2015-10-11 20:00:00,11.28
2015-10-11 21:00:00,11.28
2015-10-11 22:00:00,11.28
2015-10-11 23:00:00,11.28
2015-10-12 00:00:00,11.28
2015-10-12 01:00:00,11.28
2015-10-12 02:00:00,11.28
2015-10-12 03:00:00,11.28
2015-10-12 04:00:00,11.28
2015-10-12 05:00:00,11.28
2015-10-12 06:00:00,11.28
2015-10-12 07:00:00,11.28
2015-10-12 08:00:00,11.28
2015-10-12 09:00:00,11.28
2015-10-12 10:00:00,11.28
2015-10-12 11:00:00,11.28
2015-10-12 12:00:00,11.28
2015-10-12 13:00:00,11.28
2015-10-12 14:00:00,11.28
2015-10-12 15:00:00,11.28
2015-10-12 16:00:00,11.28
2015-10-12 17:00:00,11.28
2015-10-12 18:00:00,11.28
2015-10-12 19:00:00,11.28
2015-10-12 20:00:00,11.28
2015-10-12 21:00:00,11.28
2015-10-12 22:00:00,11.28
2015-10-12 23:00:00,11.28
2015-10-13 00:00:00,11.28
2015-10-13 01:00:00,11.28
2015-10-13 02:00:00,11.28
2015-10-13 03:00:00,11.28
2015-10-13 04:00:00,11.28
2015-10-13 05:00:00,11.28
2015-10-13 06:00:00,11.28
2015-10-13 07:00:00,0
2015-10-13 08:00:00,0
2015-10-13 09:00:00,0
2015-10-13 10:00:00,0
2015-10-13 11:00:00,0
2015-10-13 12:00:00,0
2015-10-13 13:00:00,0
2015-10-13 14:00:00,0
2015-10-13 15:00:00,0
2015-10-13 16:00:00,0
2015-10-13 17:00:00,0
2015-10-13 18:00:00,0
2015-10-13 19:00:00,0
2015-10-13 20:00:00,0
2015-10-13 21:00:00,0
2015-10-13 22:00:00,0
2015-10-13 23:00:00,0
2015-10-14 00:00:00,11.28
2015-10-14 01:00:00,11.28
2015-10-14 02:00:00,11.28
2015-10-14 03:00:00,11.28
2015-10-14 04:00:00,11.28
2015-10-14 05:00:00,11.28
2015-10-14 06:00:00,11.28
2015-10-14 07:00:00,11.28
2015-10-14 08:00:00,11.28
2015-10-14 09:00:00,11.28
2015-10-14 10:00:00,11.28
2015-10-14 11:00:00,11.28
2015-10-14 12:00:00,11.28
2015-10-14 13:00:00,11.28
2015-10-14 14:00:00,11.28
2015-10-14 15:00:00,11.28
2015-10-14 16:00:00,11.28
2015-10-14 17:00:00,11.28
2015-10-14 18:00:00,11.28
2015-10-14 19:00:00,11.28
2015-10-14 20:00:00,11.28
2015-10-14 21:00:00,11.28
2015-10-14 22:00:00,11.28
2015-10-14 23:00:00,11.28
2015-10-15 00:00:00,11.28
2015-10-15 01:00:00,11.28
2015-10-15 02:00:00,11.28
2015-10-15 03:00:00,11.28
2015-10-15 04:00:00,11.28
2015-10-15 05:00:00,11.28
2015-10-15 06:00:00,11.28
2015-10-15 07:00:00,11.28
2015-10-15 08:00:00,11.28
2015-10-15 09:00:00,11.28
2015-10-15 10:00:00,11.28
2015-10-15 11:00:00,11.28
2015-10-15 12:00:00,11.28
2015-10-15 13:00:00,11.28
2015-10-15 14:00:00,11.28
2015-10-15 15:00:00,11.28
2015-10-15 16:00:00,11.28
2015-10-15 17:00:00,11.28
2015-10-15 18:00:00,11.28
2015-10-15 19:00:00,11.28
2015-10-15 20:00:00,11.28
2015-10-15 21:00:00,11.28
2015-10-15 22:00:00,11.28
2015-10-15 23:00:00,11.28
2015-10-16 00:00:00,11.28
2015-10-16 01:00:00,11.28
2015-10-16 02:00:00,11.28
2015-10-16 03:00:00,11.28
2015-10-16 04:00:00,11.28
2015-10-16 05:00:00,11.28
2015-10-16 06:00:00,11.28
2015-10-16 07:00:00,11.28
2015-10-16 08:00:00,11.28
2015-10-16 09:00:00,11.28
2015-10-16 10:00:00,11.28
2015-10-16 11:00:00,11.28
2015-10-16 12:00:00,11.28
2015-10-16 13:00:00,11.28
2015-10-16 14:00:00,11.28
2015-10-16 15:00:00,11.28
2015-10-16 16:00:00,48.44999999
2015-10-16 17:00:00,19.09
2015-10-16 18:00:00,11.28
2015-10-16 19:00:00,11.28
2015-10-16 20:00:00,11.28
2015-10-16 21:00:00,11.28
2015-10-16 22:00:00,11.28
2015-10-16 23:00:00,11.28
2015-10-17 00:00:00,11.28
2015-10-17 01:00:00,11.28
2015-10-17 02:00:00,11.28
2015-10-17 03:00:00,11.28
2015-10-17 04:00:00,11.28
2015-10-17 05:00:00,11.28
2015-10-17 06:00:00,11.28
2015-10-17 07:00:00,11.28
2015-10-17 08:00:00,11.28
2015-10-17 09:00:00,11.28
2015-10-17 10:00:00,11.28
2015-10-17 11:00:00,11.28
2015-10-17 12:00:00,11.28
2015-10-17 13:00:00,11.28
2015-10-17 14:00:00,11.28
2015-10-17 15:00:00,11.28
2015-10-17 16:00:00,11.28
2015-10-17 17:00:00,11.28
2015-10-17 18:00:00,11.28
2015-10-17 19:00:00,11.28
2015-10-17 20:00:00,11.28
2015-10-17 21:00:00,11.28
2015-10-17 22:00:00,11.28
2015-10-17 23:00:00,11.28
2015-10-18 00:00:00,11.28
2015-10-18 01:00:00,11.28
2015-10-18 02:00:00,11.28
2015-10-18 03:00:00,11.28
2015-10-18 04:00:00,11.28
2015-10-18 05:00:00,11.28
2015-10-18 06:00:00,11.28
2015-10-18 07:00:00,11.28
2015-10-18 08:00:00,11.28
2015-10-18 09:00:00,11.28
2015-10-18 10:00:00,11.28
2015-10-18 11:00:00,11.28
2015-10-18 12:00:00,11.28
2015-10-18 13:00:00,11.28
2015-10-18 14:00:00,11.28
2015-10-18 15:00:00,11.28
2015-10-18 16:00:00,11.28
2015-10-18 17:00:00,11.28
2015-10-18 18:00:00,11.28
2015-10-18 19:00:00,11.28
2015-10-18 20:00:00,11.28
2015-10-18 21:00:00,11.28
2015-10-18 22:00:00,11.28
2015-10-18 23:00:00,11.28
2015-10-19 00:00:00,11.28
2015-10-19 01:00:00,11.28
2015-10-19 02:00:00,11.28
2015-10-19 03:00:00,11.28
2015-10-19 04:00:00,11.28
2015-10-19 05:00:00,11.28
2015-10-19 06:00:00,11.28
2015-10-19 07:00:00,11.28
2015-10-19 08:00:00,11.28
2015-10-19 09:00:00,11.28
2015-10-19 10:00:00,11.28
2015-10-19 11:00:00,11.28
2015-10-19 12:00:00,11.28
2015-10-19 13:00:00,11.28
2015-10-19 14:00:00,11.28
2015-10-19 15:00:00,11.28
2015-10-19 16:00:00,11.28
2015-10-19 17:00:00,11.28
2015-10-19 18:00:00,13.7
2015-10-19 19:00:00,52.29999999
2015-10-19 20:00:00,11.28
2015-10-19 21:00:00,11.28
2015-10-19 22:00:00,11.28
2015-10-19 23:00:00,11.28
2015-10-20 00:00:00,11.28
2015-10-20 01:00:00,11.28
2015-10-20 02:00:00,11.28
2015-10-20 03:00:00,11.28
2015-10-20 04:00:00,11.28
2015-10-20 05:00:00,11.28
2015-10-20 06:00:00,11.28
2015-10-20 07:00:00,11.28
2015-10-20 08:00:00,11.28
2015-10-20 09:00:00,11.28
2015-10-20 10:00:00,11.28
2015-10-20 11:00:00,11.28
2015-10-20 12:00:00,11.28
2015-10-20 13:00:00,11.28
2015-10-20 14:00:00,11.28
2015-10-20 15:00:00,11.28
2015-10-20 16:00:00,11.28
2015-10-20 17:00:00,11.28
2015-10-20 18:00:00,11.28
2015-10-20 19:00:00,11.28
2015-10-20 20:00:00,11.28
2015-10-20 21:00:00,11.28
2015-10-20 22:00:00,11.28
2015-10-20 23:00:00,11.28
2015-10-21 00:00:00,11.28
2015-10-21 01:00:00,12.29
2015-10-21 02:00:00,12.29
2015-10-21 03:00:00,12.29
2015-10-21 04:00:00,12.29
2015-10-21 05:00:00,12.29
2015-10-21 06:00:00,12.29
2015-10-21 07:00:00,12.29
2015-10-21 08:00:00,12.29
2015-10-21 09:00:00,12.29
2015-10-21 10:00:00,12.29
2015-10-21 11:00:00,12.29
2015-10-21 12:00:00,12.29
2015-10-21 13:00:00,12.29
2015-10-21 14:00:00,12.29
2015-10-21 15:00:00,12.29
2015-10-21 16:00:00,12.29
2015-10-21 17:00:00,12.29
2015-10-21 18:00:00,12.29
2015-10-21 19:00:00,12.29
2015-10-21 20:00:00,12.29
2015-10-21 21:00:00,12.29
2015-10-21 22:00:00,12.29
2015-10-21 23:00:00,12.29
2015-10-22 00:00:00,12.29
2015-10-22 01:00:00,12.29
2015-10-22 02:00:00,12.29
2015-10-22 03:00:00,12.29
2015-10-22 04:00:00,12.29
2015-10-22 05:00:00,12.29
2015-10-22 06:00:00,12.29
2015-10-22 07:00:00,12.29
2015-10-22 08:00:00,12.29
2015-10-22 09:00:00,12.29
2015-10-22 10:00:00,12.29
2015-10-22 11:00:00,12.29
2015-10-22 12:00:00,12.29
2015-10-22 13:00:00,12.29
2015-10-22 14:00:00,12.29
2015-10-22 15:00:00,12.29
2015-10-22 16:00:00,12.29
2015-10-22 17:00:00,12.29
2015-10-22 18:00:00,17.76
2015-10-22 19:00:00,49.61999999
2015-10-22 20:00:00,12.29
2015-10-22 21:00:00,12.29
2015-10-22 22:00:00,12.29
2015-10-22 23:00:00,12.29
2015-10-23 00:00:00,12.29
2015-10-23 01:00:00,12.29
2015-10-23 02:00:00,12.29
2015-10-23 03:00:00,12.29
2015-10-23 04:00:00,12.29
2015-10-23 05:00:00,12.29
2015-10-23 06:00:00,12.29
2015-10-23 07:00:00,12.29
2015-10-23 08:00:00,12.29
2015-10-23 09:00:00,12.29
2015-10-23 10:00:00,12.29
2015-10-23 11:00:00,12.29
2015-10-23 12:00:00,12.29
2015-10-23 13:00:00,12.29
2015-10-23 14:00:00,12.29
2015-10-23 15:00:00,12.29
2015-10-23 16:00:00,12.29
2015-10-23 17:00:00,12.29
2015-10-23 18:00:00,12.29
2015-10-23 19:00:00,12.29
2015-10-23 20:00:00,12.29
2015-10-23 21:00:00,12.29
2015-10-23 22:00:00,12.29
2015-10-23 23:00:00,12.29
2015-10-24 00:00:00,12.29
2015-10-24 01:00:00,12.29
2015-10-24 02:00:00,12.29
2015-10-24 03:00:00,12.29
2015-10-24 04:00:00,12.29
2015-10-24 05:00:00,12.29
2015-10-24 06:00:00,12.29
2015-10-24 07:00:00,12.29
2015-10-24 08:00:00,12.29
2015-10-24 09:00:00,12.29
2015-10-24 10:00:00,12.29
2015-10-24 11:00:00,12.29
2015-10-24 12:00:00,12.29
2015-10-24 13:00:00,12.29
2015-10-24 14:00:00,12.29
2015-10-24 15:00:00,12.29
2015-10-24 16:00:00,12.29
2015-10-24 17:00:00,12.29
2015-10-24 18:00:00,12.29
2015-10-24 19:00:00,12.29
2015-10-24 20:00:00,12.29
2015-10-24 21:00:00,12.29
2015-10-24 22:00:00,12.29
2015-10-24 23:00:00,12.29
2015-10-25 00:00:00,12.29
2015-10-25 01:00:00,12.29
2015-10-25 02:00:00,12.29
2015-10-25 03:00:00,12.29
2015-10-25 04:00:00,12.29
2015-10-25 05:00:00,12.29
2015-10-25 06:00:00,12.29
2015-10-25 07:00:00,12.29
2015-10-25 08:00:00,12.29
2015-10-25 09:00:00,12.29
2015-10-25 10:00:00,12.29
2015-10-25 11:00:00,12.29
2015-10-25 12:00:00,12.29
2015-10-25 13:00:00,12.29
2015-10-25 14:00:00,12.29
2015-10-25 15:00:00,12.29
2015-10-25 16:00:00,12.29
2015-10-25 17:00:00,12.29
2015-10-25 18:00:00,12.29
2015-10-25 19:00:00,42.7
2015-10-25 20:00:00,25.53
2015-10-25 21:00:00,12.29
2015-10-25 22:00:00,12.29
2015-10-25 23:00:00,12.29
2015-10-26 00:00:00,12.29
2015-10-26 01:00:00,12.29
2015-10-26 02:00:00,12.29
2015-10-26 03:00:00,12.29
2015-10-26 04:00:00,12.29
2015-10-26 05:00:00,12.29
2015-10-26 06:00:00,12.29
2015-10-26 07:00:00,12.29
2015-10-26 08:00:00,12.29
2015-10-26 09:00:00,12.29
2015-10-26 10:00:00,12.29
2015-10-26 11:00:00,12.29
2015-10-26 12:00:00,12.29
2015-10-26 13:00:00,12.29
2015-10-26 14:00:00,12.29
2015-10-26 15:00:00,12.29
2015-10-26 16:00:00,12.29
2015-10-26 17:00:00,12.29
2015-10-26 18:00:00,12.29
2015-10-26 19:00:00,12.29
2015-10-26 20:00:00,12.29
2015-10-26 21:00:00,12.29
2015-10-26 22:00:00,12.29
2015-10-26 23:00:00,12.29
2015-10-27 00:00:00,12.29
2015-10-27 01:00:00,12.29
2015-10-27 02:00:00,12.29
2015-10-27 03:00:00,12.29
2015-10-27 04:00:00,12.29
2015-10-27 05:00:00,12.29
2015-10-27 06:00:00,12.29
2015-10-27 07:00:00,12.29
2015-10-27 08:00:00,12.29
2015-10-27 09:00:00,12.29
2015-10-27 10:00:00,12.29
2015-10-27 11:00:00,12.29
2015-10-27 12:00:00,12.29
2015-10-27 13:00:00,12.29
2015-10-27 14:00:00,12.29
2015-10-27 15:00:00,12.29
2015-10-27 16:00:00,12.29
2015-10-27 17:00:00,12.29
2015-10-27 18:00:00,12.29
2015-10-27 19:00:00,12.29
2015-10-27 20:00:00,12.29
2015-10-27 21:00:00,12.29
2015-10-27 22:00:00,12.29
2015-10-27 23:00:00,12.29
2015-10-28 00:00:00,12.29
2015-10-28 01:00:00,13.4
2015-10-28 02:00:00,13.4
2015-10-28 03:00:00,13.4
2015-10-28 04:00:00,13.4
2015-10-28 05:00:00,13.4
2015-10-28 06:00:00,13.4
2015-10-28 07:00:00,13.4
2015-10-28 08:00:00,13.4
2015-10-28 09:00:00,13.4
2015-10-28 10:00:00,13.4
2015-10-28 11:00:00,13.4
2015-10-28 12:00:00,13.4
2015-10-28 13:00:00,13.4
2015-10-28 14:00:00,13.4
2015-10-28 15:00:00,13.4
2015-10-28 16:00:00,13.4
2015-10-28 17:00:00,13.4
2015-10-28 18:00:00,13.4
2015-10-28 19:00:00,49.38
2015-10-28 20:00:00,22.16
2015-10-28 21:00:00,13.4
2015-10-28 22:00:00,13.4
2015-10-28 23:00:00,13.4
2015-10-29 00:00:00,13.4
2015-10-29 01:00:00,13.4
2015-10-29 02:00:00,13.4
2015-10-29 03:00:00,13.4
2015-10-29 04:00:00,13.4
2015-10-29 05:00:00,13.4
2015-10-29 06:00:00,13.4
2015-10-29 07:00:00,13.4
2015-10-29 08:00:00,13.4
2015-10-29 09:00:00,13.4
2015-10-29 10:00:00,13.4
2015-10-29 11:00:00,13.4
2015-10-29 12:00:00,13.4
2015-10-29 13:00:00,13.4
2015-10-29 14:00:00,13.4
2015-10-29 15:00:00,13.4
2015-10-29 16:00:00,13.4
2015-10-29 17:00:00,13.4
2015-10-29 18:00:00,13.4
2015-10-29 19:00:00,13.4
2015-10-29 20:00:00,13.4
2015-10-29 21:00:00,13.4
2015-10-29 22:00:00,13.4
2015-10-29 23:00:00,13.4
2015-10-30 00:00:00,13.4
2015-10-30 01:00:00,13.4
2015-10-30 02:00:00,13.4
2015-10-30 03:00:00,13.4
2015-10-30 04:00:00,13.4
2015-10-30 05:00:00,13.4
2015-10-30 06:00:00,13.4
2015-10-30 07:00:00,13.4
2015-10-30 08:00:00,13.4
2015-10-30 09:00:00,13.4
2015-10-30 10:00:00,13.4
2015-10-30 11:00:00,13.4
2015-10-30 12:00:00,13.4
2015-10-30 13:00:00,13.4
2015-10-30 14:00:00,13.4
2015-10-30 15:00:00,13.4
2015-10-30 16:00:00,13.4
2015-10-30 17:00:00,13.4
2015-10-30 18:00:00,13.4
2015-10-30 19:00:00,13.4
2015-10-30 20:00:00,13.4
2015-10-30 21:00:00,13.4
2015-10-30 22:00:00,13.4
2015-10-30 23:00:00,13.4
2015-10-31 00:00:00,13.4
2015-10-31 01:00:00,13.4
2015-10-31 02:00:00,13.4
2015-10-31 03:00:00,13.4
2015-10-31 04:00:00,13.4
2015-10-31 05:00:00,13.4
2015-10-31 06:00:00,13.4
2015-10-31 07:00:00,13.4
2015-10-31 08:00:00,13.4
2015-10-31 09:00:00,13.4
2015-10-31 10:00:00,13.4
2015-10-31 11:00:00,13.4
2015-10-31 12:00:00,13.4
2015-10-31 13:00:00,13.4
2015-10-31 14:00:00,13.4
2015-10-31 15:00:00,13.4
2015-10-31 16:00:00,13.4
2015-10-31 17:00:00,13.4
2015-10-31 18:00:00,13.4
2015-10-31 19:00:00,56.29999999
2015-10-31 20:00:00,13.4
2015-10-31 21:00:00,13.4
2015-10-31 22:00:00,13.4
2015-10-31 23:00:00,13.4
2015-11-01 00:00:00,13.4
2015-11-01 01:00:00,13.4
2015-11-01 02:00:00,13.4
2015-11-01 03:00:00,13.4
2015-11-01 04:00:00,13.4
2015-11-01 05:00:00,13.4
2015-11-01 06:00:00,13.4
2015-11-01 07:00:00,13.4
2015-11-01 08:00:00,13.4
2015-11-01 09:00:00,13.4
2015-11-01 10:00:00,13.4
2015-11-01 11:00:00,13.4
2015-11-01 12:00:00,13.4
2015-11-01 13:00:00,13.4
2015-11-01 14:00:00,13.4
2015-11-01 15:00:00,13.4
2015-11-01 16:00:00,13.4
2015-11-01 17:00:00,13.4
2015-11-01 18:00:00,13.4
2015-11-01 19:00:00,13.4
2015-11-01 20:00:00,13.4
2015-11-01 21:00:00,13.4
2015-11-01 22:00:00,13.4
2015-11-01 23:00:00,13.4
2015-11-02 00:00:00,13.4
2015-11-02 01:00:00,13.4
2015-11-02 02:00:00,13.4
2015-11-02 03:00:00,13.4
2015-11-02 04:00:00,13.4
2015-11-02 05:00:00,13.4
2015-11-02 06:00:00,13.4
2015-11-02 07:00:00,13.4
2015-11-02 08:00:00,13.4
2015-11-02 09:00:00,13.4
2015-11-02 10:00:00,13.4
2015-11-02 11:00:00,13.4
2015-11-02 12:00:00,13.4
2015-11-02 13:00:00,13.4
2015-11-02 14:00:00,13.4
2015-11-02 15:00:00,13.4
2015-11-02 16:00:00,13.4
2015-11-02 17:00:00,13.4
2015-11-02 18:00:00,13.4
2015-11-02 19:00:00,13.4
2015-11-02 20:00:00,13.4
2015-11-02 21:00:00,13.4
2015-11-02 22:00:00,13.4
2015-11-02 23:00:00,13.4
2015-11-03 00:00:00,1.78
2015-11-03 01:00:00,13.4
2015-11-03 02:00:00,13.4
2015-11-03 03:00:00,13.4
2015-11-03 04:00:00,13.4
2015-11-03 05:00:00,13.4
2015-11-03 06:00:00,13.4
2015-11-03 07:00:00,13.4
2015-11-03 08:00:00,13.4
2015-11-03 09:00:00,13.4
2015-11-03 10:00:00,13.4
2015-11-03 11:00:00,13.4
2015-11-03 12:00:00,13.4
2015-11-03 13:00:00,13.4
2015-11-03 14:00:00,13.4
2015-11-03 15:00:00,13.4
2015-11-03 16:00:00,13.4
2015-11-03 17:00:00,13.4
2015-11-03 18:00:00,13.4
2015-11-03 19:00:00,56.40999999
2015-11-03 20:00:00,13.4
2015-11-03 21:00:00,13.4
2015-11-03 22:00:00,13.4
2015-11-03 23:00:00,13.4
2015-11-04 00:00:00,13.4
2015-11-04 01:00:00,13.4
2015-11-04 02:00:00,13.4
2015-11-04 03:00:00,13.4
2015-11-04 04:00:00,13.4
2015-11-04 05:00:00,13.4
2015-11-04 06:00:00,13.4
2015-11-04 07:00:00,13.4
2015-11-04 08:00:00,13.4
2015-11-04 09:00:00,13.4
2015-11-04 10:00:00,13.4
2015-11-04 11:00:00,13.4
2015-11-04 12:00:00,13.4
2015-11-04 13:00:00,13.4
2015-11-04 14:00:00,13.4
2015-11-04 15:00:00,13.4
2015-11-04 16:00:00,13.4
2015-11-04 17:00:00,13.4
2015-11-04 18:00:00,13.4
2015-11-04 19:00:00,13.4
2015-11-04 20:00:00,13.4
2015-11-04 21:00:00,13.4
2015-11-04 22:00:00,13.4
2015-11-04 23:00:00,13.4
2015-11-05 00:00:00,13.4
2015-11-05 01:00:00,13.4
2015-11-05 02:00:00,13.4
2015-11-05 03:00:00,13.4
2015-11-05 04:00:00,13.4
2015-11-05 05:00:00,13.4
2015-11-05 06:00:00,13.4
2015-11-05 07:00:00,13.4
2015-11-05 08:00:00,13.4
2015-11-05 09:00:00,13.4
2015-11-05 10:00:00,13.4
2015-11-05 11:00:00,13.4
2015-11-05 12:00:00,13.4
2015-11-05 13:00:00,13.4
2015-11-05 14:00:00,13.4
2015-11-05 15:00:00,13.4
2015-11-05 16:00:00,13.4
2015-11-05 17:00:00,13.4
2015-11-05 18:00:00,13.4
2015-11-05 19:00:00,13.4
2015-11-05 20:00:00,13.4
2015-11-05 21:00:00,13.4
2015-11-05 22:00:00,13.4
2015-11-05 23:00:00,13.4
2015-11-06 00:00:00,13.4
2015-11-06 01:00:00,13.4
2015-11-06 02:00:00,13.4
2015-11-06 03:00:00,13.4
2015-11-06 04:00:00,13.4
2015-11-06 05:00:00,13.4
2015-11-06 06:00:00,13.4
2015-11-06 07:00:00,13.4
2015-11-06 08:00:00,13.4
2015-11-06 09:00:00,13.4
2015-11-06 10:00:00,13.4
2015-11-06 11:00:00,13.4
2015-11-06 12:00:00,13.4
2015-11-06 13:00:00,13.4
2015-11-06 14:00:00,13.4
2015-11-06 15:00:00,13.4
2015-11-06 16:00:00,13.4
2015-11-06 17:00:00,13.4
2015-11-06 18:00:00,17.58
2015-11-06 19:00:00,54.45999999
2015-11-06 20:00:00,13.4
2015-11-06 21:00:00,13.4
2015-11-06 22:00:00,13.4
2015-11-06 23:00:00,13.4
2015-11-07 00:00:00,13.4
2015-11-07 01:00:00,13.4
2015-11-07 02:00:00,13.4
2015-11-07 03:00:00,13.4
2015-11-07 04:00:00,13.4
2015-11-07 05:00:00,13.4
2015-11-07 06:00:00,13.4
2015-11-07 07:00:00,0
2015-11-07 08:00:00,0
2015-11-07 09:00:00,0
2015-11-07 10:00:00,0
2015-11-07 11:00:00,0
2015-11-07 12:00:00,0
2015-11-07 13:00:00,0
2015-11-07 14:00:00,0
2015-11-07 15:00:00,0
2015-11-07 16:00:00,0
2015-11-07 17:00:00,0
2015-11-07 18:00:00,0
2015-11-07 19:00:00,0
2015-11-07 20:00:00,0
2015-11-07 21:00:00,0
2015-11-07 22:00:00,0
2015-11-07 23:00:00,0
2015-11-08 00:00:00,13.4
2015-11-08 01:00:00,13.4
2015-11-08 02:00:00,13.4
2015-11-08 03:00:00,13.4
2015-11-08 04:00:00,13.4
2015-11-08 05:00:00,13.4
2015-11-08 06:00:00,13.4
2015-11-08 07:00:00,13.4
2015-11-08 08:00:00,13.4
2015-11-08 09:00:00,13.4
2015-11-08 10:00:00,13.4
2015-11-08 11:00:00,13.4
2015-11-08 12:00:00,13.4
2015-11-08 13:00:00,13.4
2015-11-08 14:00:00,13.4
2015-11-08 15:00:00,13.4
2015-11-08 16:00:00,13.4
2015-11-08 17:00:00,13.4
2015-11-08 18:00:00,13.4
2015-11-08 19:00:00,13.4
2015-11-08 20:00:00,13.4
2015-11-08 21:00:00,13.4
2015-11-08 22:00:00,13.4
2015-11-08 23:00:00,13.4
2015-11-09 00:00:00,13.4
2015-11-09 01:00:00,13.4
2015-11-09 02:00:00,13.4
2015-11-09 03:00:00,13.4
2015-11-09 04:00:00,13.4
2015-11-09 05:00:00,13.4
2015-11-09 06:00:00,13.4
2015-11-09 07:00:00,13.4
2015-11-09 08:00:00,13.4
2015-11-09 09:00:00,13.4
2015-11-09 10:00:00,52.38
2015-11-09 11:00:00,53.65
2015-11-09 12:00:00,55.26
2015-11-09 13:00:00,54.5
2015-11-09 14:00:00,54.79
2015-11-09 15:00:00,54.67
2015-11-09 16:00:00,54.98
2015-11-09 17:00:00,54.29
2015-11-09 18:00:00,54.73
2015-11-09 19:00:00,54.54
2015-11-09 20:00:00,54.91
2015-11-09 21:00:00,53.14
2015-11-09 22:00:00,13.4
2015-11-09 23:00:00,13.4
2015-11-10 00:00:00,13.4
2015-11-10 01:00:00,13.4
2015-11-10 02:00:00,13.4
2015-11-10 03:00:00,13.4
2015-11-10 04:00:00,13.4
2015-11-10 05:00:00,13.4
2015-11-10 06:00:00,13.4
2015-11-10 07:00:00,13.4
2015-11-10 08:00:00,13.4
2015-11-10 09:00:00,13.4
2015-11-10 10:00:00,13.4
2015-11-10 11:00:00,16.07
2015-11-10 12:00:00,53.23
2015-11-10 13:00:00,52.94
2015-11-10 14:00:00,53.76
2015-11-10 15:00:00,56.54
2015-11-10 16:00:00,54.13
2015-11-10 17:00:00,54.71
2015-11-10 18:00:00,56.68
2015-11-10 19:00:00,56.42
2015-11-10 20:00:00,56.46
2015-11-10 21:00:00,56.49
2015-11-10 22:00:00,56.48
2015-11-10 23:00:00,53.86
2015-11-11 00:00:00,13.4
2015-11-11 01:00:00,13.4
2015-11-11 02:00:00,13.4
2015-11-11 03:00:00,13.4
2015-11-11 04:00:00,13.4
2015-11-11 05:00:00,13.4
2015-11-11 06:00:00,13.4
2015-11-11 07:00:00,13.4
2015-11-11 08:00:00,13.4
2015-11-11 09:00:00,13.4
2015-11-11 10:00:00,13.4
2015-11-11 11:00:00,13.4
2015-11-11 12:00:00,53.6
2015-11-11 13:00:00,55.19
2015-11-11 14:00:00,55.29
2015-11-11 15:00:00,53.97
2015-11-11 16:00:00,54.51
2015-11-11 17:00:00,54.6
2015-11-11 18:00:00,55.16
2015-11-11 19:00:00,54.77
2015-11-11 20:00:00,54.6
2015-11-11 21:00:00,53
2015-11-11 22:00:00,54.98
2015-11-11 23:00:00,49.3
2015-11-12 00:00:00,13.4
2015-11-12 01:00:00,13.4
2015-11-12 02:00:00,13.4
2015-11-12 03:00:00,13.4
2015-11-12 04:00:00,13.4
2015-11-12 05:00:00,13.4
2015-11-12 06:00:00,13.4
2015-11-12 07:00:00,13.4
2015-11-12 08:00:00,13.4
2015-11-12 09:00:00,13.4
2015-11-12 10:00:00,13.4
2015-11-12 11:00:00,13.4
2015-11-12 12:00:00,52.86
2015-11-12 13:00:00,53.57
2015-11-12 14:00:00,52.77
2015-11-12 15:00:00,54.45
2015-11-12 16:00:00,53.88
2015-11-12 17:00:00,55.27
2015-11-12 18:00:00,55.87
2015-11-12 19:00:00,54.57
2015-11-12 20:00:00,56.57
2015-11-12 21:00:00,53.15
2015-11-12 22:00:00,54.61
2015-11-12 23:00:00,53.96
2015-11-13 00:00:00,13.4
2015-11-13 01:00:00,13.4
2015-11-13 02:00:00,13.4
2015-11-13 03:00:00,13.4
2015-11-13 04:00:00,13.4
2015-11-13 05:00:00,13.4
2015-11-13 06:00:00,13.4
2015-11-13 07:00:00,13.4
2015-11-13 08:00:00,13.4
2015-11-13 09:00:00,13.4
2015-11-13 10:00:00,13.40000001
2015-11-13 11:00:00,53.85
2015-11-13 12:00:00,54.47
2015-11-13 13:00:00,54.09
2015-11-13 14:00:00,54.26
2015-11-13 15:00:00,53.35
2015-11-13 16:00:00,53.86
2015-11-13 17:00:00,52.59
2015-11-13 18:00:00,55.65
2015-11-13 19:00:00,54.87
2015-11-13 20:00:00,54.18
2015-11-13 21:00:00,54.65
2015-11-13 22:00:00,54.48999999
2015-11-13 23:00:00,16.45
2015-11-14 00:00:00,13.4
2015-11-14 01:00:00,13.4
2015-11-14 02:00:00,13.4
2015-11-14 03:00:00,13.4
2015-11-14 04:00:00,13.4
2015-11-14 05:00:00,13.4
2015-11-14 06:00:00,13.4
2015-11-14 07:00:00,13.4
2015-11-14 08:00:00,13.4
2015-11-14 09:00:00,13.4
2015-11-14 10:00:00,13.4
2015-11-14 11:00:00,13.4
2015-11-14 12:00:00,54.19
2015-11-14 13:00:00,55.03
2015-11-14 14:00:00,55.57
2015-11-14 15:00:00,56.1
2015-11-14 16:00:00,53.86
2015-11-14 17:00:00,54.82
2015-11-14 18:00:00,52.38
2015-11-14 19:00:00,53.9
2015-11-14 20:00:00,54.66
2015-11-14 21:00:00,56.13
2015-11-14 22:00:00,56.26
2015-11-14 23:00:00,48.53
2015-11-15 00:00:00,13.4
2015-11-15 01:00:00,13.4
2015-11-15 02:00:00,13.4
2015-11-15 03:00:00,13.4
2015-11-15 04:00:00,13.4
2015-11-15 05:00:00,13.4
2015-11-15 06:00:00,13.4
2015-11-15 07:00:00,13.4
2015-11-15 08:00:00,13.4
2015-11-15 09:00:00,13.4
2015-11-15 10:00:00,13.4
2015-11-15 11:00:00,13.4
2015-11-15 12:00:00,13.4
2015-11-15 13:00:00,54.83
2015-11-15 14:00:00,56.19
2015-11-15 15:00:00,53.21
2015-11-15 16:00:00,13.4
2015-11-15 17:00:00,13.4
2015-11-15 18:00:00,17.82
2015-11-15 19:00:00,53.64
2015-11-15 20:00:00,54.44
2015-11-15 21:00:00,55.21
2015-11-15 22:00:00,55
2015-11-15 23:00:00,53.44
2015-11-16 00:00:00,13.4
2015-11-16 01:00:00,13.4
2015-11-16 02:00:00,13.4
2015-11-16 03:00:00,13.4
2015-11-16 04:00:00,13.4
2015-11-16 05:00:00,13.4
2015-11-16 06:00:00,13.4
2015-11-16 07:00:00,13.4
2015-11-16 08:00:00,13.4
2015-11-16 09:00:00,13.4
2015-11-16 10:00:00,13.4
2015-11-16 11:00:00,13.4
2015-11-16 12:00:00,13.4
2015-11-16 13:00:00,13.4
2015-11-16 14:00:00,13.4
2015-11-16 15:00:00,13.4
2015-11-16 16:00:00,13.4
2015-11-16 17:00:00,13.4
2015-11-16 18:00:00,13.4
2015-11-16 19:00:00,13.4
2015-11-16 20:00:00,13.4
2015-11-16 21:00:00,13.4
2015-11-16 22:00:00,13.4
2015-11-16 23:00:00,13.4
2015-11-17 00:00:00,13.4
2015-11-17 01:00:00,13.4
2015-11-17 02:00:00,13.4
2015-11-17 03:00:00,13.4
2015-11-17 04:00:00,13.4
2015-11-17 05:00:00,13.4
2015-11-17 06:00:00,13.4
2015-11-17 07:00:00,13.4
2015-11-17 08:00:00,13.4
2015-11-17 09:00:00,13.4
2015-11-17 10:00:00,13.4
2015-11-17 11:00:00,13.4
2015-11-17 12:00:00,13.4
2015-11-17 13:00:00,13.40000001
2015-11-17 14:00:00,53.91
2015-11-17 15:00:00,54.15
2015-11-17 16:00:00,54.92
2015-11-17 17:00:00,52.62
2015-11-17 18:00:00,53.66
2015-11-17 19:00:00,55.51
2015-11-17 20:00:00,54.83
2015-11-17 21:00:00,52.03
2015-11-17 22:00:00,13.4
2015-11-17 23:00:00,13.4
2015-11-18 00:00:00,13.4
2015-11-18 01:00:00,13.4
2015-11-18 02:00:00,13.4
2015-11-18 03:00:00,13.4
2015-11-18 04:00:00,13.4
2015-11-18 05:00:00,13.4
2015-11-18 06:00:00,13.4
2015-11-18 07:00:00,13.4
2015-11-18 08:00:00,13.4
2015-11-18 09:00:00,13.4
2015-11-18 10:00:00,13.4
2015-11-18 11:00:00,13.4
2015-11-18 12:00:00,13.4
2015-11-18 13:00:00,13.4
2015-11-18 14:00:00,13.4
2015-11-18 15:00:00,13.4
2015-11-18 16:00:00,54.54
2015-11-18 17:00:00,53.38
2015-11-18 18:00:00,53.22
2015-11-18 19:00:00,55.23
2015-11-18 20:00:00,54.69
2015-11-18 21:00:00,54.82
2015-11-18 22:00:00,54.08999999
2015-11-18 23:00:00,13.4
2015-11-19 00:00:00,13.4
2015-11-19 01:00:00,13.4
2015-11-19 02:00:00,13.4
2015-11-19 03:00:00,13.4
2015-11-19 04:00:00,13.4
2015-11-19 05:00:00,13.4
2015-11-19 06:00:00,13.4
2015-11-19 07:00:00,13.4
2015-11-19 08:00:00,13.4
2015-11-19 09:00:00,13.4
2015-11-19 10:00:00,17.38000001
2015-11-19 11:00:00,53.87
2015-11-19 12:00:00,55.4
2015-11-19 13:00:00,54.54
2015-11-19 14:00:00,54.3
2015-11-19 15:00:00,55.49
2015-11-19 16:00:00,53.97
2015-11-19 17:00:00,49.94
2015-11-19 18:00:00,13.4
2015-11-19 19:00:00,13.4
2015-11-19 20:00:00,13.4
2015-11-19 21:00:00,13.4
2015-11-19 22:00:00,13.4
2015-11-19 23:00:00,13.4
2015-11-20 00:00:00,13.4
2015-11-20 01:00:00,13.4
2015-11-20 02:00:00,13.4
2015-11-20 03:00:00,13.4
2015-11-20 04:00:00,13.4
2015-11-20 05:00:00,13.4
2015-11-20 06:00:00,13.4
2015-11-20 07:00:00,0
2015-11-20 08:00:00,0
2015-11-20 09:00:00,0
2015-11-20 10:00:00,0
2015-11-20 11:00:00,0
2015-11-20 12:00:00,0
2015-11-20 13:00:00,8.73E-10
2015-11-20 14:00:00,5
2015-11-20 15:00:00,36.8
2015-11-20 16:00:00,36.8
2015-11-20 17:00:00,36.8
2015-11-20 18:00:00,36.8
2015-11-20 19:00:00,36.8
2015-11-20 20:00:00,36.8
2015-11-20 21:00:00,36
2015-11-20 22:00:00,0
2015-11-20 23:00:00,0
2015-11-21 00:00:00,13.4
2015-11-21 01:00:00,13.4
2015-11-21 02:00:00,13.4
2015-11-21 03:00:00,13.4
2015-11-21 04:00:00,13.4
2015-11-21 05:00:00,13.4
2015-11-21 06:00:00,13.4
2015-11-21 07:00:00,13.4
2015-11-21 08:00:00,13.4
2015-11-21 09:00:00,13.4
2015-11-21 10:00:00,13.4
2015-11-21 11:00:00,13.4
2015-11-21 12:00:00,13.4
2015-11-21 13:00:00,13.4
2015-11-21 14:00:00,13.4
2015-11-21 15:00:00,13.4
2015-11-21 16:00:00,13.4
2015-11-21 17:00:00,13.4
2015-11-21 18:00:00,13.4
2015-11-21 19:00:00,13.4
2015-11-21 20:00:00,13.4
2015-11-21 21:00:00,13.4
2015-11-21 22:00:00,13.4
2015-11-21 23:00:00,13.4
2015-11-22 00:00:00,13.4
2015-11-22 01:00:00,13.4
2015-11-22 02:00:00,13.4
2015-11-22 03:00:00,13.4
2015-11-22 04:00:00,13.4
2015-11-22 05:00:00,13.4
2015-11-22 06:00:00,13.4
2015-11-22 07:00:00,13.4
2015-11-22 08:00:00,13.4
2015-11-22 09:00:00,13.4
2015-11-22 10:00:00,13.4
2015-11-22 11:00:00,13.4
2015-11-22 12:00:00,13.4
2015-11-22 13:00:00,13.4
2015-11-22 14:00:00,13.4
2015-11-22 15:00:00,13.4
2015-11-22 16:00:00,13.4
2015-11-22 17:00:00,13.4
2015-11-22 18:00:00,13.4
2015-11-22 19:00:00,13.4
2015-11-22 20:00:00,13.4
2015-11-22 21:00:00,13.4
2015-11-22 22:00:00,13.4
2015-11-22 23:00:00,13.4
2015-11-23 00:00:00,13.4
2015-11-23 01:00:00,13.4
2015-11-23 02:00:00,13.4
2015-11-23 03:00:00,13.4
2015-11-23 04:00:00,13.4
2015-11-23 05:00:00,13.4
2015-11-23 06:00:00,13.4
2015-11-23 07:00:00,13.4
2015-11-23 08:00:00,13.4
2015-11-23 09:00:00,13.4
2015-11-23 10:00:00,13.4
2015-11-23 11:00:00,13.4
2015-11-23 12:00:00,13.4
2015-11-23 13:00:00,13.4
2015-11-23 14:00:00,13.4
2015-11-23 15:00:00,13.4
2015-11-23 16:00:00,13.4
2015-11-23 17:00:00,13.4
2015-11-23 18:00:00,13.4
2015-11-23 19:00:00,13.4
2015-11-23 20:00:00,13.4
2015-11-23 21:00:00,13.4
2015-11-23 22:00:00,13.4
2015-11-23 23:00:00,13.4
2015-11-24 00:00:00,13.4
2015-11-24 01:00:00,13.4
2015-11-24 02:00:00,13.4
2015-11-24 03:00:00,13.4
2015-11-24 04:00:00,13.4
2015-11-24 05:00:00,13.4
2015-11-24 06:00:00,13.4
2015-11-24 07:00:00,13.4
2015-11-24 08:00:00,13.4
2015-11-24 09:00:00,13.4
2015-11-24 10:00:00,13.4
2015-11-24 11:00:00,13.4
2015-11-24 12:00:00,13.4
2015-11-24 13:00:00,13.4
2015-11-24 14:00:00,13.4
2015-11-24 15:00:00,13.4
2015-11-24 16:00:00,13.4
2015-11-24 17:00:00,13.4
2015-11-24 18:00:00,13.4
2015-11-24 19:00:00,13.4
2015-11-24 20:00:00,13.4
2015-11-24 21:00:00,13.4
2015-11-24 22:00:00,13.4
2015-11-24 23:00:00,13.4
2015-11-25 00:00:00,13.4
2015-11-25 01:00:00,13.4
2015-11-25 02:00:00,13.4
2015-11-25 03:00:00,13.4
2015-11-25 04:00:00,13.4
2015-11-25 05:00:00,13.4
2015-11-25 06:00:00,13.4
2015-11-25 07:00:00,0
2015-11-25 08:00:00,0
2015-11-25 09:00:00,0
2015-11-25 10:00:00,0
2015-11-25 11:00:00,0
2015-11-25 12:00:00,0
2015-11-25 13:00:00,0
2015-11-25 14:00:00,0
2015-11-25 15:00:00,0
2015-11-25 16:00:00,0
2015-11-25 17:00:00,0
2015-11-25 18:00:00,0
2015-11-25 19:00:00,0
2015-11-25 20:00:00,0
2015-11-25 21:00:00,0
2015-11-25 22:00:00,0
2015-11-25 23:00:00,0
2015-11-26 00:00:00,13.4
2015-11-26 01:00:00,13.4
2015-11-26 02:00:00,13.4
2015-11-26 03:00:00,13.4
2015-11-26 04:00:00,13.4
2015-11-26 05:00:00,13.4
2015-11-26 06:00:00,13.4
2015-11-26 07:00:00,13.4
2015-11-26 08:00:00,13.4
2015-11-26 09:00:00,13.4
2015-11-26 10:00:00,13.4
2015-11-26 11:00:00,13.4
2015-11-26 12:00:00,13.4
2015-11-26 13:00:00,13.4
2015-11-26 14:00:00,13.4
2015-11-26 15:00:00,13.4
2015-11-26 16:00:00,13.4
2015-11-26 17:00:00,13.4
2015-11-26 18:00:00,13.4
2015-11-26 19:00:00,13.4
2015-11-26 20:00:00,13.4
2015-11-26 21:00:00,13.4
2015-11-26 22:00:00,13.4
2015-11-26 23:00:00,13.4
2015-11-27 00:00:00,13.4
2015-11-27 01:00:00,13.4
2015-11-27 02:00:00,13.4
2015-11-27 03:00:00,13.4
2015-11-27 04:00:00,13.4
2015-11-27 05:00:00,13.4
2015-11-27 06:00:00,13.4
2015-11-27 07:00:00,13.4
2015-11-27 08:00:00,13.4
2015-11-27 09:00:00,13.4
2015-11-27 10:00:00,13.4
2015-11-27 11:00:00,13.4
2015-11-27 12:00:00,13.4
2015-11-27 13:00:00,13.4
2015-11-27 14:00:00,13.4
2015-11-27 15:00:00,13.4
2015-11-27 16:00:00,13.4
2015-11-27 17:00:00,13.4
2015-11-27 18:00:00,13.4
2015-11-27 19:00:00,13.4
2015-11-27 20:00:00,13.4
2015-11-27 21:00:00,13.4
2015-11-27 22:00:00,13.4
2015-11-27 23:00:00,13.4
2015-11-28 00:00:00,13.4
2015-11-28 01:00:00,13.4
2015-11-28 02:00:00,13.4
2015-11-28 03:00:00,13.4
2015-11-28 04:00:00,13.4
2015-11-28 05:00:00,13.4
2015-11-28 06:00:00,13.4
2015-11-28 07:00:00,13.4
2015-11-28 08:00:00,13.4
2015-11-28 09:00:00,13.4
2015-11-28 10:00:00,13.4
2015-11-28 11:00:00,13.4
2015-11-28 12:00:00,13.4
2015-11-28 13:00:00,13.4
2015-11-28 14:00:00,13.4
2015-11-28 15:00:00,13.4
2015-11-28 16:00:00,13.4
2015-11-28 17:00:00,13.4
2015-11-28 18:00:00,13.4
2015-11-28 19:00:00,13.4
2015-11-28 20:00:00,13.4
2015-11-28 21:00:00,13.4
2015-11-28 22:00:00,13.4
2015-11-28 23:00:00,13.4
2015-11-29 00:00:00,13.4
2015-11-29 01:00:00,13.4
2015-11-29 02:00:00,13.4
2015-11-29 03:00:00,13.4
2015-11-29 04:00:00,13.4
2015-11-29 05:00:00,13.4
2015-11-29 06:00:00,13.4
2015-11-29 07:00:00,13.4
2015-11-29 08:00:00,13.4
2015-11-29 09:00:00,13.4
2015-11-29 10:00:00,13.4
2015-11-29 11:00:00,13.4
2015-11-29 12:00:00,13.4
2015-11-29 13:00:00,13.4
2015-11-29 14:00:00,13.4
2015-11-29 15:00:00,13.4
2015-11-29 16:00:00,17.56000001
2015-11-29 17:00:00,54.67
2015-11-29 18:00:00,55.33
2015-11-29 19:00:00,55.16
2015-11-29 20:00:00,53.75
2015-11-29 21:00:00,54.13
2015-11-29 22:00:00,54.13
2015-11-29 23:00:00,43.39
2015-11-30 00:00:00,13.4
2015-11-30 01:00:00,13.4
2015-11-30 02:00:00,13.4
2015-11-30 03:00:00,13.4
2015-11-30 04:00:00,13.4
2015-11-30 05:00:00,13.4
2015-11-30 06:00:00,13.4
2015-11-30 07:00:00,13.4
2015-11-30 08:00:00,13.4
2015-11-30 09:00:00,13.4
2015-11-30 10:00:00,13.4
2015-11-30 11:00:00,13.4
2015-11-30 12:00:00,13.4
2015-11-30 13:00:00,54.66
2015-11-30 14:00:00,53.9
2015-11-30 15:00:00,54.38
2015-11-30 16:00:00,54.57
2015-11-30 17:00:00,54.86
2015-11-30 18:00:00,52.77
2015-11-30 19:00:00,53.23
2015-11-30 20:00:00,53.53
2015-11-30 21:00:00,52.49
2015-11-30 22:00:00,50.73999999
2015-11-30 23:00:00,13.4
2015-12-01 00:00:00,13.4
2015-12-01 01:00:00,13.4
2015-12-01 02:00:00,13.4
2015-12-01 03:00:00,13.4
2015-12-01 04:00:00,13.4
2015-12-01 05:00:00,13.4
2015-12-01 06:00:00,13.4
2015-12-01 07:00:00,13.4
2015-12-01 08:00:00,13.4
2015-12-01 09:00:00,13.4
2015-12-01 10:00:00,13.4
2015-12-01 11:00:00,13.4
2015-12-01 12:00:00,13.4
2015-12-01 13:00:00,49.97
2015-12-01 14:00:00,54.58
2015-12-01 15:00:00,55.64
2015-12-01 16:00:00,55.08
2015-12-01 17:00:00,51.04
2015-12-01 18:00:00,53.22
2015-12-01 19:00:00,53.9
2015-12-01 20:00:00,54.43
2015-12-01 21:00:00,54.45
2015-12-01 22:00:00,53.16999999
2015-12-01 23:00:00,13.4
2015-12-02 00:00:00,13.4
2015-12-02 01:00:00,13.4
2015-12-02 02:00:00,13.4
2015-12-02 03:00:00,13.4
2015-12-02 04:00:00,13.4
2015-12-02 05:00:00,13.4
2015-12-02 06:00:00,13.4
2015-12-02 07:00:00,13.4
2015-12-02 08:00:00,13.4
2015-12-02 09:00:00,16.59
2015-12-02 10:00:00,54.33
2015-12-02 11:00:00,56.01
2015-12-02 12:00:00,53.99
2015-12-02 13:00:00,56.59
2015-12-02 14:00:00,54.59
2015-12-02 15:00:00,53.1
2015-12-02 16:00:00,55.27
2015-12-02 17:00:00,46.22
2015-12-02 18:00:00,16.27
2015-12-02 19:00:00,55.8
2015-12-02 20:00:00,55.14
2015-12-02 21:00:00,55.36
2015-12-02 22:00:00,52.38999999
2015-12-02 23:00:00,13.4
2015-12-03 00:00:00,13.4
2015-12-03 01:00:00,13.4
2015-12-03 02:00:00,13.4
2015-12-03 03:00:00,13.4
2015-12-03 04:00:00,13.4
2015-12-03 05:00:00,13.4
2015-12-03 06:00:00,13.4
2015-12-03 07:00:00,13.4
2015-12-03 08:00:00,13.4
2015-12-03 09:00:00,13.4
2015-12-03 10:00:00,53.52
2015-12-03 11:00:00,54.27
2015-12-03 12:00:00,55.38
2015-12-03 13:00:00,53.48
2015-12-03 14:00:00,55.01
2015-12-03 15:00:00,55.01
2015-12-03 16:00:00,54.6
2015-12-03 17:00:00,53.56
2015-12-03 18:00:00,55.18
2015-12-03 19:00:00,56.2
2015-12-03 20:00:00,56.15
2015-12-03 21:00:00,52.91
2015-12-03 22:00:00,13.4
2015-12-03 23:00:00,13.4
2015-12-04 00:00:00,13.4
2015-12-04 01:00:00,13.4
2015-12-04 02:00:00,13.4
2015-12-04 03:00:00,13.4
2015-12-04 04:00:00,13.4
2015-12-04 05:00:00,13.4
2015-12-04 06:00:00,13.4
2015-12-04 07:00:00,13.4
2015-12-04 08:00:00,13.4
2015-12-04 09:00:00,52.46
2015-12-04 10:00:00,54.73
2015-12-04 11:00:00,55.18
2015-12-04 12:00:00,57.33
2015-12-04 13:00:00,56.22
2015-12-04 14:00:00,55.34
2015-12-04 15:00:00,53.46
2015-12-04 16:00:00,51.97999999
2015-12-04 17:00:00,13.4
2015-12-04 18:00:00,13.4
2015-12-04 19:00:00,53.34
2015-12-04 20:00:00,53.85
2015-12-04 21:00:00,53.67
2015-12-04 22:00:00,52.94999999
2015-12-04 23:00:00,13.4
2015-12-05 00:00:00,13.4
2015-12-05 01:00:00,13.4
2015-12-05 02:00:00,13.4
2015-12-05 03:00:00,13.4
2015-12-05 04:00:00,13.4
2015-12-05 05:00:00,13.4
2015-12-05 06:00:00,13.4
2015-12-05 07:00:00,13.40000001
2015-12-05 08:00:00,54.48
2015-12-05 09:00:00,52.47
2015-12-05 10:00:00,55.71
2015-12-05 11:00:00,54.92
2015-12-05 12:00:00,55.14
2015-12-05 13:00:00,54.47
2015-12-05 14:00:00,51.49
2015-12-05 15:00:00,55.44
2015-12-05 16:00:00,51.96
2015-12-05 17:00:00,52.45
2015-12-05 18:00:00,18.6
2015-12-05 19:00:00,13.4
2015-12-05 20:00:00,13.4
2015-12-05 21:00:00,13.4
2015-12-05 22:00:00,13.4
2015-12-05 23:00:00,13.4
2015-12-06 00:00:00,13.4
2015-12-06 01:00:00,13.4
2015-12-06 02:00:00,13.4
2015-12-06 03:00:00,13.4
2015-12-06 04:00:00,13.4
2015-12-06 05:00:00,13.4
2015-12-06 06:00:00,13.4
2015-12-06 07:00:00,13.4
2015-12-06 08:00:00,13.4
2015-12-06 09:00:00,13.4
2015-12-06 10:00:00,13.4
2015-12-06 11:00:00,13.4
2015-12-06 12:00:00,13.4
2015-12-06 13:00:00,13.4
2015-12-06 14:00:00,13.4
2015-12-06 15:00:00,13.4
2015-12-06 16:00:00,13.4
2015-12-06 17:00:00,13.4
2015-12-06 18:00:00,13.4
2015-12-06 19:00:00,55.08
2015-12-06 20:00:00,56.52
2015-12-06 21:00:00,52.28
2015-12-06 22:00:00,13.4
2015-12-06 23:00:00,13.4
2015-12-07 00:00:00,13.4
2015-12-07 01:00:00,13.4
2015-12-07 02:00:00,13.4
2015-12-07 03:00:00,13.4
2015-12-07 04:00:00,13.4
2015-12-07 05:00:00,13.4
2015-12-07 06:00:00,13.4
2015-12-07 07:00:00,13.4
2015-12-07 08:00:00,13.4
2015-12-07 09:00:00,53.57
2015-12-07 10:00:00,54.65
2015-12-07 11:00:00,56.06
2015-12-07 12:00:00,54.45
2015-12-07 13:00:00,54.6
2015-12-07 14:00:00,55.28
2015-12-07 15:00:00,54.75
2015-12-07 16:00:00,54.09
2015-12-07 17:00:00,53.66
2015-12-07 18:00:00,54.62
2015-12-07 19:00:00,55.35
2015-12-07 20:00:00,54.42
2015-12-07 21:00:00,54.57
2015-12-07 22:00:00,54.83
2015-12-07 23:00:00,51.35
2015-12-08 00:00:00,13.4
2015-12-08 01:00:00,13.4
2015-12-08 02:00:00,13.4
2015-12-08 03:00:00,13.4
2015-12-08 04:00:00,13.4
2015-12-08 05:00:00,13.4
2015-12-08 06:00:00,13.4
2015-12-08 07:00:00,13.40000001
2015-12-08 08:00:00,55.26
2015-12-08 09:00:00,55
2015-12-08 10:00:00,55.88
2015-12-08 11:00:00,56.32
2015-12-08 12:00:00,54.88
2015-12-08 13:00:00,52.69
2015-12-08 14:00:00,55.28
2015-12-08 15:00:00,55.96
2015-12-08 16:00:00,55.35
2015-12-08 17:00:00,54.29
2015-12-08 18:00:00,55.09
2015-12-08 19:00:00,55.07
2015-12-08 20:00:00,54.6
2015-12-08 21:00:00,54.66
2015-12-08 22:00:00,52.35999999
2015-12-08 23:00:00,13.4
2015-12-09 00:00:00,13.4
2015-12-09 01:00:00,13.4
2015-12-09 02:00:00,13.4
2015-12-09 03:00:00,13.4
2015-12-09 04:00:00,13.4
2015-12-09 05:00:00,13.4
2015-12-09 06:00:00,13.4
2015-12-09 07:00:00,52.86
2015-12-09 08:00:00,53.54
2015-12-09 09:00:00,54.49
2015-12-09 10:00:00,54.94
2015-12-09 11:00:00,54.14
2015-12-09 12:00:00,51.44
2015-12-09 13:00:00,56.44
2015-12-09 14:00:00,56.03
2015-12-09 15:00:00,56
2015-12-09 16:00:00,54.74
2015-12-09 17:00:00,55.68
2015-12-09 18:00:00,55.19
2015-12-09 19:00:00,55.37
2015-12-09 20:00:00,55.33
2015-12-09 21:00:00,55.94
2015-12-09 22:00:00,53.31999999
2015-12-09 23:00:00,13.4
2015-12-10 00:00:00,13.4
2015-12-10 01:00:00,13.4
2015-12-10 02:00:00,13.4
2015-12-10 03:00:00,13.4
2015-12-10 04:00:00,13.4
2015-12-10 05:00:00,13.4
2015-12-10 06:00:00,54.25
2015-12-10 07:00:00,54.35
2015-12-10 08:00:00,56.18
2015-12-10 09:00:00,55.69
2015-12-10 10:00:00,53.72
2015-12-10 11:00:00,54
2015-12-10 12:00:00,56.24
2015-12-10 13:00:00,56.95
2015-12-10 14:00:00,55.04
2015-12-10 15:00:00,54.01
2015-12-10 16:00:00,55.27
2015-12-10 17:00:00,41.6
2015-12-10 18:00:00,16.27
2015-12-10 19:00:00,53.15
2015-12-10 20:00:00,54.91
2015-12-10 21:00:00,54.97
2015-12-10 22:00:00,53.81999999
2015-12-10 23:00:00,14.98
2015-12-11 00:00:00,13.4
2015-12-11 01:00:00,13.4
2015-12-11 02:00:00,13.4
2015-12-11 03:00:00,13.4
2015-12-11 04:00:00,13.4
2015-12-11 05:00:00,13.4
2015-12-11 06:00:00,13.4
2015-12-11 07:00:00,22.09000001
2015-12-11 08:00:00,52.65
2015-12-11 09:00:00,53.14
2015-12-11 10:00:00,54.06
2015-12-11 11:00:00,55.99
2015-12-11 12:00:00,54.94
2015-12-11 13:00:00,55.08
2015-12-11 14:00:00,55.2
2015-12-11 15:00:00,51.18
2015-12-11 16:00:00,52.41
2015-12-11 17:00:00,52.29
2015-12-11 18:00:00,52.71
2015-12-11 19:00:00,55.08
2015-12-11 20:00:00,54.48
2015-12-11 21:00:00,54.14
2015-12-11 22:00:00,53.01
2015-12-11 23:00:00,51.78
2015-12-12 00:00:00,13.4
2015-12-12 01:00:00,12.29
2015-12-12 02:00:00,12.29
2015-12-12 03:00:00,12.29
2015-12-12 04:00:00,14.3
2015-12-12 05:00:00,38.78
2015-12-12 06:00:00,37.49
2015-12-12 07:00:00,35.75
2015-12-12 08:00:00,37.2
2015-12-12 09:00:00,46.01
2015-12-12 10:00:00,42.28
2015-12-12 11:00:00,44.41
2015-12-12 12:00:00,14.67
2015-12-12 13:00:00,12.29
2015-12-12 14:00:00,12.29
2015-12-12 15:00:00,12.29
2015-12-12 16:00:00,12.29
2015-12-12 17:00:00,39.15
2015-12-12 18:00:00,43
2015-12-12 19:00:00,44.15
2015-12-12 20:00:00,50.06
2015-12-12 21:00:00,45.81
2015-12-12 22:00:00,48.05
2015-12-12 23:00:00,37.46
2015-12-13 00:00:00,22.18
2015-12-13 01:00:00,41.23
2015-12-13 02:00:00,36.59
2015-12-13 03:00:00,39
2015-12-13 04:00:00,39.18
2015-12-13 05:00:00,35.54
2015-12-13 06:00:00,43.73
2015-12-13 07:00:00,34.95
2015-12-13 08:00:00,37.27
2015-12-13 09:00:00,43.9
2015-12-13 10:00:00,39.85
2015-12-13 11:00:00,39.26
2015-12-13 12:00:00,38.07
2015-12-13 13:00:00,37.52
2015-12-13 14:00:00,39.95
2015-12-13 15:00:00,40.7
2015-12-13 16:00:00,46.32
2015-12-13 17:00:00,42.24
2015-12-13 18:00:00,37.16
2015-12-13 19:00:00,44.41
2015-12-13 20:00:00,40.21
2015-12-13 21:00:00,12.29
2015-12-13 22:00:00,12.29
2015-12-13 23:00:00,12.29
2015-12-14 00:00:00,12.29
2015-12-14 01:00:00,12.29
2015-12-14 02:00:00,12.29
2015-12-14 03:00:00,12.29
2015-12-14 04:00:00,12.29
2015-12-14 05:00:00,12.29
2015-12-14 06:00:00,12.29
2015-12-14 07:00:00,12.29000001
2015-12-14 08:00:00,43.35
2015-12-14 09:00:00,45.61
2015-12-14 10:00:00,46.49
2015-12-14 11:00:00,51.53
2015-12-14 12:00:00,48.61
2015-12-14 13:00:00,46.09
2015-12-14 14:00:00,46.3
2015-12-14 15:00:00,46.69
2015-12-14 16:00:00,47.43
2015-12-14 17:00:00,47.59
2015-12-14 18:00:00,42.48
2015-12-14 19:00:00,45.88
2015-12-14 20:00:00,45.34
2015-12-14 21:00:00,44.4
2015-12-14 22:00:00,42.78999999
2015-12-14 23:00:00,12.29
2015-12-15 00:00:00,12.29
2015-12-15 01:00:00,12.29
2015-12-15 02:00:00,12.29
2015-12-15 03:00:00,12.29
2015-12-15 04:00:00,12.29
2015-12-15 05:00:00,12.29
2015-12-15 06:00:00,12.29
2015-12-15 07:00:00,12.29
2015-12-15 08:00:00,19.68
2015-12-15 09:00:00,47.36
2015-12-15 10:00:00,45.41
2015-12-15 11:00:00,46.73
2015-12-15 12:00:00,41.94
2015-12-15 13:00:00,40.72
2015-12-15 14:00:00,48.01
2015-12-15 15:00:00,43.86
2015-12-15 16:00:00,42.2
2015-12-15 17:00:00,43.97
2015-12-15 18:00:00,48.81
2015-12-15 19:00:00,51.49
2015-12-15 20:00:00,45.83
2015-12-15 21:00:00,42.55
2015-12-15 22:00:00,12.29
2015-12-15 23:00:00,12.29
2015-12-16 00:00:00,12.29
2015-12-16 01:00:00,12.29
2015-12-16 02:00:00,12.29
2015-12-16 03:00:00,12.29
2015-12-16 04:00:00,12.29
2015-12-16 05:00:00,12.29
2015-12-16 06:00:00,12.29
2015-12-16 07:00:00,12.29
2015-12-16 08:00:00,15.52
2015-12-16 09:00:00,38.09
2015-12-16 10:00:00,41.32
2015-12-16 11:00:00,39.09
2015-12-16 12:00:00,37.91
2015-12-16 13:00:00,38.99
2015-12-16 14:00:00,43.45
2015-12-16 15:00:00,48.21
2015-12-16 16:00:00,46.45
2015-12-16 17:00:00,47.72
2015-12-16 18:00:00,37.6
2015-12-16 19:00:00,46.38
2015-12-16 20:00:00,40.39
2015-12-16 21:00:00,38.97
2015-12-16 22:00:00,42.03999999
2015-12-16 23:00:00,12.29
2015-12-17 00:00:00,12.29
2015-12-17 01:00:00,12.29
2015-12-17 02:00:00,12.29
2015-12-17 03:00:00,12.29
2015-12-17 04:00:00,12.29
2015-12-17 05:00:00,12.29
2015-12-17 06:00:00,12.29
2015-12-17 07:00:00,12.29
2015-12-17 08:00:00,12.29
2015-12-17 09:00:00,12.29
2015-12-17 10:00:00,16.21000001
2015-12-17 11:00:00,49.59
2015-12-17 12:00:00,46.09
2015-12-17 13:00:00,47.9
2015-12-17 14:00:00,48.24
2015-12-17 15:00:00,47.24
2015-12-17 16:00:00,48.6
2015-12-17 17:00:00,42.91
2015-12-17 18:00:00,47.59
2015-12-17 19:00:00,50.74
2015-12-17 20:00:00,45.01
2015-12-17 21:00:00,43.15
2015-12-17 22:00:00,44.95
2015-12-17 23:00:00,16.79
2015-12-18 00:00:00,12.29
2015-12-18 01:00:00,12.29
2015-12-18 02:00:00,12.29
2015-12-18 03:00:00,12.29
2015-12-18 04:00:00,12.29
2015-12-18 05:00:00,12.29
2015-12-18 06:00:00,12.29
2015-12-18 07:00:00,15.62000001
2015-12-18 08:00:00,45.69
2015-12-18 09:00:00,49.08
2015-12-18 10:00:00,46.93
2015-12-18 11:00:00,44.29
2015-12-18 12:00:00,46.45
2015-12-18 13:00:00,46.68
2015-12-18 14:00:00,43.19
2015-12-18 15:00:00,42.88
2015-12-18 16:00:00,45.55
2015-12-18 17:00:00,44.7
2015-12-18 18:00:00,43.41
2015-12-18 19:00:00,45.46
2015-12-18 20:00:00,44.17
2015-12-18 21:00:00,44.21
2015-12-18 22:00:00,45.21999999
2015-12-18 23:00:00,14.77
2015-12-19 00:00:00,12.29
2015-12-19 01:00:00,12.29
2015-12-19 02:00:00,12.29
2015-12-19 03:00:00,12.29
2015-12-19 04:00:00,12.29
2015-12-19 05:00:00,12.29
2015-12-19 06:00:00,12.29
2015-12-19 07:00:00,12.29
2015-12-19 08:00:00,17.41
2015-12-19 09:00:00,46.78
2015-12-19 10:00:00,39.81
2015-12-19 11:00:00,46.13
2015-12-19 12:00:00,43.91
2015-12-19 13:00:00,45.89
2015-12-19 14:00:00,46.13
2015-12-19 15:00:00,46.59
2015-12-19 16:00:00,46.54
2015-12-19 17:00:00,48.49
2015-12-19 18:00:00,15.34
2015-12-19 19:00:00,46.71
2015-12-19 20:00:00,45.75
2015-12-19 21:00:00,46.09
2015-12-19 22:00:00,44.37
2015-12-19 23:00:00,44.16
2015-12-20 00:00:00,41.67
2015-12-20 01:00:00,32.71
2015-12-20 02:00:00,37.73
2015-12-20 03:00:00,34.72
2015-12-20 04:00:00,31.96
2015-12-20 05:00:00,43.5
2015-12-20 06:00:00,49.2
2015-12-20 07:00:00,37.86
2015-12-20 08:00:00,46.14
2015-12-20 09:00:00,43.21
2015-12-20 10:00:00,36.82
2015-12-20 11:00:00,36.21
2015-12-20 12:00:00,40.05
2015-12-20 13:00:00,44.42
2015-12-20 14:00:00,45.03
2015-12-20 15:00:00,12.29
2015-12-20 16:00:00,12.29
2015-12-20 17:00:00,12.29
2015-12-20 18:00:00,12.29
2015-12-20 19:00:00,12.29
2015-12-20 20:00:00,12.29
2015-12-20 21:00:00,12.29
2015-12-20 22:00:00,12.29
2015-12-20 23:00:00,12.29
2015-12-21 00:00:00,16.94
2015-12-21 01:00:00,45.94
2015-12-21 02:00:00,41.91
2015-12-21 03:00:00,41.37
2015-12-21 04:00:00,34.32
2015-12-21 05:00:00,45.68
2015-12-21 06:00:00,45.42
2015-12-21 07:00:00,42.07
2015-12-21 08:00:00,44.56
2015-12-21 09:00:00,51.8
2015-12-21 10:00:00,47.88
2015-12-21 11:00:00,44.53
2015-12-21 12:00:00,43.53
2015-12-21 13:00:00,44.43
2015-12-21 14:00:00,46.33
2015-12-21 15:00:00,46.62
2015-12-21 16:00:00,47.39999999
2015-12-21 17:00:00,12.29
2015-12-21 18:00:00,12.29
2015-12-21 19:00:00,12.29
2015-12-21 20:00:00,12.29
2015-12-21 21:00:00,12.29
2015-12-21 22:00:00,12.29
2015-12-21 23:00:00,12.29
2015-12-22 00:00:00,12.29
2015-12-22 01:00:00,40.16
2015-12-22 02:00:00,40.13
2015-12-22 03:00:00,38.03
2015-12-22 04:00:00,38.44
2015-12-22 05:00:00,39.59
2015-12-22 06:00:00,41.34
2015-12-22 07:00:00,33.04
2015-12-22 08:00:00,39.56
2015-12-22 09:00:00,43.1
2015-12-22 10:00:00,46.39
2015-12-22 11:00:00,46.44
2015-12-22 12:00:00,47.2
2015-12-22 13:00:00,43.48
2015-12-22 14:00:00,44.26
2015-12-22 15:00:00,44.44
2015-12-22 16:00:00,44.65
2015-12-22 17:00:00,41.6
2015-12-22 18:00:00,12.29
2015-12-22 19:00:00,12.29
2015-12-22 20:00:00,12.29
2015-12-22 21:00:00,12.29
2015-12-22 22:00:00,12.29
2015-12-22 23:00:00,12.29
2015-12-23 00:00:00,12.29
2015-12-23 01:00:00,12.29
2015-12-23 02:00:00,12.29
2015-12-23 03:00:00,12.29
2015-12-23 04:00:00,12.29
2015-12-23 05:00:00,12.29
2015-12-23 06:00:00,12.29
2015-12-23 07:00:00,12.29
2015-12-23 08:00:00,21.65
2015-12-23 09:00:00,46.54
2015-12-23 10:00:00,49
2015-12-23 11:00:00,41.7
2015-12-23 12:00:00,43.86
2015-12-23 13:00:00,41.1
2015-12-23 14:00:00,41.34
2015-12-23 15:00:00,45.31
2015-12-23 16:00:00,40.49
2015-12-23 17:00:00,45.37
2015-12-23 18:00:00,46.02
2015-12-23 19:00:00,47.94
2015-12-23 20:00:00,46.48
2015-12-23 21:00:00,45.89
2015-12-23 22:00:00,46.27
2015-12-23 23:00:00,46.39
2015-12-24 00:00:00,24.91
2015-12-24 01:00:00,12.29
2015-12-24 02:00:00,12.29
2015-12-24 03:00:00,12.29
2015-12-24 04:00:00,12.29
2015-12-24 05:00:00,12.29
2015-12-24 06:00:00,12.29
2015-12-24 07:00:00,12.29
2015-12-24 08:00:00,12.29
2015-12-24 09:00:00,44.23
2015-12-24 10:00:00,45.98
2015-12-24 11:00:00,48.57
2015-12-24 12:00:00,41.15
2015-12-24 13:00:00,38.08
2015-12-24 14:00:00,44.32
2015-12-24 15:00:00,43.02
2015-12-24 16:00:00,45.28
2015-12-24 17:00:00,49.1
2015-12-24 18:00:00,49.19
2015-12-24 19:00:00,43.9
2015-12-24 20:00:00,44.26
2015-12-24 21:00:00,46.37
2015-12-24 22:00:00,47.21
2015-12-24 23:00:00,45.73
2015-12-25 00:00:00,39.87
2015-12-25 01:00:00,38.64
2015-12-25 02:00:00,38.82
2015-12-25 03:00:00,35.52
2015-12-25 04:00:00,36.11
2015-12-25 05:00:00,13.96
2015-12-25 06:00:00,12.29
2015-12-25 07:00:00,12.29
2015-12-25 08:00:00,40.56
2015-12-25 09:00:00,44.52
2015-12-25 10:00:00,43.46
2015-12-25 11:00:00,32.29
2015-12-25 12:00:00,34.61
2015-12-25 13:00:00,39.95
2015-12-25 14:00:00,33.58
2015-12-25 15:00:00,35.2
2015-12-25 16:00:00,36.84
2015-12-25 17:00:00,43.27
2015-12-25 18:00:00,40.36
2015-12-25 19:00:00,47.4
2015-12-25 20:00:00,39.54
2015-12-25 21:00:00,41.05
2015-12-25 22:00:00,38.52
2015-12-25 23:00:00,34.27
2015-12-26 00:00:00,40.65
2015-12-26 01:00:00,38.01
2015-12-26 02:00:00,41.65
2015-12-26 03:00:00,46.79
2015-12-26 04:00:00,41.99
2015-12-26 05:00:00,44.27
2015-12-26 06:00:00,44.9
2015-12-26 07:00:00,39.79
2015-12-26 08:00:00,44.38
2015-12-26 09:00:00,45.05
2015-12-26 10:00:00,41.4
2015-12-26 11:00:00,39.76
2015-12-26 12:00:00,35.14
2015-12-26 13:00:00,36.67
2015-12-26 14:00:00,40.95
2015-12-26 15:00:00,39.03
2015-12-26 16:00:00,37.5
2015-12-26 17:00:00,39.24
2015-12-26 18:00:00,39.94
2015-12-26 19:00:00,46.71
2015-12-26 20:00:00,43.08
2015-12-26 21:00:00,43.67
2015-12-26 22:00:00,42.87
2015-12-26 23:00:00,38.75
2015-12-27 00:00:00,15.13
2015-12-27 01:00:00,44.1
2015-12-27 02:00:00,39.75
2015-12-27 03:00:00,36.6
2015-12-27 04:00:00,39.55
2015-12-27 05:00:00,39.28
2015-12-27 06:00:00,47.03
2015-12-27 07:00:00,45.61
2015-12-27 08:00:00,40.05
2015-12-27 09:00:00,37.88
2015-12-27 10:00:00,40.29
2015-12-27 11:00:00,34.43
2015-12-27 12:00:00,42.62
2015-12-27 13:00:00,32.7
2015-12-27 14:00:00,36.64
2015-12-27 15:00:00,35.31
2015-12-27 16:00:00,49.91
2015-12-27 17:00:00,45.57
2015-12-27 18:00:00,37.72
2015-12-27 19:00:00,44.33
2015-12-27 20:00:00,45.29
2015-12-27 21:00:00,44.94
2015-12-27 22:00:00,47.42
2015-12-27 23:00:00,35.97
2015-12-28 00:00:00,16.19
2015-12-28 01:00:00,34.63
2015-12-28 02:00:00,33.79
2015-12-28 03:00:00,41.75
2015-12-28 04:00:00,28.83
2015-12-28 05:00:00,41.72
2015-12-28 06:00:00,48.66
2015-12-28 07:00:00,34.67
2015-12-28 08:00:00,35.63
2015-12-28 09:00:00,42.79
2015-12-28 10:00:00,46.44
2015-12-28 11:00:00,46.5
2015-12-28 12:00:00,42.27
2015-12-28 13:00:00,46.84
2015-12-28 14:00:00,43.25
2015-12-28 15:00:00,47.15
2015-12-28 16:00:00,46.21
2015-12-28 17:00:00,46.56
2015-12-28 18:00:00,44.38
2015-12-28 19:00:00,46.72
2015-12-28 20:00:00,40.63
2015-12-28 21:00:00,12.29
2015-12-28 22:00:00,12.29
2015-12-28 23:00:00,12.29
2015-12-29 00:00:00,12.29
2015-12-29 01:00:00,41.35
2015-12-29 02:00:00,41.52
2015-12-29 03:00:00,41.14
2015-12-29 04:00:00,38.38
2015-12-29 05:00:00,40.87
2015-12-29 06:00:00,45.59
2015-12-29 07:00:00,37.84
2015-12-29 08:00:00,38.03
2015-12-29 09:00:00,38.67
2015-12-29 10:00:00,40.13
2015-12-29 11:00:00,41.83
2015-12-29 12:00:00,42.77
2015-12-29 13:00:00,41.01
2015-12-29 14:00:00,43.2
2015-12-29 15:00:00,40.96
2015-12-29 16:00:00,47.95
2015-12-29 17:00:00,43.22
2015-12-29 18:00:00,38.81
2015-12-29 19:00:00,48.1
2015-12-29 20:00:00,44.82
2015-12-29 21:00:00,39.5
2015-12-29 22:00:00,43.36
2015-12-29 23:00:00,34.33
2015-12-30 00:00:00,15.63
2015-12-30 01:00:00,39.28
2015-12-30 02:00:00,37.46
2015-12-30 03:00:00,35.14
2015-12-30 04:00:00,36.79
2015-12-30 05:00:00,40.47
2015-12-30 06:00:00,45.16
2015-12-30 07:00:00,36.41
2015-12-30 08:00:00,44.6
2015-12-30 09:00:00,40.06
2015-12-30 10:00:00,38.73
2015-12-30 11:00:00,39.97
2015-12-30 12:00:00,41.38
2015-12-30 13:00:00,41.39
2015-12-30 14:00:00,39.25
2015-12-30 15:00:00,42.62
2015-12-30 16:00:00,40.62
2015-12-30 17:00:00,35.37
2015-12-30 18:00:00,40.48
2015-12-30 19:00:00,49.14
2015-12-30 20:00:00,46.32
2015-12-30 21:00:00,14.26
2015-12-30 22:00:00,12.29
2015-12-30 23:00:00,12.29
2015-12-31 00:00:00,2.84
2015-12-31 01:00:00,2.84
2015-12-31 02:00:00,2.84
2015-12-31 03:00:00,2.84
2015-12-31 04:00:00,2.84
2015-12-31 05:00:00,2.84
2015-12-31 06:00:00,2.84
2015-12-31 07:00:00,2.84
2015-12-31 08:00:00,2.84
2015-12-31 09:00:00,2.84
2015-12-31 10:00:00,2.84
2015-12-31 11:00:00,2.84
2015-12-31 12:00:00,2.84
2015-12-31 13:00:00,2.84
2015-12-31 14:00:00,2.84
2015-12-31 15:00:00,2.84
2015-12-31 16:00:00,2.84
2015-12-31 17:00:00,2.84
2015-12-31 18:00:00,2.84
2015-12-31 19:00:00,2.840000005
2015-12-31 20:00:00,28.99
2015-12-31 21:00:00,25.6
2015-12-31 22:00:00,4.62
2015-12-31 23:00:00,2.84
2016-01-01 00:00:00,2.84
2016-01-01 01:00:00,2.84
2016-01-01 02:00:00,2.84
2016-01-01 03:00:00,2.84
2016-01-01 04:00:00,2.84
2016-01-01 05:00:00,2.84
2016-01-01 06:00:00,2.84
2016-01-01 07:00:00,0
2016-01-01 08:00:00,0
2016-01-01 09:00:00,26.4
2016-01-01 10:00:00,26.4
2016-01-01 11:00:00,26
2016-01-01 12:00:00,0
2016-01-01 13:00:00,0
2016-01-01 14:00:00,0
2016-01-01 15:00:00,0
2016-01-01 16:00:00,0
2016-01-01 17:00:00,0
2016-01-01 18:00:00,0
2016-01-01 19:00:00,0
2016-01-01 20:00:00,0
2016-01-01 21:00:00,0
2016-01-01 22:00:00,0
2016-01-01 23:00:00,0
2016-01-02 00:00:00,15.99
2016-01-02 01:00:00,39.86
2016-01-02 02:00:00,34.85
2016-01-02 03:00:00,36.45
2016-01-02 04:00:00,36.7
2016-01-02 05:00:00,41.1
2016-01-02 06:00:00,44.61
2016-01-02 07:00:00,46.04
2016-01-02 08:00:00,44.75
2016-01-02 09:00:00,47.48
2016-01-02 10:00:00,48.23
2016-01-02 11:00:00,41.43
2016-01-02 12:00:00,40.74
2016-01-02 13:00:00,43.47
2016-01-02 14:00:00,39.06
2016-01-02 15:00:00,43.89
2016-01-02 16:00:00,39.68
2016-01-02 17:00:00,44.32
2016-01-02 18:00:00,37.53
2016-01-02 19:00:00,42.28
2016-01-02 20:00:00,40.1
2016-01-02 21:00:00,11.28
2016-01-02 22:00:00,11.28
2016-01-02 23:00:00,11.28
2016-01-03 00:00:00,14.32
2016-01-03 01:00:00,31.92
2016-01-03 02:00:00,37.29
2016-01-03 03:00:00,37.13
2016-01-03 04:00:00,39.6
2016-01-03 05:00:00,36.03
2016-01-03 06:00:00,41.17
2016-01-03 07:00:00,40.02
2016-01-03 08:00:00,36.15
2016-01-03 09:00:00,33.95
2016-01-03 10:00:00,34.92
2016-01-03 11:00:00,39.74
2016-01-03 12:00:00,37.57
2016-01-03 13:00:00,39.44
2016-01-03 14:00:00,44.17
2016-01-03 15:00:00,32.69
2016-01-03 16:00:00,36.37
2016-01-03 17:00:00,43.26
2016-01-03 18:00:00,43.37
2016-01-03 19:00:00,42.85
2016-01-03 20:00:00,42.86
2016-01-03 21:00:00,41.41
2016-01-03 22:00:00,43.34
2016-01-03 23:00:00,40.36
2016-01-04 00:00:00,11.28
2016-01-04 01:00:00,32.87
2016-01-04 02:00:00,38.19
2016-01-04 03:00:00,39.1
2016-01-04 04:00:00,40.47
2016-01-04 05:00:00,42.25
2016-01-04 06:00:00,36.78
2016-01-04 07:00:00,44.73
2016-01-04 08:00:00,47.83
2016-01-04 09:00:00,48.76
2016-01-04 10:00:00,43.97
2016-01-04 11:00:00,44.77
2016-01-04 12:00:00,43.49
2016-01-04 13:00:00,45.82
2016-01-04 14:00:00,46.93
2016-01-04 15:00:00,43.43
2016-01-04 16:00:00,43.34
2016-01-04 17:00:00,47.37
2016-01-04 18:00:00,39.53
2016-01-04 19:00:00,43.91
2016-01-04 20:00:00,42.72
2016-01-04 21:00:00,42.14
2016-01-04 22:00:00,40.06999999
2016-01-04 23:00:00,11.28
2016-01-05 00:00:00,13.99
2016-01-05 01:00:00,41.12
2016-01-05 02:00:00,40.24
2016-01-05 03:00:00,37.54
2016-01-05 04:00:00,37.37
2016-01-05 05:00:00,38.15
2016-01-05 06:00:00,43.92
2016-01-05 07:00:00,45.3
2016-01-05 08:00:00,41.61
2016-01-05 09:00:00,46.85
2016-01-05 10:00:00,45.36
2016-01-05 11:00:00,42.71
2016-01-05 12:00:00,44.72
2016-01-05 13:00:00,43.33
2016-01-05 14:00:00,45.63
2016-01-05 15:00:00,44.34
2016-01-05 16:00:00,42.81
2016-01-05 17:00:00,40.26
2016-01-05 18:00:00,46.07
2016-01-05 19:00:00,47.28
2016-01-05 20:00:00,44.45
2016-01-05 21:00:00,41.07
2016-01-05 22:00:00,13.43
2016-01-05 23:00:00,11.28
2016-01-06 00:00:00,11.28
2016-01-06 01:00:00,11.28
2016-01-06 02:00:00,11.28
2016-01-06 03:00:00,11.28
2016-01-06 04:00:00,44.61
2016-01-06 05:00:00,43.01
2016-01-06 06:00:00,44.61
2016-01-06 07:00:00,44.05
2016-01-06 08:00:00,46.9
2016-01-06 09:00:00,45.63
2016-01-06 10:00:00,42.75
2016-01-06 11:00:00,46.78
2016-01-06 12:00:00,45.96
2016-01-06 13:00:00,44.57
2016-01-06 14:00:00,47.97
2016-01-06 15:00:00,48.18
2016-01-06 16:00:00,45.27
2016-01-06 17:00:00,42.54
2016-01-06 18:00:00,35.01
2016-01-06 19:00:00,41.47
2016-01-06 20:00:00,42.38
2016-01-06 21:00:00,41.76
2016-01-06 22:00:00,37.22
2016-01-06 23:00:00,35.36
2016-01-07 00:00:00,11.28
2016-01-07 01:00:00,11.28
2016-01-07 02:00:00,11.28
2016-01-07 03:00:00,11.28
2016-01-07 04:00:00,11.28
2016-01-07 05:00:00,11.28
2016-01-07 06:00:00,40.19
2016-01-07 07:00:00,42.28
2016-01-07 08:00:00,47.21
2016-01-07 09:00:00,44.52
2016-01-07 10:00:00,42.56
2016-01-07 11:00:00,41.2
2016-01-07 12:00:00,44.77
2016-01-07 13:00:00,40.74
2016-01-07 14:00:00,43.36
2016-01-07 15:00:00,42.09
2016-01-07 16:00:00,42.93
2016-01-07 17:00:00,40.47
2016-01-07 18:00:00,30.29
2016-01-07 19:00:00,39.3
2016-01-07 20:00:00,41.87
2016-01-07 21:00:00,41.09
2016-01-07 22:00:00,40.74
2016-01-07 23:00:00,33.77
2016-01-08 00:00:00,11.28
2016-01-08 01:00:00,11.28
2016-01-08 02:00:00,11.28
2016-01-08 03:00:00,11.28
2016-01-08 04:00:00,11.28
2016-01-08 05:00:00,14.87
2016-01-08 06:00:00,46.41
2016-01-08 07:00:00,42.27
2016-01-08 08:00:00,43.45
2016-01-08 09:00:00,44.85
2016-01-08 10:00:00,45.28
2016-01-08 11:00:00,46.23
2016-01-08 12:00:00,44.33
2016-01-08 13:00:00,45.19
2016-01-08 14:00:00,46.09
2016-01-08 15:00:00,49.85
2016-01-08 16:00:00,49.25
2016-01-08 17:00:00,38.4
2016-01-08 18:00:00,44.36
2016-01-08 19:00:00,47.08
2016-01-08 20:00:00,44.4
2016-01-08 21:00:00,42.64
2016-01-08 22:00:00,41.97
2016-01-08 23:00:00,40.74
2016-01-09 00:00:00,11.28
2016-01-09 01:00:00,11.28
2016-01-09 02:00:00,11.28
2016-01-09 03:00:00,11.28
2016-01-09 04:00:00,11.28
2016-01-09 05:00:00,11.28
2016-01-09 06:00:00,11.28
2016-01-09 07:00:00,40.53
2016-01-09 08:00:00,40.45
2016-01-09 09:00:00,42.22
2016-01-09 10:00:00,39.72
2016-01-09 11:00:00,41.82
2016-01-09 12:00:00,40.58
2016-01-09 13:00:00,44.53
2016-01-09 14:00:00,42.58
2016-01-09 15:00:00,48.2
2016-01-09 16:00:00,43.96
2016-01-09 17:00:00,45.49
2016-01-09 18:00:00,38.62
2016-01-09 19:00:00,45.83
2016-01-09 20:00:00,44.62
2016-01-09 21:00:00,43.99
2016-01-09 22:00:00,45.47
2016-01-09 23:00:00,41.51
2016-01-10 00:00:00,11.28
2016-01-10 01:00:00,11.28
2016-01-10 02:00:00,11.28
2016-01-10 03:00:00,11.28
2016-01-10 04:00:00,11.28
2016-01-10 05:00:00,11.28
2016-01-10 06:00:00,11.28
2016-01-10 07:00:00,36.4
2016-01-10 08:00:00,47.57
2016-01-10 09:00:00,43.9
2016-01-10 10:00:00,42.49
2016-01-10 11:00:00,47.03
2016-01-10 12:00:00,44.06
2016-01-10 13:00:00,43.15
2016-01-10 14:00:00,44.75
2016-01-10 15:00:00,44.87
2016-01-10 16:00:00,45.19
2016-01-10 17:00:00,49.51
2016-01-10 18:00:00,42.01
2016-01-10 19:00:00,47.12
2016-01-10 20:00:00,44.2
2016-01-10 21:00:00,47.08
2016-01-10 22:00:00,45
2016-01-10 23:00:00,37.49
2016-01-11 00:00:00,11.28
2016-01-11 01:00:00,11.28
2016-01-11 02:00:00,11.28
2016-01-11 03:00:00,11.28
2016-01-11 04:00:00,14.44
2016-01-11 05:00:00,41.63
2016-01-11 06:00:00,46.21
2016-01-11 07:00:00,24.9
2016-01-11 08:00:00,26.8
2016-01-11 09:00:00,28.7
2016-01-11 10:00:00,28.7
2016-01-11 11:00:00,28.7
2016-01-11 12:00:00,28.7
2016-01-11 13:00:00,28.7
2016-01-11 14:00:00,28.7
2016-01-11 15:00:00,28.7
2016-01-11 16:00:00,28.7
2016-01-11 17:00:00,28.7
2016-01-11 18:00:00,24.9
2016-01-11 19:00:00,28.7
2016-01-11 20:00:00,28.7
2016-01-11 21:00:00,28.7
2016-01-11 22:00:00,28
2016-01-11 23:00:00,0
2016-01-12 00:00:00,11.28
2016-01-12 01:00:00,11.28
2016-01-12 02:00:00,11.28
2016-01-12 03:00:00,11.28
2016-01-12 04:00:00,11.28
2016-01-12 05:00:00,11.28
2016-01-12 06:00:00,30.57
2016-01-12 07:00:00,41.35
2016-01-12 08:00:00,41.81
2016-01-12 09:00:00,41.31
2016-01-12 10:00:00,40.07
2016-01-12 11:00:00,45.48
2016-01-12 12:00:00,37.96
2016-01-12 13:00:00,42.32
2016-01-12 14:00:00,43.28
2016-01-12 15:00:00,45.95
2016-01-12 16:00:00,41.27
2016-01-12 17:00:00,42.36
2016-01-12 18:00:00,36.46
2016-01-12 19:00:00,44.67
2016-01-12 20:00:00,44.2
2016-01-12 21:00:00,46.19
2016-01-12 22:00:00,44.86
2016-01-12 23:00:00,42.41
2016-01-13 00:00:00,14.12
2016-01-13 01:00:00,11.28
2016-01-13 02:00:00,11.28
2016-01-13 03:00:00,11.28
2016-01-13 04:00:00,11.28
2016-01-13 05:00:00,11.28
2016-01-13 06:00:00,48.82
2016-01-13 07:00:00,46.04
2016-01-13 08:00:00,47.62
2016-01-13 09:00:00,45.87
2016-01-13 10:00:00,40.79
2016-01-13 11:00:00,42.42
2016-01-13 12:00:00,41.67
2016-01-13 13:00:00,39.89
2016-01-13 14:00:00,45.01
2016-01-13 15:00:00,41.16
2016-01-13 16:00:00,41.07
2016-01-13 17:00:00,40.98
2016-01-13 18:00:00,35.31
2016-01-13 19:00:00,44.24
2016-01-13 20:00:00,40.11
2016-01-13 21:00:00,46.77
2016-01-13 22:00:00,39.48
2016-01-13 23:00:00,32.26
2016-01-14 00:00:00,11.28
2016-01-14 01:00:00,11.28
2016-01-14 02:00:00,11.28
2016-01-14 03:00:00,11.28
2016-01-14 04:00:00,11.28
2016-01-14 05:00:00,11.28
2016-01-14 06:00:00,46.46
2016-01-14 07:00:00,36.3
2016-01-14 08:00:00,42.93
2016-01-14 09:00:00,45.8
2016-01-14 10:00:00,42.69
2016-01-14 11:00:00,41.19
2016-01-14 12:00:00,44.76
2016-01-14 13:00:00,45.87
2016-01-14 14:00:00,43.09
2016-01-14 15:00:00,49.99
2016-01-14 16:00:00,46.51
2016-01-14 17:00:00,43.53
2016-01-14 18:00:00,40.08
2016-01-14 19:00:00,46.97
2016-01-14 20:00:00,46.13
2016-01-14 21:00:00,47.67
2016-01-14 22:00:00,45.64999999
2016-01-14 23:00:00,11.28
2016-01-15 00:00:00,11.28
2016-01-15 01:00:00,11.28
2016-01-15 02:00:00,11.28
2016-01-15 03:00:00,11.28
2016-01-15 04:00:00,11.28
2016-01-15 05:00:00,11.28
2016-01-15 06:00:00,44.83
2016-01-15 07:00:00,42.8
2016-01-15 08:00:00,45.88
2016-01-15 09:00:00,43.46
2016-01-15 10:00:00,43.66
2016-01-15 11:00:00,38.81
2016-01-15 12:00:00,42.08
2016-01-15 13:00:00,40.44
2016-01-15 14:00:00,43.14
2016-01-15 15:00:00,47.34
2016-01-15 16:00:00,41.7
2016-01-15 17:00:00,39.53
2016-01-15 18:00:00,42.31
2016-01-15 19:00:00,49.75
2016-01-15 20:00:00,48.45
2016-01-15 21:00:00,47.6
2016-01-15 22:00:00,45.37
2016-01-15 23:00:00,41.83
2016-01-16 00:00:00,11.28
2016-01-16 01:00:00,11.28
2016-01-16 02:00:00,11.28
2016-01-16 03:00:00,11.28
2016-01-16 04:00:00,11.28
2016-01-16 05:00:00,13.46
2016-01-16 06:00:00,45.55
2016-01-16 07:00:00,44.07
2016-01-16 08:00:00,49.35
2016-01-16 09:00:00,48.16
2016-01-16 10:00:00,45.78
2016-01-16 11:00:00,43.88
2016-01-16 12:00:00,45.21
2016-01-16 13:00:00,40
2016-01-16 14:00:00,45.03
2016-01-16 15:00:00,46.56
2016-01-16 16:00:00,45.84
2016-01-16 17:00:00,49.19
2016-01-16 18:00:00,46.12
2016-01-16 19:00:00,48.38
2016-01-16 20:00:00,43.86
2016-01-16 21:00:00,47.14
2016-01-16 22:00:00,47.16
2016-01-16 23:00:00,38.21
2016-01-17 00:00:00,11.28
2016-01-17 01:00:00,11.28
2016-01-17 02:00:00,11.28
2016-01-17 03:00:00,11.28
2016-01-17 04:00:00,11.28
2016-01-17 05:00:00,11.28
2016-01-17 06:00:00,11.28
2016-01-17 07:00:00,13.73000001
2016-01-17 08:00:00,47.91
2016-01-17 09:00:00,46.2
2016-01-17 10:00:00,44.17
2016-01-17 11:00:00,44.67
2016-01-17 12:00:00,48.06
2016-01-17 13:00:00,43.2
2016-01-17 14:00:00,42.59
2016-01-17 15:00:00,40.48
2016-01-17 16:00:00,44.56
2016-01-17 17:00:00,46.05
2016-01-17 18:00:00,42.29
2016-01-17 19:00:00,45.75
2016-01-17 20:00:00,47.03
2016-01-17 21:00:00,47.9
2016-01-17 22:00:00,46.38
2016-01-17 23:00:00,33.18
2016-01-18 00:00:00,11.28
2016-01-18 01:00:00,11.28
2016-01-18 02:00:00,11.28
2016-01-18 03:00:00,11.28
2016-01-18 04:00:00,11.28
2016-01-18 05:00:00,11.28
2016-01-18 06:00:00,11.28
2016-01-18 07:00:00,16.85
2016-01-18 08:00:00,42.88
2016-01-18 09:00:00,48.79
2016-01-18 10:00:00,49.31
2016-01-18 11:00:00,45.67
2016-01-18 12:00:00,48.02
2016-01-18 13:00:00,40.92
2016-01-18 14:00:00,44.44
2016-01-18 15:00:00,50.36
2016-01-18 16:00:00,43.47
2016-01-18 17:00:00,42.23
2016-01-18 18:00:00,41
2016-01-18 19:00:00,44.93
2016-01-18 20:00:00,47.23
2016-01-18 21:00:00,44.08
2016-01-18 22:00:00,41.49
2016-01-18 23:00:00,35.39
2016-01-19 00:00:00,11.28
2016-01-19 01:00:00,11.28
2016-01-19 02:00:00,11.28
2016-01-19 03:00:00,11.28
2016-01-19 04:00:00,11.28
2016-01-19 05:00:00,11.28
2016-01-19 06:00:00,37.85
2016-01-19 07:00:00,41.54
2016-01-19 08:00:00,43.18
2016-01-19 09:00:00,44.72
2016-01-19 10:00:00,42.82
2016-01-19 11:00:00,44.26
2016-01-19 12:00:00,43.47
2016-01-19 13:00:00,46.14
2016-01-19 14:00:00,48.32
2016-01-19 15:00:00,46.98
2016-01-19 16:00:00,44.85
2016-01-19 17:00:00,41.12
2016-01-19 18:00:00,38.32
2016-01-19 19:00:00,41.75
2016-01-19 20:00:00,43.84
2016-01-19 21:00:00,45.12
2016-01-19 22:00:00,42.86
2016-01-19 23:00:00,36.92
2016-01-20 00:00:00,11.28
2016-01-20 01:00:00,11.28
2016-01-20 02:00:00,11.28
2016-01-20 03:00:00,11.28
2016-01-20 04:00:00,11.28
2016-01-20 05:00:00,11.28
2016-01-20 06:00:00,45.75
2016-01-20 07:00:00,47.4
2016-01-20 08:00:00,43.54
2016-01-20 09:00:00,45.26
2016-01-20 10:00:00,44.32
2016-01-20 11:00:00,45.23
2016-01-20 12:00:00,49.75
2016-01-20 13:00:00,46.7
2016-01-20 14:00:00,42.28
2016-01-20 15:00:00,52.11
2016-01-20 16:00:00,50.99
2016-01-20 17:00:00,45.85
2016-01-20 18:00:00,43.75
2016-01-20 19:00:00,47.75
2016-01-20 20:00:00,49
2016-01-20 21:00:00,45.55
2016-01-20 22:00:00,46.34
2016-01-20 23:00:00,35.92
2016-01-21 00:00:00,11.28
2016-01-21 01:00:00,11.28
2016-01-21 02:00:00,11.28
2016-01-21 03:00:00,11.28
2016-01-21 04:00:00,11.28
2016-01-21 05:00:00,13.8
2016-01-21 06:00:00,46.75
2016-01-21 07:00:00,44.14
2016-01-21 08:00:00,39.85
2016-01-21 09:00:00,46.63
2016-01-21 10:00:00,43.38
2016-01-21 11:00:00,45.58
2016-01-21 12:00:00,45.95
2016-01-21 13:00:00,42.67
2016-01-21 14:00:00,42.16
2016-01-21 15:00:00,49.07
2016-01-21 16:00:00,48.56
2016-01-21 17:00:00,43.93
2016-01-21 18:00:00,40.32
2016-01-21 19:00:00,46.43
2016-01-21 20:00:00,44.31
2016-01-21 21:00:00,46.21
2016-01-21 22:00:00,47.96
2016-01-21 23:00:00,40.08
2016-01-22 00:00:00,11.28
2016-01-22 01:00:00,11.28
2016-01-22 02:00:00,11.28
2016-01-22 03:00:00,11.28
2016-01-22 04:00:00,11.28
2016-01-22 05:00:00,14.94
2016-01-22 06:00:00,46.94
2016-01-22 07:00:00,26.8
2016-01-22 08:00:00,26.8
2016-01-22 09:00:00,26.8
2016-01-22 10:00:00,26.8
2016-01-22 11:00:00,26.8
2016-01-22 12:00:00,26.8
2016-01-22 13:00:00,26.8
2016-01-22 14:00:00,26.8
2016-01-22 15:00:00,26.8
2016-01-22 16:00:00,26.8
2016-01-22 17:00:00,26.8
2016-01-22 18:00:00,24.8
2016-01-22 19:00:00,26.8
2016-01-22 20:00:00,26.8
2016-01-22 21:00:00,26.8
2016-01-22 22:00:00,26.8
2016-01-22 23:00:00,26
2016-01-23 00:00:00,11.28
2016-01-23 01:00:00,9.84
2016-01-23 02:00:00,9.84
2016-01-23 03:00:00,9.84
2016-01-23 04:00:00,9.84
2016-01-23 05:00:00,9.84
2016-01-23 06:00:00,43.82
2016-01-23 07:00:00,42.38
2016-01-23 08:00:00,41.59
2016-01-23 09:00:00,38.98
2016-01-23 10:00:00,38.51
2016-01-23 11:00:00,38.42
2016-01-23 12:00:00,38.57
2016-01-23 13:00:00,38.78
2016-01-23 14:00:00,38.52
2016-01-23 15:00:00,43.89
2016-01-23 16:00:00,41.55
2016-01-23 17:00:00,42.41
2016-01-23 18:00:00,40.52
2016-01-23 19:00:00,47.4
2016-01-23 20:00:00,36.82
2016-01-23 21:00:00,35.04
2016-01-23 22:00:00,40.32
2016-01-23 23:00:00,36.31
2016-01-24 00:00:00,9.84
2016-01-24 01:00:00,9.84
2016-01-24 02:00:00,9.84
2016-01-24 03:00:00,9.84
2016-01-24 04:00:00,9.84
2016-01-24 05:00:00,9.84
2016-01-24 06:00:00,9.84
2016-01-24 07:00:00,9.840000004
2016-01-24 08:00:00,31.04
2016-01-24 09:00:00,40.92
2016-01-24 10:00:00,39.32
2016-01-24 11:00:00,41.49
2016-01-24 12:00:00,48.03
2016-01-24 13:00:00,43.47
2016-01-24 14:00:00,43.85
2016-01-24 15:00:00,45.2
2016-01-24 16:00:00,45.27
2016-01-24 17:00:00,39.62
2016-01-24 18:00:00,37.02
2016-01-24 19:00:00,43.76
2016-01-24 20:00:00,40.99
2016-01-24 21:00:00,38.94
2016-01-24 22:00:00,41.42
2016-01-24 23:00:00,28.26
2016-01-25 00:00:00,9.84
2016-01-25 01:00:00,9.84
2016-01-25 02:00:00,9.84
2016-01-25 03:00:00,9.84
2016-01-25 04:00:00,9.84
2016-01-25 05:00:00,9.84
2016-01-25 06:00:00,13.49
2016-01-25 07:00:00,24.4
2016-01-25 08:00:00,24.4
2016-01-25 09:00:00,28.4
2016-01-25 10:00:00,28.4
2016-01-25 11:00:00,28.4
2016-01-25 12:00:00,28.4
2016-01-25 13:00:00,28.4
2016-01-25 14:00:00,28.4
2016-01-25 15:00:00,28.4
2016-01-25 16:00:00,28.4
2016-01-25 17:00:00,28.4
2016-01-25 18:00:00,28.4
2016-01-25 19:00:00,28.4
2016-01-25 20:00:00,28.4
2016-01-25 21:00:00,28.4
2016-01-25 22:00:00,28.4
2016-01-25 23:00:00,24.2
2016-01-26 00:00:00,9.84
2016-01-26 01:00:00,9.84
2016-01-26 02:00:00,9.84
2016-01-26 03:00:00,9.84
2016-01-26 04:00:00,9.84
2016-01-26 05:00:00,9.84
2016-01-26 06:00:00,41.5
2016-01-26 07:00:00,39.68
2016-01-26 08:00:00,38.32
2016-01-26 09:00:00,40.59
2016-01-26 10:00:00,46.01
2016-01-26 11:00:00,49.06
2016-01-26 12:00:00,50.36
2016-01-26 13:00:00,42.33
2016-01-26 14:00:00,44.74
2016-01-26 15:00:00,46.59
2016-01-26 16:00:00,46.71
2016-01-26 17:00:00,44.6
2016-01-26 18:00:00,40.31
2016-01-26 19:00:00,45.3
2016-01-26 20:00:00,43.25
2016-01-26 21:00:00,39.81
2016-01-26 22:00:00,42.78
2016-01-26 23:00:00,36.23
2016-01-27 00:00:00,9.84
2016-01-27 01:00:00,9.84
2016-01-27 02:00:00,9.84
2016-01-27 03:00:00,9.84
2016-01-27 04:00:00,9.84
2016-01-27 05:00:00,9.84
2016-01-27 06:00:00,45.42
2016-01-27 07:00:00,44.8
2016-01-27 08:00:00,38.27
2016-01-27 09:00:00,45.91
2016-01-27 10:00:00,45.55
2016-01-27 11:00:00,47.21
2016-01-27 12:00:00,47.11
2016-01-27 13:00:00,46.46
2016-01-27 14:00:00,44.63
2016-01-27 15:00:00,46.43
2016-01-27 16:00:00,45.17
2016-01-27 17:00:00,44.34
2016-01-27 18:00:00,41.23
2016-01-27 19:00:00,43.43
2016-01-27 20:00:00,43.89
2016-01-27 21:00:00,42.22
2016-01-27 22:00:00,45.53
2016-01-27 23:00:00,39.82
2016-01-28 00:00:00,9.84
2016-01-28 01:00:00,9.84
2016-01-28 02:00:00,9.84
2016-01-28 03:00:00,9.84
2016-01-28 04:00:00,9.84
2016-01-28 05:00:00,9.84
2016-01-28 06:00:00,40.96
2016-01-28 07:00:00,45.95
2016-01-28 08:00:00,46.03
2016-01-28 09:00:00,48.06
2016-01-28 10:00:00,44.65
2016-01-28 11:00:00,44.62
2016-01-28 12:00:00,44.2
2016-01-28 13:00:00,44.08
2016-01-28 14:00:00,46.13
2016-01-28 15:00:00,45.74
2016-01-28 16:00:00,42.27
2016-01-28 17:00:00,42.87
2016-01-28 18:00:00,47.8
2016-01-28 19:00:00,42.53
2016-01-28 20:00:00,44.39
2016-01-28 21:00:00,42.87
2016-01-28 22:00:00,42.05
2016-01-28 23:00:00,34.19
2016-01-29 00:00:00,2.84
2016-01-29 01:00:00,2.84
2016-01-29 02:00:00,2.84
2016-01-29 03:00:00,2.84
2016-01-29 04:00:00,2.84
2016-01-29 05:00:00,2.84
2016-01-29 06:00:00,2.84
2016-01-29 07:00:00,2.84
2016-01-29 08:00:00,2.84
2016-01-29 09:00:00,2.84
2016-01-29 10:00:00,2.84
2016-01-29 11:00:00,2.84
2016-01-29 12:00:00,2.84
2016-01-29 13:00:00,2.84
2016-01-29 14:00:00,2.84
2016-01-29 15:00:00,2.84
2016-01-29 16:00:00,2.84
2016-01-29 17:00:00,2.84
2016-01-29 18:00:00,2.84
2016-01-29 19:00:00,2.84
2016-01-29 20:00:00,2.84
2016-01-29 21:00:00,2.84
2016-01-29 22:00:00,2.84
2016-01-29 23:00:00,2.84
2016-01-30 00:00:00,2.84
2016-01-30 01:00:00,2.84
2016-01-30 02:00:00,2.84
2016-01-30 03:00:00,2.84
2016-01-30 04:00:00,2.84
2016-01-30 05:00:00,2.84
2016-01-30 06:00:00,2.84
2016-01-30 07:00:00,0
2016-01-30 08:00:00,0
2016-01-30 09:00:00,0
2016-01-30 10:00:00,0
2016-01-30 11:00:00,0
2016-01-30 12:00:00,0
2016-01-30 13:00:00,0
2016-01-30 14:00:00,0
2016-01-30 15:00:00,0
2016-01-30 16:00:00,0
2016-01-30 17:00:00,0
2016-01-30 18:00:00,0
2016-01-30 19:00:00,5.000000004
2016-01-30 20:00:00,27
2016-01-30 21:00:00,27
2016-01-30 22:00:00,25.1
2016-01-30 23:00:00,0
2016-01-31 00:00:00,0
2016-01-31 01:00:00,9.84
2016-01-31 02:00:00,9.84
2016-01-31 03:00:00,9.84
2016-01-31 04:00:00,9.84
2016-01-31 05:00:00,9.84
2016-01-31 06:00:00,9.84
2016-01-31 07:00:00,9.84
2016-01-31 08:00:00,9.84
2016-01-31 09:00:00,9.84
2016-01-31 10:00:00,9.84
2016-01-31 11:00:00,9.84
2016-01-31 12:00:00,9.84
2016-01-31 13:00:00,9.84
2016-01-31 14:00:00,9.84
2016-01-31 15:00:00,9.84
2016-01-31 16:00:00,9.84
2016-01-31 17:00:00,9.84
2016-01-31 18:00:00,45.47
2016-01-31 19:00:00,47.81
2016-01-31 20:00:00,44.63
2016-01-31 21:00:00,44.96
2016-01-31 22:00:00,38.61
2016-01-31 23:00:00,35.43
2016-02-01 00:00:00,9.84
2016-02-01 01:00:00,9.84
2016-02-01 02:00:00,9.84
2016-02-01 03:00:00,9.84
2016-02-01 04:00:00,9.84
2016-02-01 05:00:00,9.84
2016-02-01 06:00:00,43.79
2016-02-01 07:00:00,46.8
2016-02-01 08:00:00,44.56
2016-02-01 09:00:00,44.48
2016-02-01 10:00:00,44.76
2016-02-01 11:00:00,47.36
2016-02-01 12:00:00,47.29
2016-02-01 13:00:00,43.53
2016-02-01 14:00:00,45.28
2016-02-01 15:00:00,42.49
2016-02-01 16:00:00,45.84
2016-02-01 17:00:00,44.33
2016-02-01 18:00:00,34.26
2016-02-01 19:00:00,44.41
2016-02-01 20:00:00,44.15
2016-02-01 21:00:00,42.12
2016-02-01 22:00:00,43.96
2016-02-01 23:00:00,36.84
2016-02-02 00:00:00,9.84
2016-02-02 01:00:00,9.84
2016-02-02 02:00:00,9.84
2016-02-02 03:00:00,9.84
2016-02-02 04:00:00,13.10000001
2016-02-02 05:00:00,45.19
2016-02-02 06:00:00,50.67
2016-02-02 07:00:00,49.66
2016-02-02 08:00:00,37.9
2016-02-02 09:00:00,40.75
2016-02-02 10:00:00,41.69
2016-02-02 11:00:00,44.99
2016-02-02 12:00:00,46.84
2016-02-02 13:00:00,41.04
2016-02-02 14:00:00,41.96
2016-02-02 15:00:00,40.19
2016-02-02 16:00:00,41.85
2016-02-02 17:00:00,42.09
2016-02-02 18:00:00,42.96
2016-02-02 19:00:00,47.51
2016-02-02 20:00:00,44.06
2016-02-02 21:00:00,44.09
2016-02-02 22:00:00,38.59999999
2016-02-02 23:00:00,9.84
2016-02-03 00:00:00,9.84
2016-02-03 01:00:00,9.84
2016-02-03 02:00:00,9.84
2016-02-03 03:00:00,9.84
2016-02-03 04:00:00,9.84
2016-02-03 05:00:00,9.84
2016-02-03 06:00:00,9.84
2016-02-03 07:00:00,37.59
2016-02-03 08:00:00,43.4
2016-02-03 09:00:00,44.41
2016-02-03 10:00:00,42.11
2016-02-03 11:00:00,41.17
2016-02-03 12:00:00,43.48
2016-02-03 13:00:00,43.71
2016-02-03 14:00:00,46.6
2016-02-03 15:00:00,46.02
2016-02-03 16:00:00,47.03
2016-02-03 17:00:00,40.57
2016-02-03 18:00:00,40.31
2016-02-03 19:00:00,42.58
2016-02-03 20:00:00,39.85
2016-02-03 21:00:00,43.15
2016-02-03 22:00:00,41
2016-02-03 23:00:00,40.31
2016-02-04 00:00:00,9.84
2016-02-04 01:00:00,9.84
2016-02-04 02:00:00,9.84
2016-02-04 03:00:00,9.84
2016-02-04 04:00:00,9.84
2016-02-04 05:00:00,9.84
2016-02-04 06:00:00,44.27
2016-02-04 07:00:00,45.3
2016-02-04 08:00:00,41.59
2016-02-04 09:00:00,43.37
2016-02-04 10:00:00,45.16
2016-02-04 11:00:00,47.52
2016-02-04 12:00:00,42.98
2016-02-04 13:00:00,48.43
2016-02-04 14:00:00,48.55
2016-02-04 15:00:00,45.42
2016-02-04 16:00:00,45.82
2016-02-04 17:00:00,42.25
2016-02-04 18:00:00,32.98
2016-02-04 19:00:00,44.64
2016-02-04 20:00:00,41.04
2016-02-04 21:00:00,42.68
2016-02-04 22:00:00,39.77
2016-02-04 23:00:00,38.12
2016-02-05 00:00:00,9.84
2016-02-05 01:00:00,9.84
2016-02-05 02:00:00,9.84
2016-02-05 03:00:00,9.84
2016-02-05 04:00:00,9.84
2016-02-05 05:00:00,9.84
2016-02-05 06:00:00,12.52
2016-02-05 07:00:00,35.46
2016-02-05 08:00:00,31.75
2016-02-05 09:00:00,33.53
2016-02-05 10:00:00,35.32
2016-02-05 11:00:00,37.68
2016-02-05 12:00:00,33.14
2016-02-05 13:00:00,38.59
2016-02-05 14:00:00,38.71
2016-02-05 15:00:00,35.58
2016-02-05 16:00:00,35.98
2016-02-05 17:00:00,32.41
2016-02-05 18:00:00,23.14
2016-02-05 19:00:00,34.8
2016-02-05 20:00:00,31.2
2016-02-05 21:00:00,32.84
2016-02-05 22:00:00,29.93
2016-02-05 23:00:00,28.28
2016-02-06 00:00:00,9.84
2016-02-06 01:00:00,9.84
2016-02-06 02:00:00,9.84
2016-02-06 03:00:00,9.84
2016-02-06 04:00:00,9.840000006
2016-02-06 05:00:00,42.56
2016-02-06 06:00:00,49.09
2016-02-06 07:00:00,41.26
2016-02-06 08:00:00,44.66
2016-02-06 09:00:00,41.03
2016-02-06 10:00:00,42.01
2016-02-06 11:00:00,41.75
2016-02-06 12:00:00,41.74
2016-02-06 13:00:00,47.04
2016-02-06 14:00:00,47.62
2016-02-06 15:00:00,43.14
2016-02-06 16:00:00,39.59
2016-02-06 17:00:00,42.54
2016-02-06 18:00:00,36.17
2016-02-06 19:00:00,47.69
2016-02-06 20:00:00,45.62
2016-02-06 21:00:00,44.06
2016-02-06 22:00:00,40.95999999
2016-02-06 23:00:00,9.84
2016-02-07 00:00:00,9.84
2016-02-07 01:00:00,9.84
2016-02-07 02:00:00,9.84
2016-02-07 03:00:00,9.84
2016-02-07 04:00:00,9.84
2016-02-07 05:00:00,9.84
2016-02-07 06:00:00,9.84
2016-02-07 07:00:00,9.840000001
2016-02-07 08:00:00,13.51
2016-02-07 09:00:00,40.99
2016-02-07 10:00:00,44.68
2016-02-07 11:00:00,42.53
2016-02-07 12:00:00,41.81
2016-02-07 13:00:00,39.73
2016-02-07 14:00:00,39.33
2016-02-07 15:00:00,45.14
2016-02-07 16:00:00,41.71999999
2016-02-07 17:00:00,11.31
2016-02-07 18:00:00,9.84
2016-02-07 19:00:00,9.84
2016-02-07 20:00:00,9.84
2016-02-07 21:00:00,9.84
2016-02-07 22:00:00,9.84
2016-02-07 23:00:00,9.84
2016-02-08 00:00:00,9.84
2016-02-08 01:00:00,9.84
2016-02-08 02:00:00,9.84
2016-02-08 03:00:00,9.84
2016-02-08 04:00:00,9.840000001
2016-02-08 05:00:00,13.5
2016-02-08 06:00:00,43.92
2016-02-08 07:00:00,41.26
2016-02-08 08:00:00,41.51
2016-02-08 09:00:00,41.14
2016-02-08 10:00:00,41.16
2016-02-08 11:00:00,41.23
2016-02-08 12:00:00,47.3
2016-02-08 13:00:00,45.37
2016-02-08 14:00:00,45.16
2016-02-08 15:00:00,46.69
2016-02-08 16:00:00,46.07
2016-02-08 17:00:00,43.97
2016-02-08 18:00:00,42.09
2016-02-08 19:00:00,42.99
2016-02-08 20:00:00,40
2016-02-08 21:00:00,43.22
2016-02-08 22:00:00,42.49
2016-02-08 23:00:00,40.36
2016-02-09 00:00:00,9.84
2016-02-09 01:00:00,9.84
2016-02-09 02:00:00,9.84
2016-02-09 03:00:00,9.84
2016-02-09 04:00:00,9.84
2016-02-09 05:00:00,9.84
2016-02-09 06:00:00,49.63
2016-02-09 07:00:00,43.9
2016-02-09 08:00:00,40.57
2016-02-09 09:00:00,39.83
2016-02-09 10:00:00,39.17
2016-02-09 11:00:00,39.21
2016-02-09 12:00:00,44.68
2016-02-09 13:00:00,39.73
2016-02-09 14:00:00,45.67
2016-02-09 15:00:00,37.44
2016-02-09 16:00:00,37.4
2016-02-09 17:00:00,42.4
2016-02-09 18:00:00,34.53
2016-02-09 19:00:00,45.65
2016-02-09 20:00:00,44.68
2016-02-09 21:00:00,39.99
2016-02-09 22:00:00,38.79
2016-02-09 23:00:00,32.61
2016-02-10 00:00:00,9.84
2016-02-10 01:00:00,9.84
2016-02-10 02:00:00,9.84
2016-02-10 03:00:00,9.84
2016-02-10 04:00:00,9.84
2016-02-10 05:00:00,9.84
2016-02-10 06:00:00,9.84
2016-02-10 07:00:00,39.94
2016-02-10 08:00:00,44.16
2016-02-10 09:00:00,39.76
2016-02-10 10:00:00,43.62
2016-02-10 11:00:00,44.71
2016-02-10 12:00:00,41.2
2016-02-10 13:00:00,41.72
2016-02-10 14:00:00,43.8
2016-02-10 15:00:00,45.93
2016-02-10 16:00:00,41.11
2016-02-10 17:00:00,41.62
2016-02-10 18:00:00,35.1
2016-02-10 19:00:00,42.78
2016-02-10 20:00:00,42.26
2016-02-10 21:00:00,38.9
2016-02-10 22:00:00,40.65
2016-02-10 23:00:00,36.74
2016-02-11 00:00:00,9.84
2016-02-11 01:00:00,9.84
2016-02-11 02:00:00,9.84
2016-02-11 03:00:00,9.84
2016-02-11 04:00:00,9.84
2016-02-11 05:00:00,9.84
2016-02-11 06:00:00,13.18
2016-02-11 07:00:00,37.93
2016-02-11 08:00:00,34.14
2016-02-11 09:00:00,37.06
2016-02-11 10:00:00,39.67
2016-02-11 11:00:00,42.01
2016-02-11 12:00:00,44.91
2016-02-11 13:00:00,41
2016-02-11 14:00:00,44.28
2016-02-11 15:00:00,44.32
2016-02-11 16:00:00,44.09
2016-02-11 17:00:00,40.82
2016-02-11 18:00:00,42.28
2016-02-11 19:00:00,43.74
2016-02-11 20:00:00,41.51
2016-02-11 21:00:00,41.92
2016-02-11 22:00:00,41.72
2016-02-11 23:00:00,39.19
2016-02-12 00:00:00,9.84
2016-02-12 01:00:00,9.84
2016-02-12 02:00:00,9.84
2016-02-12 03:00:00,9.84
2016-02-12 04:00:00,9.84
2016-02-12 05:00:00,9.84
2016-02-12 06:00:00,13.61
2016-02-12 07:00:00,38.96
2016-02-12 08:00:00,38.51
2016-02-12 09:00:00,44.43
2016-02-12 10:00:00,43.65
2016-02-12 11:00:00,40.67
2016-02-12 12:00:00,47.26
2016-02-12 13:00:00,42.45
2016-02-12 14:00:00,48.48
2016-02-12 15:00:00,40.07
2016-02-12 16:00:00,41.45
2016-02-12 17:00:00,44.35
2016-02-12 18:00:00,38.06
2016-02-12 19:00:00,45.76
2016-02-12 20:00:00,44.73
2016-02-12 21:00:00,46.5
2016-02-12 22:00:00,43.81
2016-02-12 23:00:00,37.1
2016-02-13 00:00:00,9.84
2016-02-13 01:00:00,9.84
2016-02-13 02:00:00,9.84
2016-02-13 03:00:00,9.84
2016-02-13 04:00:00,9.84
2016-02-13 05:00:00,9.84
2016-02-13 06:00:00,23.83
2016-02-13 07:00:00,42.25
2016-02-13 08:00:00,40.55
2016-02-13 09:00:00,45.33
2016-02-13 10:00:00,41.96
2016-02-13 11:00:00,44.66
2016-02-13 12:00:00,41.43
2016-02-13 13:00:00,42.84
2016-02-13 14:00:00,42.78
2016-02-13 15:00:00,42.82
2016-02-13 16:00:00,42.98
2016-02-13 17:00:00,38.24
2016-02-13 18:00:00,37.94
2016-02-13 19:00:00,43.94
2016-02-13 20:00:00,44.64
2016-02-13 21:00:00,42.15
2016-02-13 22:00:00,42.15999999
2016-02-13 23:00:00,12.69
2016-02-14 00:00:00,9.84
2016-02-14 01:00:00,37.87
2016-02-14 02:00:00,37.28
2016-02-14 03:00:00,29.35
2016-02-14 04:00:00,32.52
2016-02-14 05:00:00,37.37
2016-02-14 06:00:00,43.31
2016-02-14 07:00:00,37.18
2016-02-14 08:00:00,39.16
2016-02-14 09:00:00,43.47
2016-02-14 10:00:00,34.07
2016-02-14 11:00:00,34.49
2016-02-14 12:00:00,32.66
2016-02-14 13:00:00,35.86
2016-02-14 14:00:00,39.11
2016-02-14 15:00:00,43.55
2016-02-14 16:00:00,43.08
2016-02-14 17:00:00,36.55
2016-02-14 18:00:00,8.71
2016-02-14 19:00:00,8.71
2016-02-14 20:00:00,8.71
2016-02-14 21:00:00,8.71
2016-02-14 22:00:00,8.71
2016-02-14 23:00:00,8.71
2016-02-16 00:00:00,8.71
2016-02-16 01:00:00,8.71
2016-02-16 02:00:00,8.71
2016-02-16 03:00:00,8.71
2016-02-16 04:00:00,8.71
2016-02-16 05:00:00,8.71
2016-02-16 06:00:00,8.71
2016-02-16 07:00:00,8.710000006
2016-02-16 08:00:00,41.43
2016-02-16 09:00:00,41.71
2016-02-16 10:00:00,43.48
2016-02-16 11:00:00,42.75
2016-02-16 12:00:00,41.49
2016-02-16 13:00:00,43.42
2016-02-16 14:00:00,43.31
2016-02-16 15:00:00,42.55
2016-02-16 16:00:00,44.11
2016-02-16 17:00:00,39.12
2016-02-16 18:00:00,40.33
2016-02-16 19:00:00,45.9
2016-02-16 20:00:00,42.81
2016-02-16 21:00:00,40.11
2016-02-16 22:00:00,38.05
2016-02-16 23:00:00,37.73
2016-02-17 00:00:00,8.71
2016-02-17 01:00:00,8.71
2016-02-17 02:00:00,8.71
2016-02-17 03:00:00,8.71
2016-02-17 04:00:00,8.71
2016-02-17 05:00:00,8.71
2016-02-17 06:00:00,8.71
2016-02-17 07:00:00,37.73
2016-02-17 08:00:00,37.77
2016-02-17 09:00:00,40.66
2016-02-17 10:00:00,45.39
2016-02-17 11:00:00,43.64
2016-02-17 12:00:00,45.83
2016-02-17 13:00:00,46.3
2016-02-17 14:00:00,47.62
2016-02-17 15:00:00,47.53
2016-02-17 16:00:00,44.16
2016-02-17 17:00:00,40.55
2016-02-17 18:00:00,37.81
2016-02-17 19:00:00,40.57
2016-02-17 20:00:00,40.9
2016-02-17 21:00:00,42.12
2016-02-17 22:00:00,39.03
2016-02-17 23:00:00,33.05
2016-02-18 00:00:00,0
2016-02-18 01:00:00,8.71
2016-02-18 02:00:00,8.71
2016-02-18 03:00:00,8.71
2016-02-18 04:00:00,8.710000001
2016-02-18 05:00:00,13.19
2016-02-18 06:00:00,43.31
2016-02-18 07:00:00,23.6
2016-02-18 08:00:00,24.4
2016-02-18 09:00:00,24.4
2016-02-18 10:00:00,24.4
2016-02-18 11:00:00,24.4
2016-02-18 12:00:00,26.8
2016-02-18 13:00:00,26.8
2016-02-18 14:00:00,27.6
2016-02-18 15:00:00,27.6
2016-02-18 16:00:00,27.6
2016-02-18 17:00:00,27.6
2016-02-18 18:00:00,24.4
2016-02-18 19:00:00,27.6
2016-02-18 20:00:00,27.6
2016-02-18 21:00:00,27.6
2016-02-18 22:00:00,27.6
2016-02-18 23:00:00,0
2016-02-19 00:00:00,8.71
2016-02-19 01:00:00,8.71
2016-02-19 02:00:00,8.71
2016-02-19 03:00:00,8.71
2016-02-19 04:00:00,8.71
2016-02-19 05:00:00,8.71
2016-02-19 06:00:00,8.71
2016-02-19 07:00:00,8.710000005
2016-02-19 08:00:00,39.86
2016-02-19 09:00:00,37.83
2016-02-19 10:00:00,42.04
2016-02-19 11:00:00,43.26
2016-02-19 12:00:00,38.99
2016-02-19 13:00:00,40.33
2016-02-19 14:00:00,44.45
2016-02-19 15:00:00,43.82
2016-02-19 16:00:00,41.7
2016-02-19 17:00:00,40.2
2016-02-19 18:00:00,37.66
2016-02-19 19:00:00,44.67
2016-02-19 20:00:00,40.49
2016-02-19 21:00:00,42.29
2016-02-19 22:00:00,40.92
2016-02-19 23:00:00,41.6
2016-02-21 00:00:00,8.71
2016-02-21 01:00:00,8.71
2016-02-21 02:00:00,8.71
2016-02-21 03:00:00,8.71
2016-02-21 04:00:00,8.71
2016-02-21 05:00:00,8.71
2016-02-21 06:00:00,8.71
2016-02-21 07:00:00,29.96
2016-02-21 08:00:00,36.09
2016-02-21 09:00:00,36.62
2016-02-21 10:00:00,38.63
2016-02-21 11:00:00,30.97
2016-02-21 12:00:00,31.04
2016-02-21 13:00:00,39.9
2016-02-21 14:00:00,36.7
2016-02-21 15:00:00,43.03
2016-02-21 16:00:00,42.94
2016-02-21 17:00:00,34.1
2016-02-21 18:00:00,34.09
2016-02-21 19:00:00,42.33
2016-02-21 20:00:00,44.05
2016-02-21 21:00:00,39.72
2016-02-21 22:00:00,39.61
2016-02-21 23:00:00,38.28
2016-02-22 00:00:00,8.71
2016-02-22 01:00:00,8.71
2016-02-22 02:00:00,8.71
2016-02-22 03:00:00,8.71
2016-02-22 04:00:00,8.71
2016-02-22 05:00:00,8.71
2016-02-22 06:00:00,8.71
2016-02-22 07:00:00,8.710000006
2016-02-22 08:00:00,42.32
2016-02-22 09:00:00,44.98
2016-02-22 10:00:00,41.48
2016-02-22 11:00:00,43
2016-02-22 12:00:00,41.81
2016-02-22 13:00:00,37.69
2016-02-22 14:00:00,40.22
2016-02-22 15:00:00,45.51
2016-02-22 16:00:00,43.62
2016-02-22 17:00:00,44.58
2016-02-22 18:00:00,39.07
2016-02-22 19:00:00,43.7
2016-02-22 20:00:00,42.03
2016-02-22 21:00:00,41.05
2016-02-22 22:00:00,41.21
2016-02-22 23:00:00,42.13
2016-02-23 00:00:00,8.71
2016-02-23 01:00:00,8.71
2016-02-23 02:00:00,8.71
2016-02-23 03:00:00,8.71
2016-02-23 04:00:00,8.71
2016-02-23 05:00:00,8.71
2016-02-23 06:00:00,8.71
2016-02-23 07:00:00,8.710000007
2016-02-23 08:00:00,46.12
2016-02-23 09:00:00,46.1
2016-02-23 10:00:00,40.38
2016-02-23 11:00:00,38.43
2016-02-23 12:00:00,41.59
2016-02-23 13:00:00,36.94
2016-02-23 14:00:00,39.93
2016-02-23 15:00:00,40.25
2016-02-23 16:00:00,40.48
2016-02-23 17:00:00,38.81
2016-02-23 18:00:00,39.71
2016-02-23 19:00:00,35.6
2016-02-23 20:00:00,38.74
2016-02-23 21:00:00,38.03
2016-02-23 22:00:00,36.98
2016-02-23 23:00:00,32.79
2016-02-24 00:00:00,8.71
2016-02-24 01:00:00,8.71
2016-02-24 02:00:00,8.71
2016-02-24 03:00:00,8.71
2016-02-24 04:00:00,8.71
2016-02-24 05:00:00,8.71
2016-02-24 06:00:00,8.71
2016-02-24 07:00:00,27.8
2016-02-24 08:00:00,27.8
2016-02-24 09:00:00,27.8
2016-02-24 10:00:00,27.8
2016-02-24 11:00:00,27.8
2016-02-24 12:00:00,27.8
2016-02-24 13:00:00,27.8
2016-02-24 14:00:00,27.8
2016-02-24 15:00:00,27.8
2016-02-24 16:00:00,27.8
2016-02-24 17:00:00,27.4
2016-02-24 18:00:00,27.4
2016-02-24 19:00:00,27.8
2016-02-24 20:00:00,27.8
2016-02-24 21:00:00,27.8
2016-02-24 22:00:00,27.8
2016-02-24 23:00:00,0
2016-02-25 00:00:00,8.71
2016-02-25 01:00:00,8.71
2016-02-25 02:00:00,8.71
2016-02-25 03:00:00,8.71
2016-02-25 04:00:00,8.71
2016-02-25 05:00:00,8.71
2016-02-25 06:00:00,8.71
2016-02-25 07:00:00,42.25
2016-02-25 08:00:00,38.83
2016-02-25 09:00:00,41.38
2016-02-25 10:00:00,33.74
2016-02-25 11:00:00,38.29
2016-02-25 12:00:00,35.67
2016-02-25 13:00:00,30.74
2016-02-25 14:00:00,35.35
2016-02-25 15:00:00,36.87
2016-02-25 16:00:00,38.58
2016-02-25 17:00:00,37.87
2016-02-25 18:00:00,37.05
2016-02-25 19:00:00,44.95
2016-02-25 20:00:00,40.29
2016-02-25 21:00:00,40.13
2016-02-25 22:00:00,38.66
2016-02-25 23:00:00,12.79
2016-02-26 00:00:00,8.71
2016-02-26 01:00:00,8.71
2016-02-26 02:00:00,8.71
2016-02-26 03:00:00,8.71
2016-02-26 04:00:00,8.71
2016-02-26 05:00:00,8.71
2016-02-26 06:00:00,8.71
2016-02-26 07:00:00,39.7
2016-02-26 08:00:00,40.67
2016-02-26 09:00:00,40.02
2016-02-26 10:00:00,40.17
2016-02-26 11:00:00,40.57
2016-02-26 12:00:00,41.54
2016-02-26 13:00:00,38.96
2016-02-26 14:00:00,41.86
2016-02-26 15:00:00,40.98
2016-02-26 16:00:00,38.59
2016-02-26 17:00:00,38.92
2016-02-26 18:00:00,34.03
2016-02-26 19:00:00,39.61
2016-02-26 20:00:00,33.64
2016-02-26 21:00:00,33.91
2016-02-26 22:00:00,39.87
2016-02-26 23:00:00,34.01
2016-02-27 00:00:00,8.71
2016-02-27 01:00:00,8.71
2016-02-27 02:00:00,8.71
2016-02-27 03:00:00,8.71
2016-02-27 04:00:00,8.71
2016-02-27 05:00:00,8.71
2016-02-27 06:00:00,37.6
2016-02-27 07:00:00,39.86
2016-02-27 08:00:00,42.98
2016-02-27 09:00:00,41.48
2016-02-27 10:00:00,39.91
2016-02-27 11:00:00,40.17
2016-02-27 12:00:00,44.06
2016-02-27 13:00:00,38.2
2016-02-27 14:00:00,43.66
2016-02-27 15:00:00,42.05
2016-02-27 16:00:00,41.97
2016-02-27 17:00:00,43.15
2016-02-27 18:00:00,41.44
2016-02-27 19:00:00,42.56
2016-02-27 20:00:00,40.3
2016-02-27 21:00:00,34.11
2016-02-27 22:00:00,8.71
2016-02-27 23:00:00,8.71
2016-02-28 00:00:00,8.71
2016-02-28 01:00:00,8.71
2016-02-28 02:00:00,8.71
2016-02-28 03:00:00,8.71
2016-02-28 04:00:00,8.71
2016-02-28 05:00:00,8.71
2016-02-28 06:00:00,8.71
2016-02-28 07:00:00,8.710000005
2016-02-28 08:00:00,35.97
2016-02-28 09:00:00,40.31
2016-02-28 10:00:00,40.77
2016-02-28 11:00:00,41.66
2016-02-28 12:00:00,39.02
2016-02-28 13:00:00,47.67
2016-02-28 14:00:00,31.81
2016-02-28 15:00:00,39.01
2016-02-28 16:00:00,44.19
2016-02-28 17:00:00,46.71
2016-02-28 18:00:00,38.71
2016-02-28 19:00:00,41.75
2016-02-28 20:00:00,40.41
2016-02-28 21:00:00,38.25
2016-02-28 22:00:00,37.64
2016-02-28 23:00:00,38.22
2016-02-29 00:00:00,8.71
2016-02-29 01:00:00,8.71
2016-02-29 02:00:00,8.71
2016-02-29 03:00:00,8.71
2016-02-29 04:00:00,8.71
2016-02-29 05:00:00,8.71
2016-02-29 06:00:00,8.71
2016-02-29 07:00:00,28
2016-02-29 08:00:00,28
2016-02-29 09:00:00,28
2016-02-29 10:00:00,28
2016-02-29 11:00:00,28
2016-02-29 12:00:00,28
2016-02-29 13:00:00,28
2016-02-29 14:00:00,28
2016-02-29 15:00:00,28
2016-02-29 16:00:00,28
2016-02-29 17:00:00,28
2016-02-29 18:00:00,28
2016-02-29 19:00:00,28
2016-02-29 20:00:00,28
2016-02-29 21:00:00,28
2016-02-29 22:00:00,28
2016-02-29 23:00:00,0
2016-03-01 00:00:00,8.71
2016-03-01 01:00:00,8.71
2016-03-01 02:00:00,8.71
2016-03-01 03:00:00,8.71
2016-03-01 04:00:00,8.71
2016-03-01 05:00:00,8.71
2016-03-01 06:00:00,8.71
2016-03-01 07:00:00,11.83
2016-03-01 08:00:00,38.93
2016-03-01 09:00:00,40.87
2016-03-01 10:00:00,41.42
2016-03-01 11:00:00,43.31
2016-03-01 12:00:00,41.58
2016-03-01 13:00:00,40.09
2016-03-01 14:00:00,44.04
2016-03-01 15:00:00,42.94
2016-03-01 16:00:00,39.81
2016-03-01 17:00:00,38.69
2016-03-01 18:00:00,39.56
2016-03-01 19:00:00,42.39
2016-03-01 20:00:00,42.69
2016-03-01 21:00:00,45
2016-03-01 22:00:00,43.64
2016-03-01 23:00:00,34.65
2016-03-02 00:00:00,2.84
2016-03-02 01:00:00,2.84
2016-03-02 02:00:00,2.84
2016-03-02 03:00:00,2.84
2016-03-02 04:00:00,2.840000005
2016-03-02 05:00:00,33.01
2016-03-02 06:00:00,31.31
2016-03-02 07:00:00,36.65
2016-03-02 08:00:00,41.32
2016-03-02 09:00:00,33.29
2016-03-02 10:00:00,35.94
2016-03-02 11:00:00,35.59
2016-03-02 12:00:00,34.77
2016-03-02 13:00:00,32.14
2016-03-02 14:00:00,38.03
2016-03-02 15:00:00,35.09
2016-03-02 16:00:00,34.81
2016-03-02 17:00:00,33.28
2016-03-02 18:00:00,31.09
2016-03-02 19:00:00,33.88
2016-03-02 20:00:00,34.98
2016-03-02 21:00:00,33.02
2016-03-02 22:00:00,34.35
2016-03-02 23:00:00,31
2016-03-03 00:00:00,1.78
2016-03-03 01:00:00,2.84
2016-03-03 02:00:00,2.84
2016-03-03 03:00:00,2.84
2016-03-03 04:00:00,2.840000005
2016-03-03 05:00:00,29.01
2016-03-03 06:00:00,29.17
2016-03-03 07:00:00,33.81
2016-03-03 08:00:00,38.48
2016-03-03 09:00:00,30.45
2016-03-03 10:00:00,33.1
2016-03-03 11:00:00,32.75
2016-03-03 12:00:00,31.93
2016-03-03 13:00:00,29.3
2016-03-03 14:00:00,35.19
2016-03-03 15:00:00,32.25
2016-03-03 16:00:00,31.97
2016-03-03 17:00:00,30.44
2016-03-03 18:00:00,28.25
2016-03-03 19:00:00,31.04
2016-03-03 20:00:00,32.14
2016-03-03 21:00:00,30.18
2016-03-03 22:00:00,31.51
2016-03-03 23:00:00,28.16
2016-03-04 00:00:00,8.71
2016-03-04 01:00:00,8.71
2016-03-04 02:00:00,8.71
2016-03-04 03:00:00,8.71
2016-03-04 04:00:00,8.71
2016-03-04 05:00:00,8.71
2016-03-04 06:00:00,8.71
2016-03-04 07:00:00,8.710000006
2016-03-04 08:00:00,44.4
2016-03-04 09:00:00,42.46
2016-03-04 10:00:00,44.69
2016-03-04 11:00:00,39.8
2016-03-04 12:00:00,42.01
2016-03-04 13:00:00,43.66
2016-03-04 14:00:00,43.62
2016-03-04 15:00:00,42.65
2016-03-04 16:00:00,41.19
2016-03-04 17:00:00,41.46
2016-03-04 18:00:00,42.67
2016-03-04 19:00:00,41.88
2016-03-04 20:00:00,41.48
2016-03-04 21:00:00,46.19
2016-03-04 22:00:00,39.57
2016-03-04 23:00:00,32.23
2016-03-05 00:00:00,8.71
2016-03-05 01:00:00,7.58
2016-03-05 02:00:00,7.58
2016-03-05 03:00:00,7.58
2016-03-05 04:00:00,7.58
2016-03-05 05:00:00,7.58
2016-03-05 06:00:00,7.58
2016-03-05 07:00:00,7.580000006
2016-03-05 08:00:00,43.37
2016-03-05 09:00:00,43.46
2016-03-05 10:00:00,31.88
2016-03-05 11:00:00,32.34
2016-03-05 12:00:00,33.56
2016-03-05 13:00:00,35.69
2016-03-05 14:00:00,39.99
2016-03-05 15:00:00,38.86
2016-03-05 16:00:00,40.53
2016-03-05 17:00:00,41.83
2016-03-05 18:00:00,39.8
2016-03-05 19:00:00,43.18
2016-03-05 20:00:00,42.09
2016-03-05 21:00:00,41.84
2016-03-05 22:00:00,40.08
2016-03-05 23:00:00,36.86
2016-03-06 00:00:00,7.58
2016-03-06 01:00:00,7.58
2016-03-06 02:00:00,7.58
2016-03-06 03:00:00,7.58
2016-03-06 04:00:00,7.58
2016-03-06 05:00:00,7.58
2016-03-06 06:00:00,7.58
2016-03-06 07:00:00,7.580000006
2016-03-06 08:00:00,41.72
2016-03-06 09:00:00,32.66
2016-03-06 10:00:00,40.47
2016-03-06 11:00:00,40.71
2016-03-06 12:00:00,38.89
2016-03-06 13:00:00,42.17
2016-03-06 14:00:00,42.2
2016-03-06 15:00:00,44.27
2016-03-06 16:00:00,44.79
2016-03-06 17:00:00,45.53
2016-03-06 18:00:00,42.41
2016-03-06 19:00:00,38.01
2016-03-06 20:00:00,44.11
2016-03-06 21:00:00,38.85
2016-03-06 22:00:00,37.33
2016-03-06 23:00:00,37.47
2016-03-07 00:00:00,7.58
2016-03-07 01:00:00,7.58
2016-03-07 02:00:00,7.58
2016-03-07 03:00:00,7.58
2016-03-07 04:00:00,7.58
2016-03-07 05:00:00,7.58
2016-03-07 06:00:00,9.51
2016-03-07 07:00:00,41.45
2016-03-07 08:00:00,42.6
2016-03-07 09:00:00,43.66
2016-03-07 10:00:00,43.31
2016-03-07 11:00:00,37.94
2016-03-07 12:00:00,44.63
2016-03-07 13:00:00,41.2
2016-03-07 14:00:00,43.48
2016-03-07 15:00:00,41.81
2016-03-07 16:00:00,40.22
2016-03-07 17:00:00,39.56
2016-03-07 18:00:00,40.49
2016-03-07 19:00:00,42.66
2016-03-07 20:00:00,40.58
2016-03-07 21:00:00,39.8
2016-03-07 22:00:00,39.04
2016-03-07 23:00:00,26.48
2016-03-08 00:00:00,7.58
2016-03-08 01:00:00,7.58
2016-03-08 02:00:00,7.58
2016-03-08 03:00:00,7.58
2016-03-08 04:00:00,7.58
2016-03-08 05:00:00,7.58
2016-03-08 06:00:00,11.01
2016-03-08 07:00:00,43.97
2016-03-08 08:00:00,45.61
2016-03-08 09:00:00,46.21
2016-03-08 10:00:00,46.14
2016-03-08 11:00:00,42.67
2016-03-08 12:00:00,44.47
2016-03-08 13:00:00,44.17
2016-03-08 14:00:00,43.46
2016-03-08 15:00:00,45.75
2016-03-08 16:00:00,45.33
2016-03-08 17:00:00,42.17
2016-03-08 18:00:00,42.14
2016-03-08 19:00:00,44.36
2016-03-08 20:00:00,45.04
2016-03-08 21:00:00,40.98
2016-03-08 22:00:00,39.5
2016-03-08 23:00:00,35.91
2016-03-09 00:00:00,7.58
2016-03-09 01:00:00,7.58
2016-03-09 02:00:00,7.58
2016-03-09 03:00:00,7.58
2016-03-09 04:00:00,7.58
2016-03-09 05:00:00,7.58
2016-03-09 06:00:00,7.58
2016-03-09 07:00:00,38.13
2016-03-09 08:00:00,43.56
2016-03-09 09:00:00,43.91
2016-03-09 10:00:00,42.22
2016-03-09 11:00:00,39.42
2016-03-09 12:00:00,41.53
2016-03-09 13:00:00,38.76
2016-03-09 14:00:00,43.51
2016-03-09 15:00:00,41.68
2016-03-09 16:00:00,41.41
2016-03-09 17:00:00,39.42
2016-03-09 18:00:00,42.55
2016-03-09 19:00:00,37.78
2016-03-09 20:00:00,39.42
2016-03-09 21:00:00,38.54
2016-03-09 22:00:00,37.28
2016-03-09 23:00:00,37.11
2016-03-10 00:00:00,7.58
2016-03-10 01:00:00,7.58
2016-03-10 02:00:00,7.58
2016-03-10 03:00:00,7.58
2016-03-10 04:00:00,7.58
2016-03-10 05:00:00,7.58
2016-03-10 06:00:00,11.16
2016-03-10 07:00:00,42.07
2016-03-10 08:00:00,43.84
2016-03-10 09:00:00,44.42
2016-03-10 10:00:00,44.3
2016-03-10 11:00:00,47.18
2016-03-10 12:00:00,45.89
2016-03-10 13:00:00,44.3
2016-03-10 14:00:00,45.39
2016-03-10 15:00:00,44.31
2016-03-10 16:00:00,40.8
2016-03-10 17:00:00,42.28
2016-03-10 18:00:00,39.57
2016-03-10 19:00:00,46.92
2016-03-10 20:00:00,44.18
2016-03-10 21:00:00,47.59
2016-03-10 22:00:00,44.07
2016-03-10 23:00:00,38.75
2016-03-11 00:00:00,7.58
2016-03-11 01:00:00,7.58
2016-03-11 02:00:00,7.58
2016-03-11 03:00:00,7.58
2016-03-11 04:00:00,7.58
2016-03-11 05:00:00,7.58
2016-03-11 06:00:00,10.83
2016-03-11 07:00:00,38.48
2016-03-11 08:00:00,44.77
2016-03-11 09:00:00,42.92
2016-03-11 10:00:00,46
2016-03-11 11:00:00,44.87
2016-03-11 12:00:00,41.43
2016-03-11 13:00:00,41.28
2016-03-11 14:00:00,42.23
2016-03-11 15:00:00,38.03
2016-03-11 16:00:00,40.4
2016-03-11 17:00:00,39.89
2016-03-11 18:00:00,38.17
2016-03-11 19:00:00,42.91
2016-03-11 20:00:00,43.57
2016-03-11 21:00:00,40.8
2016-03-11 22:00:00,43.36
2016-03-11 23:00:00,40.95
2016-03-12 00:00:00,7.58
2016-03-12 01:00:00,7.58
2016-03-12 02:00:00,7.58
2016-03-12 03:00:00,7.58
2016-03-12 04:00:00,7.58
2016-03-12 05:00:00,7.58
2016-03-12 06:00:00,7.58
2016-03-12 07:00:00,39.66
2016-03-12 08:00:00,44.88
2016-03-12 09:00:00,43.83
2016-03-12 10:00:00,42.7
2016-03-12 11:00:00,42.97
2016-03-12 12:00:00,42.09
2016-03-12 13:00:00,43.15
2016-03-12 14:00:00,42.1
2016-03-12 15:00:00,44.62
2016-03-12 16:00:00,44.21
2016-03-12 17:00:00,42.3
2016-03-12 18:00:00,38.89
2016-03-12 19:00:00,44.15
2016-03-12 20:00:00,42.01
2016-03-12 21:00:00,40.01
2016-03-12 22:00:00,39.99
2016-03-12 23:00:00,41.61
2016-03-13 00:00:00,7.58
2016-03-13 01:00:00,7.58
2016-03-13 02:00:00,7.58
2016-03-13 03:00:00,7.58
2016-03-13 04:00:00,7.58
2016-03-13 05:00:00,7.58
2016-03-13 06:00:00,7.58
2016-03-13 07:00:00,7.58
2016-03-13 08:00:00,7.58
2016-03-13 09:00:00,34.94
2016-03-13 10:00:00,35.78
2016-03-13 11:00:00,40.69
2016-03-13 12:00:00,39.69
2016-03-13 13:00:00,40.01
2016-03-13 14:00:00,39.57
2016-03-13 15:00:00,38.65
2016-03-13 16:00:00,40.01
2016-03-13 17:00:00,41.89
2016-03-13 18:00:00,37.85
2016-03-13 19:00:00,40.39
2016-03-13 20:00:00,43.78
2016-03-13 21:00:00,40.57
2016-03-13 22:00:00,39.28
2016-03-13 23:00:00,36.64
2016-03-14 00:00:00,9.79
2016-03-14 01:00:00,7.58
2016-03-14 02:00:00,7.58
2016-03-14 03:00:00,7.58
2016-03-14 04:00:00,7.58
2016-03-14 05:00:00,7.58
2016-03-14 06:00:00,10.65
2016-03-14 07:00:00,41.95
2016-03-14 08:00:00,42.4
2016-03-14 09:00:00,42.98
2016-03-14 10:00:00,42.74
2016-03-14 11:00:00,41.57
2016-03-14 12:00:00,42.15
2016-03-14 13:00:00,40.92
2016-03-14 14:00:00,43.5
2016-03-14 15:00:00,40.59
2016-03-14 16:00:00,40.41
2016-03-14 17:00:00,38.92
2016-03-14 18:00:00,40.19
2016-03-14 19:00:00,44.51
2016-03-14 20:00:00,44.39
2016-03-14 21:00:00,39.59
2016-03-14 22:00:00,38.07
2016-03-14 23:00:00,37.66
2016-03-15 00:00:00,7.58
2016-03-15 01:00:00,7.580000006
2016-03-15 02:00:00,40.24
2016-03-15 03:00:00,37.86
2016-03-15 04:00:00,35.49
2016-03-15 05:00:00,40.38
2016-03-15 06:00:00,39.11
2016-03-15 07:00:00,39.66
2016-03-15 08:00:00,39.48
2016-03-15 09:00:00,37.63
2016-03-15 10:00:00,42.49
2016-03-15 11:00:00,40.64
2016-03-15 12:00:00,38.88
2016-03-15 13:00:00,40.08
2016-03-15 14:00:00,43.64
2016-03-15 15:00:00,42.84
2016-03-15 16:00:00,39.21
2016-03-15 17:00:00,39.52
2016-03-15 18:00:00,41.48
2016-03-15 19:00:00,43.17
2016-03-15 20:00:00,44.02
2016-03-15 21:00:00,41.7
2016-03-15 22:00:00,42.55
2016-03-15 23:00:00,38.53
2016-03-16 00:00:00,9.18
2016-03-16 01:00:00,7.58
2016-03-16 02:00:00,7.58
2016-03-16 03:00:00,7.58
2016-03-16 04:00:00,7.580000001
2016-03-16 05:00:00,10.52
2016-03-16 06:00:00,40.43
2016-03-16 07:00:00,36.06
2016-03-16 08:00:00,39.2
2016-03-16 09:00:00,38.85
2016-03-16 10:00:00,37.69
2016-03-16 11:00:00,39.17
2016-03-16 12:00:00,39.02
2016-03-16 13:00:00,39.9
2016-03-16 14:00:00,41.37
2016-03-16 15:00:00,40.09
2016-03-16 16:00:00,36.87
2016-03-16 17:00:00,36.67
2016-03-16 18:00:00,36.71
2016-03-16 19:00:00,40.15
2016-03-16 20:00:00,39.58
2016-03-16 21:00:00,39.14
2016-03-16 22:00:00,41.26
2016-03-16 23:00:00,32.08
2016-03-17 00:00:00,3.78
2016-03-17 01:00:00,2.42
2016-03-17 02:00:00,2.42
2016-03-17 03:00:00,2.42
2016-03-17 04:00:00,2.42
2016-03-17 05:00:00,2.42
2016-03-17 06:00:00,30.07
2016-03-17 07:00:00,37.96
2016-03-17 08:00:00,32.26
2016-03-17 09:00:00,31.7
2016-03-17 10:00:00,33.15
2016-03-17 11:00:00,33.49
2016-03-17 12:00:00,34
2016-03-17 13:00:00,35.05
2016-03-17 14:00:00,35.12
2016-03-17 15:00:00,35.52
2016-03-17 16:00:00,37.89
2016-03-17 17:00:00,32.38
2016-03-17 18:00:00,29.48
2016-03-17 19:00:00,29.42
2016-03-17 20:00:00,34.23
2016-03-17 21:00:00,33.79
2016-03-17 22:00:00,31.43
2016-03-17 23:00:00,31.35
2016-03-18 00:00:00,2.42
2016-03-18 01:00:00,2.42
2016-03-18 02:00:00,2.42
2016-03-18 03:00:00,2.42
2016-03-18 04:00:00,2.420000001
2016-03-18 05:00:00,5.94
2016-03-18 06:00:00,37.43
2016-03-18 07:00:00,35.54
2016-03-18 08:00:00,29.84
2016-03-18 09:00:00,29.28
2016-03-18 10:00:00,30.73
2016-03-18 11:00:00,31.07
2016-03-18 12:00:00,31.58
2016-03-18 13:00:00,32.63
2016-03-18 14:00:00,32.7
2016-03-18 15:00:00,33.1
2016-03-18 16:00:00,35.47
2016-03-18 17:00:00,29.96
2016-03-18 18:00:00,27.06
2016-03-18 19:00:00,27
2016-03-18 20:00:00,31.81
2016-03-18 21:00:00,31.37
2016-03-18 22:00:00,29.01
2016-03-18 23:00:00,28.93
2016-03-19 00:00:00,7.58
2016-03-19 01:00:00,7.58
2016-03-19 02:00:00,7.58
2016-03-19 03:00:00,11.26
2016-03-19 04:00:00,36.21
2016-03-19 05:00:00,39.25
2016-03-19 06:00:00,36.95
2016-03-19 07:00:00,37.06
2016-03-19 08:00:00,42.36
2016-03-19 09:00:00,37.99
2016-03-19 10:00:00,38.91
2016-03-19 11:00:00,37.8
2016-03-19 12:00:00,35.43
2016-03-19 13:00:00,37.86
2016-03-19 14:00:00,40.36
2016-03-19 15:00:00,37.7
2016-03-19 16:00:00,35.28
2016-03-19 17:00:00,39.11
2016-03-19 18:00:00,33.87
2016-03-19 19:00:00,34.19
2016-03-19 20:00:00,35.24
2016-03-19 21:00:00,34.65
2016-03-19 22:00:00,34.57
2016-03-19 23:00:00,34.15
2016-03-20 00:00:00,7.58
2016-03-20 01:00:00,7.58
2016-03-20 02:00:00,7.58
2016-03-20 03:00:00,7.58
2016-03-20 04:00:00,7.580000005
2016-03-20 05:00:00,36.48
2016-03-20 06:00:00,38.6
2016-03-20 07:00:00,33.02
2016-03-20 08:00:00,39.06
2016-03-20 09:00:00,37.03
2016-03-20 10:00:00,38.38
2016-03-20 11:00:00,36.48
2016-03-20 12:00:00,39.92
2016-03-20 13:00:00,41.74
2016-03-20 14:00:00,42.56
2016-03-20 15:00:00,40.56
2016-03-20 16:00:00,41.97
2016-03-20 17:00:00,39.99
2016-03-20 18:00:00,38.6
2016-03-20 19:00:00,32.76
2016-03-20 20:00:00,39.71
2016-03-20 21:00:00,39.13
2016-03-20 22:00:00,37.15
2016-03-20 23:00:00,33.37
2016-03-21 00:00:00,7.58
2016-03-21 01:00:00,7.58
2016-03-21 02:00:00,7.58
2016-03-21 03:00:00,7.58
2016-03-21 04:00:00,7.580000004
2016-03-21 05:00:00,31.63
2016-03-21 06:00:00,41.23
2016-03-21 07:00:00,35.51
2016-03-21 08:00:00,40.13
2016-03-21 09:00:00,39.56
2016-03-21 10:00:00,35.06
2016-03-21 11:00:00,40.08
2016-03-21 12:00:00,39.27
2016-03-21 13:00:00,38.71
2016-03-21 14:00:00,37.51
2016-03-21 15:00:00,38.22
2016-03-21 16:00:00,39.06
2016-03-21 17:00:00,35.69
2016-03-21 18:00:00,38.34
2016-03-21 19:00:00,38.49
2016-03-21 20:00:00,38.23
2016-03-21 21:00:00,37.81
2016-03-21 22:00:00,36.88
2016-03-21 23:00:00,35.01
2016-03-22 00:00:00,8.98
2016-03-22 01:00:00,7.58
2016-03-22 02:00:00,7.58
2016-03-22 03:00:00,7.58
2016-03-22 04:00:00,7.580000005
2016-03-22 05:00:00,36.32
2016-03-22 06:00:00,36.54
2016-03-22 07:00:00,30.77
2016-03-22 08:00:00,37.04
2016-03-22 09:00:00,35.38
2016-03-22 10:00:00,35.63
2016-03-22 11:00:00,38.34
2016-03-22 12:00:00,40.19
2016-03-22 13:00:00,39.65
2016-03-22 14:00:00,40.34
2016-03-22 15:00:00,38.96
2016-03-22 16:00:00,36.12
2016-03-22 17:00:00,37.01
2016-03-22 18:00:00,38.47
2016-03-22 19:00:00,35.94
2016-03-22 20:00:00,38.43
2016-03-22 21:00:00,36.36
2016-03-22 22:00:00,36.7
2016-03-22 23:00:00,28.79
2016-03-23 00:00:00,7.58
2016-03-23 01:00:00,10.87
2016-03-23 02:00:00,37.67
2016-03-23 03:00:00,37.62
2016-03-23 04:00:00,37.11
2016-03-23 05:00:00,39.55
2016-03-23 06:00:00,33.39
2016-03-23 07:00:00,35.13
2016-03-23 08:00:00,44.05
2016-03-23 09:00:00,41.56
2016-03-23 10:00:00,37.11
2016-03-23 11:00:00,40.33
2016-03-23 12:00:00,39.11
2016-03-23 13:00:00,38.94
2016-03-23 14:00:00,41.15
2016-03-23 15:00:00,41.63
2016-03-23 16:00:00,39.77
2016-03-23 17:00:00,35.82
2016-03-23 18:00:00,38.03
2016-03-23 19:00:00,40.2
2016-03-23 20:00:00,37.75
2016-03-23 21:00:00,7.58
2016-03-23 22:00:00,7.58
2016-03-23 23:00:00,7.58
2016-03-24 00:00:00,7.58
2016-03-24 01:00:00,7.58
2016-03-24 02:00:00,7.58
2016-03-24 03:00:00,7.58
2016-03-24 04:00:00,7.580000004
2016-03-24 05:00:00,32.9
2016-03-24 06:00:00,34.17
2016-03-24 07:00:00,33.8
2016-03-24 08:00:00,39.81
2016-03-24 09:00:00,39.11
2016-03-24 10:00:00,35.74
2016-03-24 11:00:00,36.92
2016-03-24 12:00:00,36.47
2016-03-24 13:00:00,37.56
2016-03-24 14:00:00,40.63
2016-03-24 15:00:00,39.12
2016-03-24 16:00:00,38.16
2016-03-24 17:00:00,37.15
2016-03-24 18:00:00,34.02
2016-03-24 19:00:00,38.11
2016-03-24 20:00:00,37.41
2016-03-24 21:00:00,40.51
2016-03-24 22:00:00,38.43
2016-03-24 23:00:00,34.06
2016-03-25 00:00:00,7.58
2016-03-25 01:00:00,7.58
2016-03-25 02:00:00,7.58
2016-03-25 03:00:00,7.58
2016-03-25 04:00:00,10.68
2016-03-25 05:00:00,35.81
2016-03-25 06:00:00,34.47
2016-03-25 07:00:00,28.89
2016-03-25 08:00:00,33.66
2016-03-25 09:00:00,37.89
2016-03-25 10:00:00,37.61
2016-03-25 11:00:00,40.2
2016-03-25 12:00:00,34.54
2016-03-25 13:00:00,37.95
2016-03-25 14:00:00,37.32
2016-03-25 15:00:00,38.94
2016-03-25 16:00:00,37.83
2016-03-25 17:00:00,33.33
2016-03-25 18:00:00,37.44
2016-03-25 19:00:00,37.07
2016-03-25 20:00:00,39.95
2016-03-25 21:00:00,42.73
2016-03-25 22:00:00,40.53
2016-03-25 23:00:00,33.47
2016-03-26 00:00:00,7.58
2016-03-26 01:00:00,7.58
2016-03-26 02:00:00,7.58
2016-03-26 03:00:00,7.58
2016-03-26 04:00:00,33.95
2016-03-26 05:00:00,38.07
2016-03-26 06:00:00,35.18
2016-03-26 07:00:00,34.82
2016-03-26 08:00:00,39
2016-03-26 09:00:00,36.43
2016-03-26 10:00:00,38.71
2016-03-26 11:00:00,36.7
2016-03-26 12:00:00,35.79
2016-03-26 13:00:00,40.12
2016-03-26 14:00:00,40.87
2016-03-26 15:00:00,39.61
2016-03-26 16:00:00,37.97
2016-03-26 17:00:00,43.79
2016-03-26 18:00:00,42.28
2016-03-26 19:00:00,38.72
2016-03-26 20:00:00,38.03
2016-03-26 21:00:00,36.74
2016-03-26 22:00:00,7.58
2016-03-26 23:00:00,7.58
2016-03-27 00:00:00,7.58
2016-03-27 01:00:00,2.84
2016-03-27 02:00:00,2.84
2016-03-27 03:00:00,2.84
2016-03-27 04:00:00,2.84
2016-03-27 05:00:00,2.84
2016-03-27 06:00:00,2.84
2016-03-27 07:00:00,27.08
2016-03-27 08:00:00,34.11
2016-03-27 09:00:00,31.08
2016-03-27 10:00:00,32.94
2016-03-27 11:00:00,32.46
2016-03-27 12:00:00,31.2
2016-03-27 13:00:00,33.05
2016-03-27 14:00:00,31.31
2016-03-27 15:00:00,34.86
2016-03-27 16:00:00,33.37
2016-03-27 17:00:00,37.13
2016-03-27 18:00:00,34.43
2016-03-27 19:00:00,33.91
2016-03-27 20:00:00,37.83
2016-03-27 21:00:00,33.21
2016-03-27 22:00:00,33.88
2016-03-27 23:00:00,33.59
2016-03-28 00:00:00,2.84
2016-03-28 01:00:00,2.84
2016-03-28 02:00:00,2.84
2016-03-28 03:00:00,2.84
2016-03-28 04:00:00,2.84
2016-03-28 05:00:00,2.84
2016-03-28 06:00:00,30.32
2016-03-28 07:00:00,33.89
2016-03-28 08:00:00,35.42
2016-03-28 09:00:00,33.95
2016-03-28 10:00:00,33.96
2016-03-28 11:00:00,35.06
2016-03-28 12:00:00,34.46
2016-03-28 13:00:00,33.31
2016-03-28 14:00:00,33.96
2016-03-28 15:00:00,35.99
2016-03-28 16:00:00,33.41
2016-03-28 17:00:00,33.99
2016-03-28 18:00:00,26.76
2016-03-28 19:00:00,34
2016-03-28 20:00:00,35.34
2016-03-28 21:00:00,32.09
2016-03-28 22:00:00,33.22
2016-03-28 23:00:00,29.57
2016-03-29 00:00:00,2.84
2016-03-29 01:00:00,2.84
2016-03-29 02:00:00,2.84
2016-03-29 03:00:00,2.84
2016-03-29 04:00:00,2.84
2016-03-29 05:00:00,2.84
2016-03-29 06:00:00,5.78
2016-03-29 07:00:00,36
2016-03-29 08:00:00,37.35
2016-03-29 09:00:00,37.59
2016-03-29 10:00:00,35.95
2016-03-29 11:00:00,32.8
2016-03-29 12:00:00,35.88
2016-03-29 13:00:00,36.15
2016-03-29 14:00:00,35.68
2016-03-29 15:00:00,34.85
2016-03-29 16:00:00,34.82
2016-03-29 17:00:00,34.13
2016-03-29 18:00:00,32.42
2016-03-29 19:00:00,35.15
2016-03-29 20:00:00,34.43
2016-03-29 21:00:00,36.23
2016-03-29 22:00:00,33.83
2016-03-29 23:00:00,33.17
2016-03-30 00:00:00,2.84
2016-03-30 01:00:00,2.84
2016-03-30 02:00:00,2.84
2016-03-30 03:00:00,2.84
2016-03-30 04:00:00,2.84
2016-03-30 05:00:00,2.84
2016-03-30 06:00:00,35
2016-03-30 07:00:00,36
2016-03-30 08:00:00,37.52
2016-03-30 09:00:00,36.05
2016-03-30 10:00:00,36.73
2016-03-30 11:00:00,33.8
2016-03-30 12:00:00,32.21
2016-03-30 13:00:00,30.14
2016-03-30 14:00:00,35.75
2016-03-30 15:00:00,33.19
2016-03-30 16:00:00,32.17
2016-03-30 17:00:00,31.83
2016-03-30 18:00:00,36.72
2016-03-30 19:00:00,33.74
2016-03-30 20:00:00,33.97
2016-03-30 21:00:00,32.83
2016-03-30 22:00:00,31.84
2016-03-30 23:00:00,30.17
2016-03-31 00:00:00,2.84
2016-03-31 01:00:00,2.84
2016-03-31 02:00:00,2.84
2016-03-31 03:00:00,2.84
2016-03-31 04:00:00,2.840000006
2016-03-31 05:00:00,35.2
2016-03-31 06:00:00,33.86
2016-03-31 07:00:00,32.55
2016-03-31 08:00:00,37.83
2016-03-31 09:00:00,34.04
2016-03-31 10:00:00,30.6
2016-03-31 11:00:00,35.16
2016-03-31 12:00:00,37.18
2016-03-31 13:00:00,33.61
2016-03-31 14:00:00,33.98
2016-03-31 15:00:00,33.58
2016-03-31 16:00:00,34.69
2016-03-31 17:00:00,37.01
2016-03-31 18:00:00,32.57
2016-03-31 19:00:00,34.76
2016-03-31 20:00:00,32.3
2016-03-31 21:00:00,35.53
2016-03-31 22:00:00,33.75
2016-03-31 23:00:00,30.42
2016-04-01 00:00:00,2.84
2016-04-01 01:00:00,2.84
2016-04-01 02:00:00,2.84
2016-04-01 03:00:00,2.84
2016-04-01 04:00:00,5.930000004
2016-04-01 05:00:00,29.73
2016-04-01 06:00:00,31.75
2016-04-01 07:00:00,27.37
2016-04-01 08:00:00,32.82
2016-04-01 09:00:00,33.38
2016-04-01 10:00:00,38.13
2016-04-01 11:00:00,31.83
2016-04-01 12:00:00,32.35
2016-04-01 13:00:00,31.57
2016-04-01 14:00:00,36.98
2016-04-01 15:00:00,29.06
2016-04-01 16:00:00,32.54
2016-04-01 17:00:00,31.08
2016-04-01 18:00:00,32.46
2016-04-01 19:00:00,33.84
2016-04-01 20:00:00,36.91
2016-04-01 21:00:00,35.41
2016-04-01 22:00:00,36.67
2016-04-01 23:00:00,33.24
2016-04-02 00:00:00,2.84
2016-04-02 01:00:00,2.84
2016-04-02 02:00:00,2.84
2016-04-02 03:00:00,2.84
2016-04-02 04:00:00,2.840000005
2016-04-02 05:00:00,33.01
2016-04-02 06:00:00,31.31
2016-04-02 07:00:00,24.53
2016-04-02 08:00:00,29.98
2016-04-02 09:00:00,30.54
2016-04-02 10:00:00,35.29
2016-04-02 11:00:00,28.99
2016-04-02 12:00:00,29.51
2016-04-02 13:00:00,28.73
2016-04-02 14:00:00,34.14
2016-04-02 15:00:00,26.22
2016-04-02 16:00:00,29.7
2016-04-02 17:00:00,28.24
2016-04-02 18:00:00,29.62
2016-04-02 19:00:00,31
2016-04-02 20:00:00,34.07
2016-04-02 21:00:00,32.57
2016-04-02 22:00:00,33.83
2016-04-02 23:00:00,30.4
2016-04-03 00:00:00,1.78
2016-04-03 01:00:00,2.84
2016-04-03 02:00:00,2.84
2016-04-03 03:00:00,2.84
2016-04-03 04:00:00,2.840000005
2016-04-03 05:00:00,29.01
2016-04-03 06:00:00,29.17
2016-04-03 07:00:00,32.72
2016-04-03 08:00:00,32.25
2016-04-03 09:00:00,26.58
2016-04-03 10:00:00,34.56
2016-04-03 11:00:00,30.04
2016-04-03 12:00:00,36.59
2016-04-03 13:00:00,36.34
2016-04-03 14:00:00,37.88
2016-04-03 15:00:00,36.9
2016-04-03 16:00:00,35.35
2016-04-03 17:00:00,35.55
2016-04-03 18:00:00,26.83
2016-04-03 19:00:00,33.96
2016-04-03 20:00:00,37.81
2016-04-03 21:00:00,33.21
2016-04-03 22:00:00,31.68
2016-04-03 23:00:00,26.44
2016-04-04 00:00:00,2.84
2016-04-04 01:00:00,2.84
2016-04-04 02:00:00,2.84
2016-04-04 03:00:00,2.84
2016-04-04 04:00:00,2.840000001
2016-04-04 05:00:00,6.33
2016-04-04 06:00:00,30.65
2016-04-04 07:00:00,31.62
2016-04-04 08:00:00,35.34
2016-04-04 09:00:00,35.23
2016-04-04 10:00:00,37.46
2016-04-04 11:00:00,36.53
2016-04-04 12:00:00,32.13
2016-04-04 13:00:00,34.12
2016-04-04 14:00:00,37.05
2016-04-04 15:00:00,37.63
2016-04-04 16:00:00,34.42
2016-04-04 17:00:00,34.15
2016-04-04 18:00:00,33.55
2016-04-04 19:00:00,32.07
2016-04-04 20:00:00,33.51
2016-04-04 21:00:00,34.02
2016-04-04 22:00:00,34.29
2016-04-04 23:00:00,32.32
2016-04-05 00:00:00,0
2016-04-05 01:00:00,2.84
2016-04-05 02:00:00,2.84
2016-04-05 03:00:00,2.84
2016-04-05 04:00:00,2.840000001
2016-04-05 05:00:00,6.45
2016-04-05 06:00:00,30.77
2016-04-05 07:00:00,35.9
2016-04-05 08:00:00,38.73
2016-04-05 09:00:00,31.21
2016-04-05 10:00:00,36.83
2016-04-05 11:00:00,35.84
2016-04-05 12:00:00,38.09
2016-04-05 13:00:00,37.88
2016-04-05 14:00:00,35.51
2016-04-05 15:00:00,39.05
2016-04-05 16:00:00,36.64
2016-04-05 17:00:00,32.97
2016-04-05 18:00:00,29.41
2016-04-05 19:00:00,32.15
2016-04-05 20:00:00,33.51
2016-04-05 21:00:00,32.8
2016-04-05 22:00:00,32.43
2016-04-05 23:00:00,30.08
2016-04-06 00:00:00,2.84
2016-04-06 01:00:00,2.84
2016-04-06 02:00:00,2.84
2016-04-06 03:00:00,2.84
2016-04-06 04:00:00,2.84
2016-04-06 05:00:00,2.84
2016-04-06 06:00:00,30.41
2016-04-06 07:00:00,34.47
2016-04-06 08:00:00,32.95
2016-04-06 09:00:00,36.71
2016-04-06 10:00:00,34.18
2016-04-06 11:00:00,34.51
2016-04-06 12:00:00,37.11
2016-04-06 13:00:00,32.69
2016-04-06 14:00:00,33.87
2016-04-06 15:00:00,31.63
2016-04-06 16:00:00,33.66
2016-04-06 17:00:00,34.09
2016-04-06 18:00:00,30.71
2016-04-06 19:00:00,34.94
2016-04-06 20:00:00,36.2
2016-04-06 21:00:00,36.68
2016-04-06 22:00:00,36.1
2016-04-06 23:00:00,26.8
2016-04-07 00:00:00,2.84
2016-04-07 01:00:00,2.84
2016-04-07 02:00:00,2.84
2016-04-07 03:00:00,2.84
2016-04-07 04:00:00,2.84
2016-04-07 05:00:00,2.84
2016-04-07 06:00:00,36.56
2016-04-07 07:00:00,36.36
2016-04-07 08:00:00,32.12
2016-04-07 09:00:00,36.31
2016-04-07 10:00:00,35.76
2016-04-07 11:00:00,37.63
2016-04-07 12:00:00,39.31
2016-04-07 13:00:00,34.7
2016-04-07 14:00:00,35.48
2016-04-07 15:00:00,36.04
2016-04-07 16:00:00,34.69
2016-04-07 17:00:00,34.19
2016-04-07 18:00:00,33.56
2016-04-07 19:00:00,36.49
2016-04-07 20:00:00,38.43
2016-04-07 21:00:00,34.84
2016-04-07 22:00:00,34.36
2016-04-07 23:00:00,30.97
2016-04-08 00:00:00,2.84
2016-04-08 01:00:00,2.84
2016-04-08 02:00:00,2.84
2016-04-08 03:00:00,2.84
2016-04-08 04:00:00,2.84
2016-04-08 05:00:00,2.84
2016-04-08 06:00:00,28.31
2016-04-08 07:00:00,32.51
2016-04-08 08:00:00,34.98
2016-04-08 09:00:00,40.53
2016-04-08 10:00:00,38.98
2016-04-08 11:00:00,37.91
2016-04-08 12:00:00,36.89
2016-04-08 13:00:00,35.56
2016-04-08 14:00:00,34.68
2016-04-08 15:00:00,32.81
2016-04-08 16:00:00,33.73
2016-04-08 17:00:00,33.55
2016-04-08 18:00:00,31.1
2016-04-08 19:00:00,36.82
2016-04-08 20:00:00,35.11
2016-04-08 21:00:00,35.46
2016-04-08 22:00:00,33.45
2016-04-08 23:00:00,28.11
2016-04-09 00:00:00,2.84
2016-04-09 01:00:00,2.84
2016-04-09 02:00:00,2.84
2016-04-09 03:00:00,14.32
2016-04-09 04:00:00,25.67
2016-04-09 05:00:00,23.88
2016-04-09 06:00:00,23.82
2016-04-09 07:00:00,31.33
2016-04-09 08:00:00,29.12
2016-04-09 09:00:00,33.56
2016-04-09 10:00:00,31.67
2016-04-09 11:00:00,36.3
2016-04-09 12:00:00,33.23
2016-04-09 13:00:00,26.67
2016-04-09 14:00:00,26.8
2016-04-09 15:00:00,26.78
2016-04-09 16:00:00,26.8
2016-04-09 17:00:00,35.43
2016-04-09 18:00:00,36.06
2016-04-09 19:00:00,33.88
2016-04-09 20:00:00,32.93
2016-04-09 21:00:00,30.8
2016-04-09 22:00:00,29.2
2016-04-09 23:00:00,16.74
2016-04-10 00:00:00,2.84
2016-04-10 01:00:00,2.84
2016-04-10 02:00:00,2.84
2016-04-10 03:00:00,2.84
2016-04-10 04:00:00,2.84
2016-04-10 05:00:00,2.84
2016-04-10 06:00:00,26.97
2016-04-10 07:00:00,26.62
2016-04-10 08:00:00,30.81
2016-04-10 09:00:00,36.77
2016-04-10 10:00:00,37.99
2016-04-10 11:00:00,31.13
2016-04-10 12:00:00,28.93
2016-04-10 13:00:00,39.69
2016-04-10 14:00:00,36.34
2016-04-10 15:00:00,38.42
2016-04-10 16:00:00,32.89
2016-04-10 17:00:00,32.83
2016-04-10 18:00:00,35.55
2016-04-10 19:00:00,33.21
2016-04-10 20:00:00,36.24
2016-04-10 21:00:00,32.84
2016-04-10 22:00:00,32.77
2016-04-10 23:00:00,26.23
2016-04-11 00:00:00,2.84
2016-04-11 01:00:00,2.84
2016-04-11 02:00:00,2.84
2016-04-11 03:00:00,2.84
2016-04-11 04:00:00,2.84
2016-04-11 05:00:00,2.84
2016-04-11 06:00:00,2.84
2016-04-11 07:00:00,29.4
2016-04-11 08:00:00,38.96
2016-04-11 09:00:00,38.53
2016-04-11 10:00:00,33.87
2016-04-11 11:00:00,36.87
2016-04-11 12:00:00,35.35
2016-04-11 13:00:00,37.74
2016-04-11 14:00:00,38.01
2016-04-11 15:00:00,37.99
2016-04-11 16:00:00,35.04
2016-04-11 17:00:00,32.57
2016-04-11 18:00:00,31.7
2016-04-11 19:00:00,32.21
2016-04-11 20:00:00,34.08
2016-04-11 21:00:00,32.28
2016-04-11 22:00:00,33.6
2016-04-11 23:00:00,29.05
2016-04-12 00:00:00,2.84
2016-04-12 01:00:00,2.84
2016-04-12 02:00:00,2.84
2016-04-12 03:00:00,2.84
2016-04-12 04:00:00,2.840000005
2016-04-12 05:00:00,33.15
2016-04-12 06:00:00,37.06
2016-04-12 07:00:00,34.32
2016-04-12 08:00:00,36.04
2016-04-12 09:00:00,36.57
2016-04-12 10:00:00,36.55
2016-04-12 11:00:00,34.98
2016-04-12 12:00:00,34.58
2016-04-12 13:00:00,36.1
2016-04-12 14:00:00,33.94
2016-04-12 15:00:00,33.42
2016-04-12 16:00:00,34.21
2016-04-12 17:00:00,33.57
2016-04-12 18:00:00,31.95
2016-04-12 19:00:00,36.9
2016-04-12 20:00:00,34.56
2016-04-12 21:00:00,32.2
2016-04-12 22:00:00,33.01
2016-04-12 23:00:00,31.26
2016-04-13 00:00:00,2.42
2016-04-13 01:00:00,2.42
2016-04-13 02:00:00,2.42
2016-04-13 03:00:00,2.42
2016-04-13 04:00:00,2.42
2016-04-13 05:00:00,2.42
2016-04-13 06:00:00,2.42
2016-04-13 07:00:00,2.42
2016-04-13 08:00:00,2.42
2016-04-13 09:00:00,2.42
2016-04-13 10:00:00,2.42
2016-04-13 11:00:00,2.42
2016-04-13 12:00:00,2.42
2016-04-13 13:00:00,2.42
2016-04-13 14:00:00,2.42
2016-04-13 15:00:00,2.42
2016-04-13 16:00:00,2.42
2016-04-13 17:00:00,2.42
2016-04-13 18:00:00,2.42
2016-04-13 19:00:00,5.510000003
2016-04-13 20:00:00,25.02
2016-04-13 21:00:00,24.95
2016-04-13 22:00:00,25.04
2016-04-13 23:00:00,21.84
2016-04-14 00:00:00,2.42
2016-04-14 01:00:00,2.42
2016-04-14 02:00:00,2.42
2016-04-14 03:00:00,2.42
2016-04-14 04:00:00,2.42
2016-04-14 05:00:00,2.42
2016-04-14 06:00:00,2.42
2016-04-14 07:00:00,0
2016-04-14 08:00:00,0
2016-04-14 09:00:00,0
2016-04-14 10:00:00,0
2016-04-14 11:00:00,0
2016-04-14 12:00:00,0
2016-04-14 13:00:00,0
2016-04-14 14:00:00,0
2016-04-14 15:00:00,0
2016-04-14 16:00:00,0
2016-04-14 17:00:00,0
2016-04-14 18:00:00,0
2016-04-14 19:00:00,6.37E-09
2016-04-14 20:00:00,36.5
2016-04-14 21:00:00,20.3
2016-04-14 22:00:00,15.5
2016-04-14 23:00:00,15.5
2016-04-15 00:00:00,2.42
2016-04-15 01:00:00,2.42
2016-04-15 02:00:00,2.42
2016-04-15 03:00:00,2.42
2016-04-15 04:00:00,2.42
2016-04-15 05:00:00,2.42
2016-04-15 06:00:00,2.42
2016-04-15 07:00:00,2.42
2016-04-15 08:00:00,2.42
2016-04-15 09:00:00,2.42
2016-04-15 10:00:00,2.42
2016-04-15 11:00:00,2.42
2016-04-15 12:00:00,2.42
2016-04-15 13:00:00,2.42
2016-04-15 14:00:00,2.42
2016-04-15 15:00:00,2.42
2016-04-15 16:00:00,2.42
2016-04-15 17:00:00,2.42
2016-04-15 18:00:00,2.42
2016-04-15 19:00:00,7.250000005
2016-04-15 20:00:00,35.44
2016-04-15 21:00:00,35.77
2016-04-15 22:00:00,34.52999999
2016-04-15 23:00:00,2.42
2016-04-16 00:00:00,2.42
2016-04-16 01:00:00,2.42
2016-04-16 02:00:00,2.42
2016-04-16 03:00:00,2.42
2016-04-16 04:00:00,2.42
2016-04-16 05:00:00,2.42
2016-04-16 06:00:00,2.42
2016-04-16 07:00:00,0
2016-04-16 08:00:00,0
2016-04-16 09:00:00,0
2016-04-16 10:00:00,0
2016-04-16 11:00:00,0
2016-04-16 12:00:00,0
2016-04-16 13:00:00,0
2016-04-16 14:00:00,0
2016-04-16 15:00:00,0
2016-04-16 16:00:00,0
2016-04-16 17:00:00,0
2016-04-16 18:00:00,0
2016-04-16 19:00:00,0
2016-04-16 20:00:00,0
2016-04-16 21:00:00,0
2016-04-16 22:00:00,0
2016-04-16 23:00:00,0
2016-04-17 00:00:00,6.2
2016-04-17 01:00:00,2.42
2016-04-17 02:00:00,2.42
2016-04-17 03:00:00,2.42
2016-04-17 04:00:00,2.42
2016-04-17 05:00:00,2.42
2016-04-17 06:00:00,30.07
2016-04-17 07:00:00,31.29
2016-04-17 08:00:00,31.3
2016-04-17 09:00:00,31.3
2016-04-17 10:00:00,31.3
2016-04-17 11:00:00,31.31
2016-04-17 12:00:00,31.31
2016-04-17 13:00:00,31.31
2016-04-17 14:00:00,31.31
2016-04-17 15:00:00,31.32
2016-04-17 16:00:00,31.32
2016-04-17 17:00:00,30.46
2016-04-17 18:00:00,30.47
2016-04-17 19:00:00,31.32
2016-04-17 20:00:00,31.33
2016-04-17 21:00:00,31.33
2016-04-17 22:00:00,31.33
2016-04-17 23:00:00,28.11
2016-04-18 00:00:00,2.42
2016-04-18 01:00:00,2.42
2016-04-18 02:00:00,2.42
2016-04-18 03:00:00,2.42
2016-04-18 04:00:00,2.420000001
2016-04-18 05:00:00,5.94
2016-04-18 06:00:00,37.43
2016-04-18 07:00:00,37.07
2016-04-18 08:00:00,31.82
2016-04-18 09:00:00,37.29
2016-04-18 10:00:00,39.84
2016-04-18 11:00:00,36.55
2016-04-18 12:00:00,36.88
2016-04-18 13:00:00,32.61
2016-04-18 14:00:00,36.51
2016-04-18 15:00:00,36
2016-04-18 16:00:00,33.07
2016-04-18 17:00:00,32.39
2016-04-18 18:00:00,40.25
2016-04-18 19:00:00,33.51
2016-04-18 20:00:00,38.4
2016-04-18 21:00:00,35.44
2016-04-18 22:00:00,35.96
2016-04-18 23:00:00,28.65
2016-04-19 00:00:00,2.42
2016-04-19 01:00:00,2.42
2016-04-19 02:00:00,2.42
2016-04-19 03:00:00,2.42
2016-04-19 04:00:00,2.42
2016-04-19 05:00:00,2.42
2016-04-19 06:00:00,2.42
2016-04-19 07:00:00,2.42
2016-04-19 08:00:00,2.42
2016-04-19 09:00:00,2.42
2016-04-19 10:00:00,2.42
2016-04-19 11:00:00,2.42
2016-04-19 12:00:00,2.42
2016-04-19 13:00:00,2.42
2016-04-19 14:00:00,2.42
2016-04-19 15:00:00,2.42
2016-04-19 16:00:00,2.42
2016-04-19 17:00:00,2.42
2016-04-19 18:00:00,2.42
2016-04-19 19:00:00,38.38
2016-04-19 20:00:00,38.67
2016-04-19 21:00:00,38.68
2016-04-19 22:00:00,38.69
2016-04-19 23:00:00,36.6
2016-04-20 00:00:00,2.42
2016-04-20 01:00:00,2.42
2016-04-20 02:00:00,2.42
2016-04-20 03:00:00,2.42
2016-04-20 04:00:00,2.42
2016-04-20 05:00:00,2.42
2016-04-20 06:00:00,2.42
2016-04-20 07:00:00,2.42
2016-04-20 08:00:00,2.42
2016-04-20 09:00:00,2.42
2016-04-20 10:00:00,2.42
2016-04-20 11:00:00,2.42
2016-04-20 12:00:00,2.42
2016-04-20 13:00:00,2.42
2016-04-20 14:00:00,2.42
2016-04-20 15:00:00,2.42
2016-04-20 16:00:00,2.42
2016-04-20 17:00:00,2.42
2016-04-20 18:00:00,5.27
2016-04-20 19:00:00,22.7
2016-04-20 20:00:00,43.36
2016-04-20 21:00:00,44.14
2016-04-20 22:00:00,44.36
2016-04-20 23:00:00,44.27
2016-04-21 00:00:00,6.7
2016-04-21 01:00:00,2.42
2016-04-21 02:00:00,2.42
2016-04-21 03:00:00,2.42
2016-04-21 04:00:00,2.42
2016-04-21 05:00:00,2.42
2016-04-21 06:00:00,2.42
2016-04-21 07:00:00,2.42
2016-04-21 08:00:00,2.42
2016-04-21 09:00:00,2.42
2016-04-21 10:00:00,2.42
2016-04-21 11:00:00,2.42
2016-04-21 12:00:00,2.42
2016-04-21 13:00:00,2.42
2016-04-21 14:00:00,2.42
2016-04-21 15:00:00,2.42
2016-04-21 16:00:00,2.42
2016-04-21 17:00:00,2.42
2016-04-21 18:00:00,2.42
2016-04-21 19:00:00,43.57
2016-04-21 20:00:00,44.95
2016-04-21 21:00:00,44.4
2016-04-21 22:00:00,45.63
2016-04-21 23:00:00,42.36
2016-04-22 00:00:00,2.42
2016-04-22 01:00:00,2.42
2016-04-22 02:00:00,2.42
2016-04-22 03:00:00,2.42
2016-04-22 04:00:00,2.42
2016-04-22 05:00:00,2.42
2016-04-22 06:00:00,2.42
2016-04-22 07:00:00,2.42
2016-04-22 08:00:00,2.42
2016-04-22 09:00:00,2.42
2016-04-22 10:00:00,2.42
2016-04-22 11:00:00,2.42
2016-04-22 12:00:00,2.42
2016-04-22 13:00:00,2.42
2016-04-22 14:00:00,2.42
2016-04-22 15:00:00,2.42
2016-04-22 16:00:00,2.42
2016-04-22 17:00:00,2.42
2016-04-22 18:00:00,2.42
2016-04-22 19:00:00,23.03
2016-04-22 20:00:00,43.9
2016-04-22 21:00:00,43.92
2016-04-22 22:00:00,44.28
2016-04-22 23:00:00,37.39
2016-04-23 00:00:00,2.42
2016-04-23 01:00:00,2.42
2016-04-23 02:00:00,2.42
2016-04-23 03:00:00,2.42
2016-04-23 04:00:00,2.42
2016-04-23 05:00:00,2.42
2016-04-23 06:00:00,2.42
2016-04-23 07:00:00,2.42
2016-04-23 08:00:00,2.42
2016-04-23 09:00:00,2.42
2016-04-23 10:00:00,2.42
2016-04-23 11:00:00,2.42
2016-04-23 12:00:00,2.42
2016-04-23 13:00:00,2.42
2016-04-23 14:00:00,2.42
2016-04-23 15:00:00,2.42
2016-04-23 16:00:00,2.42
2016-04-23 17:00:00,2.42
2016-04-23 18:00:00,2.42
2016-04-23 19:00:00,9.630000006
2016-04-23 20:00:00,42.29
2016-04-23 21:00:00,42.39
2016-04-23 22:00:00,42.45
2016-04-23 23:00:00,39.78
2016-04-24 00:00:00,2.42
2016-04-24 01:00:00,2.42
2016-04-24 02:00:00,2.42
2016-04-24 03:00:00,2.42
2016-04-24 04:00:00,2.42
2016-04-24 05:00:00,2.42
2016-04-24 06:00:00,2.42
2016-04-24 07:00:00,2.42
2016-04-24 08:00:00,2.42
2016-04-24 09:00:00,2.42
2016-04-24 10:00:00,2.42
2016-04-24 11:00:00,2.42
2016-04-24 12:00:00,2.42
2016-04-24 13:00:00,2.42
2016-04-24 14:00:00,2.42
2016-04-24 15:00:00,2.42
2016-04-24 16:00:00,2.42
2016-04-24 17:00:00,2.42
2016-04-24 18:00:00,2.42
2016-04-24 19:00:00,21.89
2016-04-24 20:00:00,43.34
2016-04-24 21:00:00,44.84
2016-04-24 22:00:00,45.06
2016-04-24 23:00:00,32.14
2016-04-25 00:00:00,2.42
2016-04-25 01:00:00,2.42
2016-04-25 02:00:00,2.42
2016-04-25 03:00:00,2.42
2016-04-25 04:00:00,2.42
2016-04-25 05:00:00,2.42
2016-04-25 06:00:00,2.42
2016-04-25 07:00:00,0
2016-04-25 08:00:00,0
2016-04-25 09:00:00,0
2016-04-25 10:00:00,0
2016-04-25 11:00:00,0
2016-04-25 12:00:00,0
2016-04-25 13:00:00,0
2016-04-25 14:00:00,0
2016-04-25 15:00:00,0
2016-04-25 16:00:00,0
2016-04-25 17:00:00,0
2016-04-25 18:00:00,0
2016-04-25 19:00:00,5.000000006
2016-04-25 20:00:00,40.92
2016-04-25 21:00:00,42.42
2016-04-25 22:00:00,42.64
2016-04-25 23:00:00,29.72
2016-04-26 00:00:00,0
2016-04-26 01:00:00,2.42
2016-04-26 02:00:00,2.42
2016-04-26 03:00:00,2.42
2016-04-26 04:00:00,2.42
2016-04-26 05:00:00,2.42
2016-04-26 06:00:00,2.42
2016-04-26 07:00:00,33.49
2016-04-26 08:00:00,41.59
2016-04-26 09:00:00,43.68
2016-04-26 10:00:00,43.69
2016-04-26 11:00:00,43.81
2016-04-26 12:00:00,43.75
2016-04-26 13:00:00,43.79
2016-04-26 14:00:00,43.79
2016-04-26 15:00:00,43.83
2016-04-26 16:00:00,43.76
2016-04-26 17:00:00,43.8
2016-04-26 18:00:00,43.96
2016-04-26 19:00:00,43.78
2016-04-26 20:00:00,43.81
2016-04-26 21:00:00,43.75
2016-04-26 22:00:00,43.83
2016-04-26 23:00:00,42.21
2016-04-27 00:00:00,6.55
2016-04-27 01:00:00,2.42
2016-04-27 02:00:00,2.42
2016-04-27 03:00:00,2.42
2016-04-27 04:00:00,2.42
2016-04-27 05:00:00,2.42
2016-04-27 06:00:00,2.42
2016-04-27 07:00:00,2.42
2016-04-27 08:00:00,2.42
2016-04-27 09:00:00,2.42
2016-04-27 10:00:00,2.42
2016-04-27 11:00:00,2.42
2016-04-27 12:00:00,2.42
2016-04-27 13:00:00,2.42
2016-04-27 14:00:00,2.42
2016-04-27 15:00:00,2.42
2016-04-27 16:00:00,2.42
2016-04-27 17:00:00,2.42
2016-04-27 18:00:00,2.42
2016-04-27 19:00:00,20.18
2016-04-27 20:00:00,43.46
2016-04-27 21:00:00,43.94
2016-04-27 22:00:00,43.97
2016-04-27 23:00:00,44.19
2016-04-28 00:00:00,5.29
2016-04-28 01:00:00,2.42
2016-04-28 02:00:00,2.42
2016-04-28 03:00:00,2.42
2016-04-28 04:00:00,2.42
2016-04-28 05:00:00,2.42
2016-04-28 06:00:00,2.42
2016-04-28 07:00:00,2.42
2016-04-28 08:00:00,2.42
2016-04-28 09:00:00,2.42
2016-04-28 10:00:00,2.420000006
2016-04-28 11:00:00,38.35
2016-04-28 12:00:00,39.71
2016-04-28 13:00:00,39.14
2016-04-28 14:00:00,41.62
2016-04-28 15:00:00,37.77
2016-04-28 16:00:00,2.42
2016-04-28 17:00:00,2.42
2016-04-28 18:00:00,2.42
2016-04-28 19:00:00,2.42
2016-04-28 20:00:00,2.42
2016-04-28 21:00:00,2.42
2016-04-28 22:00:00,2.42
2016-04-28 23:00:00,2.42
2016-04-29 00:00:00,2.42
2016-04-29 01:00:00,2.42
2016-04-29 02:00:00,2.42
2016-04-29 03:00:00,2.42
2016-04-29 04:00:00,2.42
2016-04-29 05:00:00,2.42
2016-04-29 06:00:00,2.42
2016-04-29 07:00:00,0
2016-04-29 08:00:00,0
2016-04-29 09:00:00,0
2016-04-29 10:00:00,0
2016-04-29 11:00:00,0
2016-04-29 12:00:00,0
2016-04-29 13:00:00,0
2016-04-29 14:00:00,0
2016-04-29 15:00:00,0
2016-04-29 16:00:00,0
2016-04-29 17:00:00,0
2016-04-29 18:00:00,0
2016-04-29 19:00:00,3.000000006
2016-04-29 20:00:00,35.93
2016-04-29 21:00:00,37.29
2016-04-29 22:00:00,36.72
2016-04-29 23:00:00,39.2
2016-04-30 00:00:00,2.42
2016-04-30 01:00:00,2.42
2016-04-30 02:00:00,2.42
2016-04-30 03:00:00,2.42
2016-04-30 04:00:00,2.42
2016-04-30 05:00:00,2.42
2016-04-30 06:00:00,2.42
2016-04-30 07:00:00,2.42
2016-04-30 08:00:00,2.42
2016-04-30 09:00:00,2.42
2016-04-30 10:00:00,2.42
2016-04-30 11:00:00,2.42
2016-04-30 12:00:00,2.42
2016-04-30 13:00:00,2.42
2016-04-30 14:00:00,2.42
2016-04-30 15:00:00,2.42
2016-04-30 16:00:00,2.42
2016-04-30 17:00:00,2.42
2016-04-30 18:00:00,2.42
2016-04-30 19:00:00,2.420000004
2016-04-30 20:00:00,26.76
2016-04-30 21:00:00,21.27
2016-04-30 22:00:00,20.14
2016-04-30 23:00:00,2.42
2016-05-01 00:00:00,2.42
2016-05-01 01:00:00,38.18
2016-05-01 02:00:00,38.98
2016-05-01 03:00:00,38.32
2016-05-01 04:00:00,38.33
2016-05-01 05:00:00,23.82
2016-05-01 06:00:00,22.72
2016-05-01 07:00:00,1.78
2016-05-01 08:00:00,1.78
2016-05-01 09:00:00,1.78
2016-05-01 10:00:00,1.78
2016-05-01 11:00:00,1.78
2016-05-01 12:00:00,1.78
2016-05-01 13:00:00,1.78
2016-05-01 14:00:00,1.78
2016-05-01 15:00:00,1.78
2016-05-01 16:00:00,1.78
2016-05-01 17:00:00,1.78
2016-05-01 18:00:00,1.78
2016-05-01 19:00:00,1.78
2016-05-01 20:00:00,1.78
2016-05-01 21:00:00,1.78
2016-05-01 22:00:00,1.78
2016-05-01 23:00:00,1.78
2016-05-02 00:00:00,1.78
2016-05-02 01:00:00,1.78
2016-05-02 02:00:00,1.78
2016-05-02 03:00:00,1.78
2016-05-02 04:00:00,1.78
2016-05-02 05:00:00,1.78
2016-05-02 06:00:00,1.78
2016-05-02 07:00:00,0
2016-05-02 08:00:00,0
2016-05-02 09:00:00,0
2016-05-02 10:00:00,0
2016-05-02 11:00:00,0
2016-05-02 12:00:00,0
2016-05-02 13:00:00,0
2016-05-02 14:00:00,0
2016-05-02 15:00:00,0
2016-05-02 16:00:00,20
2016-05-02 17:00:00,23
2016-05-02 18:00:00,23
2016-05-02 19:00:00,28
2016-05-02 20:00:00,28
2016-05-02 21:00:00,28
2016-05-02 22:00:00,28
2016-05-02 23:00:00,27
2016-05-03 00:00:00,1.78
2016-05-03 01:00:00,1.78
2016-05-03 02:00:00,1.78
2016-05-03 03:00:00,1.78
2016-05-03 04:00:00,1.78
2016-05-03 05:00:00,1.78
2016-05-03 06:00:00,1.78
2016-05-03 07:00:00,35.26
2016-05-03 08:00:00,35.37
2016-05-03 09:00:00,35.52
2016-05-03 10:00:00,35.45
2016-05-03 11:00:00,35.64
2016-05-03 12:00:00,35.32
2016-05-03 13:00:00,35.39
2016-05-03 14:00:00,35.33
2016-05-03 15:00:00,35.32
2016-05-03 16:00:00,38.32
2016-05-03 17:00:00,36.82
2016-05-03 18:00:00,36.81
2016-05-03 19:00:00,36.81
2016-05-03 20:00:00,35.82
2016-05-03 21:00:00,35.8
2016-05-03 22:00:00,35.71
2016-05-03 23:00:00,34.46
2016-05-04 00:00:00,1.78
2016-05-04 01:00:00,1.78
2016-05-04 02:00:00,1.78
2016-05-04 03:00:00,1.78
2016-05-04 04:00:00,1.78
2016-05-04 05:00:00,1.78
2016-05-04 06:00:00,7.98
2016-05-04 07:00:00,35.61
2016-05-04 08:00:00,35.6
2016-05-04 09:00:00,35.77
2016-05-04 10:00:00,35.78
2016-05-04 11:00:00,35.7
2016-05-04 12:00:00,35.48
2016-05-04 13:00:00,35.4
2016-05-04 14:00:00,35.37
2016-05-04 15:00:00,35.37
2016-05-04 16:00:00,35.52
2016-05-04 17:00:00,35.34
2016-05-04 18:00:00,35.42
2016-05-04 19:00:00,35.32
2016-05-04 20:00:00,35.39
2016-05-04 21:00:00,35.39
2016-05-04 22:00:00,35.42
2016-05-04 23:00:00,34.47
2016-05-05 00:00:00,1.78
2016-05-05 01:00:00,1.78
2016-05-05 02:00:00,1.78
2016-05-05 03:00:00,1.78
2016-05-05 04:00:00,1.78
2016-05-05 05:00:00,1.78
2016-05-05 06:00:00,35.54
2016-05-05 07:00:00,35.61
2016-05-05 08:00:00,35.66
2016-05-05 09:00:00,35.35
2016-05-05 10:00:00,35.61
2016-05-05 11:00:00,35.76
2016-05-05 12:00:00,35.65
2016-05-05 13:00:00,35.62
2016-05-05 14:00:00,35.42
2016-05-05 15:00:00,35.43
2016-05-05 16:00:00,35.48
2016-05-05 17:00:00,35.43
2016-05-05 18:00:00,35.44
2016-05-05 19:00:00,35.4
2016-05-05 20:00:00,35.44
2016-05-05 21:00:00,35.44
2016-05-05 22:00:00,31.51999999
2016-05-05 23:00:00,1.78
2016-05-06 00:00:00,1.78
2016-05-06 01:00:00,1.78
2016-05-06 02:00:00,1.78
2016-05-06 03:00:00,1.78
2016-05-06 04:00:00,1.78
2016-05-06 05:00:00,1.78
2016-05-06 06:00:00,29.97
2016-05-06 07:00:00,30.12
2016-05-06 08:00:00,30.25
2016-05-06 09:00:00,30.19
2016-05-06 10:00:00,33.59
2016-05-06 11:00:00,36.07
2016-05-06 12:00:00,35.92
2016-05-06 13:00:00,35.67
2016-05-06 14:00:00,35.92
2016-05-06 15:00:00,36.21
2016-05-06 16:00:00,35.42
2016-05-06 17:00:00,35.82
2016-05-06 18:00:00,35.9
2016-05-06 19:00:00,35.87
2016-05-06 20:00:00,35.87
2016-05-06 21:00:00,35.88
2016-05-06 22:00:00,35.85
2016-05-06 23:00:00,30.18
2016-05-07 00:00:00,1.78
2016-05-07 01:00:00,1.78
2016-05-07 02:00:00,1.78
2016-05-07 03:00:00,1.78
2016-05-07 04:00:00,1.78
2016-05-07 05:00:00,1.78
2016-05-07 06:00:00,34.94
2016-05-07 07:00:00,36.39
2016-05-07 08:00:00,36.06
2016-05-07 09:00:00,35.7
2016-05-07 10:00:00,35.82
2016-05-07 11:00:00,35.67
2016-05-07 12:00:00,35.45
2016-05-07 13:00:00,35.4
2016-05-07 14:00:00,35.71
2016-05-07 15:00:00,35.47
2016-05-07 16:00:00,35.47
2016-05-07 17:00:00,35.7
2016-05-07 18:00:00,35.51
2016-05-07 19:00:00,35.6
2016-05-07 20:00:00,35.6
2016-05-07 21:00:00,35.6
2016-05-07 22:00:00,35.63
2016-05-07 23:00:00,34.53
2016-05-08 00:00:00,1.78
2016-05-08 01:00:00,1.78
2016-05-08 02:00:00,1.78
2016-05-08 03:00:00,1.78
2016-05-08 04:00:00,1.78
2016-05-08 05:00:00,1.78
2016-05-08 06:00:00,35.63
2016-05-08 07:00:00,35.63
2016-05-08 08:00:00,35.74
2016-05-08 09:00:00,35.72
2016-05-08 10:00:00,36.06
2016-05-08 11:00:00,35.53
2016-05-08 12:00:00,35.64
2016-05-08 13:00:00,36.08
2016-05-08 14:00:00,36.05
2016-05-08 15:00:00,36.09
2016-05-08 16:00:00,35.9
2016-05-08 17:00:00,35.74
2016-05-08 18:00:00,35.69
2016-05-08 19:00:00,35.77
2016-05-08 20:00:00,35.77
2016-05-08 21:00:00,35.71
2016-05-08 22:00:00,35.89
2016-05-08 23:00:00,29.99
2016-05-09 00:00:00,1.78
2016-05-09 01:00:00,1.78
2016-05-09 02:00:00,1.78
2016-05-09 03:00:00,1.78
2016-05-09 04:00:00,1.780000001
2016-05-09 05:00:00,5.71
2016-05-09 06:00:00,30.49
2016-05-09 07:00:00,30.77
2016-05-09 08:00:00,33.05
2016-05-09 09:00:00,33.29
2016-05-09 10:00:00,33.29
2016-05-09 11:00:00,34.7
2016-05-09 12:00:00,37.13
2016-05-09 13:00:00,37.1
2016-05-09 14:00:00,37.4
2016-05-09 15:00:00,35.82
2016-05-09 16:00:00,35.73
2016-05-09 17:00:00,34.4
2016-05-09 18:00:00,33.64
2016-05-09 19:00:00,33.73
2016-05-09 20:00:00,36.12
2016-05-09 21:00:00,35.86
2016-05-09 22:00:00,35.92
2016-05-09 23:00:00,32.13
2016-05-10 00:00:00,1.78
2016-05-10 01:00:00,1.78
2016-05-10 02:00:00,1.78
2016-05-10 03:00:00,1.78
2016-05-10 04:00:00,1.78
2016-05-10 05:00:00,1.78
2016-05-10 06:00:00,1.78
2016-05-10 07:00:00,30.15
2016-05-10 08:00:00,32.68
2016-05-10 09:00:00,32.84
2016-05-10 10:00:00,33
2016-05-10 11:00:00,32.49
2016-05-10 12:00:00,33.64
2016-05-10 13:00:00,33.68
2016-05-10 14:00:00,33.63
2016-05-10 15:00:00,33.66
2016-05-10 16:00:00,33.99
2016-05-10 17:00:00,33.61
2016-05-10 18:00:00,33.55
2016-05-10 19:00:00,36.11
2016-05-10 20:00:00,36.16
2016-05-10 21:00:00,36.02
2016-05-10 22:00:00,36.11
2016-05-10 23:00:00,34.93
2016-05-11 00:00:00,1.78
2016-05-11 01:00:00,1.78
2016-05-11 02:00:00,1.78
2016-05-11 03:00:00,1.78
2016-05-11 04:00:00,1.780000005
2016-05-11 05:00:00,29.81
2016-05-11 06:00:00,35.45
2016-05-11 07:00:00,35.79
2016-05-11 08:00:00,36.05
2016-05-11 09:00:00,35.93
2016-05-11 10:00:00,36.06
2016-05-11 11:00:00,35.79
2016-05-11 12:00:00,36.02
2016-05-11 13:00:00,35.89
2016-05-11 14:00:00,35.99
2016-05-11 15:00:00,35.99
2016-05-11 16:00:00,35.85
2016-05-11 17:00:00,35.92
2016-05-11 18:00:00,35.88
2016-05-11 19:00:00,35.92
2016-05-11 20:00:00,35.91
2016-05-11 21:00:00,35.91
2016-05-11 22:00:00,32.59999999
2016-05-11 23:00:00,1.78
2016-05-12 00:00:00,1.78
2016-05-12 01:00:00,1.78
2016-05-12 02:00:00,1.78
2016-05-12 03:00:00,1.78
2016-05-12 04:00:00,1.78
2016-05-12 05:00:00,1.78
2016-05-12 06:00:00,29.83
2016-05-12 07:00:00,30.92
2016-05-12 08:00:00,36.48
2016-05-12 09:00:00,36.13
2016-05-12 10:00:00,35.92
2016-05-12 11:00:00,35.85
2016-05-12 12:00:00,35.94
2016-05-12 13:00:00,35.94
2016-05-12 14:00:00,35.83
2016-05-12 15:00:00,35.91
2016-05-12 16:00:00,35.96
2016-05-12 17:00:00,35.92
2016-05-12 18:00:00,33.65
2016-05-12 19:00:00,36.16
2016-05-12 20:00:00,36.27
2016-05-12 21:00:00,36.29
2016-05-12 22:00:00,35.87
2016-05-12 23:00:00,30.08
2016-05-13 00:00:00,1.78
2016-05-13 01:00:00,1.78
2016-05-13 02:00:00,1.78
2016-05-13 03:00:00,1.78
2016-05-13 04:00:00,1.78
2016-05-13 05:00:00,1.78
2016-05-13 06:00:00,1.78
2016-05-13 07:00:00,1.780000001
2016-05-13 08:00:00,8.22
2016-05-13 09:00:00,34.61
2016-05-13 10:00:00,34.65
2016-05-13 11:00:00,34.66
2016-05-13 12:00:00,34.55
2016-05-13 13:00:00,34.67
2016-05-13 14:00:00,34.61
2016-05-13 15:00:00,34.6
2016-05-13 16:00:00,34.68
2016-05-13 17:00:00,34.49
2016-05-13 18:00:00,34.65
2016-05-13 19:00:00,34.63
2016-05-13 20:00:00,34.66
2016-05-13 21:00:00,34.68
2016-05-13 22:00:00,34.37
2016-05-13 23:00:00,21.6
2016-05-14 00:00:00,1.78
2016-05-14 01:00:00,1.78
2016-05-14 02:00:00,1.78
2016-05-14 03:00:00,1.78
2016-05-14 04:00:00,1.780000005
2016-05-14 05:00:00,29.08
2016-05-14 06:00:00,30.54
2016-05-14 07:00:00,31.07
2016-05-14 08:00:00,31.09
2016-05-14 09:00:00,31.02
2016-05-14 10:00:00,32.82
2016-05-14 11:00:00,35.7
2016-05-14 12:00:00,35.93
2016-05-14 13:00:00,33.3
2016-05-14 14:00:00,33.41
2016-05-14 15:00:00,33.22
2016-05-14 16:00:00,33.29
2016-05-14 17:00:00,33.38
2016-05-14 18:00:00,33.37
2016-05-14 19:00:00,35.89
2016-05-14 20:00:00,36.32
2016-05-14 21:00:00,35.81
2016-05-14 22:00:00,33.47999999
2016-05-14 23:00:00,1.78
2016-05-15 00:00:00,1.78
2016-05-15 01:00:00,1.78
2016-05-15 02:00:00,1.78
2016-05-15 03:00:00,1.78
2016-05-15 04:00:00,1.78
2016-05-15 05:00:00,1.78
2016-05-15 06:00:00,32.77
2016-05-15 07:00:00,33.54
2016-05-15 08:00:00,33.62
2016-05-15 09:00:00,34.02
2016-05-15 10:00:00,36.02
2016-05-15 11:00:00,35.99
2016-05-15 12:00:00,36.35
2016-05-15 13:00:00,35.83
2016-05-15 14:00:00,35.89
2016-05-15 15:00:00,35.99
2016-05-15 16:00:00,35.98
2016-05-15 17:00:00,35.85
2016-05-15 18:00:00,35.92
2016-05-15 19:00:00,36.08
2016-05-15 20:00:00,36
2016-05-15 21:00:00,35.79
2016-05-15 22:00:00,35.97
2016-05-15 23:00:00,32.33
2016-05-16 00:00:00,1.78
2016-05-16 01:00:00,1.78
2016-05-16 02:00:00,1.78
2016-05-16 03:00:00,1.78
2016-05-16 04:00:00,1.780000001
2016-05-16 05:00:00,7.35
2016-05-16 06:00:00,28.28
2016-05-16 07:00:00,31.76
2016-05-16 08:00:00,31.84
2016-05-16 09:00:00,32.24
2016-05-16 10:00:00,34.24
2016-05-16 11:00:00,34.21
2016-05-16 12:00:00,34.57
2016-05-16 13:00:00,34.05
2016-05-16 14:00:00,34.11
2016-05-16 15:00:00,34.21
2016-05-16 16:00:00,34.2
2016-05-16 17:00:00,34.07
2016-05-16 18:00:00,34.14
2016-05-16 19:00:00,34.3
2016-05-16 20:00:00,34.22
2016-05-16 21:00:00,34.01
2016-05-16 22:00:00,34.19
2016-05-16 23:00:00,30.55
2016-05-17 00:00:00,1.78
2016-05-17 01:00:00,1.78
2016-05-17 02:00:00,1.78
2016-05-17 03:00:00,1.78
2016-05-17 04:00:00,1.78
2016-05-17 05:00:00,1.78
2016-05-17 06:00:00,1.78
2016-05-17 07:00:00,15.06
2016-05-17 08:00:00,36.38
2016-05-17 09:00:00,36.34
2016-05-17 10:00:00,36.32
2016-05-17 11:00:00,36.53
2016-05-17 12:00:00,36.26
2016-05-17 13:00:00,36.35
2016-05-17 14:00:00,36.37
2016-05-17 15:00:00,36.27
2016-05-17 16:00:00,36.07
2016-05-17 17:00:00,36.16
2016-05-17 18:00:00,36.49
2016-05-17 19:00:00,36.18
2016-05-17 20:00:00,36.41
2016-05-17 21:00:00,36.11
2016-05-17 22:00:00,36.22
2016-05-17 23:00:00,34.92
2016-05-18 00:00:00,1.78
2016-05-18 01:00:00,1.78
2016-05-18 02:00:00,1.78
2016-05-18 03:00:00,1.78
2016-05-18 04:00:00,1.78
2016-05-18 05:00:00,1.78
2016-05-18 06:00:00,1.78
2016-05-18 07:00:00,34.56
2016-05-18 08:00:00,35.75
2016-05-18 09:00:00,34.49
2016-05-18 10:00:00,34.81
2016-05-18 11:00:00,34.99
2016-05-18 12:00:00,35.07
2016-05-18 13:00:00,35.23
2016-05-18 14:00:00,35.28
2016-05-18 15:00:00,35.09
2016-05-18 16:00:00,35.37
2016-05-18 17:00:00,35.17
2016-05-18 18:00:00,35.18
2016-05-18 19:00:00,35.12
2016-05-18 20:00:00,35.2
2016-05-18 21:00:00,34.79
2016-05-18 22:00:00,35.14
2016-05-18 23:00:00,31.98
2016-05-19 00:00:00,1.78
2016-05-19 01:00:00,1.78
2016-05-19 02:00:00,1.78
2016-05-19 03:00:00,1.78
2016-05-19 04:00:00,1.780000001
2016-05-19 05:00:00,5.78
2016-05-19 06:00:00,33.45
2016-05-19 07:00:00,36.39
2016-05-19 08:00:00,36.36
2016-05-19 09:00:00,36.41
2016-05-19 10:00:00,36.32
2016-05-19 11:00:00,36.26
2016-05-19 12:00:00,36.28
2016-05-19 13:00:00,36.55
2016-05-19 14:00:00,36.11
2016-05-19 15:00:00,36.32
2016-05-19 16:00:00,36.28
2016-05-19 17:00:00,36.28
2016-05-19 18:00:00,36.22
2016-05-19 19:00:00,36.74
2016-05-19 20:00:00,36.36
2016-05-19 21:00:00,36.5
2016-05-19 22:00:00,36.55999999
2016-05-19 23:00:00,5.28
2016-05-20 00:00:00,1.78
2016-05-20 01:00:00,1.78
2016-05-20 02:00:00,1.78
2016-05-20 03:00:00,1.78
2016-05-20 04:00:00,1.780000005
2016-05-20 05:00:00,30.72
2016-05-20 06:00:00,30.85
2016-05-20 07:00:00,33.67
2016-05-20 08:00:00,30.95
2016-05-20 09:00:00,36.19
2016-05-20 10:00:00,36.16
2016-05-20 11:00:00,36.22
2016-05-20 12:00:00,36.34
2016-05-20 13:00:00,36.34
2016-05-20 14:00:00,36.32
2016-05-20 15:00:00,36.33
2016-05-20 16:00:00,36.31
2016-05-20 17:00:00,36.27
2016-05-20 18:00:00,36.27
2016-05-20 19:00:00,36.45
2016-05-20 20:00:00,36.28
2016-05-20 21:00:00,36.47
2016-05-20 22:00:00,35.36999999
2016-05-20 23:00:00,1.78
2016-05-21 00:00:00,1.78
2016-05-21 01:00:00,1.62
2016-05-21 02:00:00,1.62
2016-05-21 03:00:00,1.62
2016-05-21 04:00:00,1.62
2016-05-21 05:00:00,1.62
2016-05-21 06:00:00,33.07
2016-05-21 07:00:00,33.27
2016-05-21 08:00:00,36.15
2016-05-21 09:00:00,36.02
2016-05-21 10:00:00,36.06
2016-05-21 11:00:00,36.03
2016-05-21 12:00:00,31.43
2016-05-21 13:00:00,30.96
2016-05-21 14:00:00,30.95
2016-05-21 15:00:00,30.95
2016-05-21 16:00:00,30.95
2016-05-21 17:00:00,30.96
2016-05-21 18:00:00,30.86
2016-05-21 19:00:00,30.92
2016-05-21 20:00:00,30.94
2016-05-21 21:00:00,31.06
2016-05-21 22:00:00,30.95
2016-05-21 23:00:00,29.75
2016-05-22 00:00:00,1.62
2016-05-22 01:00:00,1.62
2016-05-22 02:00:00,1.62
2016-05-22 03:00:00,1.62
2016-05-22 04:00:00,30.67
2016-05-22 05:00:00,31.02
2016-05-22 06:00:00,30.98
2016-05-22 07:00:00,30.98
2016-05-22 08:00:00,30.95
2016-05-22 09:00:00,31.09
2016-05-22 10:00:00,30.73
2016-05-22 11:00:00,31.12
2016-05-22 12:00:00,30.85
2016-05-22 13:00:00,30.9
2016-05-22 14:00:00,30.91
2016-05-22 15:00:00,30.96
2016-05-22 16:00:00,30.9
2016-05-22 17:00:00,28.28
2016-05-22 18:00:00,28.08
2016-05-22 19:00:00,30.78
2016-05-22 20:00:00,30.68
2016-05-22 21:00:00,29.56
2016-05-22 22:00:00,1.62
2016-05-22 23:00:00,1.62
2016-05-23 00:00:00,1.62
2016-05-23 01:00:00,1.62
2016-05-23 02:00:00,1.62
2016-05-23 03:00:00,1.62
2016-05-23 04:00:00,1.62
2016-05-23 05:00:00,1.62
2016-05-23 06:00:00,17.76
2016-05-23 07:00:00,25.5
2016-05-23 08:00:00,31
2016-05-23 09:00:00,31.07
2016-05-23 10:00:00,30.89
2016-05-23 11:00:00,30.67
2016-05-23 12:00:00,30.96
2016-05-23 13:00:00,30.92
2016-05-23 14:00:00,30.81
2016-05-23 15:00:00,30.99
2016-05-23 16:00:00,30.73
2016-05-23 17:00:00,30.92
2016-05-23 18:00:00,30.93
2016-05-23 19:00:00,30.87
2016-05-23 20:00:00,30.86
2016-05-23 21:00:00,30.86
2016-05-23 22:00:00,30.86
2016-05-23 23:00:00,27.68
2016-05-24 00:00:00,1.62
2016-05-24 01:00:00,1.62
2016-05-24 02:00:00,1.62
2016-05-24 03:00:00,1.62
2016-05-24 04:00:00,1.62
2016-05-24 05:00:00,1.62
2016-05-24 06:00:00,1.62
2016-05-24 07:00:00,19.97
2016-05-24 08:00:00,30.63
2016-05-24 09:00:00,30.99
2016-05-24 10:00:00,31
2016-05-24 11:00:00,30.9
2016-05-24 12:00:00,30.94
2016-05-24 13:00:00,30.98
2016-05-24 14:00:00,30.84
2016-05-24 15:00:00,31.03
2016-05-24 16:00:00,30.83
2016-05-24 17:00:00,31.02
2016-05-24 18:00:00,30.97
2016-05-24 19:00:00,30.99
2016-05-24 20:00:00,31
2016-05-24 21:00:00,31.05
2016-05-24 22:00:00,31.04
2016-05-24 23:00:00,27.55
2016-05-25 00:00:00,1.62
2016-05-25 01:00:00,1.62
2016-05-25 02:00:00,1.62
2016-05-25 03:00:00,1.62
2016-05-25 04:00:00,1.62
2016-05-25 05:00:00,1.62
2016-05-25 06:00:00,1.62
2016-05-25 07:00:00,1.620000005
2016-05-25 08:00:00,30.73
2016-05-25 09:00:00,30.81
2016-05-25 10:00:00,30.68
2016-05-25 11:00:00,31.14
2016-05-25 12:00:00,30.54
2016-05-25 13:00:00,31.01
2016-05-25 14:00:00,30.76
2016-05-25 15:00:00,31.3
2016-05-25 16:00:00,31.18
2016-05-25 17:00:00,30.95
2016-05-25 18:00:00,31.17
2016-05-25 19:00:00,30.98
2016-05-25 20:00:00,30.97
2016-05-25 21:00:00,31.09
2016-05-25 22:00:00,31.03
2016-05-25 23:00:00,27.01
2016-05-26 00:00:00,1.62
2016-05-26 01:00:00,1.62
2016-05-26 02:00:00,1.62
2016-05-26 03:00:00,20
2016-05-26 04:00:00,20.27
2016-05-26 05:00:00,30.91
2016-05-26 06:00:00,30.9
2016-05-26 07:00:00,26.2
2016-05-26 08:00:00,26.2
2016-05-26 09:00:00,26.2
2016-05-26 10:00:00,26.2
2016-05-26 11:00:00,26.2
2016-05-26 12:00:00,26.2
2016-05-26 13:00:00,26.2
2016-05-26 14:00:00,26.2
2016-05-26 15:00:00,26.2
2016-05-26 16:00:00,26.2
2016-05-26 17:00:00,26.2
2016-05-26 18:00:00,26.2
2016-05-26 19:00:00,26.2
2016-05-26 20:00:00,26.2
2016-05-26 21:00:00,26.2
2016-05-26 22:00:00,26.2
2016-05-26 23:00:00,26.2
2016-05-27 00:00:00,1.62
2016-05-27 01:00:00,1.62
2016-05-27 02:00:00,1.62
2016-05-27 03:00:00,1.62
2016-05-27 04:00:00,1.62
2016-05-27 05:00:00,1.62
2016-05-27 06:00:00,1.62
2016-05-27 07:00:00,1.620000001
2016-05-27 08:00:00,4.66
2016-05-27 09:00:00,22.53
2016-05-27 10:00:00,30.96
2016-05-27 11:00:00,31.08
2016-05-27 12:00:00,31.14
2016-05-27 13:00:00,30.97
2016-05-27 14:00:00,31.07
2016-05-27 15:00:00,30.96
2016-05-27 16:00:00,30.99
2016-05-27 17:00:00,31.12
2016-05-27 18:00:00,31.12
2016-05-27 19:00:00,30.85
2016-05-27 20:00:00,30.92
2016-05-27 21:00:00,30.06
2016-05-27 22:00:00,16.44
2016-05-27 23:00:00,1.62
2016-05-28 00:00:00,1.62
2016-05-28 01:00:00,1.62
2016-05-28 02:00:00,1.62
2016-05-28 03:00:00,1.62
2016-05-28 04:00:00,1.62
2016-05-28 05:00:00,1.62
2016-05-28 06:00:00,1.62
2016-05-28 07:00:00,1.620000003
2016-05-28 08:00:00,18.22
2016-05-28 09:00:00,25.34
2016-05-28 10:00:00,17.62
2016-05-28 11:00:00,28.34
2016-05-28 12:00:00,28.41
2016-05-28 13:00:00,27.33
2016-05-28 14:00:00,1.62
2016-05-28 15:00:00,1.62
2016-05-28 16:00:00,1.62
2016-05-28 17:00:00,1.62
2016-05-28 18:00:00,1.62
2016-05-28 19:00:00,1.62
2016-05-28 20:00:00,1.62
2016-05-28 21:00:00,1.62
2016-05-28 22:00:00,1.62
2016-05-28 23:00:00,1.62
2016-05-29 00:00:00,1.62
2016-05-29 01:00:00,1.62
2016-05-29 02:00:00,1.62
2016-05-29 03:00:00,1.62
2016-05-29 04:00:00,1.62
2016-05-29 05:00:00,1.62
2016-05-29 06:00:00,1.62
2016-05-29 07:00:00,1.62
2016-05-29 08:00:00,1.62
2016-05-29 09:00:00,1.62
2016-05-29 10:00:00,1.62
2016-05-29 11:00:00,1.62
2016-05-29 12:00:00,1.62
2016-05-29 13:00:00,1.62
2016-05-29 14:00:00,1.62
2016-05-29 15:00:00,1.62
2016-05-29 16:00:00,1.62
2016-05-29 17:00:00,1.62
2016-05-29 18:00:00,1.62
2016-05-29 19:00:00,1.62
2016-05-29 20:00:00,1.62
2016-05-29 21:00:00,1.62
2016-05-29 22:00:00,1.62
2016-05-29 23:00:00,1.62
2016-05-30 00:00:00,1.62
2016-05-30 01:00:00,1.62
2016-05-30 02:00:00,1.62
2016-05-30 03:00:00,1.62
2016-05-30 04:00:00,1.62
2016-05-30 05:00:00,1.62
2016-05-30 06:00:00,1.62
2016-05-30 07:00:00,1.62
2016-05-30 08:00:00,1.62
2016-05-30 09:00:00,1.62
2016-05-30 10:00:00,1.62
2016-05-30 11:00:00,1.62
2016-05-30 12:00:00,1.62
2016-05-30 13:00:00,1.62
2016-05-30 14:00:00,1.62
2016-05-30 15:00:00,30.27
2016-05-30 16:00:00,30.85
2016-05-30 17:00:00,30.8
2016-05-30 18:00:00,30.8
2016-05-30 19:00:00,28.47
2016-05-30 20:00:00,23
2016-05-30 21:00:00,1.62
2016-05-30 22:00:00,1.62
2016-05-30 23:00:00,1.62
2016-05-31 00:00:00,1.62
2016-05-31 01:00:00,1.62
2016-05-31 02:00:00,1.62
2016-05-31 03:00:00,1.62
2016-05-31 04:00:00,1.62
2016-05-31 05:00:00,1.62
2016-05-31 06:00:00,1.62
2016-05-31 07:00:00,1.620000001
2016-05-31 08:00:00,4.97
2016-05-31 09:00:00,28.14
2016-05-31 10:00:00,28.15
2016-05-31 11:00:00,25.38
2016-05-31 12:00:00,1.62
2016-05-31 13:00:00,1.62
2016-05-31 14:00:00,1.62
2016-05-31 15:00:00,1.62
2016-05-31 16:00:00,1.62
2016-05-31 17:00:00,1.62
2016-05-31 18:00:00,1.62
2016-05-31 19:00:00,29.67
2016-05-31 20:00:00,1.62
2016-05-31 21:00:00,1.62
2016-05-31 22:00:00,1.62
2016-05-31 23:00:00,1.62
2016-06-01 00:00:00,1.62
2016-06-01 01:00:00,1.62
2016-06-01 02:00:00,1.62
2016-06-01 03:00:00,1.62
2016-06-01 04:00:00,1.62
2016-06-01 05:00:00,1.62
2016-06-01 06:00:00,1.62
2016-06-01 07:00:00,1.62
2016-06-01 08:00:00,1.62
2016-06-01 09:00:00,30.65
2016-06-01 10:00:00,30.4
2016-06-01 11:00:00,25.76
2016-06-01 12:00:00,29.03
2016-06-01 13:00:00,29.64
2016-06-01 14:00:00,1.62
2016-06-01 15:00:00,1.62
2016-06-01 16:00:00,1.62
2016-06-01 17:00:00,1.62
2016-06-01 18:00:00,1.62
2016-06-01 19:00:00,1.62
2016-06-01 20:00:00,1.62
2016-06-01 21:00:00,1.62
2016-06-01 22:00:00,1.62
2016-06-01 23:00:00,1.62
2016-06-02 00:00:00,1.62
2016-06-02 01:00:00,1.62
2016-06-02 02:00:00,1.62
2016-06-02 03:00:00,1.62
2016-06-02 04:00:00,1.62
2016-06-02 05:00:00,1.62
2016-06-02 06:00:00,1.62
2016-06-02 07:00:00,1.62
2016-06-02 08:00:00,1.62
2016-06-02 09:00:00,1.62
2016-06-02 10:00:00,1.62
2016-06-02 11:00:00,1.62
2016-06-02 12:00:00,30.74
2016-06-02 13:00:00,20.42
2016-06-02 14:00:00,30.64
2016-06-02 15:00:00,30.68
2016-06-02 16:00:00,29.42
2016-06-02 17:00:00,1.62
2016-06-02 18:00:00,1.62
2016-06-02 19:00:00,1.62
2016-06-02 20:00:00,1.62
2016-06-02 21:00:00,1.62
2016-06-02 22:00:00,1.62
2016-06-02 23:00:00,1.62
2016-06-03 00:00:00,1.62
2016-06-03 01:00:00,1.62
2016-06-03 02:00:00,1.62
2016-06-03 03:00:00,1.62
2016-06-03 04:00:00,1.62
2016-06-03 05:00:00,1.62
2016-06-03 06:00:00,1.62
2016-06-03 07:00:00,125
2016-06-03 08:00:00,125
2016-06-03 09:00:00,125
2016-06-03 10:00:00,125
2016-06-03 11:00:00,130
2016-06-03 12:00:00,150.6
2016-06-03 13:00:00,150.6
2016-06-03 14:00:00,150.6
2016-06-03 15:00:00,150.6
2016-06-03 16:00:00,125.6
2016-06-03 17:00:00,125.6
2016-06-03 18:00:00,123.4
2016-06-03 19:00:00,125.6
2016-06-03 20:00:00,125.6
2016-06-03 21:00:00,125.6
2016-06-03 22:00:00,125.6
2016-06-03 23:00:00,100
2016-06-04 00:00:00,7.58
2016-06-04 01:00:00,7.58
2016-06-04 02:00:00,7.58
2016-06-04 03:00:00,7.58
2016-06-04 04:00:00,7.58
2016-06-04 05:00:00,7.58
2016-06-04 06:00:00,7.58
2016-06-04 07:00:00,7.58
2016-06-04 08:00:00,7.58
2016-06-04 09:00:00,7.58
2016-06-04 10:00:00,7.58
2016-06-04 11:00:00,7.58
2016-06-04 12:00:00,7.58
2016-06-04 13:00:00,7.58
2016-06-04 14:00:00,7.58
2016-06-04 15:00:00,7.58
2016-06-04 16:00:00,7.58
2016-06-04 17:00:00,7.58
2016-06-04 18:00:00,7.58
2016-06-04 19:00:00,7.58
2016-06-04 20:00:00,7.58
2016-06-04 21:00:00,7.58
2016-06-04 22:00:00,7.58
2016-06-04 23:00:00,7.58
2016-06-05 00:00:00,7.58
2016-06-05 01:00:00,7.58
2016-06-05 02:00:00,7.58
2016-06-05 03:00:00,7.58
2016-06-05 04:00:00,7.58
2016-06-05 05:00:00,7.58
2016-06-05 06:00:00,7.58
2016-06-05 07:00:00,7.58
2016-06-05 08:00:00,7.58
2016-06-05 09:00:00,7.58
2016-06-05 10:00:00,7.58
2016-06-05 11:00:00,7.58
2016-06-05 12:00:00,7.58
2016-06-05 13:00:00,7.58
2016-06-05 14:00:00,7.58
2016-06-05 15:00:00,7.58
2016-06-05 16:00:00,7.58
2016-06-05 17:00:00,7.58
2016-06-05 18:00:00,7.58
2016-06-05 19:00:00,7.58
2016-06-05 20:00:00,7.58
2016-06-05 21:00:00,7.58
2016-06-05 22:00:00,7.58
2016-06-05 23:00:00,7.58
2016-06-06 00:00:00,7.58
2016-06-06 01:00:00,7.58
2016-06-06 02:00:00,7.58
2016-06-06 03:00:00,7.58
2016-06-06 04:00:00,7.58
2016-06-06 05:00:00,7.58
2016-06-06 06:00:00,7.58
2016-06-06 07:00:00,0
2016-06-06 08:00:00,0
2016-06-06 09:00:00,0
2016-06-06 10:00:00,0
2016-06-06 11:00:00,0
2016-06-06 12:00:00,0
2016-06-06 13:00:00,0
2016-06-06 14:00:00,0
2016-06-06 15:00:00,0
2016-06-06 16:00:00,0
2016-06-06 17:00:00,0
2016-06-06 18:00:00,0
2016-06-06 19:00:00,0
2016-06-06 20:00:00,0
2016-06-06 21:00:00,0
2016-06-06 22:00:00,0
2016-06-06 23:00:00,0
2016-06-07 00:00:00,1.62
2016-06-07 01:00:00,1.78
2016-06-07 02:00:00,1.78
2016-06-07 03:00:00,1.78
2016-06-07 04:00:00,1.78
2016-06-07 05:00:00,1.78
2016-06-07 06:00:00,1.78
2016-06-07 07:00:00,1.78
2016-06-07 08:00:00,1.78
2016-06-07 09:00:00,1.78
2016-06-07 10:00:00,1.78
2016-06-07 11:00:00,1.78
2016-06-07 12:00:00,1.78
2016-06-07 13:00:00,1.780000001
2016-06-07 14:00:00,5.73
2016-06-07 15:00:00,33.14
2016-06-07 16:00:00,27.63
2016-06-07 17:00:00,1.78
2016-06-07 18:00:00,1.78
2016-06-07 19:00:00,6.130000005
2016-06-07 20:00:00,33.64
2016-06-07 21:00:00,27.39
2016-06-07 22:00:00,1.78
2016-06-07 23:00:00,1.78
2016-06-08 00:00:00,1.78
2016-06-08 01:00:00,1.78
2016-06-08 02:00:00,1.78
2016-06-08 03:00:00,1.78
2016-06-08 04:00:00,1.78
2016-06-08 05:00:00,1.78
2016-06-08 06:00:00,1.78
2016-06-08 07:00:00,1.78
2016-06-08 08:00:00,1.78
2016-06-08 09:00:00,1.78
2016-06-08 10:00:00,1.78
2016-06-08 11:00:00,1.78
2016-06-08 12:00:00,1.78
2016-06-08 13:00:00,1.78
2016-06-08 14:00:00,1.78
2016-06-08 15:00:00,30.82
2016-06-08 16:00:00,27.88
2016-06-08 17:00:00,1.78
2016-06-08 18:00:00,1.78
2016-06-08 19:00:00,5.600000005
2016-06-08 20:00:00,36.32
2016-06-08 21:00:00,36.33
2016-06-08 22:00:00,33.54
2016-06-08 23:00:00,22.3
2016-06-09 00:00:00,7.58
2016-06-09 01:00:00,7.58
2016-06-09 02:00:00,7.58
2016-06-09 03:00:00,7.58
2016-06-09 04:00:00,7.58
2016-06-09 05:00:00,7.58
2016-06-09 06:00:00,7.58
2016-06-09 07:00:00,7.58
2016-06-09 08:00:00,7.58
2016-06-09 09:00:00,7.58
2016-06-09 10:00:00,7.58
2016-06-09 11:00:00,7.58
2016-06-09 12:00:00,7.58
2016-06-09 13:00:00,7.58
2016-06-09 14:00:00,7.58
2016-06-09 15:00:00,7.58
2016-06-09 16:00:00,7.58
2016-06-09 17:00:00,7.58
2016-06-09 18:00:00,7.58
2016-06-09 19:00:00,7.58
2016-06-09 20:00:00,7.58
2016-06-09 21:00:00,7.58
2016-06-09 22:00:00,7.58
2016-06-09 23:00:00,7.58
2016-06-10 00:00:00,7.58
2016-06-10 01:00:00,7.58
2016-06-10 02:00:00,7.58
2016-06-10 03:00:00,7.58
2016-06-10 04:00:00,7.58
2016-06-10 05:00:00,7.58
2016-06-10 06:00:00,7.58
2016-06-10 07:00:00,7.58
2016-06-10 08:00:00,7.58
2016-06-10 09:00:00,7.58
2016-06-10 10:00:00,7.58
2016-06-10 11:00:00,7.58
2016-06-10 12:00:00,7.58
2016-06-10 13:00:00,7.58
2016-06-10 14:00:00,7.58
2016-06-10 15:00:00,7.58
2016-06-10 16:00:00,7.58
2016-06-10 17:00:00,7.58
2016-06-10 18:00:00,7.58
2016-06-10 19:00:00,7.58
2016-06-10 20:00:00,7.58
2016-06-10 21:00:00,7.58
2016-06-10 22:00:00,7.58
2016-06-10 23:00:00,7.58
2016-06-11 00:00:00,7.58
2016-06-11 01:00:00,7.58
2016-06-11 02:00:00,7.58
2016-06-11 03:00:00,7.58
2016-06-11 04:00:00,7.58
2016-06-11 05:00:00,7.58
2016-06-11 06:00:00,7.58
2016-06-11 07:00:00,0
2016-06-11 08:00:00,0
2016-06-11 09:00:00,0
2016-06-11 10:00:00,0
2016-06-11 11:00:00,0
2016-06-11 12:00:00,0
2016-06-11 13:00:00,0
2016-06-11 14:00:00,0
2016-06-11 15:00:00,0
2016-06-11 16:00:00,0
2016-06-11 17:00:00,0
2016-06-11 18:00:00,0
2016-06-11 19:00:00,0
2016-06-11 20:00:00,0
2016-06-11 21:00:00,0
2016-06-11 22:00:00,0
2016-06-11 23:00:00,0
2016-06-12 00:00:00,1.78
2016-06-12 01:00:00,1.78
2016-06-12 02:00:00,1.78
2016-06-12 03:00:00,1.78
2016-06-12 04:00:00,1.78
2016-06-12 05:00:00,1.78
2016-06-12 06:00:00,1.78
2016-06-12 07:00:00,1.78
2016-06-12 08:00:00,1.78
2016-06-12 09:00:00,1.78
2016-06-12 10:00:00,1.78
2016-06-12 11:00:00,1.78
2016-06-12 12:00:00,1.78
2016-06-12 13:00:00,1.78
2016-06-12 14:00:00,1.78
2016-06-12 15:00:00,1.78
2016-06-12 16:00:00,1.78
2016-06-12 17:00:00,1.78
2016-06-12 18:00:00,1.78
2016-06-12 19:00:00,1.78
2016-06-12 20:00:00,1.78
2016-06-12 21:00:00,1.78
2016-06-12 22:00:00,1.78
2016-06-12 23:00:00,1.78
2016-06-13 00:00:00,7.58
2016-06-13 01:00:00,7.58
2016-06-13 02:00:00,7.58
2016-06-13 03:00:00,7.58
2016-06-13 04:00:00,7.58
2016-06-13 05:00:00,7.58
2016-06-13 06:00:00,7.58
2016-06-13 07:00:00,7.58
2016-06-13 08:00:00,7.58
2016-06-13 09:00:00,7.58
2016-06-13 10:00:00,7.58
2016-06-13 11:00:00,7.58
2016-06-13 12:00:00,7.58
2016-06-13 13:00:00,7.58
2016-06-13 14:00:00,7.58
2016-06-13 15:00:00,7.58
2016-06-13 16:00:00,7.58
2016-06-13 17:00:00,7.58
2016-06-13 18:00:00,7.58
2016-06-13 19:00:00,7.58
2016-06-13 20:00:00,7.58
2016-06-13 21:00:00,7.58
2016-06-13 22:00:00,7.58
2016-06-13 23:00:00,7.58
2016-06-14 00:00:00,7.58
2016-06-14 01:00:00,7.58
2016-06-14 02:00:00,7.58
2016-06-14 03:00:00,7.58
2016-06-14 04:00:00,7.58
2016-06-14 05:00:00,7.58
2016-06-14 06:00:00,7.58
2016-06-14 07:00:00,0
2016-06-14 08:00:00,0
2016-06-14 09:00:00,0
2016-06-14 10:00:00,0
2016-06-14 11:00:00,0
2016-06-14 12:00:00,0
2016-06-14 13:00:00,0
2016-06-14 14:00:00,0
2016-06-14 15:00:00,0
2016-06-14 16:00:00,0
2016-06-14 17:00:00,0
2016-06-14 18:00:00,0
2016-06-14 19:00:00,0
2016-06-14 20:00:00,0
2016-06-14 21:00:00,0
2016-06-14 22:00:00,0
2016-06-14 23:00:00,0
2016-06-15 00:00:00,1.78
2016-06-15 01:00:00,1.78
2016-06-15 02:00:00,1.78
2016-06-15 03:00:00,1.78
2016-06-15 04:00:00,1.78
2016-06-15 05:00:00,1.78
2016-06-15 06:00:00,1.78
2016-06-15 07:00:00,1.78
2016-06-15 08:00:00,1.78
2016-06-15 09:00:00,1.78
2016-06-15 10:00:00,1.78
2016-06-15 11:00:00,1.78
2016-06-15 12:00:00,1.78
2016-06-15 13:00:00,1.78
2016-06-15 14:00:00,1.78
2016-06-15 15:00:00,1.78
2016-06-15 16:00:00,1.78
2016-06-15 17:00:00,1.78
2016-06-15 18:00:00,1.78
2016-06-15 19:00:00,20.27
2016-06-15 20:00:00,33.52
2016-06-15 21:00:00,7.94
2016-06-15 22:00:00,1.78
2016-06-15 23:00:00,1.78
2016-06-16 00:00:00,7.58
2016-06-16 01:00:00,7.58
2016-06-16 02:00:00,7.58
2016-06-16 03:00:00,7.58
2016-06-16 04:00:00,7.58
2016-06-16 05:00:00,7.58
2016-06-16 06:00:00,7.58
2016-06-16 07:00:00,7.58
2016-06-16 08:00:00,7.58
2016-06-16 09:00:00,7.58
2016-06-16 10:00:00,7.58
2016-06-16 11:00:00,7.58
2016-06-16 12:00:00,7.58
2016-06-16 13:00:00,7.58
2016-06-16 14:00:00,7.58
2016-06-16 15:00:00,7.58
2016-06-16 16:00:00,7.58
2016-06-16 17:00:00,7.58
2016-06-16 18:00:00,7.58
2016-06-16 19:00:00,7.58
2016-06-16 20:00:00,7.58
2016-06-16 21:00:00,7.58
2016-06-16 22:00:00,7.58
2016-06-16 23:00:00,7.58
2016-06-17 00:00:00,7.58
2016-06-17 01:00:00,7.58
2016-06-17 02:00:00,7.58
2016-06-17 03:00:00,7.58
2016-06-17 04:00:00,7.58
2016-06-17 05:00:00,7.58
2016-06-17 06:00:00,7.58
2016-06-17 07:00:00,7.58
2016-06-17 08:00:00,7.58
2016-06-17 09:00:00,7.58
2016-06-17 10:00:00,7.58
2016-06-17 11:00:00,7.58
2016-06-17 12:00:00,7.58
2016-06-17 13:00:00,7.58
2016-06-17 14:00:00,7.58
2016-06-17 15:00:00,7.58
2016-06-17 16:00:00,7.58
2016-06-17 17:00:00,7.58
2016-06-17 18:00:00,7.58
2016-06-17 19:00:00,7.58
2016-06-17 20:00:00,7.58
2016-06-17 21:00:00,7.58
2016-06-17 22:00:00,7.58
2016-06-17 23:00:00,7.58
2016-06-18 00:00:00,7.58
2016-06-18 01:00:00,7.58
2016-06-18 02:00:00,7.58
2016-06-18 03:00:00,7.58
2016-06-18 04:00:00,7.58
2016-06-18 05:00:00,7.58
2016-06-18 06:00:00,7.58
2016-06-18 07:00:00,7.58
2016-06-18 08:00:00,7.58
2016-06-18 09:00:00,7.58
2016-06-18 10:00:00,7.58
2016-06-18 11:00:00,7.58
2016-06-18 12:00:00,7.58
2016-06-18 13:00:00,7.58
2016-06-18 14:00:00,7.58
2016-06-18 15:00:00,7.58
2016-06-18 16:00:00,7.58
2016-06-18 17:00:00,7.58
2016-06-18 18:00:00,7.58
2016-06-18 19:00:00,7.58
2016-06-18 20:00:00,7.58
2016-06-18 21:00:00,7.58
2016-06-18 22:00:00,7.58
2016-06-18 23:00:00,7.58
2016-06-19 00:00:00,7.58
2016-06-19 01:00:00,7.58
2016-06-19 02:00:00,7.58
2016-06-19 03:00:00,7.58
2016-06-19 04:00:00,7.58
2016-06-19 05:00:00,7.58
2016-06-19 06:00:00,7.58
2016-06-19 07:00:00,7.58
2016-06-19 08:00:00,7.58
2016-06-19 09:00:00,7.58
2016-06-19 10:00:00,7.58
2016-06-19 11:00:00,7.58
2016-06-19 12:00:00,7.58
2016-06-19 13:00:00,7.58
2016-06-19 14:00:00,7.58
2016-06-19 15:00:00,7.58
2016-06-19 16:00:00,7.58
2016-06-19 17:00:00,7.58
2016-06-19 18:00:00,7.58
2016-06-19 19:00:00,7.58
2016-06-19 20:00:00,7.58
2016-06-19 21:00:00,7.58
2016-06-19 22:00:00,7.58
2016-06-19 23:00:00,7.58
2016-06-20 00:00:00,7.58
2016-06-20 01:00:00,7.58
2016-06-20 02:00:00,7.58
2016-06-20 03:00:00,7.58
2016-06-20 04:00:00,7.58
2016-06-20 05:00:00,7.58
2016-06-20 06:00:00,7.58
2016-06-20 07:00:00,0
2016-06-20 08:00:00,0
2016-06-20 09:00:00,0
2016-06-20 10:00:00,0
2016-06-20 11:00:00,0
2016-06-20 12:00:00,0
2016-06-20 13:00:00,0
2016-06-20 14:00:00,0
2016-06-20 15:00:00,0
2016-06-20 16:00:00,0
2016-06-20 17:00:00,0
2016-06-20 18:00:00,0
2016-06-20 19:00:00,0
2016-06-20 20:00:00,0
2016-06-20 21:00:00,0
2016-06-20 22:00:00,0
2016-06-20 23:00:00,0
2016-06-21 00:00:00,7.58
2016-06-21 01:00:00,7.58
2016-06-21 02:00:00,7.58
2016-06-21 03:00:00,7.58
2016-06-21 04:00:00,7.58
2016-06-21 05:00:00,7.58
2016-06-21 06:00:00,7.58
2016-06-21 07:00:00,7.58
2016-06-21 08:00:00,7.58
2016-06-21 09:00:00,7.58
2016-06-21 10:00:00,7.58
2016-06-21 11:00:00,7.58
2016-06-21 12:00:00,7.58
2016-06-21 13:00:00,7.58
2016-06-21 14:00:00,7.58
2016-06-21 15:00:00,7.58
2016-06-21 16:00:00,7.58
2016-06-21 17:00:00,7.58
2016-06-21 18:00:00,7.58
2016-06-21 19:00:00,7.58
2016-06-21 20:00:00,7.58
2016-06-21 21:00:00,7.58
2016-06-21 22:00:00,7.58
2016-06-21 23:00:00,7.58
2016-06-22 00:00:00,7.58
2016-06-22 01:00:00,7.58
2016-06-22 02:00:00,7.58
2016-06-22 03:00:00,7.58
2016-06-22 04:00:00,7.58
2016-06-22 05:00:00,7.58
2016-06-22 06:00:00,7.58
2016-06-22 07:00:00,0
2016-06-22 08:00:00,0
2016-06-22 09:00:00,0
2016-06-22 10:00:00,0
2016-06-22 11:00:00,0
2016-06-22 12:00:00,0
2016-06-22 13:00:00,0
2016-06-22 14:00:00,0
2016-06-22 15:00:00,0
2016-06-22 16:00:00,0
2016-06-22 17:00:00,0
2016-06-22 18:00:00,0
2016-06-22 19:00:00,0
2016-06-22 20:00:00,0
2016-06-22 21:00:00,0
2016-06-22 22:00:00,0
2016-06-22 23:00:00,0
2016-06-23 00:00:00,1.78
2016-06-23 01:00:00,1.78
2016-06-23 02:00:00,1.78
2016-06-23 03:00:00,1.78
2016-06-23 04:00:00,1.78
2016-06-23 05:00:00,1.78
2016-06-23 06:00:00,1.78
2016-06-23 07:00:00,0
2016-06-23 08:00:00,0
2016-06-23 09:00:00,3
2016-06-23 10:00:00,33
2016-06-23 11:00:00,33
2016-06-23 12:00:00,33
2016-06-23 13:00:00,33
2016-06-23 14:00:00,33
2016-06-23 15:00:00,33
2016-06-23 16:00:00,33
2016-06-23 17:00:00,33
2016-06-23 18:00:00,33
2016-06-23 19:00:00,33
2016-06-23 20:00:00,33
2016-06-23 21:00:00,33
2016-06-23 22:00:00,24.5
2016-06-23 23:00:00,0
2016-06-24 00:00:00,1.78
2016-06-24 01:00:00,1.78
2016-06-24 02:00:00,1.78
2016-06-24 03:00:00,1.78
2016-06-24 04:00:00,1.78
2016-06-24 05:00:00,1.78
2016-06-24 06:00:00,1.78
2016-06-24 07:00:00,1.780000004
2016-06-24 08:00:00,22.62
2016-06-24 09:00:00,30.16
2016-06-24 10:00:00,33.36
2016-06-24 11:00:00,35.86
2016-06-24 12:00:00,36
2016-06-24 13:00:00,36.12
2016-06-24 14:00:00,36.28
2016-06-24 15:00:00,35.8
2016-06-24 16:00:00,36.05
2016-06-24 17:00:00,33.11
2016-06-24 18:00:00,30.09
2016-06-24 19:00:00,30.41
2016-06-24 20:00:00,35.82
2016-06-24 21:00:00,32.66
2016-06-24 22:00:00,1.78
2016-06-24 23:00:00,1.78
2016-06-25 00:00:00,7.58
2016-06-25 01:00:00,7.58
2016-06-25 02:00:00,7.58
2016-06-25 03:00:00,7.58
2016-06-25 04:00:00,7.58
2016-06-25 05:00:00,7.58
2016-06-25 06:00:00,7.58
2016-06-25 07:00:00,7.58
2016-06-25 08:00:00,7.58
2016-06-25 09:00:00,7.58
2016-06-25 10:00:00,7.58
2016-06-25 11:00:00,7.58
2016-06-25 12:00:00,7.58
2016-06-25 13:00:00,7.58
2016-06-25 14:00:00,7.58
2016-06-25 15:00:00,7.58
2016-06-25 16:00:00,7.58
2016-06-25 17:00:00,7.58
2016-06-25 18:00:00,7.58
2016-06-25 19:00:00,7.58
2016-06-25 20:00:00,7.58
2016-06-25 21:00:00,7.58
2016-06-25 22:00:00,7.58
2016-06-25 23:00:00,7.58
2016-06-26 00:00:00,7.58
2016-06-26 01:00:00,7.58
2016-06-26 02:00:00,7.58
2016-06-26 03:00:00,7.58
2016-06-26 04:00:00,7.58
2016-06-26 05:00:00,7.58
2016-06-26 06:00:00,7.58
2016-06-26 07:00:00,0
2016-06-26 08:00:00,0
2016-06-26 09:00:00,0
2016-06-26 10:00:00,0
2016-06-26 11:00:00,0
2016-06-26 12:00:00,0
2016-06-26 13:00:00,0
2016-06-26 14:00:00,0
2016-06-26 15:00:00,0
2016-06-26 16:00:00,0
2016-06-26 17:00:00,0
2016-06-26 18:00:00,0
2016-06-26 19:00:00,0
2016-06-26 20:00:00,0
2016-06-26 21:00:00,0
2016-06-26 22:00:00,0
2016-06-26 23:00:00,0
2016-06-27 00:00:00,1.78
2016-06-27 01:00:00,1.78
2016-06-27 02:00:00,1.78
2016-06-27 03:00:00,1.78
2016-06-27 04:00:00,1.78
2016-06-27 05:00:00,1.78
2016-06-27 06:00:00,1.78
2016-06-27 07:00:00,1.78
2016-06-27 08:00:00,1.78
2016-06-27 09:00:00,1.78
2016-06-27 10:00:00,1.78
2016-06-27 11:00:00,1.78
2016-06-27 12:00:00,1.78
2016-06-27 13:00:00,1.78
2016-06-27 14:00:00,1.78
2016-06-27 15:00:00,35.48
2016-06-27 16:00:00,35.79
2016-06-27 17:00:00,33.4
2016-06-27 18:00:00,30.63
2016-06-27 19:00:00,33.53
2016-06-27 20:00:00,34.16
2016-06-27 21:00:00,1.78
2016-06-27 22:00:00,1.78
2016-06-27 23:00:00,1.78
2016-06-28 00:00:00,1.78
2016-06-28 01:00:00,1.78
2016-06-28 02:00:00,1.78
2016-06-28 03:00:00,1.78
2016-06-28 04:00:00,1.78
2016-06-28 05:00:00,1.78
2016-06-28 06:00:00,1.78
2016-06-28 07:00:00,1.78
2016-06-28 08:00:00,1.78
2016-06-28 09:00:00,1.78
2016-06-28 10:00:00,1.780000001
2016-06-28 11:00:00,5.3
2016-06-28 12:00:00,30.16
2016-06-28 13:00:00,19.82
2016-06-28 14:00:00,25.3
2016-06-28 15:00:00,30.58
2016-06-28 16:00:00,27.16
2016-06-28 17:00:00,1.78
2016-06-28 18:00:00,1.78
2016-06-28 19:00:00,1.78
2016-06-28 20:00:00,1.78
2016-06-28 21:00:00,1.78
2016-06-28 22:00:00,1.78
2016-06-28 23:00:00,1.78
2016-06-29 00:00:00,1.78
2016-06-29 01:00:00,1.78
2016-06-29 02:00:00,1.78
2016-06-29 03:00:00,1.78
2016-06-29 04:00:00,1.78
2016-06-29 05:00:00,1.78
2016-06-29 06:00:00,1.78
2016-06-29 07:00:00,1.78
2016-06-29 08:00:00,1.78
2016-06-29 09:00:00,1.78
2016-06-29 10:00:00,1.78
2016-06-29 11:00:00,1.78
2016-06-29 12:00:00,1.78
2016-06-29 13:00:00,1.78
2016-06-29 14:00:00,1.78
2016-06-29 15:00:00,1.78
2016-06-29 16:00:00,1.78
2016-06-29 17:00:00,1.78
2016-06-29 18:00:00,5.37
2016-06-29 19:00:00,32.8
2016-06-29 20:00:00,32.96
2016-06-29 21:00:00,33.09
2016-06-29 22:00:00,32.34999999
2016-06-29 23:00:00,1.78
2016-06-30 00:00:00,1.78
2016-06-30 01:00:00,1.78
2016-06-30 02:00:00,1.78
2016-06-30 03:00:00,1.78
2016-06-30 04:00:00,1.78
2016-06-30 05:00:00,1.78
2016-06-30 06:00:00,1.78
2016-06-30 07:00:00,1.78
2016-06-30 08:00:00,1.78
2016-06-30 09:00:00,1.78
2016-06-30 10:00:00,1.78
2016-06-30 11:00:00,1.78
2016-06-30 12:00:00,1.78
2016-06-30 13:00:00,1.78
2016-06-30 14:00:00,1.78
2016-06-30 15:00:00,1.78
2016-06-30 16:00:00,1.78
2016-06-30 17:00:00,1.78
2016-06-30 18:00:00,1.78
2016-06-30 19:00:00,30.53
2016-06-30 20:00:00,35.55
2016-06-30 21:00:00,30.78
2016-06-30 22:00:00,34.98999999
2016-06-30 23:00:00,1.78
2016-07-01 00:00:00,1.78
2016-07-01 01:00:00,1.78
2016-07-01 02:00:00,1.78
2016-07-01 03:00:00,1.78
2016-07-01 04:00:00,1.78
2016-07-01 05:00:00,1.78
2016-07-01 06:00:00,1.78
2016-07-01 07:00:00,1.78
2016-07-01 08:00:00,1.78
2016-07-01 09:00:00,1.78
2016-07-01 10:00:00,1.78
2016-07-01 11:00:00,1.78
2016-07-01 12:00:00,1.78
2016-07-01 13:00:00,1.78
2016-07-01 14:00:00,1.78
2016-07-01 15:00:00,1.78
2016-07-01 16:00:00,1.78
2016-07-01 17:00:00,1.78
2016-07-01 18:00:00,22
2016-07-01 19:00:00,35.48
2016-07-01 20:00:00,35.73
2016-07-01 21:00:00,35.71
2016-07-01 22:00:00,35.73
2016-07-01 23:00:00,10.94
2016-07-02 00:00:00,1.78
2016-07-02 01:00:00,1.78
2016-07-02 02:00:00,1.78
2016-07-02 03:00:00,1.78
2016-07-02 04:00:00,1.78
2016-07-02 05:00:00,1.78
2016-07-02 06:00:00,1.78
2016-07-02 07:00:00,1.78
2016-07-02 08:00:00,1.78
2016-07-02 09:00:00,1.78
2016-07-02 10:00:00,1.78
2016-07-02 11:00:00,1.78
2016-07-02 12:00:00,1.78
2016-07-02 13:00:00,1.78
2016-07-02 14:00:00,1.78
2016-07-02 15:00:00,1.78
2016-07-02 16:00:00,1.78
2016-07-02 17:00:00,1.78
2016-07-02 18:00:00,1.78
2016-07-02 19:00:00,33.04
2016-07-02 20:00:00,35.93
2016-07-02 21:00:00,35.58
2016-07-02 22:00:00,35.66
2016-07-02 23:00:00,34.86
2016-07-03 00:00:00,1.78
2016-07-03 01:00:00,1.78
2016-07-03 02:00:00,1.78
2016-07-03 03:00:00,1.78
2016-07-03 04:00:00,1.78
2016-07-03 05:00:00,1.78
2016-07-03 06:00:00,1.78
2016-07-03 07:00:00,1.78
2016-07-03 08:00:00,1.78
2016-07-03 09:00:00,1.78
2016-07-03 10:00:00,1.78
2016-07-03 11:00:00,1.78
2016-07-03 12:00:00,1.78
2016-07-03 13:00:00,1.78
2016-07-03 14:00:00,1.78
2016-07-03 15:00:00,1.78
2016-07-03 16:00:00,1.78
2016-07-03 17:00:00,1.78
2016-07-03 18:00:00,28.01
2016-07-03 19:00:00,35.64
2016-07-03 20:00:00,35.89
2016-07-03 21:00:00,35.97
2016-07-03 22:00:00,35.89
2016-07-03 23:00:00,32.04
2016-07-04 00:00:00,1.78
2016-07-04 01:00:00,1.78
2016-07-04 02:00:00,1.78
2016-07-04 03:00:00,1.78
2016-07-04 04:00:00,1.78
2016-07-04 05:00:00,1.78
2016-07-04 06:00:00,1.78
2016-07-04 07:00:00,1.78
2016-07-04 08:00:00,1.78
2016-07-04 09:00:00,1.78
2016-07-04 10:00:00,1.78
2016-07-04 11:00:00,1.78
2016-07-04 12:00:00,1.78
2016-07-04 13:00:00,1.78
2016-07-04 14:00:00,1.78
2016-07-04 15:00:00,32.33
2016-07-04 16:00:00,32.86
2016-07-04 17:00:00,33.13
2016-07-04 18:00:00,33.09
2016-07-04 19:00:00,33.28
2016-07-04 20:00:00,36.01
2016-07-04 21:00:00,36.09
2016-07-04 22:00:00,35.85
2016-07-04 23:00:00,35.26
2016-07-05 00:00:00,0
2016-07-05 01:00:00,1.78
2016-07-05 02:00:00,1.78
2016-07-05 03:00:00,1.78
2016-07-05 04:00:00,1.78
2016-07-05 05:00:00,1.78
2016-07-05 06:00:00,1.78
2016-07-05 07:00:00,1.78
2016-07-05 08:00:00,1.78
2016-07-05 09:00:00,1.78
2016-07-05 10:00:00,1.78
2016-07-05 11:00:00,1.78
2016-07-05 12:00:00,1.78
2016-07-05 13:00:00,1.78
2016-07-05 14:00:00,1.78
2016-07-05 15:00:00,1.78
2016-07-05 16:00:00,1.78
2016-07-05 17:00:00,1.78
2016-07-05 18:00:00,1.78
2016-07-05 19:00:00,1.780000006
2016-07-05 20:00:00,35.59
2016-07-05 21:00:00,35.92
2016-07-05 22:00:00,35.99
2016-07-05 23:00:00,29.75
2016-07-06 00:00:00,1.78
2016-07-06 01:00:00,1.78
2016-07-06 02:00:00,1.78
2016-07-06 03:00:00,1.78
2016-07-06 04:00:00,1.78
2016-07-06 05:00:00,1.78
2016-07-06 06:00:00,1.78
2016-07-06 07:00:00,1.78
2016-07-06 08:00:00,1.78
2016-07-06 09:00:00,1.78
2016-07-06 10:00:00,1.78
2016-07-06 11:00:00,1.78
2016-07-06 12:00:00,1.78
2016-07-06 13:00:00,1.78
2016-07-06 14:00:00,1.78
2016-07-06 15:00:00,1.78
2016-07-06 16:00:00,1.78
2016-07-06 17:00:00,1.78
2016-07-06 18:00:00,1.78
2016-07-06 19:00:00,33.29
2016-07-06 20:00:00,36.06
2016-07-06 21:00:00,35.86
2016-07-06 22:00:00,30.1
2016-07-06 23:00:00,1.78
2016-07-07 00:00:00,1.78
2016-07-07 01:00:00,1.78
2016-07-07 02:00:00,1.78
2016-07-07 03:00:00,1.78
2016-07-07 04:00:00,1.78
2016-07-07 05:00:00,1.78
2016-07-07 06:00:00,1.78
2016-07-07 07:00:00,1.78
2016-07-07 08:00:00,1.78
2016-07-07 09:00:00,1.78
2016-07-07 10:00:00,1.78
2016-07-07 11:00:00,1.78
2016-07-07 12:00:00,1.78
2016-07-07 13:00:00,1.78
2016-07-07 14:00:00,1.78
2016-07-07 15:00:00,1.78
2016-07-07 16:00:00,1.78
2016-07-07 17:00:00,1.78
2016-07-07 18:00:00,4.09
2016-07-07 19:00:00,23.29
2016-07-07 20:00:00,36.03
2016-07-07 21:00:00,35.96
2016-07-07 22:00:00,35.90999999
2016-07-07 23:00:00,4.26
2016-07-08 00:00:00,1.78
2016-07-08 01:00:00,1.78
2016-07-08 02:00:00,1.78
2016-07-08 03:00:00,1.78
2016-07-08 04:00:00,1.78
2016-07-08 05:00:00,1.78
2016-07-08 06:00:00,1.78
2016-07-08 07:00:00,1.78
2016-07-08 08:00:00,1.78
2016-07-08 09:00:00,1.78
2016-07-08 10:00:00,32.99
2016-07-08 11:00:00,32.75
2016-07-08 12:00:00,32.47
2016-07-08 13:00:00,32.76999999
2016-07-08 14:00:00,3.95
2016-07-08 15:00:00,1.78
2016-07-08 16:00:00,1.78
2016-07-08 17:00:00,1.78
2016-07-08 18:00:00,1.78
2016-07-08 19:00:00,1.78
2016-07-08 20:00:00,1.78
2016-07-08 21:00:00,1.78
2016-07-08 22:00:00,1.78
2016-07-08 23:00:00,1.78
2016-07-09 00:00:00,1.78
2016-07-09 01:00:00,1.78
2016-07-09 02:00:00,1.78
2016-07-09 03:00:00,1.78
2016-07-09 04:00:00,1.78
2016-07-09 05:00:00,1.78
2016-07-09 06:00:00,1.78
2016-07-09 07:00:00,1.78
2016-07-09 08:00:00,1.78
2016-07-09 09:00:00,1.78
2016-07-09 10:00:00,1.78
2016-07-09 11:00:00,1.78
2016-07-09 12:00:00,1.78
2016-07-09 13:00:00,1.78
2016-07-09 14:00:00,1.78
2016-07-09 15:00:00,1.78
2016-07-09 16:00:00,1.78
2016-07-09 17:00:00,1.78
2016-07-09 18:00:00,1.78
2016-07-09 19:00:00,25.67
2016-07-09 20:00:00,35.89
2016-07-09 21:00:00,35.83
2016-07-09 22:00:00,35.83
2016-07-09 23:00:00,34.54
2016-07-10 00:00:00,1.78
2016-07-10 01:00:00,1.78
2016-07-10 02:00:00,1.78
2016-07-10 03:00:00,1.78
2016-07-10 04:00:00,1.78
2016-07-10 05:00:00,1.78
2016-07-10 06:00:00,1.78
2016-07-10 07:00:00,1.78
2016-07-10 08:00:00,1.78
2016-07-10 09:00:00,1.78
2016-07-10 10:00:00,1.78
2016-07-10 11:00:00,1.78
2016-07-10 12:00:00,1.78
2016-07-10 13:00:00,1.78
2016-07-10 14:00:00,1.78
2016-07-10 15:00:00,1.78
2016-07-10 16:00:00,1.78
2016-07-10 17:00:00,1.78
2016-07-10 18:00:00,1.78
2016-07-10 19:00:00,1.780000006
2016-07-10 20:00:00,35.12
2016-07-10 21:00:00,35.63
2016-07-10 22:00:00,35.54
2016-07-10 23:00:00,28.69
2016-07-11 00:00:00,1.78
2016-07-11 01:00:00,1.78
2016-07-11 02:00:00,1.78
2016-07-11 03:00:00,1.78
2016-07-11 04:00:00,1.78
2016-07-11 05:00:00,1.78
2016-07-11 06:00:00,1.78
2016-07-11 07:00:00,1.78
2016-07-11 08:00:00,1.78
2016-07-11 09:00:00,1.78
2016-07-11 10:00:00,1.780000005
2016-07-11 11:00:00,30.24
2016-07-11 12:00:00,30.39
2016-07-11 13:00:00,30.49
2016-07-11 14:00:00,30.52
2016-07-11 15:00:00,30.64
2016-07-11 16:00:00,30.04
2016-07-11 17:00:00,1.78
2016-07-11 18:00:00,1.78
2016-07-11 19:00:00,1.78
2016-07-11 20:00:00,1.78
2016-07-11 21:00:00,1.78
2016-07-11 22:00:00,1.78
2016-07-11 23:00:00,1.78
2016-07-12 00:00:00,1.78
2016-07-12 01:00:00,1.78
2016-07-12 02:00:00,1.78
2016-07-12 03:00:00,1.78
2016-07-12 04:00:00,1.78
2016-07-12 05:00:00,1.78
2016-07-12 06:00:00,1.78
2016-07-12 07:00:00,1.78
2016-07-12 08:00:00,1.78
2016-07-12 09:00:00,1.78
2016-07-12 10:00:00,1.78
2016-07-12 11:00:00,1.78
2016-07-12 12:00:00,4.46
2016-07-12 13:00:00,24.8
2016-07-12 14:00:00,25.13
2016-07-12 15:00:00,33.25
2016-07-12 16:00:00,30.53999999
2016-07-12 17:00:00,1.78
2016-07-12 18:00:00,1.78
2016-07-12 19:00:00,1.78
2016-07-12 20:00:00,1.78
2016-07-12 21:00:00,1.78
2016-07-12 22:00:00,1.78
2016-07-12 23:00:00,1.78
2016-07-13 00:00:00,1.78
2016-07-13 01:00:00,1.78
2016-07-13 02:00:00,1.78
2016-07-13 03:00:00,1.78
2016-07-13 04:00:00,1.78
2016-07-13 05:00:00,1.78
2016-07-13 06:00:00,1.78
2016-07-13 07:00:00,1.78
2016-07-13 08:00:00,1.78
2016-07-13 09:00:00,1.78
2016-07-13 10:00:00,1.78
2016-07-13 11:00:00,1.78
2016-07-13 12:00:00,1.78
2016-07-13 13:00:00,33.11
2016-07-13 14:00:00,33.08
2016-07-13 15:00:00,36.15
2016-07-13 16:00:00,31.81999999
2016-07-13 17:00:00,1.78
2016-07-13 18:00:00,1.78
2016-07-13 19:00:00,1.78
2016-07-13 20:00:00,1.78
2016-07-13 21:00:00,1.78
2016-07-13 22:00:00,1.78
2016-07-13 23:00:00,1.78
2016-07-14 00:00:00,1.78
2016-07-14 01:00:00,1.78
2016-07-14 02:00:00,1.78
2016-07-14 03:00:00,1.78
2016-07-14 04:00:00,1.78
2016-07-14 05:00:00,1.78
2016-07-14 06:00:00,1.78
2016-07-14 07:00:00,1.78
2016-07-14 08:00:00,1.78
2016-07-14 09:00:00,1.78
2016-07-14 10:00:00,1.78
2016-07-14 11:00:00,1.78
2016-07-14 12:00:00,32.95
2016-07-14 13:00:00,33.02
2016-07-14 14:00:00,31.86
2016-07-14 15:00:00,1.78
2016-07-14 16:00:00,1.78
2016-07-14 17:00:00,1.78
2016-07-14 18:00:00,1.78
2016-07-14 19:00:00,1.78
2016-07-14 20:00:00,1.78
2016-07-14 21:00:00,1.78
2016-07-14 22:00:00,1.78
2016-07-14 23:00:00,1.78
2016-07-15 00:00:00,1.78
2016-07-15 01:00:00,1.78
2016-07-15 02:00:00,1.78
2016-07-15 03:00:00,1.78
2016-07-15 04:00:00,1.78
2016-07-15 05:00:00,1.78
2016-07-15 06:00:00,1.78
2016-07-15 07:00:00,1.78
2016-07-15 08:00:00,1.78
2016-07-15 09:00:00,1.78
2016-07-15 10:00:00,1.78
2016-07-15 11:00:00,1.78
2016-07-15 12:00:00,1.78
2016-07-15 13:00:00,1.78
2016-07-15 14:00:00,1.78
2016-07-15 15:00:00,30.19
2016-07-15 16:00:00,22.87
2016-07-15 17:00:00,22.05
2016-07-15 18:00:00,1.78
2016-07-15 19:00:00,1.78
2016-07-15 20:00:00,1.78
2016-07-15 21:00:00,1.78
2016-07-15 22:00:00,1.78
2016-07-15 23:00:00,1.78
2016-07-16 00:00:00,1.78
2016-07-16 01:00:00,1.78
2016-07-16 02:00:00,1.78
2016-07-16 03:00:00,1.78
2016-07-16 04:00:00,1.78
2016-07-16 05:00:00,1.78
2016-07-16 06:00:00,1.78
2016-07-16 07:00:00,1.78
2016-07-16 08:00:00,1.78
2016-07-16 09:00:00,1.78
2016-07-16 10:00:00,1.78
2016-07-16 11:00:00,1.78
2016-07-16 12:00:00,1.78
2016-07-16 13:00:00,1.78
2016-07-16 14:00:00,1.78
2016-07-16 15:00:00,1.78
2016-07-16 16:00:00,1.78
2016-07-16 17:00:00,1.78
2016-07-16 18:00:00,1.78
2016-07-16 19:00:00,1.78
2016-07-16 20:00:00,1.78
2016-07-16 21:00:00,1.78
2016-07-16 22:00:00,1.78
2016-07-16 23:00:00,1.78
2016-07-17 00:00:00,1.78
2016-07-17 01:00:00,1.78
2016-07-17 02:00:00,1.78
2016-07-17 03:00:00,1.78
2016-07-17 04:00:00,1.78
2016-07-17 05:00:00,1.78
2016-07-17 06:00:00,1.78
2016-07-17 07:00:00,0
2016-07-17 08:00:00,0
2016-07-17 09:00:00,0
2016-07-17 10:00:00,0
2016-07-17 11:00:00,0
2016-07-17 12:00:00,0
2016-07-17 13:00:00,0
2016-07-17 14:00:00,0
2016-07-17 15:00:00,0
2016-07-17 16:00:00,0
2016-07-17 17:00:00,0
2016-07-17 18:00:00,0
2016-07-17 19:00:00,3.49E-09
2016-07-17 20:00:00,20
2016-07-17 21:00:00,26
2016-07-17 22:00:00,26
2016-07-17 23:00:00,23
2016-07-18 00:00:00,1.78
2016-07-18 01:00:00,1.78
2016-07-18 02:00:00,1.78
2016-07-18 03:00:00,1.78
2016-07-18 04:00:00,1.78
2016-07-18 05:00:00,1.78
2016-07-18 06:00:00,1.78
2016-07-18 07:00:00,1.78
2016-07-18 08:00:00,1.78
2016-07-18 09:00:00,1.78
2016-07-18 10:00:00,1.78
2016-07-18 11:00:00,1.78
2016-07-18 12:00:00,1.78
2016-07-18 13:00:00,1.780000003
2016-07-18 14:00:00,20.11
2016-07-18 15:00:00,30.45
2016-07-18 16:00:00,29.31
2016-07-18 17:00:00,1.78
2016-07-18 18:00:00,1.78
2016-07-18 19:00:00,1.78
2016-07-18 20:00:00,1.78
2016-07-18 21:00:00,1.78
2016-07-18 22:00:00,1.78
2016-07-18 23:00:00,1.78
2016-07-19 00:00:00,1.78
2016-07-19 01:00:00,1.78
2016-07-19 02:00:00,1.78
2016-07-19 03:00:00,1.78
2016-07-19 04:00:00,1.78
2016-07-19 05:00:00,1.78
2016-07-19 06:00:00,1.78
2016-07-19 07:00:00,1.78
2016-07-19 08:00:00,1.78
2016-07-19 09:00:00,1.78
2016-07-19 10:00:00,1.78
2016-07-19 11:00:00,1.78
2016-07-19 12:00:00,1.78
2016-07-19 13:00:00,1.78
2016-07-19 14:00:00,1.78
2016-07-19 15:00:00,1.78
2016-07-19 16:00:00,1.78
2016-07-19 17:00:00,1.78
2016-07-19 18:00:00,1.78
2016-07-19 19:00:00,1.780000005
2016-07-19 20:00:00,32.46
2016-07-19 21:00:00,30.48
2016-07-19 22:00:00,23.78
2016-07-19 23:00:00,1.78
2016-07-20 00:00:00,1.78
2016-07-20 01:00:00,1.78
2016-07-20 02:00:00,1.78
2016-07-20 03:00:00,1.78
2016-07-20 04:00:00,1.78
2016-07-20 05:00:00,1.78
2016-07-20 06:00:00,1.78
2016-07-20 07:00:00,1.78
2016-07-20 08:00:00,1.78
2016-07-20 09:00:00,1.78
2016-07-20 10:00:00,1.78
2016-07-20 11:00:00,1.78
2016-07-20 12:00:00,22.3
2016-07-20 13:00:00,3.73
2016-07-20 14:00:00,1.78
2016-07-20 15:00:00,1.78
2016-07-20 16:00:00,1.78
2016-07-20 17:00:00,1.78
2016-07-20 18:00:00,1.78
2016-07-20 19:00:00,1.780000005
2016-07-20 20:00:00,27.57
2016-07-20 21:00:00,27.92
2016-07-20 22:00:00,26.96
2016-07-20 23:00:00,1.78
2016-07-21 00:00:00,1.78
2016-07-21 01:00:00,1.78
2016-07-21 02:00:00,1.78
2016-07-21 03:00:00,1.78
2016-07-21 04:00:00,1.78
2016-07-21 05:00:00,1.78
2016-07-21 06:00:00,1.78
2016-07-21 07:00:00,1.78
2016-07-21 08:00:00,1.78
2016-07-21 09:00:00,1.78
2016-07-21 10:00:00,1.78
2016-07-21 11:00:00,1.78
2016-07-21 12:00:00,1.78
2016-07-21 13:00:00,1.78
2016-07-21 14:00:00,1.78
2016-07-21 15:00:00,1.78
2016-07-21 16:00:00,1.78
2016-07-21 17:00:00,1.78
2016-07-21 18:00:00,1.78
2016-07-21 19:00:00,30.22
2016-07-21 20:00:00,30.58
2016-07-21 21:00:00,27.51
2016-07-21 22:00:00,1.78
2016-07-21 23:00:00,1.78
2016-07-22 00:00:00,1.78
2016-07-22 01:00:00,1.78
2016-07-22 02:00:00,1.78
2016-07-22 03:00:00,1.78
2016-07-22 04:00:00,1.78
2016-07-22 05:00:00,1.78
2016-07-22 06:00:00,1.78
2016-07-22 07:00:00,1.78
2016-07-22 08:00:00,1.78
2016-07-22 09:00:00,1.78
2016-07-22 10:00:00,1.78
2016-07-22 11:00:00,1.78
2016-07-22 12:00:00,30.02
2016-07-22 13:00:00,29.91
2016-07-22 14:00:00,25.09
2016-07-22 15:00:00,25.14
2016-07-22 16:00:00,1.78
2016-07-22 17:00:00,1.78
2016-07-22 18:00:00,1.78
2016-07-22 19:00:00,1.78
2016-07-22 20:00:00,1.78
2016-07-22 21:00:00,1.78
2016-07-22 22:00:00,1.78
2016-07-22 23:00:00,1.78
2016-07-23 00:00:00,1.78
2016-07-23 01:00:00,1.78
2016-07-23 02:00:00,1.78
2016-07-23 03:00:00,1.78
2016-07-23 04:00:00,1.78
2016-07-23 05:00:00,1.78
2016-07-23 06:00:00,1.78
2016-07-23 07:00:00,1.78
2016-07-23 08:00:00,1.78
2016-07-23 09:00:00,1.78
2016-07-23 10:00:00,1.78
2016-07-23 11:00:00,1.78
2016-07-23 12:00:00,1.78
2016-07-23 13:00:00,1.78
2016-07-23 14:00:00,1.78
2016-07-23 15:00:00,1.78
2016-07-23 16:00:00,1.78
2016-07-23 17:00:00,1.78
2016-07-23 18:00:00,1.78
2016-07-23 19:00:00,1.78
2016-07-23 20:00:00,1.78
2016-07-23 21:00:00,1.78
2016-07-23 22:00:00,1.78
2016-07-23 23:00:00,1.78
2016-07-24 00:00:00,1.78
2016-07-24 01:00:00,1.78
2016-07-24 02:00:00,1.78
2016-07-24 03:00:00,1.78
2016-07-24 04:00:00,1.78
2016-07-24 05:00:00,1.78
2016-07-24 06:00:00,1.78
2016-07-24 07:00:00,1.78
2016-07-24 08:00:00,1.78
2016-07-24 09:00:00,1.78
2016-07-24 10:00:00,1.78
2016-07-24 11:00:00,1.78
2016-07-24 12:00:00,1.78
2016-07-24 13:00:00,1.78
2016-07-24 14:00:00,1.78
2016-07-24 15:00:00,1.78
2016-07-24 16:00:00,1.78
2016-07-24 17:00:00,1.78
2016-07-24 18:00:00,1.78
2016-07-24 19:00:00,1.78
2016-07-24 20:00:00,1.78
2016-07-24 21:00:00,1.78
2016-07-24 22:00:00,1.78
2016-07-24 23:00:00,1.78
2016-07-25 00:00:00,1.78
2016-07-25 01:00:00,1.78
2016-07-25 02:00:00,1.78
2016-07-25 03:00:00,1.78
2016-07-25 04:00:00,1.78
2016-07-25 05:00:00,1.78
2016-07-25 06:00:00,1.78
2016-07-25 07:00:00,1.78
2016-07-25 08:00:00,1.78
2016-07-25 09:00:00,1.78
2016-07-25 10:00:00,1.78
2016-07-25 11:00:00,1.78
2016-07-25 12:00:00,1.78
2016-07-25 13:00:00,1.78
2016-07-25 14:00:00,1.78
2016-07-25 15:00:00,1.78
2016-07-25 16:00:00,1.78
2016-07-25 17:00:00,1.78
2016-07-25 18:00:00,1.78
2016-07-25 19:00:00,1.78
2016-07-25 20:00:00,1.78
2016-07-25 21:00:00,1.78
2016-07-25 22:00:00,1.78
2016-07-25 23:00:00,1.78
2016-07-26 00:00:00,1.78
2016-07-26 01:00:00,1.78
2016-07-26 02:00:00,1.78
2016-07-26 03:00:00,1.78
2016-07-26 04:00:00,1.78
2016-07-26 05:00:00,1.78
2016-07-26 06:00:00,1.78
2016-07-26 07:00:00,1.78
2016-07-26 08:00:00,1.78
2016-07-26 09:00:00,1.78
2016-07-26 10:00:00,1.78
2016-07-26 11:00:00,1.78
2016-07-26 12:00:00,1.78
2016-07-26 13:00:00,1.78
2016-07-26 14:00:00,1.78
2016-07-26 15:00:00,1.78
2016-07-26 16:00:00,1.78
2016-07-26 17:00:00,1.78
2016-07-26 18:00:00,1.78
2016-07-26 19:00:00,1.78
2016-07-26 20:00:00,1.78
2016-07-26 21:00:00,1.78
2016-07-26 22:00:00,1.78
2016-07-26 23:00:00,1.78
2016-07-27 00:00:00,1.78
2016-07-27 01:00:00,1.78
2016-07-27 02:00:00,1.78
2016-07-27 03:00:00,1.78
2016-07-27 04:00:00,1.78
2016-07-27 05:00:00,1.78
2016-07-27 06:00:00,1.78
2016-07-27 07:00:00,1.78
2016-07-27 08:00:00,1.78
2016-07-27 09:00:00,1.78
2016-07-27 10:00:00,1.78
2016-07-27 11:00:00,1.78
2016-07-27 12:00:00,1.78
2016-07-27 13:00:00,1.78
2016-07-27 14:00:00,1.78
2016-07-27 15:00:00,1.78
2016-07-27 16:00:00,1.78
2016-07-27 17:00:00,1.78
2016-07-27 18:00:00,1.78
2016-07-27 19:00:00,1.78
2016-07-27 20:00:00,1.78
2016-07-27 21:00:00,1.78
2016-07-27 22:00:00,1.78
2016-07-27 23:00:00,1.78
2016-07-28 00:00:00,1.78
2016-07-28 01:00:00,1.78
2016-07-28 02:00:00,1.78
2016-07-28 03:00:00,1.78
2016-07-28 04:00:00,1.78
2016-07-28 05:00:00,1.78
2016-07-28 06:00:00,1.78
2016-07-28 07:00:00,1.78
2016-07-28 08:00:00,1.78
2016-07-28 09:00:00,1.78
2016-07-28 10:00:00,1.78
2016-07-28 11:00:00,1.78
2016-07-28 12:00:00,1.78
2016-07-28 13:00:00,1.78
2016-07-28 14:00:00,1.78
2016-07-28 15:00:00,1.78
2016-07-28 16:00:00,1.78
2016-07-28 17:00:00,1.78
2016-07-28 18:00:00,1.78
2016-07-28 19:00:00,1.78
2016-07-28 20:00:00,1.78
2016-07-28 21:00:00,1.78
2016-07-28 22:00:00,1.78
2016-07-28 23:00:00,1.78
2016-07-29 00:00:00,1.78
2016-07-29 01:00:00,1.78
2016-07-29 02:00:00,1.78
2016-07-29 03:00:00,1.78
2016-07-29 04:00:00,1.78
2016-07-29 05:00:00,1.78
2016-07-29 06:00:00,1.78
2016-07-29 07:00:00,1.78
2016-07-29 08:00:00,1.78
2016-07-29 09:00:00,1.78
2016-07-29 10:00:00,1.78
2016-07-29 11:00:00,1.78
2016-07-29 12:00:00,1.78
2016-07-29 13:00:00,1.78
2016-07-29 14:00:00,1.78
2016-07-29 15:00:00,1.78
2016-07-29 16:00:00,1.78
2016-07-29 17:00:00,1.78
2016-07-29 18:00:00,1.78
2016-07-29 19:00:00,1.78
2016-07-29 20:00:00,1.78
2016-07-29 21:00:00,1.78
2016-07-29 22:00:00,1.78
2016-07-29 23:00:00,1.78
2016-07-30 00:00:00,1.78
2016-07-30 01:00:00,2.42
2016-07-30 02:00:00,2.42
2016-07-30 03:00:00,2.42
2016-07-30 04:00:00,2.42
2016-07-30 05:00:00,2.42
2016-07-30 06:00:00,2.42
2016-07-30 07:00:00,2.42
2016-07-30 08:00:00,2.42
2016-07-30 09:00:00,2.42
2016-07-30 10:00:00,2.42
2016-07-30 11:00:00,2.42
2016-07-30 12:00:00,2.42
2016-07-30 13:00:00,2.42
2016-07-30 14:00:00,2.42
2016-07-30 15:00:00,2.42
2016-07-30 16:00:00,2.42
2016-07-30 17:00:00,2.42
2016-07-30 18:00:00,2.42
2016-07-30 19:00:00,2.42
2016-07-30 20:00:00,2.42
2016-07-30 21:00:00,2.42
2016-07-30 22:00:00,2.42
2016-07-30 23:00:00,2.42
2016-07-31 00:00:00,2.42
2016-07-31 01:00:00,2.42
2016-07-31 02:00:00,2.42
2016-07-31 03:00:00,2.42
2016-07-31 04:00:00,2.42
2016-07-31 05:00:00,2.42
2016-07-31 06:00:00,2.42
2016-07-31 07:00:00,0
2016-07-31 08:00:00,0
2016-07-31 09:00:00,0
2016-07-31 10:00:00,0
2016-07-31 11:00:00,0
2016-07-31 12:00:00,0
2016-07-31 13:00:00,0
2016-07-31 14:00:00,0
2016-07-31 15:00:00,0
2016-07-31 16:00:00,0
2016-07-31 17:00:00,0
2016-07-31 18:00:00,0
2016-07-31 19:00:00,0
2016-07-31 20:00:00,0
2016-07-31 21:00:00,0
2016-07-31 22:00:00,0
2016-07-31 23:00:00,0
2016-08-01 00:00:00,2.42
2016-08-01 01:00:00,2.42
2016-08-01 02:00:00,2.42
2016-08-01 03:00:00,2.42
2016-08-01 04:00:00,2.42
2016-08-01 05:00:00,2.42
2016-08-01 06:00:00,2.42
2016-08-01 07:00:00,2.42
2016-08-01 08:00:00,2.42
2016-08-01 09:00:00,2.42
2016-08-01 10:00:00,2.42
2016-08-01 11:00:00,2.42
2016-08-01 12:00:00,2.42
2016-08-01 13:00:00,2.42
2016-08-01 14:00:00,2.42
2016-08-01 15:00:00,2.42
2016-08-01 16:00:00,2.42
2016-08-01 17:00:00,2.42
2016-08-01 18:00:00,2.42
2016-08-01 19:00:00,2.42
2016-08-01 20:00:00,2.42
2016-08-01 21:00:00,2.42
2016-08-01 22:00:00,2.42
2016-08-01 23:00:00,2.42
2016-08-02 00:00:00,2.42
2016-08-02 01:00:00,2.42
2016-08-02 02:00:00,2.42
2016-08-02 03:00:00,2.42
2016-08-02 04:00:00,2.42
2016-08-02 05:00:00,2.42
2016-08-02 06:00:00,2.42
2016-08-02 07:00:00,2.42
2016-08-02 08:00:00,2.42
2016-08-02 09:00:00,2.42
2016-08-02 10:00:00,2.42
2016-08-02 11:00:00,2.42
2016-08-02 12:00:00,2.42
2016-08-02 13:00:00,2.42
2016-08-02 14:00:00,2.42
2016-08-02 15:00:00,2.42
2016-08-02 16:00:00,2.42
2016-08-02 17:00:00,2.42
2016-08-02 18:00:00,2.42
2016-08-02 19:00:00,2.42
2016-08-02 20:00:00,2.42
2016-08-02 21:00:00,2.42
2016-08-02 22:00:00,2.42
2016-08-02 23:00:00,2.42
2016-08-03 00:00:00,1.78
2016-08-03 01:00:00,2.42
2016-08-03 02:00:00,2.42
2016-08-03 03:00:00,2.42
2016-08-03 04:00:00,2.42
2016-08-03 05:00:00,2.42
2016-08-03 06:00:00,2.42
2016-08-03 07:00:00,2.42
2016-08-03 08:00:00,2.42
2016-08-03 09:00:00,2.42
2016-08-03 10:00:00,2.42
2016-08-03 11:00:00,2.42
2016-08-03 12:00:00,2.42
2016-08-03 13:00:00,2.42
2016-08-03 14:00:00,2.42
2016-08-03 15:00:00,2.42
2016-08-03 16:00:00,2.42
2016-08-03 17:00:00,2.42
2016-08-03 18:00:00,2.42
2016-08-03 19:00:00,2.42
2016-08-03 20:00:00,2.42
2016-08-03 21:00:00,2.42
2016-08-03 22:00:00,2.42
2016-08-03 23:00:00,2.42
2016-08-04 00:00:00,2.42
2016-08-04 01:00:00,2.42
2016-08-04 02:00:00,2.42
2016-08-04 03:00:00,2.42
2016-08-04 04:00:00,2.42
2016-08-04 05:00:00,2.42
2016-08-04 06:00:00,2.42
2016-08-04 07:00:00,2.42
2016-08-04 08:00:00,2.42
2016-08-04 09:00:00,2.42
2016-08-04 10:00:00,2.42
2016-08-04 11:00:00,2.42
2016-08-04 12:00:00,2.42
2016-08-04 13:00:00,2.42
2016-08-04 14:00:00,2.42
2016-08-04 15:00:00,2.42
2016-08-04 16:00:00,2.42
2016-08-04 17:00:00,2.42
2016-08-04 18:00:00,2.42
2016-08-04 19:00:00,2.42
2016-08-04 20:00:00,2.42
2016-08-04 21:00:00,2.42
2016-08-04 22:00:00,2.42
2016-08-04 23:00:00,2.42
2016-08-05 00:00:00,2.42
2016-08-05 01:00:00,2.42
2016-08-05 02:00:00,2.42
2016-08-05 03:00:00,2.42
2016-08-05 04:00:00,2.42
2016-08-05 05:00:00,2.42
2016-08-05 06:00:00,2.42
2016-08-05 07:00:00,2.42
2016-08-05 08:00:00,2.42
2016-08-05 09:00:00,2.42
2016-08-05 10:00:00,2.42
2016-08-05 11:00:00,2.42
2016-08-05 12:00:00,2.42
2016-08-05 13:00:00,2.42
2016-08-05 14:00:00,2.42
2016-08-05 15:00:00,2.42
2016-08-05 16:00:00,2.42
2016-08-05 17:00:00,2.42
2016-08-05 18:00:00,2.42
2016-08-05 19:00:00,2.42
2016-08-05 20:00:00,2.42
2016-08-05 21:00:00,2.42
2016-08-05 22:00:00,2.42
2016-08-05 23:00:00,2.42
2016-08-06 00:00:00,2.42
2016-08-06 01:00:00,2.42
2016-08-06 02:00:00,2.42
2016-08-06 03:00:00,2.42
2016-08-06 04:00:00,2.42
2016-08-06 05:00:00,2.42
2016-08-06 06:00:00,2.42
2016-08-06 07:00:00,2.42
2016-08-06 08:00:00,2.42
2016-08-06 09:00:00,2.42
2016-08-06 10:00:00,2.42
2016-08-06 11:00:00,2.42
2016-08-06 12:00:00,2.42
2016-08-06 13:00:00,2.42
2016-08-06 14:00:00,2.42
2016-08-06 15:00:00,2.42
2016-08-06 16:00:00,2.42
2016-08-06 17:00:00,2.42
2016-08-06 18:00:00,2.42
2016-08-06 19:00:00,2.42
2016-08-06 20:00:00,2.42
2016-08-06 21:00:00,2.42
2016-08-06 22:00:00,2.42
2016-08-06 23:00:00,2.42
2016-08-07 00:00:00,2.42
2016-08-07 01:00:00,2.42
2016-08-07 02:00:00,2.42
2016-08-07 03:00:00,2.42
2016-08-07 04:00:00,2.42
2016-08-07 05:00:00,2.42
2016-08-07 06:00:00,2.42
2016-08-07 07:00:00,2.42
2016-08-07 08:00:00,2.42
2016-08-07 09:00:00,2.42
2016-08-07 10:00:00,2.42
2016-08-07 11:00:00,2.42
2016-08-07 12:00:00,2.42
2016-08-07 13:00:00,2.42
2016-08-07 14:00:00,2.42
2016-08-07 15:00:00,2.42
2016-08-07 16:00:00,2.42
2016-08-07 17:00:00,2.42
2016-08-07 18:00:00,2.42
2016-08-07 19:00:00,2.42
2016-08-07 20:00:00,2.42
2016-08-07 21:00:00,2.42
2016-08-07 22:00:00,2.42
2016-08-07 23:00:00,2.42
2016-08-08 00:00:00,2.42
2016-08-08 01:00:00,2.42
2016-08-08 02:00:00,2.42
2016-08-08 03:00:00,2.42
2016-08-08 04:00:00,2.42
2016-08-08 05:00:00,2.42
2016-08-08 06:00:00,2.42
2016-08-08 07:00:00,2.42
2016-08-08 08:00:00,2.42
2016-08-08 09:00:00,2.42
2016-08-08 10:00:00,2.42
2016-08-08 11:00:00,2.42
2016-08-08 12:00:00,2.42
2016-08-08 13:00:00,2.42
2016-08-08 14:00:00,2.42
2016-08-08 15:00:00,2.42
2016-08-08 16:00:00,2.42
2016-08-08 17:00:00,2.42
2016-08-08 18:00:00,2.42
2016-08-08 19:00:00,2.42
2016-08-08 20:00:00,2.42
2016-08-08 21:00:00,2.42
2016-08-08 22:00:00,2.42
2016-08-08 23:00:00,2.42
2016-08-09 00:00:00,2.42
2016-08-09 01:00:00,2.42
2016-08-09 02:00:00,2.42
2016-08-09 03:00:00,2.42
2016-08-09 04:00:00,2.42
2016-08-09 05:00:00,2.42
2016-08-09 06:00:00,2.42
2016-08-09 07:00:00,2.42
2016-08-09 08:00:00,2.42
2016-08-09 09:00:00,2.42
2016-08-09 10:00:00,2.42
2016-08-09 11:00:00,2.42
2016-08-09 12:00:00,2.42
2016-08-09 13:00:00,2.42
2016-08-09 14:00:00,2.42
2016-08-09 15:00:00,2.42
2016-08-09 16:00:00,2.42
2016-08-09 17:00:00,2.42
2016-08-09 18:00:00,2.42
2016-08-09 19:00:00,2.42
2016-08-09 20:00:00,2.42
2016-08-09 21:00:00,2.42
2016-08-09 22:00:00,2.42
2016-08-09 23:00:00,2.42
2016-08-10 00:00:00,0
2016-08-10 01:00:00,2.42
2016-08-10 02:00:00,2.42
2016-08-10 03:00:00,2.42
2016-08-10 04:00:00,2.42
2016-08-10 05:00:00,2.42
2016-08-10 06:00:00,2.42
2016-08-10 07:00:00,2.42
2016-08-10 08:00:00,2.42
2016-08-10 09:00:00,2.42
2016-08-10 10:00:00,2.42
2016-08-10 11:00:00,2.42
2016-08-10 12:00:00,2.42
2016-08-10 13:00:00,2.42
2016-08-10 14:00:00,2.42
2016-08-10 15:00:00,2.42
2016-08-10 16:00:00,2.42
2016-08-10 17:00:00,2.42
2016-08-10 18:00:00,2.42
2016-08-10 19:00:00,2.42
2016-08-10 20:00:00,2.42
2016-08-10 21:00:00,2.42
2016-08-10 22:00:00,2.42
2016-08-10 23:00:00,2.42
2016-08-11 00:00:00,2.42
2016-08-11 01:00:00,2.42
2016-08-11 02:00:00,2.42
2016-08-11 03:00:00,2.42
2016-08-11 04:00:00,2.42
2016-08-11 05:00:00,2.42
2016-08-11 06:00:00,2.42
2016-08-11 07:00:00,0
2016-08-11 08:00:00,0
2016-08-11 09:00:00,0
2016-08-11 10:00:00,0
2016-08-11 11:00:00,0
2016-08-11 12:00:00,0
2016-08-11 13:00:00,0
2016-08-11 14:00:00,0
2016-08-11 15:00:00,0
2016-08-11 16:00:00,0
2016-08-11 17:00:00,0
2016-08-11 18:00:00,0
2016-08-11 19:00:00,0
2016-08-11 20:00:00,0
2016-08-11 21:00:00,0
2016-08-11 22:00:00,0
2016-08-11 23:00:00,0
2016-08-12 00:00:00,2.42
2016-08-12 01:00:00,2.42
2016-08-12 02:00:00,2.42
2016-08-12 03:00:00,2.42
2016-08-12 04:00:00,2.42
2016-08-12 05:00:00,2.42
2016-08-12 06:00:00,2.42
2016-08-12 07:00:00,2.42
2016-08-12 08:00:00,2.42
2016-08-12 09:00:00,2.42
2016-08-12 10:00:00,2.42
2016-08-12 11:00:00,2.42
2016-08-12 12:00:00,2.42
2016-08-12 13:00:00,2.42
2016-08-12 14:00:00,2.42
2016-08-12 15:00:00,2.42
2016-08-12 16:00:00,2.42
2016-08-12 17:00:00,2.42
2016-08-12 18:00:00,2.42
2016-08-12 19:00:00,2.42
2016-08-12 20:00:00,2.42
2016-08-12 21:00:00,2.42
2016-08-12 22:00:00,2.42
2016-08-12 23:00:00,2.42
2016-08-13 00:00:00,2.42
2016-08-13 01:00:00,2.42
2016-08-13 02:00:00,2.42
2016-08-13 03:00:00,2.42
2016-08-13 04:00:00,2.42
2016-08-13 05:00:00,2.42
2016-08-13 06:00:00,2.42
2016-08-13 07:00:00,2.42
2016-08-13 08:00:00,2.42
2016-08-13 09:00:00,2.42
2016-08-13 10:00:00,2.42
2016-08-13 11:00:00,2.42
2016-08-13 12:00:00,2.42
2016-08-13 13:00:00,2.42
2016-08-13 14:00:00,2.42
2016-08-13 15:00:00,2.42
2016-08-13 16:00:00,2.42
2016-08-13 17:00:00,2.42
2016-08-13 18:00:00,2.42
2016-08-13 19:00:00,2.42
2016-08-13 20:00:00,2.42
2016-08-13 21:00:00,2.42
2016-08-13 22:00:00,2.42
2016-08-13 23:00:00,2.42
2016-08-14 00:00:00,2.42
2016-08-14 01:00:00,2.42
2016-08-14 02:00:00,2.42
2016-08-14 03:00:00,2.42
2016-08-14 04:00:00,2.42
2016-08-14 05:00:00,2.42
2016-08-14 06:00:00,2.42
2016-08-14 07:00:00,2.42
2016-08-14 08:00:00,2.42
2016-08-14 09:00:00,2.42
2016-08-14 10:00:00,2.42
2016-08-14 11:00:00,2.42
2016-08-14 12:00:00,2.42
2016-08-14 13:00:00,2.42
2016-08-14 14:00:00,2.42
2016-08-14 15:00:00,2.42
2016-08-14 16:00:00,2.42
2016-08-14 17:00:00,2.42
2016-08-14 18:00:00,2.42
2016-08-14 19:00:00,2.42
2016-08-14 20:00:00,2.42
2016-08-14 21:00:00,2.42
2016-08-14 22:00:00,2.42
2016-08-14 23:00:00,2.42
2016-08-15 00:00:00,2.42
2016-08-15 01:00:00,2.42
2016-08-15 02:00:00,2.42
2016-08-15 03:00:00,2.42
2016-08-15 04:00:00,2.42
2016-08-15 05:00:00,2.42
2016-08-15 06:00:00,2.42
2016-08-15 07:00:00,2.42
2016-08-15 08:00:00,2.42
2016-08-15 09:00:00,2.42
2016-08-15 10:00:00,2.42
2016-08-15 11:00:00,2.42
2016-08-15 12:00:00,2.42
2016-08-15 13:00:00,2.42
2016-08-15 14:00:00,2.42
2016-08-15 15:00:00,2.42
2016-08-15 16:00:00,2.42
2016-08-15 17:00:00,2.42
2016-08-15 18:00:00,2.42
2016-08-15 19:00:00,2.42
2016-08-15 20:00:00,2.42
2016-08-15 21:00:00,2.42
2016-08-15 22:00:00,2.42
2016-08-15 23:00:00,2.42
2016-08-16 00:00:00,2.42
2016-08-16 01:00:00,2.42
2016-08-16 02:00:00,2.42
2016-08-16 03:00:00,2.42
2016-08-16 04:00:00,2.42
2016-08-16 05:00:00,2.42
2016-08-16 06:00:00,2.42
2016-08-16 07:00:00,2.42
2016-08-16 08:00:00,2.42
2016-08-16 09:00:00,2.42
2016-08-16 10:00:00,2.42
2016-08-16 11:00:00,2.42
2016-08-16 12:00:00,2.42
2016-08-16 13:00:00,2.42
2016-08-16 14:00:00,2.42
2016-08-16 15:00:00,2.42
2016-08-16 16:00:00,2.42
2016-08-16 17:00:00,2.42
2016-08-16 18:00:00,2.42
2016-08-16 19:00:00,2.42
2016-08-16 20:00:00,2.42
2016-08-16 21:00:00,2.42
2016-08-16 22:00:00,2.42
2016-08-16 23:00:00,2.42
2016-08-17 00:00:00,2.42
2016-08-17 01:00:00,2.42
2016-08-17 02:00:00,2.42
2016-08-17 03:00:00,2.42
2016-08-17 04:00:00,2.42
2016-08-17 05:00:00,2.42
2016-08-17 06:00:00,2.42
2016-08-17 07:00:00,2.42
2016-08-17 08:00:00,2.42
2016-08-17 09:00:00,2.42
2016-08-17 10:00:00,2.42
2016-08-17 11:00:00,2.42
2016-08-17 12:00:00,2.42
2016-08-17 13:00:00,2.42
2016-08-17 14:00:00,2.42
2016-08-17 15:00:00,2.42
2016-08-17 16:00:00,2.42
2016-08-17 17:00:00,2.42
2016-08-17 18:00:00,2.42
2016-08-17 19:00:00,2.42
2016-08-17 20:00:00,2.42
2016-08-17 21:00:00,2.42
2016-08-17 22:00:00,2.42
2016-08-17 23:00:00,2.42
2016-08-18 00:00:00,2.42
2016-08-18 01:00:00,2.42
2016-08-18 02:00:00,2.42
2016-08-18 03:00:00,2.42
2016-08-18 04:00:00,2.42
2016-08-18 05:00:00,2.42
2016-08-18 06:00:00,2.42
2016-08-18 07:00:00,2.42
2016-08-18 08:00:00,2.42
2016-08-18 09:00:00,2.42
2016-08-18 10:00:00,2.42
2016-08-18 11:00:00,2.42
2016-08-18 12:00:00,2.42
2016-08-18 13:00:00,2.42
2016-08-18 14:00:00,2.42
2016-08-18 15:00:00,2.42
2016-08-18 16:00:00,2.42
2016-08-18 17:00:00,2.42
2016-08-18 18:00:00,2.42
2016-08-18 19:00:00,2.42
2016-08-18 20:00:00,2.42
2016-08-18 21:00:00,2.42
2016-08-18 22:00:00,2.42
2016-08-18 23:00:00,2.42
2016-08-19 00:00:00,2.42
2016-08-19 01:00:00,2.42
2016-08-19 02:00:00,2.42
2016-08-19 03:00:00,2.42
2016-08-19 04:00:00,2.42
2016-08-19 05:00:00,2.42
2016-08-19 06:00:00,2.42
2016-08-19 07:00:00,2.42
2016-08-19 08:00:00,2.42
2016-08-19 09:00:00,2.42
2016-08-19 10:00:00,2.42
2016-08-19 11:00:00,2.42
2016-08-19 12:00:00,2.42
2016-08-19 13:00:00,2.42
2016-08-19 14:00:00,2.42
2016-08-19 15:00:00,2.42
2016-08-19 16:00:00,2.42
2016-08-19 17:00:00,2.42
2016-08-19 18:00:00,2.42
2016-08-19 19:00:00,2.42
2016-08-19 20:00:00,2.42
2016-08-19 21:00:00,2.42
2016-08-19 22:00:00,2.42
2016-08-19 23:00:00,2.42
2016-08-20 00:00:00,2.42
2016-08-20 01:00:00,2.42
2016-08-20 02:00:00,2.42
2016-08-20 03:00:00,2.42
2016-08-20 04:00:00,2.42
2016-08-20 05:00:00,2.42
2016-08-20 06:00:00,2.42
2016-08-20 07:00:00,2.42
2016-08-20 08:00:00,2.42
2016-08-20 09:00:00,2.42
2016-08-20 10:00:00,2.42
2016-08-20 11:00:00,2.42
2016-08-20 12:00:00,2.42
2016-08-20 13:00:00,2.42
2016-08-20 14:00:00,2.42
2016-08-20 15:00:00,2.42
2016-08-20 16:00:00,2.42
2016-08-20 17:00:00,2.42
2016-08-20 18:00:00,2.42
2016-08-20 19:00:00,2.42
2016-08-20 20:00:00,2.42
2016-08-20 21:00:00,2.42
2016-08-20 22:00:00,2.42
2016-08-20 23:00:00,2.42
2016-08-21 00:00:00,2.42
2016-08-21 01:00:00,2.42
2016-08-21 02:00:00,2.42
2016-08-21 03:00:00,2.42
2016-08-21 04:00:00,2.42
2016-08-21 05:00:00,2.42
2016-08-21 06:00:00,2.42
2016-08-21 07:00:00,2.42
2016-08-21 08:00:00,2.42
2016-08-21 09:00:00,2.42
2016-08-21 10:00:00,2.42
2016-08-21 11:00:00,2.42
2016-08-21 12:00:00,2.42
2016-08-21 13:00:00,2.42
2016-08-21 14:00:00,2.42
2016-08-21 15:00:00,2.42
2016-08-21 16:00:00,2.42
2016-08-21 17:00:00,2.42
2016-08-21 18:00:00,2.42
2016-08-21 19:00:00,2.42
2016-08-21 20:00:00,2.42
2016-08-21 21:00:00,2.42
2016-08-21 22:00:00,2.42
2016-08-21 23:00:00,2.42
2016-08-22 00:00:00,2.42
2016-08-22 01:00:00,2.42
2016-08-22 02:00:00,2.42
2016-08-22 03:00:00,2.42
2016-08-22 04:00:00,2.42
2016-08-22 05:00:00,2.42
2016-08-22 06:00:00,2.42
2016-08-22 07:00:00,2.42
2016-08-22 08:00:00,2.42
2016-08-22 09:00:00,2.42
2016-08-22 10:00:00,2.42
2016-08-22 11:00:00,2.42
2016-08-22 12:00:00,2.42
2016-08-22 13:00:00,2.42
2016-08-22 14:00:00,2.42
2016-08-22 15:00:00,2.42
2016-08-22 16:00:00,2.42
2016-08-22 17:00:00,2.42
2016-08-22 18:00:00,2.42
2016-08-22 19:00:00,2.42
2016-08-22 20:00:00,2.42
2016-08-22 21:00:00,2.42
2016-08-22 22:00:00,2.42
2016-08-22 23:00:00,2.42
2016-08-23 00:00:00,2.42
2016-08-23 01:00:00,2.42
2016-08-23 02:00:00,2.42
2016-08-23 03:00:00,2.42
2016-08-23 04:00:00,2.42
2016-08-23 05:00:00,2.42
2016-08-23 06:00:00,2.42
2016-08-23 07:00:00,2.42
2016-08-23 08:00:00,2.42
2016-08-23 09:00:00,2.42
2016-08-23 10:00:00,2.42
2016-08-23 11:00:00,2.42
2016-08-23 12:00:00,2.42
2016-08-23 13:00:00,2.42
2016-08-23 14:00:00,2.42
2016-08-23 15:00:00,2.42
2016-08-23 16:00:00,2.42
2016-08-23 17:00:00,2.42
2016-08-23 18:00:00,2.42
2016-08-23 19:00:00,2.42
2016-08-23 20:00:00,2.42
2016-08-23 21:00:00,2.42
2016-08-23 22:00:00,2.42
2016-08-23 23:00:00,2.42
2016-08-24 00:00:00,2.42
2016-08-24 01:00:00,2.42
2016-08-24 02:00:00,2.42
2016-08-24 03:00:00,2.42
2016-08-24 04:00:00,2.42
2016-08-24 05:00:00,2.42
2016-08-24 06:00:00,2.42
2016-08-24 07:00:00,2.42
2016-08-24 08:00:00,2.42
2016-08-24 09:00:00,2.42
2016-08-24 10:00:00,2.42
2016-08-24 11:00:00,2.42
2016-08-24 12:00:00,2.42
2016-08-24 13:00:00,2.42
2016-08-24 14:00:00,2.42
2016-08-24 15:00:00,2.42
2016-08-24 16:00:00,2.42
2016-08-24 17:00:00,2.42
2016-08-24 18:00:00,2.42
2016-08-24 19:00:00,2.42
2016-08-24 20:00:00,2.42
2016-08-24 21:00:00,2.42
2016-08-24 22:00:00,2.42
2016-08-24 23:00:00,2.42
2016-08-25 00:00:00,2.42
2016-08-25 01:00:00,2.42
2016-08-25 02:00:00,2.42
2016-08-25 03:00:00,2.42
2016-08-25 04:00:00,2.42
2016-08-25 05:00:00,2.42
2016-08-25 06:00:00,2.42
2016-08-25 07:00:00,2.42
2016-08-25 08:00:00,2.42
2016-08-25 09:00:00,2.42
2016-08-25 10:00:00,2.42
2016-08-25 11:00:00,2.42
2016-08-25 12:00:00,2.42
2016-08-25 13:00:00,2.42
2016-08-25 14:00:00,2.42
2016-08-25 15:00:00,2.42
2016-08-25 16:00:00,2.42
2016-08-25 17:00:00,2.42
2016-08-25 18:00:00,2.42
2016-08-25 19:00:00,2.42
2016-08-25 20:00:00,2.42
2016-08-25 21:00:00,2.42
2016-08-25 22:00:00,2.42
2016-08-25 23:00:00,2.42
2016-08-26 00:00:00,2.42
2016-08-26 01:00:00,2.42
2016-08-26 02:00:00,2.42
2016-08-26 03:00:00,2.42
2016-08-26 04:00:00,2.42
2016-08-26 05:00:00,2.42
2016-08-26 06:00:00,2.42
2016-08-26 07:00:00,2.42
2016-08-26 08:00:00,2.42
2016-08-26 09:00:00,2.42
2016-08-26 10:00:00,2.42
2016-08-26 11:00:00,2.42
2016-08-26 12:00:00,2.42
2016-08-26 13:00:00,2.42
2016-08-26 14:00:00,2.42
2016-08-26 15:00:00,2.42
2016-08-26 16:00:00,2.42
2016-08-26 17:00:00,2.42
2016-08-26 18:00:00,2.42
2016-08-26 19:00:00,2.42
2016-08-26 20:00:00,2.42
2016-08-26 21:00:00,2.42
2016-08-26 22:00:00,2.42
2016-08-26 23:00:00,2.42
2016-08-27 00:00:00,2.42
2016-08-27 01:00:00,2.42
2016-08-27 02:00:00,2.42
2016-08-27 03:00:00,2.42
2016-08-27 04:00:00,2.42
2016-08-27 05:00:00,2.42
2016-08-27 06:00:00,2.42
2016-08-27 07:00:00,2.42
2016-08-27 08:00:00,2.42
2016-08-27 09:00:00,2.42
2016-08-27 10:00:00,2.42
2016-08-27 11:00:00,2.42
2016-08-27 12:00:00,2.42
2016-08-27 13:00:00,2.42
2016-08-27 14:00:00,2.42
2016-08-27 15:00:00,2.42
2016-08-27 16:00:00,2.42
2016-08-27 17:00:00,2.42
2016-08-27 18:00:00,2.42
2016-08-27 19:00:00,2.42
2016-08-27 20:00:00,2.42
2016-08-27 21:00:00,2.42
2016-08-27 22:00:00,2.42
2016-08-27 23:00:00,2.42
2016-08-28 00:00:00,2.42
2016-08-28 01:00:00,2.42
2016-08-28 02:00:00,2.42
2016-08-28 03:00:00,2.42
2016-08-28 04:00:00,2.42
2016-08-28 05:00:00,2.42
2016-08-28 06:00:00,2.42
2016-08-28 07:00:00,2.42
2016-08-28 08:00:00,2.42
2016-08-28 09:00:00,2.42
2016-08-28 10:00:00,2.42
2016-08-28 11:00:00,2.42
2016-08-28 12:00:00,2.42
2016-08-28 13:00:00,2.42
2016-08-28 14:00:00,2.42
2016-08-28 15:00:00,2.42
2016-08-28 16:00:00,2.42
2016-08-28 17:00:00,2.42
2016-08-28 18:00:00,2.42
2016-08-28 19:00:00,2.42
2016-08-28 20:00:00,2.42
2016-08-28 21:00:00,2.42
2016-08-28 22:00:00,2.42
2016-08-28 23:00:00,2.42
2016-08-29 00:00:00,2.42
2016-08-29 01:00:00,2.42
2016-08-29 02:00:00,2.42
2016-08-29 03:00:00,2.42
2016-08-29 04:00:00,2.42
2016-08-29 05:00:00,2.42
2016-08-29 06:00:00,2.42
2016-08-29 07:00:00,2.42
2016-08-29 08:00:00,2.42
2016-08-29 09:00:00,2.42
2016-08-29 10:00:00,2.42
2016-08-29 11:00:00,2.42
2016-08-29 12:00:00,2.42
2016-08-29 13:00:00,2.42
2016-08-29 14:00:00,2.42
2016-08-29 15:00:00,2.42
2016-08-29 16:00:00,2.42
2016-08-29 17:00:00,2.42
2016-08-29 18:00:00,2.42
2016-08-29 19:00:00,2.42
2016-08-29 20:00:00,2.42
2016-08-29 21:00:00,2.42
2016-08-29 22:00:00,2.42
2016-08-29 23:00:00,2.42
2016-08-30 00:00:00,2.42
2016-08-30 01:00:00,2.42
2016-08-30 02:00:00,2.42
2016-08-30 03:00:00,2.42
2016-08-30 04:00:00,2.42
2016-08-30 05:00:00,2.42
2016-08-30 06:00:00,2.42
2016-08-30 07:00:00,2.42
2016-08-30 08:00:00,2.42
2016-08-30 09:00:00,2.42
2016-08-30 10:00:00,2.42
2016-08-30 11:00:00,2.42
2016-08-30 12:00:00,2.42
2016-08-30 13:00:00,2.42
2016-08-30 14:00:00,2.42
2016-08-30 15:00:00,2.42
2016-08-30 16:00:00,2.42
2016-08-30 17:00:00,2.42
2016-08-30 18:00:00,2.42
2016-08-30 19:00:00,2.42
2016-08-30 20:00:00,2.42
2016-08-30 21:00:00,2.42
2016-08-30 22:00:00,2.42
2016-08-30 23:00:00,2.42
2016-08-31 00:00:00,2.42
2016-08-31 01:00:00,2.42
2016-08-31 02:00:00,2.42
2016-08-31 03:00:00,2.42
2016-08-31 04:00:00,2.42
2016-08-31 05:00:00,2.42
2016-08-31 06:00:00,2.42
2016-08-31 07:00:00,2.42
2016-08-31 08:00:00,2.42
2016-08-31 09:00:00,2.42
2016-08-31 10:00:00,2.42
2016-08-31 11:00:00,2.42
2016-08-31 12:00:00,2.42
2016-08-31 13:00:00,2.42
2016-08-31 14:00:00,2.42
2016-08-31 15:00:00,2.42
2016-08-31 16:00:00,2.42
2016-08-31 17:00:00,2.42
2016-08-31 18:00:00,2.42
2016-08-31 19:00:00,2.42
2016-08-31 20:00:00,2.42
2016-08-31 21:00:00,2.42
2016-08-31 22:00:00,2.42
2016-08-31 23:00:00,2.42
2016-09-01 00:00:00,2.42
2016-09-01 01:00:00,2.42
2016-09-01 02:00:00,2.42
2016-09-01 03:00:00,2.42
2016-09-01 04:00:00,2.42
2016-09-01 05:00:00,2.42
2016-09-01 06:00:00,2.42
2016-09-01 07:00:00,2.42
2016-09-01 08:00:00,2.42
2016-09-01 09:00:00,2.42
2016-09-01 10:00:00,2.42
2016-09-01 11:00:00,2.42
2016-09-01 12:00:00,2.42
2016-09-01 13:00:00,2.42
2016-09-01 14:00:00,2.42
2016-09-01 15:00:00,2.42
2016-09-01 16:00:00,2.42
2016-09-01 17:00:00,2.42
2016-09-01 18:00:00,2.42
2016-09-01 19:00:00,2.42
2016-09-01 20:00:00,2.42
2016-09-01 21:00:00,2.42
2016-09-01 22:00:00,2.42
2016-09-01 23:00:00,2.42
2016-09-02 00:00:00,2.42
2016-09-02 01:00:00,2.42
2016-09-02 02:00:00,2.42
2016-09-02 03:00:00,2.42
2016-09-02 04:00:00,2.42
2016-09-02 05:00:00,2.42
2016-09-02 06:00:00,2.42
2016-09-02 07:00:00,2.42
2016-09-02 08:00:00,2.42
2016-09-02 09:00:00,2.42
2016-09-02 10:00:00,2.42
2016-09-02 11:00:00,2.42
2016-09-02 12:00:00,2.42
2016-09-02 13:00:00,2.42
2016-09-02 14:00:00,2.42
2016-09-02 15:00:00,2.42
2016-09-02 16:00:00,2.42
2016-09-02 17:00:00,2.42
2016-09-02 18:00:00,2.42
2016-09-02 19:00:00,2.42
2016-09-02 20:00:00,2.42
2016-09-02 21:00:00,2.42
2016-09-02 22:00:00,2.42
2016-09-02 23:00:00,2.42
2016-09-03 00:00:00,1.78
2016-09-03 01:00:00,2.42
2016-09-03 02:00:00,2.42
2016-09-03 03:00:00,2.42
2016-09-03 04:00:00,2.42
2016-09-03 05:00:00,2.42
2016-09-03 06:00:00,2.42
2016-09-03 07:00:00,2.42
2016-09-03 08:00:00,2.42
2016-09-03 09:00:00,2.42
2016-09-03 10:00:00,2.42
2016-09-03 11:00:00,2.42
2016-09-03 12:00:00,2.42
2016-09-03 13:00:00,2.42
2016-09-03 14:00:00,2.42
2016-09-03 15:00:00,2.42
2016-09-03 16:00:00,2.42
2016-09-03 17:00:00,2.42
2016-09-03 18:00:00,2.42
2016-09-03 19:00:00,2.42
2016-09-03 20:00:00,2.42
2016-09-03 21:00:00,2.42
2016-09-03 22:00:00,2.42
2016-09-03 23:00:00,2.42
2016-09-04 00:00:00,2.42
2016-09-04 01:00:00,2.42
2016-09-04 02:00:00,2.42
2016-09-04 03:00:00,2.42
2016-09-04 04:00:00,2.42
2016-09-04 05:00:00,2.42
2016-09-04 06:00:00,2.42
2016-09-04 07:00:00,2.42
2016-09-04 08:00:00,2.42
2016-09-04 09:00:00,2.42
2016-09-04 10:00:00,2.42
2016-09-04 11:00:00,2.42
2016-09-04 12:00:00,2.42
2016-09-04 13:00:00,2.42
2016-09-04 14:00:00,2.42
2016-09-04 15:00:00,2.42
2016-09-04 16:00:00,2.42
2016-09-04 17:00:00,2.42
2016-09-04 18:00:00,2.42
2016-09-04 19:00:00,2.42
2016-09-04 20:00:00,2.42
2016-09-04 21:00:00,2.42
2016-09-04 22:00:00,2.42
2016-09-04 23:00:00,2.42
2016-09-05 00:00:00,2.42
2016-09-05 01:00:00,2.42
2016-09-05 02:00:00,2.42
2016-09-05 03:00:00,2.42
2016-09-05 04:00:00,2.42
2016-09-05 05:00:00,2.42
2016-09-05 06:00:00,2.42
2016-09-05 07:00:00,2.42
2016-09-05 08:00:00,2.42
2016-09-05 09:00:00,2.42
2016-09-05 10:00:00,2.42
2016-09-05 11:00:00,2.42
2016-09-05 12:00:00,2.42
2016-09-05 13:00:00,2.42
2016-09-05 14:00:00,2.42
2016-09-05 15:00:00,2.42
2016-09-05 16:00:00,2.42
2016-09-05 17:00:00,2.42
2016-09-05 18:00:00,2.42
2016-09-05 19:00:00,2.42
2016-09-05 20:00:00,2.42
2016-09-05 21:00:00,2.42
2016-09-05 22:00:00,2.42
2016-09-05 23:00:00,2.42
2016-09-06 00:00:00,2.42
2016-09-06 01:00:00,2.42
2016-09-06 02:00:00,2.42
2016-09-06 03:00:00,2.42
2016-09-06 04:00:00,2.42
2016-09-06 05:00:00,2.42
2016-09-06 06:00:00,2.42
2016-09-06 07:00:00,2.42
2016-09-06 08:00:00,2.42
2016-09-06 09:00:00,2.42
2016-09-06 10:00:00,2.42
2016-09-06 11:00:00,2.42
2016-09-06 12:00:00,2.42
2016-09-06 13:00:00,2.42
2016-09-06 14:00:00,2.42
2016-09-06 15:00:00,2.42
2016-09-06 16:00:00,2.42
2016-09-06 17:00:00,2.42
2016-09-06 18:00:00,2.42
2016-09-06 19:00:00,2.42
2016-09-06 20:00:00,2.42
2016-09-06 21:00:00,2.42
2016-09-06 22:00:00,2.42
2016-09-06 23:00:00,2.42
2016-09-07 00:00:00,2.42
2016-09-07 01:00:00,2.42
2016-09-07 02:00:00,2.42
2016-09-07 03:00:00,2.42
2016-09-07 04:00:00,2.42
2016-09-07 05:00:00,2.42
2016-09-07 06:00:00,2.42
2016-09-07 07:00:00,2.42
2016-09-07 08:00:00,2.42
2016-09-07 09:00:00,2.42
2016-09-07 10:00:00,2.42
2016-09-07 11:00:00,2.42
2016-09-07 12:00:00,2.42
2016-09-07 13:00:00,2.42
2016-09-07 14:00:00,2.42
2016-09-07 15:00:00,2.42
2016-09-07 16:00:00,2.42
2016-09-07 17:00:00,2.42
2016-09-07 18:00:00,2.42
2016-09-07 19:00:00,2.42
2016-09-07 20:00:00,2.42
2016-09-07 21:00:00,2.42
2016-09-07 22:00:00,2.42
2016-09-07 23:00:00,2.42
2016-09-08 00:00:00,2.84
2016-09-08 01:00:00,2.84
2016-09-08 02:00:00,2.84
2016-09-08 03:00:00,2.84
2016-09-08 04:00:00,2.84
2016-09-08 05:00:00,2.84
2016-09-08 06:00:00,2.84
2016-09-08 07:00:00,2.84
2016-09-08 08:00:00,2.84
2016-09-08 09:00:00,2.84
2016-09-08 10:00:00,2.84
2016-09-08 11:00:00,2.84
2016-09-08 12:00:00,2.84
2016-09-08 13:00:00,2.84
2016-09-08 14:00:00,2.84
2016-09-08 15:00:00,2.84
2016-09-08 16:00:00,2.84
2016-09-08 17:00:00,2.84
2016-09-08 18:00:00,2.84
2016-09-08 19:00:00,2.84
2016-09-08 20:00:00,2.84
2016-09-08 21:00:00,2.84
2016-09-08 22:00:00,2.84
2016-09-08 23:00:00,2.84
2016-09-09 00:00:00,2.84
2016-09-09 01:00:00,2.84
2016-09-09 02:00:00,2.84
2016-09-09 03:00:00,2.84
2016-09-09 04:00:00,2.84
2016-09-09 05:00:00,2.84
2016-09-09 06:00:00,2.84
2016-09-09 07:00:00,0
2016-09-09 08:00:00,0
2016-09-09 09:00:00,0
2016-09-09 10:00:00,0
2016-09-09 11:00:00,0
2016-09-09 12:00:00,0
2016-09-09 13:00:00,0
2016-09-09 14:00:00,0
2016-09-09 15:00:00,0
2016-09-09 16:00:00,0
2016-09-09 17:00:00,0
2016-09-09 18:00:00,0
2016-09-09 19:00:00,0
2016-09-09 20:00:00,0
2016-09-09 21:00:00,0
2016-09-09 22:00:00,0
2016-09-09 23:00:00,0
2016-09-10 00:00:00,2.84
2016-09-10 01:00:00,2.84
2016-09-10 02:00:00,2.84
2016-09-10 03:00:00,2.84
2016-09-10 04:00:00,2.84
2016-09-10 05:00:00,2.84
2016-09-10 06:00:00,2.84
2016-09-10 07:00:00,2.84
2016-09-10 08:00:00,2.84
2016-09-10 09:00:00,2.84
2016-09-10 10:00:00,2.84
2016-09-10 11:00:00,2.84
2016-09-10 12:00:00,2.84
2016-09-10 13:00:00,2.84
2016-09-10 14:00:00,2.84
2016-09-10 15:00:00,2.84
2016-09-10 16:00:00,2.84
2016-09-10 17:00:00,2.84
2016-09-10 18:00:00,2.84
2016-09-10 19:00:00,2.84
2016-09-10 20:00:00,2.84
2016-09-10 21:00:00,2.84
2016-09-10 22:00:00,2.84
2016-09-10 23:00:00,2.84
2016-09-11 00:00:00,2.84
2016-09-11 01:00:00,2.84
2016-09-11 02:00:00,2.84
2016-09-11 03:00:00,2.84
2016-09-11 04:00:00,2.84
2016-09-11 05:00:00,2.84
2016-09-11 06:00:00,2.84
2016-09-11 07:00:00,2.84
2016-09-11 08:00:00,2.84
2016-09-11 09:00:00,2.84
2016-09-11 10:00:00,2.84
2016-09-11 11:00:00,2.84
2016-09-11 12:00:00,2.84
2016-09-11 13:00:00,2.84
2016-09-11 14:00:00,2.84
2016-09-11 15:00:00,2.84
2016-09-11 16:00:00,2.84
2016-09-11 17:00:00,2.84
2016-09-11 18:00:00,2.84
2016-09-11 19:00:00,2.84
2016-09-11 20:00:00,2.84
2016-09-11 21:00:00,2.84
2016-09-11 22:00:00,2.84
2016-09-11 23:00:00,2.84
2016-09-12 00:00:00,2.84
2016-09-12 01:00:00,2.84
2016-09-12 02:00:00,2.84
2016-09-12 03:00:00,2.84
2016-09-12 04:00:00,2.84
2016-09-12 05:00:00,2.84
2016-09-12 06:00:00,2.84
2016-09-12 07:00:00,2.84
2016-09-12 08:00:00,2.84
2016-09-12 09:00:00,2.84
2016-09-12 10:00:00,2.84
2016-09-12 11:00:00,2.84
2016-09-12 12:00:00,2.84
2016-09-12 13:00:00,2.84
2016-09-12 14:00:00,2.84
2016-09-12 15:00:00,2.84
2016-09-12 16:00:00,2.84
2016-09-12 17:00:00,2.84
2016-09-12 18:00:00,2.84
2016-09-12 19:00:00,2.84
2016-09-12 20:00:00,2.84
2016-09-12 21:00:00,2.84
2016-09-12 22:00:00,2.84
2016-09-12 23:00:00,2.84
2016-09-13 00:00:00,2.84
2016-09-13 01:00:00,2.84
2016-09-13 02:00:00,2.84
2016-09-13 03:00:00,2.84
2016-09-13 04:00:00,2.84
2016-09-13 05:00:00,2.84
2016-09-13 06:00:00,2.84
2016-09-13 07:00:00,2.84
2016-09-13 08:00:00,2.84
2016-09-13 09:00:00,2.84
2016-09-13 10:00:00,2.84
2016-09-13 11:00:00,2.84
2016-09-13 12:00:00,2.84
2016-09-13 13:00:00,2.84
2016-09-13 14:00:00,2.84
2016-09-13 15:00:00,2.84
2016-09-13 16:00:00,2.84
2016-09-13 17:00:00,2.84
2016-09-13 18:00:00,2.84
2016-09-13 19:00:00,2.84
2016-09-13 20:00:00,2.84
2016-09-13 21:00:00,2.84
2016-09-13 22:00:00,2.84
2016-09-13 23:00:00,2.84
2016-09-14 00:00:00,2.84
2016-09-14 01:00:00,2.84
2016-09-14 02:00:00,2.84
2016-09-14 03:00:00,2.84
2016-09-14 04:00:00,2.84
2016-09-14 05:00:00,2.84
2016-09-14 06:00:00,2.84
2016-09-14 07:00:00,2.84
2016-09-14 08:00:00,2.84
2016-09-14 09:00:00,2.84
2016-09-14 10:00:00,2.84
2016-09-14 11:00:00,2.84
2016-09-14 12:00:00,2.84
2016-09-14 13:00:00,2.84
2016-09-14 14:00:00,2.84
2016-09-14 15:00:00,2.84
2016-09-14 16:00:00,2.84
2016-09-14 17:00:00,2.84
2016-09-14 18:00:00,2.84
2016-09-14 19:00:00,2.84
2016-09-14 20:00:00,2.84
2016-09-14 21:00:00,2.84
2016-09-14 22:00:00,2.84
2016-09-14 23:00:00,2.84
2016-09-15 00:00:00,2.84
2016-09-15 01:00:00,2.84
2016-09-15 02:00:00,2.84
2016-09-15 03:00:00,2.84
2016-09-15 04:00:00,2.84
2016-09-15 05:00:00,2.84
2016-09-15 06:00:00,2.84
2016-09-15 07:00:00,2.84
2016-09-15 08:00:00,2.84
2016-09-15 09:00:00,2.84
2016-09-15 10:00:00,2.84
2016-09-15 11:00:00,2.84
2016-09-15 12:00:00,2.84
2016-09-15 13:00:00,2.84
2016-09-15 14:00:00,2.84
2016-09-15 15:00:00,2.84
2016-09-15 16:00:00,2.84
2016-09-15 17:00:00,2.84
2016-09-15 18:00:00,2.84
2016-09-15 19:00:00,2.84
2016-09-15 20:00:00,2.84
2016-09-15 21:00:00,2.84
2016-09-15 22:00:00,2.84
2016-09-15 23:00:00,2.84
2016-09-16 00:00:00,2.84
2016-09-16 01:00:00,2.84
2016-09-16 02:00:00,2.84
2016-09-16 03:00:00,2.84
2016-09-16 04:00:00,2.84
2016-09-16 05:00:00,2.84
2016-09-16 06:00:00,2.84
2016-09-16 07:00:00,2.84
2016-09-16 08:00:00,2.84
2016-09-16 09:00:00,2.84
2016-09-16 10:00:00,2.84
2016-09-16 11:00:00,2.84
2016-09-16 12:00:00,2.84
2016-09-16 13:00:00,2.84
2016-09-16 14:00:00,2.84
2016-09-16 15:00:00,2.84
2016-09-16 16:00:00,2.84
2016-09-16 17:00:00,2.84
2016-09-16 18:00:00,2.84
2016-09-16 19:00:00,2.84
2016-09-16 20:00:00,2.84
2016-09-16 21:00:00,2.84
2016-09-16 22:00:00,2.84
2016-09-16 23:00:00,2.84
2016-09-17 00:00:00,2.84
2016-09-17 01:00:00,2.84
2016-09-17 02:00:00,2.84
2016-09-17 03:00:00,2.84
2016-09-17 04:00:00,2.84
2016-09-17 05:00:00,2.84
2016-09-17 06:00:00,2.84
2016-09-17 07:00:00,2.84
2016-09-17 08:00:00,2.84
2016-09-17 09:00:00,2.84
2016-09-17 10:00:00,2.84
2016-09-17 11:00:00,2.84
2016-09-17 12:00:00,2.84
2016-09-17 13:00:00,2.84
2016-09-17 14:00:00,2.84
2016-09-17 15:00:00,2.84
2016-09-17 16:00:00,2.84
2016-09-17 17:00:00,2.84
2016-09-17 18:00:00,2.84
2016-09-17 19:00:00,2.84
2016-09-17 20:00:00,2.84
2016-09-17 21:00:00,2.84
2016-09-17 22:00:00,2.84
2016-09-17 23:00:00,2.84
2016-09-18 00:00:00,2.84
2016-09-18 01:00:00,7.58
2016-09-18 02:00:00,7.58
2016-09-18 03:00:00,7.58
2016-09-18 04:00:00,7.58
2016-09-18 05:00:00,7.58
2016-09-18 06:00:00,7.58
2016-09-18 07:00:00,7.58
2016-09-18 08:00:00,7.58
2016-09-18 09:00:00,7.58
2016-09-18 10:00:00,7.58
2016-09-18 11:00:00,7.58
2016-09-18 12:00:00,7.58
2016-09-18 13:00:00,7.58
2016-09-18 14:00:00,7.58
2016-09-18 15:00:00,7.58
2016-09-18 16:00:00,7.58
2016-09-18 17:00:00,7.58
2016-09-18 18:00:00,7.58
2016-09-18 19:00:00,7.58
2016-09-18 20:00:00,7.58
2016-09-18 21:00:00,7.58
2016-09-18 22:00:00,7.58
2016-09-18 23:00:00,7.58
2016-09-19 00:00:00,7.58
2016-09-19 01:00:00,7.58
2016-09-19 02:00:00,7.58
2016-09-19 03:00:00,7.58
2016-09-19 04:00:00,7.58
2016-09-19 05:00:00,7.58
2016-09-19 06:00:00,7.58
2016-09-19 07:00:00,7.58
2016-09-19 08:00:00,7.58
2016-09-19 09:00:00,7.58
2016-09-19 10:00:00,7.58
2016-09-19 11:00:00,7.58
2016-09-19 12:00:00,7.58
2016-09-19 13:00:00,7.58
2016-09-19 14:00:00,7.58
2016-09-19 15:00:00,7.58
2016-09-19 16:00:00,7.58
2016-09-19 17:00:00,7.58
2016-09-19 18:00:00,7.58
2016-09-19 19:00:00,7.58
2016-09-19 20:00:00,7.58
2016-09-19 21:00:00,7.58
2016-09-19 22:00:00,7.58
2016-09-19 23:00:00,7.58
2016-09-20 00:00:00,7.58
2016-09-20 01:00:00,7.58
2016-09-20 02:00:00,7.58
2016-09-20 03:00:00,7.58
2016-09-20 04:00:00,7.58
2016-09-20 05:00:00,7.58
2016-09-20 06:00:00,7.58
2016-09-20 07:00:00,7.58
2016-09-20 08:00:00,7.58
2016-09-20 09:00:00,7.58
2016-09-20 10:00:00,7.58
2016-09-20 11:00:00,7.58
2016-09-20 12:00:00,7.58
2016-09-20 13:00:00,7.58
2016-09-20 14:00:00,7.58
2016-09-20 15:00:00,7.58
2016-09-20 16:00:00,7.58
2016-09-20 17:00:00,7.58
2016-09-20 18:00:00,7.58
2016-09-20 19:00:00,7.58
2016-09-20 20:00:00,7.58
2016-09-20 21:00:00,7.58
2016-09-20 22:00:00,7.58
2016-09-20 23:00:00,7.58
2016-09-21 00:00:00,7.58
2016-09-21 01:00:00,7.58
2016-09-21 02:00:00,7.58
2016-09-21 03:00:00,7.58
2016-09-21 04:00:00,7.58
2016-09-21 05:00:00,7.58
2016-09-21 06:00:00,7.58
2016-09-21 07:00:00,7.58
2016-09-21 08:00:00,7.58
2016-09-21 09:00:00,7.58
2016-09-21 10:00:00,7.58
2016-09-21 11:00:00,7.58
2016-09-21 12:00:00,7.58
2016-09-21 13:00:00,7.58
2016-09-21 14:00:00,7.58
2016-09-21 15:00:00,7.58
2016-09-21 16:00:00,7.58
2016-09-21 17:00:00,7.58
2016-09-21 18:00:00,7.58
2016-09-21 19:00:00,7.58
2016-09-21 20:00:00,7.58
2016-09-21 21:00:00,7.58
2016-09-21 22:00:00,7.58
2016-09-21 23:00:00,7.58
2016-09-22 00:00:00,7.58
2016-09-22 01:00:00,7.58
2016-09-22 02:00:00,7.58
2016-09-22 03:00:00,7.58
2016-09-22 04:00:00,7.58
2016-09-22 05:00:00,7.58
2016-09-22 06:00:00,7.58
2016-09-22 07:00:00,7.58
2016-09-22 08:00:00,7.58
2016-09-22 09:00:00,7.58
2016-09-22 10:00:00,7.58
2016-09-22 11:00:00,7.58
2016-09-22 12:00:00,7.58
2016-09-22 13:00:00,7.58
2016-09-22 14:00:00,7.58
2016-09-22 15:00:00,7.58
2016-09-22 16:00:00,7.58
2016-09-22 17:00:00,7.58
2016-09-22 18:00:00,7.58
2016-09-22 19:00:00,7.58
2016-09-22 20:00:00,7.58
2016-09-22 21:00:00,7.58
2016-09-22 22:00:00,7.58
2016-09-22 23:00:00,7.58
2016-09-23 00:00:00,7.58
2016-09-23 01:00:00,7.58
2016-09-23 02:00:00,7.58
2016-09-23 03:00:00,7.58
2016-09-23 04:00:00,7.58
2016-09-23 05:00:00,7.58
2016-09-23 06:00:00,7.58
2016-09-23 07:00:00,7.58
2016-09-23 08:00:00,7.58
2016-09-23 09:00:00,7.58
2016-09-23 10:00:00,7.58
2016-09-23 11:00:00,7.58
2016-09-23 12:00:00,7.58
2016-09-23 13:00:00,7.58
2016-09-23 14:00:00,7.58
2016-09-23 15:00:00,7.58
2016-09-23 16:00:00,7.58
2016-09-23 17:00:00,7.58
2016-09-23 18:00:00,7.58
2016-09-23 19:00:00,7.58
2016-09-23 20:00:00,7.58
2016-09-23 21:00:00,7.58
2016-09-23 22:00:00,7.58
2016-09-23 23:00:00,7.58
2016-09-24 00:00:00,7.58
2016-09-24 01:00:00,7.58
2016-09-24 02:00:00,7.58
2016-09-24 03:00:00,7.58
2016-09-24 04:00:00,7.58
2016-09-24 05:00:00,7.58
2016-09-24 06:00:00,7.58
2016-09-24 07:00:00,7.58
2016-09-24 08:00:00,7.58
2016-09-24 09:00:00,7.58
2016-09-24 10:00:00,7.58
2016-09-24 11:00:00,7.58
2016-09-24 12:00:00,7.58
2016-09-24 13:00:00,7.58
2016-09-24 14:00:00,7.58
2016-09-24 15:00:00,7.58
2016-09-24 16:00:00,7.58
2016-09-24 17:00:00,7.58
2016-09-24 18:00:00,7.58
2016-09-24 19:00:00,7.58
2016-09-24 20:00:00,7.58
2016-09-24 21:00:00,7.58
2016-09-24 22:00:00,7.58
2016-09-24 23:00:00,7.58
2016-09-25 00:00:00,7.58
2016-09-25 01:00:00,7.58
2016-09-25 02:00:00,7.58
2016-09-25 03:00:00,7.58
2016-09-25 04:00:00,7.58
2016-09-25 05:00:00,7.58
2016-09-25 06:00:00,7.58
2016-09-25 07:00:00,7.58
2016-09-25 08:00:00,7.58
2016-09-25 09:00:00,7.58
2016-09-25 10:00:00,7.58
2016-09-25 11:00:00,7.58
2016-09-25 12:00:00,7.58
2016-09-25 13:00:00,7.58
2016-09-25 14:00:00,7.58
2016-09-25 15:00:00,7.58
2016-09-25 16:00:00,7.58
2016-09-25 17:00:00,7.58
2016-09-25 18:00:00,7.58
2016-09-25 19:00:00,7.58
2016-09-25 20:00:00,7.58
2016-09-25 21:00:00,7.58
2016-09-25 22:00:00,7.58
2016-09-25 23:00:00,7.58
2016-09-26 00:00:00,7.58
2016-09-26 01:00:00,7.58
2016-09-26 02:00:00,7.58
2016-09-26 03:00:00,7.58
2016-09-26 04:00:00,7.58
2016-09-26 05:00:00,7.58
2016-09-26 06:00:00,7.58
2016-09-26 07:00:00,7.58
2016-09-26 08:00:00,7.58
2016-09-26 09:00:00,7.58
2016-09-26 10:00:00,7.58
2016-09-26 11:00:00,7.58
2016-09-26 12:00:00,7.58
2016-09-26 13:00:00,7.58
2016-09-26 14:00:00,7.58
2016-09-26 15:00:00,7.58
2016-09-26 16:00:00,7.58
2016-09-26 17:00:00,7.58
2016-09-26 18:00:00,7.58
2016-09-26 19:00:00,7.58
2016-09-26 20:00:00,7.58
2016-09-26 21:00:00,7.58
2016-09-26 22:00:00,7.58
2016-09-26 23:00:00,7.58
2016-09-27 00:00:00,7.58
2016-09-27 01:00:00,7.58
2016-09-27 02:00:00,7.58
2016-09-27 03:00:00,7.58
2016-09-27 04:00:00,7.58
2016-09-27 05:00:00,7.58
2016-09-27 06:00:00,7.58
2016-09-27 07:00:00,7.58
2016-09-27 08:00:00,7.58
2016-09-27 09:00:00,7.58
2016-09-27 10:00:00,7.58
2016-09-27 11:00:00,7.58
2016-09-27 12:00:00,7.58
2016-09-27 13:00:00,7.58
2016-09-27 14:00:00,7.58
2016-09-27 15:00:00,7.58
2016-09-27 16:00:00,7.58
2016-09-27 17:00:00,7.58
2016-09-27 18:00:00,7.58
2016-09-27 19:00:00,7.58
2016-09-27 20:00:00,7.58
2016-09-27 21:00:00,7.58
2016-09-27 22:00:00,7.58
2016-09-27 23:00:00,7.58
2016-09-28 00:00:00,7.58
2016-09-28 01:00:00,7.58
2016-09-28 02:00:00,7.58
2016-09-28 03:00:00,7.58
2016-09-28 04:00:00,7.58
2016-09-28 05:00:00,7.58
2016-09-28 06:00:00,7.58
2016-09-28 07:00:00,7.58
2016-09-28 08:00:00,7.58
2016-09-28 09:00:00,7.58
2016-09-28 10:00:00,7.58
2016-09-28 11:00:00,7.58
2016-09-28 12:00:00,7.58
2016-09-28 13:00:00,7.58
2016-09-28 14:00:00,7.58
2016-09-28 15:00:00,7.58
2016-09-28 16:00:00,7.58
2016-09-28 17:00:00,7.58
2016-09-28 18:00:00,7.58
2016-09-28 19:00:00,7.58
2016-09-28 20:00:00,7.58
2016-09-28 21:00:00,7.58
2016-09-28 22:00:00,7.58
2016-09-28 23:00:00,7.58
2016-09-29 00:00:00,7.58
2016-09-29 01:00:00,7.58
2016-09-29 02:00:00,7.58
2016-09-29 03:00:00,7.58
2016-09-29 04:00:00,7.58
2016-09-29 05:00:00,7.58
2016-09-29 06:00:00,7.58
2016-09-29 07:00:00,7.58
2016-09-29 08:00:00,7.58
2016-09-29 09:00:00,7.58
2016-09-29 10:00:00,7.58
2016-09-29 11:00:00,7.58
2016-09-29 12:00:00,7.58
2016-09-29 13:00:00,7.58
2016-09-29 14:00:00,7.58
2016-09-29 15:00:00,7.58
2016-09-29 16:00:00,7.58
2016-09-29 17:00:00,7.58
2016-09-29 18:00:00,7.58
2016-09-29 19:00:00,7.58
2016-09-29 20:00:00,7.58
2016-09-29 21:00:00,7.58
2016-09-29 22:00:00,7.58
2016-09-29 23:00:00,7.58
2016-09-30 00:00:00,7.58
2016-09-30 01:00:00,7.58
2016-09-30 02:00:00,7.58
2016-09-30 03:00:00,7.58
2016-09-30 04:00:00,7.58
2016-09-30 05:00:00,7.58
2016-09-30 06:00:00,7.58
2016-09-30 07:00:00,7.58
2016-09-30 08:00:00,7.58
2016-09-30 09:00:00,7.58
2016-09-30 10:00:00,7.58
2016-09-30 11:00:00,7.58
2016-09-30 12:00:00,7.58
2016-09-30 13:00:00,7.58
2016-09-30 14:00:00,7.58
2016-09-30 15:00:00,7.58
2016-09-30 16:00:00,7.58
2016-09-30 17:00:00,7.58
2016-09-30 18:00:00,7.58
2016-09-30 19:00:00,7.58
2016-09-30 20:00:00,7.58
2016-09-30 21:00:00,7.58
2016-09-30 22:00:00,7.58
2016-09-30 23:00:00,7.58
2016-10-01 00:00:00,7.58
2016-10-01 01:00:00,7.58
2016-10-01 02:00:00,7.58
2016-10-01 03:00:00,7.58
2016-10-01 04:00:00,7.58
2016-10-01 05:00:00,7.58
2016-10-01 06:00:00,7.58
2016-10-01 07:00:00,7.58
2016-10-01 08:00:00,7.58
2016-10-01 09:00:00,7.58
2016-10-01 10:00:00,7.58
2016-10-01 11:00:00,7.58
2016-10-01 12:00:00,7.58
2016-10-01 13:00:00,7.58
2016-10-01 14:00:00,7.58
2016-10-01 15:00:00,7.58
2016-10-01 16:00:00,7.58
2016-10-01 17:00:00,7.58
2016-10-01 18:00:00,7.58
2016-10-01 19:00:00,7.58
2016-10-01 20:00:00,7.58
2016-10-01 21:00:00,7.58
2016-10-01 22:00:00,7.58
2016-10-01 23:00:00,7.58
2016-10-02 00:00:00,7.58
2016-10-02 01:00:00,7.58
2016-10-02 02:00:00,7.58
2016-10-02 03:00:00,7.58
2016-10-02 04:00:00,7.58
2016-10-02 05:00:00,7.58
2016-10-02 06:00:00,7.58
2016-10-02 07:00:00,7.58
2016-10-02 08:00:00,7.58
2016-10-02 09:00:00,7.58
2016-10-02 10:00:00,7.58
2016-10-02 11:00:00,7.58
2016-10-02 12:00:00,7.58
2016-10-02 13:00:00,7.58
2016-10-02 14:00:00,7.58
2016-10-02 15:00:00,7.58
2016-10-02 16:00:00,7.58
2016-10-02 17:00:00,7.58
2016-10-02 18:00:00,7.58
2016-10-02 19:00:00,7.58
2016-10-02 20:00:00,7.58
2016-10-02 21:00:00,7.58
2016-10-02 22:00:00,7.58
2016-10-02 23:00:00,7.58
2016-10-03 00:00:00,1.78
2016-10-03 01:00:00,7.58
2016-10-03 02:00:00,7.58
2016-10-03 03:00:00,7.58
2016-10-03 04:00:00,7.58
2016-10-03 05:00:00,7.58
2016-10-03 06:00:00,7.58
2016-10-03 07:00:00,7.58
2016-10-03 08:00:00,7.58
2016-10-03 09:00:00,7.58
2016-10-03 10:00:00,7.58
2016-10-03 11:00:00,7.58
2016-10-03 12:00:00,7.58
2016-10-03 13:00:00,7.58
2016-10-03 14:00:00,7.58
2016-10-03 15:00:00,7.58
2016-10-03 16:00:00,7.58
2016-10-03 17:00:00,7.58
2016-10-03 18:00:00,7.58
2016-10-03 19:00:00,7.58
2016-10-03 20:00:00,7.58
2016-10-03 21:00:00,7.58
2016-10-03 22:00:00,7.58
2016-10-03 23:00:00,7.58
2016-10-04 00:00:00,7.58
2016-10-04 01:00:00,7.58
2016-10-04 02:00:00,7.58
2016-10-04 03:00:00,7.58
2016-10-04 04:00:00,7.58
2016-10-04 05:00:00,7.58
2016-10-04 06:00:00,7.58
2016-10-04 07:00:00,0
2016-10-04 08:00:00,0
2016-10-04 09:00:00,0
2016-10-04 10:00:00,0
2016-10-04 11:00:00,0
2016-10-04 12:00:00,0
2016-10-04 13:00:00,0
2016-10-04 14:00:00,0
2016-10-04 15:00:00,0
2016-10-04 16:00:00,0
2016-10-04 17:00:00,0
2016-10-04 18:00:00,0
2016-10-04 19:00:00,0
2016-10-04 20:00:00,0
2016-10-04 21:00:00,0
2016-10-04 22:00:00,0
2016-10-04 23:00:00,0
2016-10-06 00:00:00,7.58
2016-10-06 01:00:00,7.58
2016-10-06 02:00:00,7.58
2016-10-06 03:00:00,7.58
2016-10-06 04:00:00,7.58
2016-10-06 05:00:00,7.58
2016-10-06 06:00:00,7.58
2016-10-06 07:00:00,7.58
2016-10-06 08:00:00,7.58
2016-10-06 09:00:00,7.58
2016-10-06 10:00:00,7.58
2016-10-06 11:00:00,7.58
2016-10-06 12:00:00,7.58
2016-10-06 13:00:00,7.58
2016-10-06 14:00:00,7.58
2016-10-06 15:00:00,7.58
2016-10-06 16:00:00,7.58
2016-10-06 17:00:00,7.58
2016-10-06 18:00:00,7.58
2016-10-06 19:00:00,7.58
2016-10-06 20:00:00,7.58
2016-10-06 21:00:00,7.58
2016-10-06 22:00:00,7.58
2016-10-06 23:00:00,7.58
2016-10-07 00:00:00,7.58
2016-10-07 01:00:00,7.58
2016-10-07 02:00:00,7.58
2016-10-07 03:00:00,7.58
2016-10-07 04:00:00,7.58
2016-10-07 05:00:00,7.58
2016-10-07 06:00:00,7.58
2016-10-07 07:00:00,7.58
2016-10-07 08:00:00,7.58
2016-10-07 09:00:00,7.58
2016-10-07 10:00:00,7.58
2016-10-07 11:00:00,7.58
2016-10-07 12:00:00,7.58
2016-10-07 13:00:00,7.58
2016-10-07 14:00:00,7.58
2016-10-07 15:00:00,7.58
2016-10-07 16:00:00,7.58
2016-10-07 17:00:00,7.58
2016-10-07 18:00:00,7.58
2016-10-07 19:00:00,7.58
2016-10-07 20:00:00,7.58
2016-10-07 21:00:00,7.58
2016-10-07 22:00:00,7.58
2016-10-07 23:00:00,7.58
2016-10-08 00:00:00,7.58
2016-10-08 01:00:00,7.58
2016-10-08 02:00:00,7.58
2016-10-08 03:00:00,7.58
2016-10-08 04:00:00,7.58
2016-10-08 05:00:00,7.58
2016-10-08 06:00:00,7.58
2016-10-08 07:00:00,7.58
2016-10-08 08:00:00,7.58
2016-10-08 09:00:00,7.58
2016-10-08 10:00:00,7.58
2016-10-08 11:00:00,7.58
2016-10-08 12:00:00,7.58
2016-10-08 13:00:00,7.58
2016-10-08 14:00:00,7.58
2016-10-08 15:00:00,7.58
2016-10-08 16:00:00,7.58
2016-10-08 17:00:00,7.58
2016-10-08 18:00:00,7.58
2016-10-08 19:00:00,7.58
2016-10-08 20:00:00,7.58
2016-10-08 21:00:00,7.58
2016-10-08 22:00:00,7.58
2016-10-08 23:00:00,7.58
2016-10-09 00:00:00,7.58
2016-10-09 01:00:00,7.58
2016-10-09 02:00:00,7.58
2016-10-09 03:00:00,7.58
2016-10-09 04:00:00,7.58
2016-10-09 05:00:00,7.58
2016-10-09 06:00:00,7.58
2016-10-09 07:00:00,0
2016-10-09 08:00:00,0
2016-10-09 09:00:00,0
2016-10-09 10:00:00,0
2016-10-09 11:00:00,0
2016-10-09 12:00:00,0
2016-10-09 13:00:00,0
2016-10-09 14:00:00,0
2016-10-09 15:00:00,0
2016-10-09 16:00:00,0
2016-10-09 17:00:00,0
2016-10-09 18:00:00,0
2016-10-09 19:00:00,0
2016-10-09 20:00:00,0
2016-10-09 21:00:00,0
2016-10-09 22:00:00,0
2016-10-09 23:00:00,0
2016-10-11 00:00:00,7.58
2016-10-11 01:00:00,7.58
2016-10-11 02:00:00,7.58
2016-10-11 03:00:00,7.58
2016-10-11 04:00:00,7.58
2016-10-11 05:00:00,7.58
2016-10-11 06:00:00,7.58
2016-10-11 07:00:00,7.58
2016-10-11 08:00:00,7.58
2016-10-11 09:00:00,7.58
2016-10-11 10:00:00,7.58
2016-10-11 11:00:00,7.58
2016-10-11 12:00:00,7.58
2016-10-11 13:00:00,7.58
2016-10-11 14:00:00,7.58
2016-10-11 15:00:00,7.58
2016-10-11 16:00:00,7.58
2016-10-11 17:00:00,7.58
2016-10-11 18:00:00,7.58
2016-10-11 19:00:00,7.58
2016-10-11 20:00:00,7.58
2016-10-11 21:00:00,7.58
2016-10-11 22:00:00,7.58
2016-10-11 23:00:00,7.58
2016-10-12 00:00:00,7.58
2016-10-12 01:00:00,7.58
2016-10-12 02:00:00,7.58
2016-10-12 03:00:00,7.58
2016-10-12 04:00:00,7.58
2016-10-12 05:00:00,7.58
2016-10-12 06:00:00,7.58
2016-10-12 07:00:00,7.58
2016-10-12 08:00:00,7.58
2016-10-12 09:00:00,7.58
2016-10-12 10:00:00,7.58
2016-10-12 11:00:00,7.58
2016-10-12 12:00:00,7.58
2016-10-12 13:00:00,7.58
2016-10-12 14:00:00,7.58
2016-10-12 15:00:00,7.58
2016-10-12 16:00:00,7.58
2016-10-12 17:00:00,7.58
2016-10-12 18:00:00,7.58
2016-10-12 19:00:00,7.58
2016-10-12 20:00:00,7.58
2016-10-12 21:00:00,7.58
2016-10-12 22:00:00,7.58
2016-10-12 23:00:00,7.58
2016-10-13 00:00:00,7.58
2016-10-13 01:00:00,7.58
2016-10-13 02:00:00,7.58
2016-10-13 03:00:00,7.58
2016-10-13 04:00:00,7.58
2016-10-13 05:00:00,7.58
2016-10-13 06:00:00,7.58
2016-10-13 07:00:00,0
2016-10-13 08:00:00,0
2016-10-13 09:00:00,0
2016-10-13 10:00:00,0
2016-10-13 11:00:00,0
2016-10-13 12:00:00,0
2016-10-13 13:00:00,0
2016-10-13 14:00:00,0
2016-10-13 15:00:00,0
2016-10-13 16:00:00,0
2016-10-13 17:00:00,0
2016-10-13 18:00:00,0
2016-10-13 19:00:00,0
2016-10-13 20:00:00,0
2016-10-13 21:00:00,0
2016-10-13 22:00:00,0
2016-10-13 23:00:00,0
2016-10-14 00:00:00,7.58
2016-10-14 01:00:00,7.58
2016-10-14 02:00:00,7.58
2016-10-14 03:00:00,7.58
2016-10-14 04:00:00,7.58
2016-10-14 05:00:00,7.58
2016-10-14 06:00:00,7.58
2016-10-14 07:00:00,7.58
2016-10-14 08:00:00,7.58
2016-10-14 09:00:00,7.58
2016-10-14 10:00:00,7.58
2016-10-14 11:00:00,7.58
2016-10-14 12:00:00,7.58
2016-10-14 13:00:00,7.58
2016-10-14 14:00:00,7.58
2016-10-14 15:00:00,7.58
2016-10-14 16:00:00,7.58
2016-10-14 17:00:00,7.58
2016-10-14 18:00:00,7.58
2016-10-14 19:00:00,7.58
2016-10-14 20:00:00,7.58
2016-10-14 21:00:00,7.58
2016-10-14 22:00:00,7.58
2016-10-14 23:00:00,7.58
2016-10-15 00:00:00,7.58
2016-10-15 01:00:00,7.58
2016-10-15 02:00:00,7.58
2016-10-15 03:00:00,7.58
2016-10-15 04:00:00,7.58
2016-10-15 05:00:00,7.58
2016-10-15 06:00:00,7.58
2016-10-15 07:00:00,7.58
2016-10-15 08:00:00,7.58
2016-10-15 09:00:00,7.58
2016-10-15 10:00:00,7.58
2016-10-15 11:00:00,7.58
2016-10-15 12:00:00,7.58
2016-10-15 13:00:00,7.58
2016-10-15 14:00:00,7.58
2016-10-15 15:00:00,7.58
2016-10-15 16:00:00,7.58
2016-10-15 17:00:00,7.58
2016-10-15 18:00:00,7.58
2016-10-15 19:00:00,7.58
2016-10-15 20:00:00,7.58
2016-10-15 21:00:00,7.58
2016-10-15 22:00:00,7.58
2016-10-15 23:00:00,7.58
2016-10-16 00:00:00,7.58
2016-10-16 01:00:00,7.58
2016-10-16 02:00:00,7.58
2016-10-16 03:00:00,7.58
2016-10-16 04:00:00,7.58
2016-10-16 05:00:00,7.58
2016-10-16 06:00:00,7.58
2016-10-16 07:00:00,0
2016-10-16 08:00:00,0
2016-10-16 09:00:00,0
2016-10-16 10:00:00,0
2016-10-16 11:00:00,0
2016-10-16 12:00:00,0
2016-10-16 13:00:00,0
2016-10-16 14:00:00,0
2016-10-16 15:00:00,0
2016-10-16 16:00:00,0
2016-10-16 17:00:00,0
2016-10-16 18:00:00,0
2016-10-16 19:00:00,0
2016-10-16 20:00:00,0
2016-10-16 21:00:00,0
2016-10-16 22:00:00,0
2016-10-16 23:00:00,0
2016-10-22 00:00:00,7.58
2016-10-22 01:00:00,7.58
2016-10-22 02:00:00,7.58
2016-10-22 03:00:00,7.58
2016-10-22 04:00:00,7.58
2016-10-22 05:00:00,7.58
2016-10-22 06:00:00,7.58
2016-10-22 07:00:00,7.58
2016-10-22 08:00:00,7.58
2016-10-22 09:00:00,7.58
2016-10-22 10:00:00,7.58
2016-10-22 11:00:00,7.58
2016-10-22 12:00:00,7.58
2016-10-22 13:00:00,7.58
2016-10-22 14:00:00,7.58
2016-10-22 15:00:00,7.58
2016-10-22 16:00:00,7.58
2016-10-22 17:00:00,7.58
2016-10-22 18:00:00,7.58
2016-10-22 19:00:00,7.58
2016-10-22 20:00:00,7.58
2016-10-22 21:00:00,7.58
2016-10-22 22:00:00,7.58
2016-10-22 23:00:00,7.58
2016-10-23 00:00:00,7.58
2016-10-23 01:00:00,7.58
2016-10-23 02:00:00,7.58
2016-10-23 03:00:00,7.58
2016-10-23 04:00:00,7.58
2016-10-23 05:00:00,7.58
2016-10-23 06:00:00,7.58
2016-10-23 07:00:00,7.58
2016-10-23 08:00:00,7.58
2016-10-23 09:00:00,7.58
2016-10-23 10:00:00,7.58
2016-10-23 11:00:00,7.58
2016-10-23 12:00:00,7.58
2016-10-23 13:00:00,7.58
2016-10-23 14:00:00,7.58
2016-10-23 15:00:00,7.58
2016-10-23 16:00:00,7.58
2016-10-23 17:00:00,7.58
2016-10-23 18:00:00,7.58
2016-10-23 19:00:00,7.58
2016-10-23 20:00:00,7.58
2016-10-23 21:00:00,7.58
2016-10-23 22:00:00,7.58
2016-10-23 23:00:00,7.58
2016-10-24 00:00:00,7.58
2016-10-24 01:00:00,7.58
2016-10-24 02:00:00,7.58
2016-10-24 03:00:00,7.58
2016-10-24 04:00:00,7.58
2016-10-24 05:00:00,7.58
2016-10-24 06:00:00,7.58
2016-10-24 07:00:00,7.58
2016-10-24 08:00:00,7.58
2016-10-24 09:00:00,7.58
2016-10-24 10:00:00,7.58
2016-10-24 11:00:00,7.58
2016-10-24 12:00:00,7.58
2016-10-24 13:00:00,7.58
2016-10-24 14:00:00,7.58
2016-10-24 15:00:00,7.58
2016-10-24 16:00:00,7.58
2016-10-24 17:00:00,7.58
2016-10-24 18:00:00,7.58
2016-10-24 19:00:00,7.58
2016-10-24 20:00:00,7.58
2016-10-24 21:00:00,7.58
2016-10-24 22:00:00,7.58
2016-10-24 23:00:00,7.58
2016-10-25 00:00:00,7.58
2016-10-25 01:00:00,7.58
2016-10-25 02:00:00,7.58
2016-10-25 03:00:00,7.58
2016-10-25 04:00:00,7.58
2016-10-25 05:00:00,7.58
2016-10-25 06:00:00,7.58
2016-10-25 07:00:00,0
2016-10-25 08:00:00,0
2016-10-25 09:00:00,0
2016-10-25 10:00:00,0
2016-10-25 11:00:00,0
2016-10-25 12:00:00,0
2016-10-25 13:00:00,0
2016-10-25 14:00:00,0
2016-10-25 15:00:00,0
2016-10-25 16:00:00,0
2016-10-25 17:00:00,0
2016-10-25 18:00:00,0
2016-10-25 19:00:00,0
2016-10-25 20:00:00,0
2016-10-25 21:00:00,0
2016-10-25 22:00:00,0
2016-10-25 23:00:00,0
2016-10-26 00:00:00,7.58
2016-10-26 01:00:00,7.58
2016-10-26 02:00:00,7.58
2016-10-26 03:00:00,7.58
2016-10-26 04:00:00,7.58
2016-10-26 05:00:00,7.58
2016-10-26 06:00:00,7.58
2016-10-26 07:00:00,7.58
2016-10-26 08:00:00,7.58
2016-10-26 09:00:00,7.58
2016-10-26 10:00:00,7.58
2016-10-26 11:00:00,7.58
2016-10-26 12:00:00,7.58
2016-10-26 13:00:00,7.58
2016-10-26 14:00:00,7.58
2016-10-26 15:00:00,7.58
2016-10-26 16:00:00,7.58
2016-10-26 17:00:00,7.58
2016-10-26 18:00:00,7.58
2016-10-26 19:00:00,7.58
2016-10-26 20:00:00,7.58
2016-10-26 21:00:00,7.58
2016-10-26 22:00:00,7.58
2016-10-26 23:00:00,7.58
2016-10-27 00:00:00,7.58
2016-10-27 01:00:00,7.58
2016-10-27 02:00:00,7.58
2016-10-27 03:00:00,7.58
2016-10-27 04:00:00,7.58
2016-10-27 05:00:00,7.58
2016-10-27 06:00:00,7.58
2016-10-27 07:00:00,7.58
2016-10-27 08:00:00,7.58
2016-10-27 09:00:00,7.58
2016-10-27 10:00:00,7.58
2016-10-27 11:00:00,7.58
2016-10-27 12:00:00,7.58
2016-10-27 13:00:00,7.58
2016-10-27 14:00:00,7.58
2016-10-27 15:00:00,7.58
2016-10-27 16:00:00,7.58
2016-10-27 17:00:00,7.58
2016-10-27 18:00:00,7.58
2016-10-27 19:00:00,7.58
2016-10-27 20:00:00,7.58
2016-10-27 21:00:00,7.58
2016-10-27 22:00:00,7.58
2016-10-27 23:00:00,7.58
2016-10-28 00:00:00,7.58
2016-10-28 01:00:00,7.58
2016-10-28 02:00:00,7.58
2016-10-28 03:00:00,7.58
2016-10-28 04:00:00,7.58
2016-10-28 05:00:00,7.58
2016-10-28 06:00:00,7.58
2016-10-28 07:00:00,7.58
2016-10-28 08:00:00,7.58
2016-10-28 09:00:00,7.58
2016-10-28 10:00:00,7.58
2016-10-28 11:00:00,7.58
2016-10-28 12:00:00,7.58
2016-10-28 13:00:00,7.58
2016-10-28 14:00:00,7.58
2016-10-28 15:00:00,7.58
2016-10-28 16:00:00,7.58
2016-10-28 17:00:00,7.58
2016-10-28 18:00:00,7.58
2016-10-28 19:00:00,7.58
2016-10-28 20:00:00,7.58
2016-10-28 21:00:00,7.58
2016-10-28 22:00:00,7.58
2016-10-28 23:00:00,7.58
2016-10-29 00:00:00,7.58
2016-10-29 01:00:00,7.58
2016-10-29 02:00:00,7.58
2016-10-29 03:00:00,7.58
2016-10-29 04:00:00,7.58
2016-10-29 05:00:00,7.58
2016-10-29 06:00:00,7.58
2016-10-29 07:00:00,7.58
2016-10-29 08:00:00,7.58
2016-10-29 09:00:00,7.58
2016-10-29 10:00:00,7.58
2016-10-29 11:00:00,7.58
2016-10-29 12:00:00,7.58
2016-10-29 13:00:00,7.58
2016-10-29 14:00:00,7.58
2016-10-29 15:00:00,7.58
2016-10-29 16:00:00,7.58
2016-10-29 17:00:00,7.58
2016-10-29 18:00:00,7.58
2016-10-29 19:00:00,7.58
2016-10-29 20:00:00,7.58
2016-10-29 21:00:00,7.58
2016-10-29 22:00:00,7.58
2016-10-29 23:00:00,7.58
2016-10-30 00:00:00,7.58
2016-10-30 01:00:00,7.58
2016-10-30 02:00:00,7.58
2016-10-30 03:00:00,7.58
2016-10-30 04:00:00,7.58
2016-10-30 05:00:00,7.58
2016-10-30 06:00:00,7.58
2016-10-30 07:00:00,7.58
2016-10-30 08:00:00,7.58
2016-10-30 09:00:00,7.58
2016-10-30 10:00:00,7.58
2016-10-30 11:00:00,7.58
2016-10-30 12:00:00,7.58
2016-10-30 13:00:00,7.58
2016-10-30 14:00:00,7.58
2016-10-30 15:00:00,7.58
2016-10-30 16:00:00,7.58
2016-10-30 17:00:00,7.58
2016-10-30 18:00:00,7.58
2016-10-30 19:00:00,7.58
2016-10-30 20:00:00,7.58
2016-10-30 21:00:00,7.58
2016-10-30 22:00:00,7.58
2016-10-30 23:00:00,7.58
2016-10-31 00:00:00,7.58
2016-10-31 01:00:00,7.58
2016-10-31 02:00:00,7.58
2016-10-31 03:00:00,7.58
2016-10-31 04:00:00,7.58
2016-10-31 05:00:00,7.58
2016-10-31 06:00:00,7.58
2016-10-31 07:00:00,7.58
2016-10-31 08:00:00,7.58
2016-10-31 09:00:00,7.58
2016-10-31 10:00:00,7.58
2016-10-31 11:00:00,7.58
2016-10-31 12:00:00,7.58
2016-10-31 13:00:00,7.58
2016-10-31 14:00:00,7.58
2016-10-31 15:00:00,7.58
2016-10-31 16:00:00,7.58
2016-10-31 17:00:00,7.58
2016-10-31 18:00:00,7.58
2016-10-31 19:00:00,7.58
2016-10-31 20:00:00,7.58
2016-10-31 21:00:00,7.58
2016-10-31 22:00:00,7.58
2016-10-31 23:00:00,7.58
2016-11-01 00:00:00,7.58
2016-11-01 01:00:00,7.58
2016-11-01 02:00:00,7.58
2016-11-01 03:00:00,7.58
2016-11-01 04:00:00,7.58
2016-11-01 05:00:00,7.58
2016-11-01 06:00:00,7.58
2016-11-01 07:00:00,7.58
2016-11-01 08:00:00,7.58
2016-11-01 09:00:00,7.58
2016-11-01 10:00:00,7.58
2016-11-01 11:00:00,7.58
2016-11-01 12:00:00,7.58
2016-11-01 13:00:00,7.58
2016-11-01 14:00:00,7.58
2016-11-01 15:00:00,7.58
2016-11-01 16:00:00,7.58
2016-11-01 17:00:00,7.58
2016-11-01 18:00:00,7.58
2016-11-01 19:00:00,7.58
2016-11-01 20:00:00,7.58
2016-11-01 21:00:00,7.58
2016-11-01 22:00:00,7.58
2016-11-01 23:00:00,7.58
2016-11-02 00:00:00,7.58
2016-11-02 01:00:00,7.58
2016-11-02 02:00:00,7.58
2016-11-02 03:00:00,7.58
2016-11-02 04:00:00,7.58
2016-11-02 05:00:00,7.58
2016-11-02 06:00:00,7.58
2016-11-02 07:00:00,7.58
2016-11-02 08:00:00,7.58
2016-11-02 09:00:00,7.58
2016-11-02 10:00:00,7.58
2016-11-02 11:00:00,7.58
2016-11-02 12:00:00,7.58
2016-11-02 13:00:00,7.58
2016-11-02 14:00:00,7.58
2016-11-02 15:00:00,7.58
2016-11-02 16:00:00,7.58
2016-11-02 17:00:00,7.58
2016-11-02 18:00:00,7.58
2016-11-02 19:00:00,32.64
2016-11-02 20:00:00,37.56
2016-11-02 21:00:00,37.55
2016-11-02 22:00:00,37.55
2016-11-02 23:00:00,10.56
2016-11-03 00:00:00,1.78
2016-11-03 01:00:00,7.58
2016-11-03 02:00:00,7.58
2016-11-03 03:00:00,7.58
2016-11-03 04:00:00,7.58
2016-11-03 05:00:00,7.58
2016-11-03 06:00:00,7.58
2016-11-03 07:00:00,7.58
2016-11-03 08:00:00,7.58
2016-11-03 09:00:00,7.58
2016-11-03 10:00:00,7.58
2016-11-03 11:00:00,7.58
2016-11-03 12:00:00,7.58
2016-11-03 13:00:00,7.58
2016-11-03 14:00:00,7.58
2016-11-03 15:00:00,7.58
2016-11-03 16:00:00,7.58
2016-11-03 17:00:00,7.58
2016-11-03 18:00:00,7.58
2016-11-03 19:00:00,7.58
2016-11-03 20:00:00,7.58
2016-11-03 21:00:00,7.58
2016-11-03 22:00:00,7.58
2016-11-03 23:00:00,7.58
2016-11-04 00:00:00,7.58
2016-11-04 01:00:00,7.58
2016-11-04 02:00:00,7.58
2016-11-04 03:00:00,7.58
2016-11-04 04:00:00,7.58
2016-11-04 05:00:00,7.58
2016-11-04 06:00:00,7.58
2016-11-04 07:00:00,7.58
2016-11-04 08:00:00,7.58
2016-11-04 09:00:00,7.58
2016-11-04 10:00:00,7.58
2016-11-04 11:00:00,7.58
2016-11-04 12:00:00,7.58
2016-11-04 13:00:00,7.580000006
2016-11-04 14:00:00,42.79
2016-11-04 15:00:00,44.98
2016-11-04 16:00:00,12.52
2016-11-04 17:00:00,7.58
2016-11-04 18:00:00,7.58
2016-11-04 19:00:00,7.58
2016-11-04 20:00:00,7.58
2016-11-04 21:00:00,7.58
2016-11-04 22:00:00,7.58
2016-11-04 23:00:00,7.58
2016-11-05 00:00:00,7.58
2016-11-05 01:00:00,7.58
2016-11-05 02:00:00,7.58
2016-11-05 03:00:00,7.58
2016-11-05 04:00:00,7.58
2016-11-05 05:00:00,7.58
2016-11-05 06:00:00,7.58
2016-11-05 07:00:00,7.58
2016-11-05 08:00:00,7.58
2016-11-05 09:00:00,7.58
2016-11-05 10:00:00,36.88
2016-11-05 11:00:00,39.84
2016-11-05 12:00:00,29.29
2016-11-05 13:00:00,33.47
2016-11-05 14:00:00,7.58
2016-11-05 15:00:00,7.58
2016-11-05 16:00:00,7.58
2016-11-05 17:00:00,7.58
2016-11-05 18:00:00,7.58
2016-11-05 19:00:00,7.58
2016-11-05 20:00:00,7.58
2016-11-05 21:00:00,7.58
2016-11-05 22:00:00,7.58
2016-11-05 23:00:00,7.58
2016-11-06 00:00:00,7.58
2016-11-06 01:00:00,7.58
2016-11-06 02:00:00,7.58
2016-11-06 03:00:00,7.58
2016-11-06 04:00:00,7.58
2016-11-06 05:00:00,7.58
2016-11-06 06:00:00,7.58
2016-11-06 07:00:00,7.58
2016-11-06 08:00:00,7.58
2016-11-06 09:00:00,7.58
2016-11-06 10:00:00,7.58
2016-11-06 11:00:00,7.58
2016-11-06 12:00:00,7.58
2016-11-06 13:00:00,7.58
2016-11-06 14:00:00,7.58
2016-11-06 15:00:00,7.58
2016-11-06 16:00:00,7.58
2016-11-06 17:00:00,7.58
2016-11-06 18:00:00,7.58
2016-11-06 19:00:00,41.45
2016-11-06 20:00:00,39.08
2016-11-06 21:00:00,34.73
2016-11-06 22:00:00,32.46
2016-11-06 23:00:00,7.58
2016-11-07 00:00:00,7.58
2016-11-07 01:00:00,7.58
2016-11-07 02:00:00,7.58
2016-11-07 03:00:00,7.58
2016-11-07 04:00:00,7.58
2016-11-07 05:00:00,7.58
2016-11-07 06:00:00,7.58
2016-11-07 07:00:00,7.58
2016-11-07 08:00:00,7.58
2016-11-07 09:00:00,7.58
2016-11-07 10:00:00,38.47
2016-11-07 11:00:00,38.25
2016-11-07 12:00:00,39.99
2016-11-07 13:00:00,31
2016-11-07 14:00:00,7.58
2016-11-07 15:00:00,7.58
2016-11-07 16:00:00,7.58
2016-11-07 17:00:00,7.58
2016-11-07 18:00:00,7.58
2016-11-07 19:00:00,7.58
2016-11-07 20:00:00,7.58
2016-11-07 21:00:00,7.58
2016-11-07 22:00:00,7.58
2016-11-07 23:00:00,7.58
2016-11-08 00:00:00,7.58
2016-11-08 01:00:00,7.58
2016-11-08 02:00:00,7.58
2016-11-08 03:00:00,7.58
2016-11-08 04:00:00,7.58
2016-11-08 05:00:00,7.58
2016-11-08 06:00:00,7.58
2016-11-08 07:00:00,7.58
2016-11-08 08:00:00,7.58
2016-11-08 09:00:00,7.58
2016-11-08 10:00:00,35.1
2016-11-08 11:00:00,40.02
2016-11-08 12:00:00,41.7
2016-11-08 13:00:00,38.95999999
2016-11-08 14:00:00,7.58
2016-11-08 15:00:00,7.58
2016-11-08 16:00:00,7.58
2016-11-08 17:00:00,7.58
2016-11-08 18:00:00,7.58
2016-11-08 19:00:00,7.58
2016-11-08 20:00:00,7.58
2016-11-08 21:00:00,7.58
2016-11-08 22:00:00,7.58
2016-11-08 23:00:00,7.58
2016-11-09 00:00:00,7.58
2016-11-09 01:00:00,7.58
2016-11-09 02:00:00,7.58
2016-11-09 03:00:00,7.58
2016-11-09 04:00:00,7.58
2016-11-09 05:00:00,7.58
2016-11-09 06:00:00,7.58
2016-11-09 07:00:00,7.58
2016-11-09 08:00:00,7.58
2016-11-09 09:00:00,21.81
2016-11-09 10:00:00,42.77
2016-11-09 11:00:00,41.58
2016-11-09 12:00:00,41.32
2016-11-09 13:00:00,42.93
2016-11-09 14:00:00,41.87
2016-11-09 15:00:00,43.71
2016-11-09 16:00:00,9.46
2016-11-09 17:00:00,7.58
2016-11-09 18:00:00,7.58
2016-11-09 19:00:00,7.58
2016-11-09 20:00:00,7.58
2016-11-09 21:00:00,7.58
2016-11-09 22:00:00,7.58
2016-11-09 23:00:00,7.58
2016-11-10 00:00:00,7.58
2016-11-10 01:00:00,7.58
2016-11-10 02:00:00,7.58
2016-11-10 03:00:00,7.58
2016-11-10 04:00:00,7.58
2016-11-10 05:00:00,7.58
2016-11-10 06:00:00,7.58
2016-11-10 07:00:00,0
2016-11-10 08:00:00,0
2016-11-10 09:00:00,25
2016-11-10 10:00:00,33
2016-11-10 11:00:00,33
2016-11-10 12:00:00,33
2016-11-10 13:00:00,34
2016-11-10 14:00:00,34
2016-11-10 15:00:00,30
2016-11-10 16:00:00,0
2016-11-10 17:00:00,0
2016-11-10 18:00:00,0
2016-11-10 19:00:00,0
2016-11-10 20:00:00,0
2016-11-10 21:00:00,0
2016-11-10 22:00:00,0
2016-11-10 23:00:00,0
2016-11-11 00:00:00,7.58
2016-11-11 01:00:00,7.58
2016-11-11 02:00:00,7.58
2016-11-11 03:00:00,7.58
2016-11-11 04:00:00,7.58
2016-11-11 05:00:00,7.58
2016-11-11 06:00:00,7.58
2016-11-11 07:00:00,7.58
2016-11-11 08:00:00,7.58
2016-11-11 09:00:00,37.81
2016-11-11 10:00:00,42.14
2016-11-11 11:00:00,38.78
2016-11-11 12:00:00,39.13
2016-11-11 13:00:00,34.77
2016-11-11 14:00:00,7.58
2016-11-11 15:00:00,7.58
2016-11-11 16:00:00,7.58
2016-11-11 17:00:00,7.58
2016-11-11 18:00:00,7.58
2016-11-11 19:00:00,7.58
2016-11-11 20:00:00,7.58
2016-11-11 21:00:00,7.58
2016-11-11 22:00:00,7.58
2016-11-11 23:00:00,7.58
2016-11-12 00:00:00,7.58
2016-11-12 01:00:00,7.58
2016-11-12 02:00:00,7.58
2016-11-12 03:00:00,7.58
2016-11-12 04:00:00,7.58
2016-11-12 05:00:00,7.58
2016-11-12 06:00:00,7.58
2016-11-12 07:00:00,7.58
2016-11-12 08:00:00,7.58
2016-11-12 09:00:00,7.58
2016-11-12 10:00:00,7.58
2016-11-12 11:00:00,7.58
2016-11-12 12:00:00,7.58
2016-11-12 13:00:00,7.58
2016-11-12 14:00:00,7.58
2016-11-12 15:00:00,7.58
2016-11-12 16:00:00,7.58
2016-11-12 17:00:00,7.58
2016-11-12 18:00:00,7.58
2016-11-12 19:00:00,41.53
2016-11-12 20:00:00,38.75
2016-11-12 21:00:00,38.65
2016-11-12 22:00:00,37.17
2016-11-12 23:00:00,23.47
2016-11-13 00:00:00,7.58
2016-11-13 01:00:00,7.58
2016-11-13 02:00:00,7.58
2016-11-13 03:00:00,7.58
2016-11-13 04:00:00,7.58
2016-11-13 05:00:00,7.58
2016-11-13 06:00:00,7.58
2016-11-13 07:00:00,7.58
2016-11-13 08:00:00,7.58
2016-11-13 09:00:00,7.58
2016-11-13 10:00:00,7.58
2016-11-13 11:00:00,7.58
2016-11-13 12:00:00,7.58
2016-11-13 13:00:00,7.58
2016-11-13 14:00:00,7.58
2016-11-13 15:00:00,7.58
2016-11-13 16:00:00,7.58
2016-11-13 17:00:00,7.58
2016-11-13 18:00:00,10.96
2016-11-13 19:00:00,41.11
2016-11-13 20:00:00,37.13
2016-11-13 21:00:00,35.55
2016-11-13 22:00:00,36.32999999
2016-11-13 23:00:00,7.58
2016-11-14 00:00:00,7.58
2016-11-14 01:00:00,7.58
2016-11-14 02:00:00,7.58
2016-11-14 03:00:00,7.58
2016-11-14 04:00:00,7.58
2016-11-14 05:00:00,7.58
2016-11-14 06:00:00,7.58
2016-11-14 07:00:00,7.58
2016-11-14 08:00:00,7.58
2016-11-14 09:00:00,7.58
2016-11-14 10:00:00,7.58
2016-11-14 11:00:00,7.58
2016-11-14 12:00:00,7.58
2016-11-14 13:00:00,7.58
2016-11-14 14:00:00,7.58
2016-11-14 15:00:00,7.58
2016-11-14 16:00:00,7.580000005
2016-11-14 17:00:00,38.84
2016-11-14 18:00:00,32.73
2016-11-14 19:00:00,45.65
2016-11-14 20:00:00,42.87
2016-11-14 21:00:00,41.15
2016-11-14 22:00:00,42.19999999
2016-11-14 23:00:00,12.45
2016-11-15 00:00:00,7.58
2016-11-15 01:00:00,7.58
2016-11-15 02:00:00,7.58
2016-11-15 03:00:00,7.58
2016-11-15 04:00:00,7.58
2016-11-15 05:00:00,7.58
2016-11-15 06:00:00,7.58
2016-11-15 07:00:00,7.58
2016-11-15 08:00:00,7.58
2016-11-15 09:00:00,7.58
2016-11-15 10:00:00,7.580000006
2016-11-15 11:00:00,41.9
2016-11-15 12:00:00,44.08
2016-11-15 13:00:00,38
2016-11-15 14:00:00,38.61
2016-11-15 15:00:00,37.57
2016-11-15 16:00:00,35.24
2016-11-15 17:00:00,7.58
2016-11-15 18:00:00,7.58
2016-11-15 19:00:00,7.58
2016-11-15 20:00:00,7.58
2016-11-15 21:00:00,7.58
2016-11-15 22:00:00,7.58
2016-11-15 23:00:00,7.58
2016-11-16 00:00:00,7.58
2016-11-16 01:00:00,7.58
2016-11-16 02:00:00,7.58
2016-11-16 03:00:00,7.58
2016-11-16 04:00:00,7.58
2016-11-16 05:00:00,7.58
2016-11-16 06:00:00,7.58
2016-11-16 07:00:00,7.58
2016-11-16 08:00:00,7.58
2016-11-16 09:00:00,7.58
2016-11-16 10:00:00,7.58
2016-11-16 11:00:00,7.58
2016-11-16 12:00:00,7.58
2016-11-16 13:00:00,7.58
2016-11-16 14:00:00,7.58
2016-11-16 15:00:00,7.58
2016-11-16 16:00:00,7.58
2016-11-16 17:00:00,7.58
2016-11-16 18:00:00,11.21
2016-11-16 19:00:00,41.17
2016-11-16 20:00:00,40.16
2016-11-16 21:00:00,37.87
2016-11-16 22:00:00,35.64
2016-11-16 23:00:00,31.37
2016-11-17 00:00:00,7.58
2016-11-17 01:00:00,7.58
2016-11-17 02:00:00,7.58
2016-11-17 03:00:00,7.58
2016-11-17 04:00:00,7.58
2016-11-17 05:00:00,7.58
2016-11-17 06:00:00,7.58
2016-11-17 07:00:00,7.58
2016-11-17 08:00:00,7.58
2016-11-17 09:00:00,7.58
2016-11-17 10:00:00,7.58
2016-11-17 11:00:00,7.58
2016-11-17 12:00:00,7.58
2016-11-17 13:00:00,7.580000001
2016-11-17 14:00:00,11.02
2016-11-17 15:00:00,35.9
2016-11-17 16:00:00,36.02
2016-11-17 17:00:00,35.47
2016-11-17 18:00:00,35.88
2016-11-17 19:00:00,38.95
2016-11-17 20:00:00,37.79
2016-11-17 21:00:00,7.58
2016-11-17 22:00:00,7.58
2016-11-17 23:00:00,7.58
2016-11-18 00:00:00,2.84
2016-11-18 01:00:00,2.84
2016-11-18 02:00:00,2.84
2016-11-18 03:00:00,2.84
2016-11-18 04:00:00,2.84
2016-11-18 05:00:00,2.84
2016-11-18 06:00:00,2.84
2016-11-18 07:00:00,2.84
2016-11-18 08:00:00,2.84
2016-11-18 09:00:00,16.11
2016-11-18 10:00:00,30.04
2016-11-18 11:00:00,34.85
2016-11-18 12:00:00,21.16
2016-11-18 13:00:00,2.84
2016-11-18 14:00:00,2.84
2016-11-18 15:00:00,2.84
2016-11-18 16:00:00,2.84
2016-11-18 17:00:00,2.84
2016-11-18 18:00:00,2.84
2016-11-18 19:00:00,2.84
2016-11-18 20:00:00,2.84
2016-11-18 21:00:00,2.84
2016-11-18 22:00:00,2.84
2016-11-18 23:00:00,2.84
2016-11-19 00:00:00,50.59
2016-11-19 01:00:00,50.31
2016-11-19 02:00:00,50.38
2016-11-19 03:00:00,52.77
2016-11-19 04:00:00,52.86
2016-11-19 05:00:00,50.84
2016-11-19 06:00:00,53.27
2016-11-19 07:00:00,52.57
2016-11-19 08:00:00,53.05
2016-11-19 09:00:00,49.92
2016-11-19 10:00:00,41.1
2016-11-19 11:00:00,48.32
2016-11-19 12:00:00,41.4
2016-11-19 13:00:00,53.13
2016-11-19 14:00:00,56.9
2016-11-19 15:00:00,48.4
2016-11-19 16:00:00,39.14
2016-11-19 17:00:00,44.99
2016-11-19 18:00:00,41.64
2016-11-19 19:00:00,51.63
2016-11-19 20:00:00,54.06
2016-11-19 21:00:00,52.03
2016-11-19 22:00:00,52.85
2016-11-19 23:00:00,53.17
2016-11-20 00:00:00,49.58
2016-11-20 01:00:00,13.4
2016-11-20 02:00:00,13.4
2016-11-20 03:00:00,13.4
2016-11-20 04:00:00,13.4
2016-11-20 05:00:00,15.7
2016-11-20 06:00:00,51.26
2016-11-20 07:00:00,52.04
2016-11-20 08:00:00,54.1
2016-11-20 09:00:00,52.42
2016-11-20 10:00:00,54.03
2016-11-20 11:00:00,55.18
2016-11-20 12:00:00,51.25
2016-11-20 13:00:00,49.59
2016-11-20 14:00:00,54.02
2016-11-20 15:00:00,55.89
2016-11-20 16:00:00,54.61
2016-11-20 17:00:00,55.24
2016-11-20 18:00:00,54.63
2016-11-20 19:00:00,54.09
2016-11-20 20:00:00,49.66
2016-11-20 21:00:00,13.4
2016-11-20 22:00:00,13.4
2016-11-20 23:00:00,13.4
2016-11-21 00:00:00,13.4
2016-11-21 01:00:00,13.4
2016-11-21 02:00:00,13.4
2016-11-21 03:00:00,13.4
2016-11-21 04:00:00,13.40000001
2016-11-21 05:00:00,50.72
2016-11-21 06:00:00,52.73
2016-11-21 07:00:00,37
2016-11-21 08:00:00,37
2016-11-21 09:00:00,37
2016-11-21 10:00:00,37
2016-11-21 11:00:00,40
2016-11-21 12:00:00,37
2016-11-21 13:00:00,37
2016-11-21 14:00:00,40
2016-11-21 15:00:00,37
2016-11-21 16:00:00,37
2016-11-21 17:00:00,37
2016-11-21 18:00:00,40
2016-11-21 19:00:00,40
2016-11-21 20:00:00,40
2016-11-21 21:00:00,37
2016-11-21 22:00:00,40
2016-11-21 23:00:00,37
2016-11-22 00:00:00,7.58
2016-11-22 01:00:00,7.58
2016-11-22 02:00:00,7.58
2016-11-22 03:00:00,7.58
2016-11-22 04:00:00,7.58
2016-11-22 05:00:00,7.58
2016-11-22 06:00:00,7.58
2016-11-22 07:00:00,7.58
2016-11-22 08:00:00,7.58
2016-11-22 09:00:00,7.58
2016-11-22 10:00:00,7.580000004
2016-11-22 11:00:00,32.01
2016-11-22 12:00:00,37.24
2016-11-22 13:00:00,34.33
2016-11-22 14:00:00,37.54
2016-11-22 15:00:00,38.97
2016-11-22 16:00:00,8.85
2016-11-22 17:00:00,7.58
2016-11-22 18:00:00,7.58
2016-11-22 19:00:00,7.58
2016-11-22 20:00:00,7.58
2016-11-22 21:00:00,7.58
2016-11-22 22:00:00,7.58
2016-11-22 23:00:00,7.58
2016-11-23 00:00:00,7.58
2016-11-23 01:00:00,7.58
2016-11-23 02:00:00,7.58
2016-11-23 03:00:00,7.58
2016-11-23 04:00:00,7.58
2016-11-23 05:00:00,7.58
2016-11-23 06:00:00,7.58
2016-11-23 07:00:00,7.58
2016-11-23 08:00:00,7.58
2016-11-23 09:00:00,7.58
2016-11-23 10:00:00,7.58
2016-11-23 11:00:00,7.58
2016-11-23 12:00:00,7.58
2016-11-23 13:00:00,7.58
2016-11-23 14:00:00,7.58
2016-11-23 15:00:00,7.58
2016-11-23 16:00:00,10.28
2016-11-23 17:00:00,35.41
2016-11-23 18:00:00,35.48
2016-11-23 19:00:00,40.24
2016-11-23 20:00:00,34.56
2016-11-23 21:00:00,35.28
2016-11-23 22:00:00,11.33
2016-11-23 23:00:00,7.58
2016-11-24 00:00:00,7.58
2016-11-24 01:00:00,7.58
2016-11-24 02:00:00,7.58
2016-11-24 03:00:00,7.58
2016-11-24 04:00:00,7.58
2016-11-24 05:00:00,7.58
2016-11-24 06:00:00,7.58
2016-11-24 07:00:00,0
2016-11-24 08:00:00,0
2016-11-24 09:00:00,0
2016-11-24 10:00:00,2.700000004
2016-11-24 11:00:00,27.83
2016-11-24 12:00:00,27.9
2016-11-24 13:00:00,32.66
2016-11-24 14:00:00,26.98
2016-11-24 15:00:00,27.7
2016-11-24 16:00:00,30.49999999
2016-11-24 17:00:00,0
2016-11-24 18:00:00,0
2016-11-24 19:00:00,0
2016-11-24 20:00:00,0
2016-11-24 21:00:00,0
2016-11-24 22:00:00,0
2016-11-24 23:00:00,0
2016-11-25 00:00:00,7.58
2016-11-25 01:00:00,7.58
2016-11-25 02:00:00,7.58
2016-11-25 03:00:00,7.58
2016-11-25 04:00:00,7.58
2016-11-25 05:00:00,7.58
2016-11-25 06:00:00,7.58
2016-11-25 07:00:00,7.58
2016-11-25 08:00:00,7.58
2016-11-25 09:00:00,7.58
2016-11-25 10:00:00,7.58
2016-11-25 11:00:00,7.58
2016-11-25 12:00:00,7.58
2016-11-25 13:00:00,7.58
2016-11-25 14:00:00,7.58
2016-11-25 15:00:00,7.58
2016-11-25 16:00:00,7.58
2016-11-25 17:00:00,7.58
2016-11-25 18:00:00,32.95
2016-11-25 19:00:00,30.49
2016-11-25 20:00:00,39.55
2016-11-25 21:00:00,36.98
2016-11-25 22:00:00,36.24
2016-11-25 23:00:00,38.85
2016-11-26 00:00:00,7.58
2016-11-26 01:00:00,7.58
2016-11-26 02:00:00,7.58
2016-11-26 03:00:00,7.58
2016-11-26 04:00:00,7.58
2016-11-26 05:00:00,7.58
2016-11-26 06:00:00,7.58
2016-11-26 07:00:00,7.58
2016-11-26 08:00:00,7.58
2016-11-26 09:00:00,7.58
2016-11-26 10:00:00,7.580000004
2016-11-26 11:00:00,32.64
2016-11-26 12:00:00,30.49
2016-11-26 13:00:00,28.25
2016-11-26 14:00:00,7.58
2016-11-26 15:00:00,7.58
2016-11-26 16:00:00,7.58
2016-11-26 17:00:00,7.58
2016-11-26 18:00:00,7.58
2016-11-26 19:00:00,7.58
2016-11-26 20:00:00,7.58
2016-11-26 21:00:00,7.58
2016-11-26 22:00:00,7.58
2016-11-26 23:00:00,7.58
2016-11-27 00:00:00,7.58
2016-11-27 01:00:00,7.58
2016-11-27 02:00:00,7.58
2016-11-27 03:00:00,7.58
2016-11-27 04:00:00,7.58
2016-11-27 05:00:00,7.58
2016-11-27 06:00:00,7.58
2016-11-27 07:00:00,7.58
2016-11-27 08:00:00,7.58
2016-11-27 09:00:00,7.58
2016-11-27 10:00:00,7.58
2016-11-27 11:00:00,7.58
2016-11-27 12:00:00,7.58
2016-11-27 13:00:00,7.58
2016-11-27 14:00:00,7.58
2016-11-27 15:00:00,7.58
2016-11-27 16:00:00,7.58
2016-11-27 17:00:00,7.58
2016-11-27 18:00:00,7.58
2016-11-27 19:00:00,7.58
2016-11-27 20:00:00,7.58
2016-11-27 21:00:00,7.58
2016-11-27 22:00:00,7.58
2016-11-27 23:00:00,7.58
2016-11-28 00:00:00,7.58
2016-11-28 01:00:00,7.58
2016-11-28 02:00:00,7.58
2016-11-28 03:00:00,7.58
2016-11-28 04:00:00,7.58
2016-11-28 05:00:00,7.58
2016-11-28 06:00:00,7.58
2016-11-28 07:00:00,7.580000005
2016-11-28 08:00:00,34.31
2016-11-28 09:00:00,36.96
2016-11-28 10:00:00,37.83
2016-11-28 11:00:00,37.09
2016-11-28 12:00:00,33.27
2016-11-28 13:00:00,30.62
2016-11-28 14:00:00,7.58
2016-11-28 15:00:00,7.58
2016-11-28 16:00:00,7.58
2016-11-28 17:00:00,7.58
2016-11-28 18:00:00,7.58
2016-11-28 19:00:00,7.58
2016-11-28 20:00:00,7.58
2016-11-28 21:00:00,7.58
2016-11-28 22:00:00,7.58
2016-11-28 23:00:00,7.58
2016-11-29 00:00:00,12.29
2016-11-29 01:00:00,12.29
2016-11-29 02:00:00,12.29
2016-11-29 03:00:00,15.97
2016-11-29 04:00:00,47.05
2016-11-29 05:00:00,37.77
2016-11-29 06:00:00,51.49
2016-11-29 07:00:00,33.51
2016-11-29 08:00:00,35.73
2016-11-29 09:00:00,37.16
2016-11-29 10:00:00,46.21
2016-11-29 11:00:00,39.55
2016-11-29 12:00:00,36.53
2016-11-29 13:00:00,37.15
2016-11-29 14:00:00,40.77
2016-11-29 15:00:00,49.48
2016-11-29 16:00:00,45.73
2016-11-29 17:00:00,43.71
2016-11-29 18:00:00,43.99
2016-11-29 19:00:00,44.62
2016-11-29 20:00:00,44.99
2016-11-29 21:00:00,45.29
2016-11-29 22:00:00,44.24
2016-11-29 23:00:00,37.87
2016-11-30 00:00:00,12.29
2016-11-30 01:00:00,12.29
2016-11-30 02:00:00,12.29
2016-11-30 03:00:00,12.29
2016-11-30 04:00:00,12.29
2016-11-30 05:00:00,37.31
2016-11-30 06:00:00,39.56
2016-11-30 07:00:00,30.5
2016-11-30 08:00:00,30.5
2016-11-30 09:00:00,30.5
2016-11-30 10:00:00,30.5
2016-11-30 11:00:00,30.5
2016-11-30 12:00:00,30.5
2016-11-30 13:00:00,30.5
2016-11-30 14:00:00,30.5
2016-11-30 15:00:00,30.5
2016-11-30 16:00:00,30.5
2016-11-30 17:00:00,30.45
2016-11-30 18:00:00,30.45
2016-11-30 19:00:00,30.45
2016-11-30 20:00:00,30.45
2016-11-30 21:00:00,30.45
2016-11-30 22:00:00,30.45
2016-11-30 23:00:00,30.5
2016-12-01 00:00:00,7.58
2016-12-01 01:00:00,7.58
2016-12-01 02:00:00,7.58
2016-12-01 03:00:00,7.58
2016-12-01 04:00:00,7.58
2016-12-01 05:00:00,7.58
2016-12-01 06:00:00,7.58
2016-12-01 07:00:00,7.58
2016-12-01 08:00:00,7.58
2016-12-01 09:00:00,7.58
2016-12-01 10:00:00,35.6
2016-12-01 11:00:00,35.98
2016-12-01 12:00:00,32.42
2016-12-01 13:00:00,32.1
2016-12-01 14:00:00,35.6
2016-12-01 15:00:00,36.63
2016-12-01 16:00:00,11.29
2016-12-01 17:00:00,7.58
2016-12-01 18:00:00,7.58
2016-12-01 19:00:00,7.58
2016-12-01 20:00:00,7.58
2016-12-01 21:00:00,7.58
2016-12-01 22:00:00,7.58
2016-12-01 23:00:00,7.58
2016-12-02 00:00:00,7.58
2016-12-02 01:00:00,7.58
2016-12-02 02:00:00,7.58
2016-12-02 03:00:00,7.58
2016-12-02 04:00:00,7.58
2016-12-02 05:00:00,7.58
2016-12-02 06:00:00,7.58
2016-12-02 07:00:00,7.58
2016-12-02 08:00:00,7.58
2016-12-02 09:00:00,7.58
2016-12-02 10:00:00,7.580000004
2016-12-02 11:00:00,33.18
2016-12-02 12:00:00,36.27
2016-12-02 13:00:00,31.51
2016-12-02 14:00:00,35.85
2016-12-02 15:00:00,39.07
2016-12-02 16:00:00,30.39
2016-12-02 17:00:00,7.58
2016-12-02 18:00:00,7.58
2016-12-02 19:00:00,7.58
2016-12-02 20:00:00,7.58
2016-12-02 21:00:00,7.58
2016-12-02 22:00:00,7.58
2016-12-02 23:00:00,7.58
2016-12-03 00:00:00,1.78
2016-12-03 01:00:00,7.58
2016-12-03 02:00:00,7.58
2016-12-03 03:00:00,7.58
2016-12-03 04:00:00,7.58
2016-12-03 05:00:00,7.58
2016-12-03 06:00:00,7.58
2016-12-03 07:00:00,12.1
2016-12-03 08:00:00,34
2016-12-03 09:00:00,37.48
2016-12-03 10:00:00,7.58
2016-12-03 11:00:00,7.58
2016-12-03 12:00:00,7.58
2016-12-03 13:00:00,7.58
2016-12-03 14:00:00,7.58
2016-12-03 15:00:00,7.58
2016-12-03 16:00:00,7.58
2016-12-03 17:00:00,7.58
2016-12-03 18:00:00,7.58
2016-12-03 19:00:00,7.58
2016-12-03 20:00:00,7.58
2016-12-03 21:00:00,7.58
2016-12-03 22:00:00,7.58
2016-12-03 23:00:00,7.58
2016-12-04 00:00:00,7.58
2016-12-04 01:00:00,7.58
2016-12-04 02:00:00,7.58
2016-12-04 03:00:00,7.58
2016-12-04 04:00:00,7.58
2016-12-04 05:00:00,7.58
2016-12-04 06:00:00,10.33
2016-12-04 07:00:00,31.64
2016-12-04 08:00:00,37.3
2016-12-04 09:00:00,33.96
2016-12-04 10:00:00,35.01
2016-12-04 11:00:00,34.88
2016-12-04 12:00:00,35.52
2016-12-04 13:00:00,34.34
2016-12-04 14:00:00,7.58
2016-12-04 15:00:00,7.58
2016-12-04 16:00:00,7.58
2016-12-04 17:00:00,7.58
2016-12-04 18:00:00,7.58
2016-12-04 19:00:00,7.58
2016-12-04 20:00:00,7.58
2016-12-04 21:00:00,7.58
2016-12-04 22:00:00,7.58
2016-12-04 23:00:00,7.58
2016-12-05 00:00:00,7.58
2016-12-05 01:00:00,7.58
2016-12-05 02:00:00,7.58
2016-12-05 03:00:00,7.58
2016-12-05 04:00:00,7.58
2016-12-05 05:00:00,7.58
2016-12-05 06:00:00,7.58
2016-12-05 07:00:00,7.58
2016-12-05 08:00:00,7.58
2016-12-05 09:00:00,9.43
2016-12-05 10:00:00,39.86
2016-12-05 11:00:00,40.62
2016-12-05 12:00:00,40
2016-12-05 13:00:00,34.46
2016-12-05 14:00:00,36.39
2016-12-05 15:00:00,36.6
2016-12-05 16:00:00,15.29
2016-12-05 17:00:00,7.58
2016-12-05 18:00:00,7.58
2016-12-05 19:00:00,7.58
2016-12-05 20:00:00,7.58
2016-12-05 21:00:00,7.58
2016-12-05 22:00:00,7.58
2016-12-05 23:00:00,7.58
2016-12-06 00:00:00,7.58
2016-12-06 01:00:00,7.58
2016-12-06 02:00:00,7.58
2016-12-06 03:00:00,7.58
2016-12-06 04:00:00,7.58
2016-12-06 05:00:00,7.58
2016-12-06 06:00:00,7.58
2016-12-06 07:00:00,7.58
2016-12-06 08:00:00,7.58
2016-12-06 09:00:00,7.58
2016-12-06 10:00:00,7.58
2016-12-06 11:00:00,7.58
2016-12-06 12:00:00,7.58
2016-12-06 13:00:00,7.58
2016-12-06 14:00:00,7.58
2016-12-06 15:00:00,7.58
2016-12-06 16:00:00,7.58
2016-12-06 17:00:00,7.58
2016-12-06 18:00:00,7.58
2016-12-06 19:00:00,10.05
2016-12-06 20:00:00,37.12
2016-12-06 21:00:00,33.83
2016-12-06 22:00:00,7.58
2016-12-06 23:00:00,7.58
2016-12-07 00:00:00,7.58
2016-12-07 01:00:00,7.58
2016-12-07 02:00:00,7.58
2016-12-07 03:00:00,7.58
2016-12-07 04:00:00,7.58
2016-12-07 05:00:00,7.58
2016-12-07 06:00:00,7.58
2016-12-07 07:00:00,0
2016-12-07 08:00:00,0
2016-12-07 09:00:00,0
2016-12-07 10:00:00,0
2016-12-07 11:00:00,0
2016-12-07 12:00:00,26.2
2016-12-07 13:00:00,26.2
2016-12-07 14:00:00,0
2016-12-07 15:00:00,0
2016-12-07 16:00:00,0
2016-12-07 17:00:00,0
2016-12-07 18:00:00,0
2016-12-07 19:00:00,0
2016-12-07 20:00:00,0
2016-12-07 21:00:00,0
2016-12-07 22:00:00,0
2016-12-07 23:00:00,0
2016-12-08 00:00:00,7.58
2016-12-08 01:00:00,7.58
2016-12-08 02:00:00,7.58
2016-12-08 03:00:00,7.58
2016-12-08 04:00:00,7.58
2016-12-08 05:00:00,7.58
2016-12-08 06:00:00,7.58
2016-12-08 07:00:00,7.58
2016-12-08 08:00:00,7.58
2016-12-08 09:00:00,7.58
2016-12-08 10:00:00,7.58
2016-12-08 11:00:00,10.32
2016-12-08 12:00:00,37.84
2016-12-08 13:00:00,31.03
2016-12-08 14:00:00,7.58
2016-12-08 15:00:00,7.58
2016-12-08 16:00:00,7.58
2016-12-08 17:00:00,7.58
2016-12-08 18:00:00,7.58
2016-12-08 19:00:00,7.58
2016-12-08 20:00:00,7.58
2016-12-08 21:00:00,7.58
2016-12-08 22:00:00,7.58
2016-12-08 23:00:00,7.58
2016-12-09 00:00:00,7.58
2016-12-09 01:00:00,7.58
2016-12-09 02:00:00,7.58
2016-12-09 03:00:00,7.58
2016-12-09 04:00:00,7.58
2016-12-09 05:00:00,7.58
2016-12-09 06:00:00,7.58
2016-12-09 07:00:00,7.58
2016-12-09 08:00:00,7.58
2016-12-09 09:00:00,7.58
2016-12-09 10:00:00,7.58
2016-12-09 11:00:00,7.58
2016-12-09 12:00:00,7.58
2016-12-09 13:00:00,7.58
2016-12-09 14:00:00,9.9
2016-12-09 15:00:00,31
2016-12-09 16:00:00,31.19
2016-12-09 17:00:00,7.58
2016-12-09 18:00:00,7.58
2016-12-09 19:00:00,7.58
2016-12-09 20:00:00,7.58
2016-12-09 21:00:00,7.58
2016-12-09 22:00:00,7.58
2016-12-09 23:00:00,7.58
2016-12-10 00:00:00,7.58
2016-12-10 01:00:00,7.58
2016-12-10 02:00:00,7.58
2016-12-10 03:00:00,7.58
2016-12-10 04:00:00,7.58
2016-12-10 05:00:00,7.58
2016-12-10 06:00:00,7.58
2016-12-10 07:00:00,7.58
2016-12-10 08:00:00,7.58
2016-12-10 09:00:00,7.58
2016-12-10 10:00:00,7.580000005
2016-12-10 11:00:00,33.57
2016-12-10 12:00:00,28.93
2016-12-10 13:00:00,7.58
2016-12-10 14:00:00,7.58
2016-12-10 15:00:00,7.58
2016-12-10 16:00:00,7.58
2016-12-10 17:00:00,7.58
2016-12-10 18:00:00,7.58
2016-12-10 19:00:00,7.58
2016-12-10 20:00:00,7.58
2016-12-10 21:00:00,7.58
2016-12-10 22:00:00,7.58
2016-12-10 23:00:00,7.58
2016-12-11 00:00:00,7.58
2016-12-11 01:00:00,7.58
2016-12-11 02:00:00,7.58
2016-12-11 03:00:00,7.58
2016-12-11 04:00:00,7.58
2016-12-11 05:00:00,7.58
2016-12-11 06:00:00,12.95
2016-12-11 07:00:00,29.14
2016-12-11 08:00:00,34.4
2016-12-11 09:00:00,27.6
2016-12-11 10:00:00,25.85
2016-12-11 11:00:00,33.25
2016-12-11 12:00:00,38.43
2016-12-11 13:00:00,7.58
2016-12-11 14:00:00,7.58
2016-12-11 15:00:00,7.58
2016-12-11 16:00:00,7.58
2016-12-11 17:00:00,7.58
2016-12-11 18:00:00,7.58
2016-12-11 19:00:00,7.58
2016-12-11 20:00:00,7.58
2016-12-11 21:00:00,7.58
2016-12-11 22:00:00,7.58
2016-12-11 23:00:00,7.58
2016-12-12 00:00:00,7.58
2016-12-12 01:00:00,7.58
2016-12-12 02:00:00,7.58
2016-12-12 03:00:00,7.58
2016-12-12 04:00:00,7.58
2016-12-12 05:00:00,7.58
2016-12-12 06:00:00,7.58
2016-12-12 07:00:00,7.580000001
2016-12-12 08:00:00,13.04
2016-12-12 09:00:00,34.68
2016-12-12 10:00:00,37.36
2016-12-12 11:00:00,41.55
2016-12-12 12:00:00,36.09
2016-12-12 13:00:00,7.58
2016-12-12 14:00:00,7.58
2016-12-12 15:00:00,7.58
2016-12-12 16:00:00,7.58
2016-12-12 17:00:00,7.58
2016-12-12 18:00:00,7.58
2016-12-12 19:00:00,7.58
2016-12-12 20:00:00,7.58
2016-12-12 21:00:00,7.58
2016-12-12 22:00:00,7.58
2016-12-12 23:00:00,7.58
2016-12-13 00:00:00,7.58
2016-12-13 01:00:00,7.58
2016-12-13 02:00:00,7.58
2016-12-13 03:00:00,7.58
2016-12-13 04:00:00,7.58
2016-12-13 05:00:00,7.58
2016-12-13 06:00:00,7.58
2016-12-13 07:00:00,7.58
2016-12-13 08:00:00,7.58
2016-12-13 09:00:00,7.58
2016-12-13 10:00:00,7.58
2016-12-13 11:00:00,7.58
2016-12-13 12:00:00,7.58
2016-12-13 13:00:00,7.58
2016-12-13 14:00:00,7.58
2016-12-13 15:00:00,33.75
2016-12-13 16:00:00,33.14
2016-12-13 17:00:00,31.94
2016-12-13 18:00:00,7.58
2016-12-13 19:00:00,7.58
2016-12-13 20:00:00,7.58
2016-12-13 21:00:00,7.58
2016-12-13 22:00:00,7.58
2016-12-13 23:00:00,7.58
2016-12-14 00:00:00,7.58
2016-12-14 01:00:00,7.58
2016-12-14 02:00:00,7.58
2016-12-14 03:00:00,7.58
2016-12-14 04:00:00,7.58
2016-12-14 05:00:00,7.58
2016-12-14 06:00:00,7.58
2016-12-14 07:00:00,7.58
2016-12-14 08:00:00,7.58
2016-12-14 09:00:00,7.58
2016-12-14 10:00:00,7.580000005
2016-12-14 11:00:00,35.61
2016-12-14 12:00:00,36.91
2016-12-14 13:00:00,32.56
2016-12-14 14:00:00,9.54
2016-12-14 15:00:00,7.58
2016-12-14 16:00:00,7.58
2016-12-14 17:00:00,7.58
2016-12-14 18:00:00,7.58
2016-12-14 19:00:00,7.58
2016-12-14 20:00:00,7.58
2016-12-14 21:00:00,7.58
2016-12-14 22:00:00,7.58
2016-12-14 23:00:00,7.58
2016-12-15 00:00:00,7.58
2016-12-15 01:00:00,7.58
2016-12-15 02:00:00,7.58
2016-12-15 03:00:00,7.58
2016-12-15 04:00:00,7.58
2016-12-15 05:00:00,7.58
2016-12-15 06:00:00,7.58
2016-12-15 07:00:00,7.58
2016-12-15 08:00:00,7.58
2016-12-15 09:00:00,7.58
2016-12-15 10:00:00,7.58
2016-12-15 11:00:00,7.58
2016-12-15 12:00:00,36.61
2016-12-15 13:00:00,28.67
2016-12-15 14:00:00,33.46
2016-12-15 15:00:00,9.34
2016-12-15 16:00:00,7.58
2016-12-15 17:00:00,7.58
2016-12-15 18:00:00,7.58
2016-12-15 19:00:00,7.58
2016-12-15 20:00:00,7.58
2016-12-15 21:00:00,7.58
2016-12-15 22:00:00,7.58
2016-12-15 23:00:00,7.58
2016-12-16 00:00:00,7.58
2016-12-16 01:00:00,7.58
2016-12-16 02:00:00,7.58
2016-12-16 03:00:00,7.58
2016-12-16 04:00:00,7.58
2016-12-16 05:00:00,7.58
2016-12-16 06:00:00,7.58
2016-12-16 07:00:00,7.58
2016-12-16 08:00:00,7.58
2016-12-16 09:00:00,7.58
2016-12-16 10:00:00,7.58
2016-12-16 11:00:00,7.58
2016-12-16 12:00:00,7.58
2016-12-16 13:00:00,7.580000005
2016-12-16 14:00:00,35.41
2016-12-16 15:00:00,39.55
2016-12-16 16:00:00,34.98
2016-12-16 17:00:00,7.58
2016-12-16 18:00:00,7.58
2016-12-16 19:00:00,7.58
2016-12-16 20:00:00,7.58
2016-12-16 21:00:00,7.58
2016-12-16 22:00:00,7.58
2016-12-16 23:00:00,7.58
2016-12-17 00:00:00,7.58
2016-12-17 01:00:00,2.84
2016-12-17 02:00:00,2.84
2016-12-17 03:00:00,2.84
2016-12-17 04:00:00,2.84
2016-12-17 05:00:00,2.84
2016-12-17 06:00:00,2.84
2016-12-17 07:00:00,2.84
2016-12-17 08:00:00,2.84
2016-12-17 09:00:00,2.84
2016-12-17 10:00:00,2.84
2016-12-17 11:00:00,2.84
2016-12-17 12:00:00,2.84
2016-12-17 13:00:00,2.84
2016-12-17 14:00:00,2.84
2016-12-17 15:00:00,2.84
2016-12-17 16:00:00,2.84
2016-12-17 17:00:00,2.84
2016-12-17 18:00:00,2.84
2016-12-17 19:00:00,28.06
2016-12-17 20:00:00,32.31
2016-12-17 21:00:00,2.84
2016-12-17 22:00:00,2.84
2016-12-17 23:00:00,2.84
2016-12-18 00:00:00,2.84
2016-12-18 01:00:00,2.84
2016-12-18 02:00:00,2.84
2016-12-18 03:00:00,2.84
2016-12-18 04:00:00,2.84
2016-12-18 05:00:00,2.84
2016-12-18 06:00:00,2.84
2016-12-18 07:00:00,0
2016-12-18 08:00:00,0
2016-12-18 09:00:00,10
2016-12-18 10:00:00,26
2016-12-18 11:00:00,26
2016-12-18 12:00:00,25
2016-12-18 13:00:00,0
2016-12-18 14:00:00,0
2016-12-18 15:00:00,0
2016-12-18 16:00:00,0
2016-12-18 17:00:00,0
2016-12-18 18:00:00,0
2016-12-18 19:00:00,0
2016-12-18 20:00:00,0
2016-12-18 21:00:00,0
2016-12-18 22:00:00,0
2016-12-18 23:00:00,0
2016-12-21 00:00:00,2.84
2016-12-21 01:00:00,2.84
2016-12-21 02:00:00,2.84
2016-12-21 03:00:00,2.84
2016-12-21 04:00:00,2.84
2016-12-21 05:00:00,2.84
2016-12-21 06:00:00,2.84
2016-12-21 07:00:00,2.84
2016-12-21 08:00:00,2.84
2016-12-21 09:00:00,2.84
2016-12-21 10:00:00,2.840000005
2016-12-21 11:00:00,30.37
2016-12-21 12:00:00,36.15
2016-12-21 13:00:00,31.81
2016-12-21 14:00:00,5.57
2016-12-21 15:00:00,2.84
2016-12-21 16:00:00,2.84
2016-12-21 17:00:00,2.84
2016-12-21 18:00:00,2.84
2016-12-21 19:00:00,2.84
2016-12-21 20:00:00,2.84
2016-12-21 21:00:00,2.84
2016-12-21 22:00:00,2.84
2016-12-21 23:00:00,2.84
2016-12-22 00:00:00,2.84
2016-12-22 01:00:00,2.84
2016-12-22 02:00:00,2.84
2016-12-22 03:00:00,2.84
2016-12-22 04:00:00,2.84
2016-12-22 05:00:00,2.84
2016-12-22 06:00:00,2.84
2016-12-22 07:00:00,2.84
2016-12-22 08:00:00,2.84
2016-12-22 09:00:00,2.84
2016-12-22 10:00:00,2.84
2016-12-22 11:00:00,2.84
2016-12-22 12:00:00,2.84
2016-12-22 13:00:00,2.84
2016-12-22 14:00:00,2.84
2016-12-22 15:00:00,2.84
2016-12-22 16:00:00,2.84
2016-12-22 17:00:00,2.84
2016-12-22 18:00:00,2.84
2016-12-22 19:00:00,2.840000005
2016-12-22 20:00:00,32.76
2016-12-22 21:00:00,32.87
2016-12-22 22:00:00,29.72
2016-12-22 23:00:00,2.84
2016-12-23 00:00:00,2.84
2016-12-23 01:00:00,2.84
2016-12-23 02:00:00,2.84
2016-12-23 03:00:00,2.84
2016-12-23 04:00:00,2.84
2016-12-23 05:00:00,2.84
2016-12-23 06:00:00,2.84
2016-12-23 07:00:00,2.84
2016-12-23 08:00:00,2.84
2016-12-23 09:00:00,2.84
2016-12-23 10:00:00,2.84
2016-12-23 11:00:00,2.84
2016-12-23 12:00:00,2.84
2016-12-23 13:00:00,2.84
2016-12-23 14:00:00,2.84
2016-12-23 15:00:00,2.84
2016-12-23 16:00:00,2.84
2016-12-23 17:00:00,2.84
2016-12-23 18:00:00,2.84
2016-12-23 19:00:00,5.810000005
2016-12-23 20:00:00,36.29
2016-12-23 21:00:00,31.81
2016-12-23 22:00:00,31.89999999
2016-12-23 23:00:00,2.84
2016-12-24 00:00:00,2.84
2016-12-24 01:00:00,2.84
2016-12-24 02:00:00,2.84
2016-12-24 03:00:00,2.84
2016-12-24 04:00:00,2.84
2016-12-24 05:00:00,2.84
2016-12-24 06:00:00,2.84
2016-12-24 07:00:00,2.84
2016-12-24 08:00:00,2.84
2016-12-24 09:00:00,2.84
2016-12-24 10:00:00,2.84
2016-12-24 11:00:00,2.84
2016-12-24 12:00:00,2.84
2016-12-24 13:00:00,2.84
2016-12-24 14:00:00,2.84
2016-12-24 15:00:00,2.84
2016-12-24 16:00:00,2.84
2016-12-24 17:00:00,2.84
2016-12-24 18:00:00,2.84
2016-12-24 19:00:00,2.84
2016-12-24 20:00:00,2.84
2016-12-24 21:00:00,14.88
2016-12-24 22:00:00,32.44
2016-12-24 23:00:00,23.55
2016-12-25 00:00:00,2.84
2016-12-25 01:00:00,2.84
2016-12-25 02:00:00,2.84
2016-12-25 03:00:00,2.84
2016-12-25 04:00:00,2.84
2016-12-25 05:00:00,2.84
2016-12-25 06:00:00,2.84
2016-12-25 07:00:00,2.84
2016-12-25 08:00:00,2.84
2016-12-25 09:00:00,2.84
2016-12-25 10:00:00,2.84
2016-12-25 11:00:00,2.84
2016-12-25 12:00:00,2.84
2016-12-25 13:00:00,2.84
2016-12-25 14:00:00,2.84
2016-12-25 15:00:00,2.84
2016-12-25 16:00:00,2.84
2016-12-25 17:00:00,2.84
2016-12-25 18:00:00,2.84
2016-12-25 19:00:00,2.840000006
2016-12-25 20:00:00,36.22
2016-12-25 21:00:00,33.91
2016-12-25 22:00:00,4.61
2016-12-25 23:00:00,2.84
2016-12-26 00:00:00,2.84
2016-12-26 01:00:00,2.84
2016-12-26 02:00:00,2.84
2016-12-26 03:00:00,2.84
2016-12-26 04:00:00,2.84
2016-12-26 05:00:00,2.84
2016-12-26 06:00:00,2.84
2016-12-26 07:00:00,2.84
2016-12-26 08:00:00,2.84
2016-12-26 09:00:00,23.14
2016-12-26 10:00:00,11.63
2016-12-26 11:00:00,2.84
2016-12-26 12:00:00,2.84
2016-12-26 13:00:00,2.84
2016-12-26 14:00:00,2.84
2016-12-26 15:00:00,2.84
2016-12-26 16:00:00,2.84
2016-12-26 17:00:00,2.84
2016-12-26 18:00:00,2.84
2016-12-26 19:00:00,2.840000005
2016-12-26 20:00:00,29.62
2016-12-26 21:00:00,32.14
2016-12-26 22:00:00,2.84
2016-12-26 23:00:00,2.84
2016-12-27 00:00:00,2.84
2016-12-27 01:00:00,2.84
2016-12-27 02:00:00,2.84
2016-12-27 03:00:00,2.84
2016-12-27 04:00:00,2.84
2016-12-27 05:00:00,2.84
2016-12-27 06:00:00,2.84
2016-12-27 07:00:00,2.84
2016-12-27 08:00:00,2.84
2016-12-27 09:00:00,23.14
2016-12-27 10:00:00,11.63
2016-12-27 11:00:00,2.84
2016-12-27 12:00:00,2.84
2016-12-27 13:00:00,2.84
2016-12-27 14:00:00,2.84
2016-12-27 15:00:00,2.84
2016-12-27 16:00:00,2.84
2016-12-27 17:00:00,2.84
2016-12-27 18:00:00,2.84
2016-12-27 19:00:00,2.840000005
2016-12-27 20:00:00,29.62
2016-12-27 21:00:00,32.14
2016-12-27 22:00:00,2.84
2016-12-27 23:00:00,2.84
2016-12-28 00:00:00,2.84
2016-12-28 01:00:00,2.84
2016-12-28 02:00:00,2.84
2016-12-28 03:00:00,2.84
2016-12-28 04:00:00,2.84
2016-12-28 05:00:00,2.84
2016-12-28 06:00:00,2.84
2016-12-28 07:00:00,2.84
2016-12-28 08:00:00,2.84
2016-12-28 09:00:00,2.84
2016-12-28 10:00:00,2.84
2016-12-28 11:00:00,2.84
2016-12-28 12:00:00,2.84
2016-12-28 13:00:00,2.84
2016-12-28 14:00:00,2.84
2016-12-28 15:00:00,2.84
2016-12-28 16:00:00,2.84
2016-12-28 17:00:00,2.84
2016-12-28 18:00:00,2.84
2016-12-28 19:00:00,17.21
2016-12-28 20:00:00,33.83
2016-12-28 21:00:00,29.57
2016-12-28 22:00:00,10.02
2016-12-28 23:00:00,2.84
2016-12-29 00:00:00,2.84
2016-12-29 01:00:00,2.84
2016-12-29 02:00:00,2.84
2016-12-29 03:00:00,2.84
2016-12-29 04:00:00,2.84
2016-12-29 05:00:00,2.84
2016-12-29 06:00:00,2.84
2016-12-29 07:00:00,2.84
2016-12-29 08:00:00,2.84
2016-12-29 09:00:00,2.84
2016-12-29 10:00:00,2.84
2016-12-29 11:00:00,2.84
2016-12-29 12:00:00,2.84
2016-12-29 13:00:00,2.84
2016-12-29 14:00:00,2.84
2016-12-29 15:00:00,2.84
2016-12-29 16:00:00,2.84
2016-12-29 17:00:00,2.84
2016-12-29 18:00:00,2.84
2016-12-29 19:00:00,5.450000005
2016-12-29 20:00:00,35.61
2016-12-29 21:00:00,33.73
2016-12-29 22:00:00,31.68999999
2016-12-29 23:00:00,2.84
2016-12-30 00:00:00,0
2016-12-30 01:00:00,2.84
2016-12-30 02:00:00,2.84
2016-12-30 03:00:00,2.84
2016-12-30 04:00:00,2.84
2016-12-30 05:00:00,2.84
2016-12-30 06:00:00,2.84
2016-12-30 07:00:00,2.84
2016-12-30 08:00:00,2.84
2016-12-30 09:00:00,2.84
2016-12-30 10:00:00,2.84
2016-12-30 11:00:00,2.84
2016-12-30 12:00:00,2.84
2016-12-30 13:00:00,2.84
2016-12-30 14:00:00,2.84
2016-12-30 15:00:00,2.84
2016-12-30 16:00:00,2.84
2016-12-30 17:00:00,2.84
2016-12-30 18:00:00,2.84
2016-12-30 19:00:00,5.250000005
2016-12-30 20:00:00,31.15
2016-12-30 21:00:00,30.72
2016-12-30 22:00:00,26.57
2016-12-30 23:00:00,2.84
2016-12-31 00:00:00,2.84
2016-12-31 01:00:00,2.84
2016-12-31 02:00:00,2.84
2016-12-31 03:00:00,2.84
2016-12-31 04:00:00,2.84
2016-12-31 05:00:00,2.84
2016-12-31 06:00:00,2.84
2016-12-31 07:00:00,0
2016-12-31 08:00:00,0
2016-12-31 09:00:00,0
2016-12-31 10:00:00,0
2016-12-31 11:00:00,0
2016-12-31 12:00:00,0
2016-12-31 13:00:00,0
2016-12-31 14:00:00,0
2016-12-31 15:00:00,0
2016-12-31 16:00:00,0
2016-12-31 17:00:00,0
2016-12-31 18:00:00,0
2016-12-31 19:00:00,4.61E-09
2016-12-31 20:00:00,26.4
2016-12-31 21:00:00,26.4
2016-12-31 22:00:00,0
2016-12-31 23:00:00,0
2017-01-01 00:00:00,2.84
2017-01-01 01:00:00,2.84
2017-01-01 02:00:00,2.84
2017-01-01 03:00:00,2.84
2017-01-01 04:00:00,2.84
2017-01-01 05:00:00,2.84
2017-01-01 06:00:00,2.84
2017-01-01 07:00:00,2.84
2017-01-01 08:00:00,2.84
2017-01-01 09:00:00,16.46
2017-01-01 10:00:00,37.64
2017-01-01 11:00:00,26.38
2017-01-01 12:00:00,23.07
2017-01-01 13:00:00,2.84
2017-01-01 14:00:00,2.84
2017-01-01 15:00:00,2.84
2017-01-01 16:00:00,2.84
2017-01-01 17:00:00,2.84
2017-01-01 18:00:00,2.84
2017-01-01 19:00:00,2.84
2017-01-01 20:00:00,2.84
2017-01-01 21:00:00,2.84
2017-01-01 22:00:00,2.84
2017-01-01 23:00:00,2.84
2017-01-02 00:00:00,2.84
2017-01-02 01:00:00,2.84
2017-01-02 02:00:00,2.84
2017-01-02 03:00:00,2.84
2017-01-02 04:00:00,2.84
2017-01-02 05:00:00,2.84
2017-01-02 06:00:00,2.84
2017-01-02 07:00:00,2.84
2017-01-02 08:00:00,2.84
2017-01-02 09:00:00,2.84
2017-01-02 10:00:00,2.840000005
2017-01-02 11:00:00,33.34
2017-01-02 12:00:00,34.95
2017-01-02 13:00:00,18.55
2017-01-02 14:00:00,2.84
2017-01-02 15:00:00,2.84
2017-01-02 16:00:00,2.84
2017-01-02 17:00:00,2.84
2017-01-02 18:00:00,2.84
2017-01-02 19:00:00,2.84
2017-01-02 20:00:00,2.84
2017-01-02 21:00:00,2.84
2017-01-02 22:00:00,2.84
2017-01-02 23:00:00,2.84
2017-01-03 00:00:00,1.78
2017-01-03 01:00:00,2.84
2017-01-03 02:00:00,2.84
2017-01-03 03:00:00,2.84
2017-01-03 04:00:00,2.84
2017-01-03 05:00:00,2.84
2017-01-03 06:00:00,2.84
2017-01-03 07:00:00,2.84
2017-01-03 08:00:00,2.84
2017-01-03 09:00:00,2.84
2017-01-03 10:00:00,2.840000006
2017-01-03 11:00:00,36.03
2017-01-03 12:00:00,35.42
2017-01-03 13:00:00,35.12999999
2017-01-03 14:00:00,2.84
2017-01-03 15:00:00,2.84
2017-01-03 16:00:00,2.84
2017-01-03 17:00:00,2.84
2017-01-03 18:00:00,2.84
2017-01-03 19:00:00,2.84
2017-01-03 20:00:00,2.84
2017-01-03 21:00:00,2.84
2017-01-03 22:00:00,2.84
2017-01-03 23:00:00,2.84
2017-01-04 00:00:00,2.84
2017-01-04 01:00:00,2.84
2017-01-04 02:00:00,2.84
2017-01-04 03:00:00,2.84
2017-01-04 04:00:00,2.84
2017-01-04 05:00:00,2.84
2017-01-04 06:00:00,2.84
2017-01-04 07:00:00,2.84
2017-01-04 08:00:00,2.84
2017-01-04 09:00:00,2.84
2017-01-04 10:00:00,30.9
2017-01-04 11:00:00,28.26
2017-01-04 12:00:00,30.18
2017-01-04 13:00:00,2.84
2017-01-04 14:00:00,2.84
2017-01-04 15:00:00,2.84
2017-01-04 16:00:00,2.84
2017-01-04 17:00:00,2.84
2017-01-04 18:00:00,2.84
2017-01-04 19:00:00,2.84
2017-01-04 20:00:00,2.84
2017-01-04 21:00:00,2.84
2017-01-04 22:00:00,2.84
2017-01-04 23:00:00,2.84
2017-01-05 00:00:00,2.84
2017-01-05 01:00:00,2.84
2017-01-05 02:00:00,2.84
2017-01-05 03:00:00,2.84
2017-01-05 04:00:00,2.84
2017-01-05 05:00:00,2.84
2017-01-05 06:00:00,2.84
2017-01-05 07:00:00,2.84
2017-01-05 08:00:00,2.84
2017-01-05 09:00:00,2.84
2017-01-05 10:00:00,14.71
2017-01-05 11:00:00,30.31
2017-01-05 12:00:00,32.62
2017-01-05 13:00:00,22.26
2017-01-05 14:00:00,2.84
2017-01-05 15:00:00,2.84
2017-01-05 16:00:00,2.84
2017-01-05 17:00:00,2.84
2017-01-05 18:00:00,2.84
2017-01-05 19:00:00,2.84
2017-01-05 20:00:00,2.84
2017-01-05 21:00:00,2.84
2017-01-05 22:00:00,2.84
2017-01-05 23:00:00,2.84
2017-01-06 00:00:00,2.84
2017-01-06 01:00:00,2.84
2017-01-06 02:00:00,2.84
2017-01-06 03:00:00,2.84
2017-01-06 04:00:00,2.84
2017-01-06 05:00:00,2.84
2017-01-06 06:00:00,2.84
2017-01-06 07:00:00,2.84
2017-01-06 08:00:00,2.84
2017-01-06 09:00:00,2.84
2017-01-06 10:00:00,2.840000002
2017-01-06 11:00:00,11.92
2017-01-06 12:00:00,31.36
2017-01-06 13:00:00,24.87
2017-01-06 14:00:00,19.16
2017-01-06 15:00:00,2.84
2017-01-06 16:00:00,2.84
2017-01-06 17:00:00,2.84
2017-01-06 18:00:00,2.84
2017-01-06 19:00:00,2.84
2017-01-06 20:00:00,2.84
2017-01-06 21:00:00,2.84
2017-01-06 22:00:00,2.84
2017-01-06 23:00:00,2.84
2017-01-07 00:00:00,2.84
2017-01-07 01:00:00,2.84
2017-01-07 02:00:00,2.84
2017-01-07 03:00:00,2.84
2017-01-07 04:00:00,2.84
2017-01-07 05:00:00,2.84
2017-01-07 06:00:00,2.84
2017-01-07 07:00:00,2.84
2017-01-07 08:00:00,2.84
2017-01-07 09:00:00,2.84
2017-01-07 10:00:00,2.840000005
2017-01-07 11:00:00,30.25
2017-01-07 12:00:00,31.57
2017-01-07 13:00:00,26.73
2017-01-07 14:00:00,2.84
2017-01-07 15:00:00,2.84
2017-01-07 16:00:00,2.84
2017-01-07 17:00:00,2.84
2017-01-07 18:00:00,2.84
2017-01-07 19:00:00,2.84
2017-01-07 20:00:00,2.84
2017-01-07 21:00:00,2.84
2017-01-07 22:00:00,2.84
2017-01-07 23:00:00,2.84
2017-01-08 00:00:00,2.84
2017-01-08 01:00:00,2.84
2017-01-08 02:00:00,2.84
2017-01-08 03:00:00,2.84
2017-01-08 04:00:00,2.84
2017-01-08 05:00:00,2.84
2017-01-08 06:00:00,2.84
2017-01-08 07:00:00,2.84
2017-01-08 08:00:00,2.84
2017-01-08 09:00:00,2.84
2017-01-08 10:00:00,2.84
2017-01-08 11:00:00,2.84
2017-01-08 12:00:00,5.43
2017-01-08 13:00:00,32.03
2017-01-08 14:00:00,33.26
2017-01-08 15:00:00,22.95
2017-01-08 16:00:00,2.84
2017-01-08 17:00:00,2.84
2017-01-08 18:00:00,2.84
2017-01-08 19:00:00,2.84
2017-01-08 20:00:00,2.84
2017-01-08 21:00:00,2.84
2017-01-08 22:00:00,2.84
2017-01-08 23:00:00,2.84
2017-01-09 00:00:00,2.84
2017-01-09 01:00:00,2.84
2017-01-09 02:00:00,2.84
2017-01-09 03:00:00,2.84
2017-01-09 04:00:00,2.84
2017-01-09 05:00:00,2.84
2017-01-09 06:00:00,2.84
2017-01-09 07:00:00,2.84
2017-01-09 08:00:00,2.84
2017-01-09 09:00:00,2.84
2017-01-09 10:00:00,2.84
2017-01-09 11:00:00,2.84
2017-01-09 12:00:00,2.84
2017-01-09 13:00:00,2.840000004
2017-01-09 14:00:00,23.76
2017-01-09 15:00:00,29.26
2017-01-09 16:00:00,28.55
2017-01-09 17:00:00,7.26
2017-01-09 18:00:00,2.84
2017-01-09 19:00:00,2.84
2017-01-09 20:00:00,2.84
2017-01-09 21:00:00,2.84
2017-01-09 22:00:00,2.84
2017-01-09 23:00:00,2.84
2017-01-10 00:00:00,2.84
2017-01-10 01:00:00,2.84
2017-01-10 02:00:00,2.84
2017-01-10 03:00:00,2.84
2017-01-10 04:00:00,2.84
2017-01-10 05:00:00,2.84
2017-01-10 06:00:00,2.84
2017-01-10 07:00:00,2.84
2017-01-10 08:00:00,2.84
2017-01-10 09:00:00,2.84
2017-01-10 10:00:00,2.84
2017-01-10 11:00:00,2.84
2017-01-10 12:00:00,2.84
2017-01-10 13:00:00,2.840000004
2017-01-10 14:00:00,24.17
2017-01-10 15:00:00,28.54
2017-01-10 16:00:00,20.8
2017-01-10 17:00:00,2.84
2017-01-10 18:00:00,2.84
2017-01-10 19:00:00,2.84
2017-01-10 20:00:00,2.84
2017-01-10 21:00:00,2.84
2017-01-10 22:00:00,2.84
2017-01-10 23:00:00,2.84
2017-01-11 00:00:00,2.84
2017-01-11 01:00:00,2.84
2017-01-11 02:00:00,2.84
2017-01-11 03:00:00,2.84
2017-01-11 04:00:00,2.84
2017-01-11 05:00:00,2.84
2017-01-11 06:00:00,2.84
2017-01-11 07:00:00,2.84
2017-01-11 08:00:00,2.84
2017-01-11 09:00:00,2.84
2017-01-11 10:00:00,2.840000004
2017-01-11 11:00:00,26.95
2017-01-11 12:00:00,29.77
2017-01-11 13:00:00,26.68
2017-01-11 14:00:00,23.92
2017-01-11 15:00:00,2.84
2017-01-11 16:00:00,2.84
2017-01-11 17:00:00,2.84
2017-01-11 18:00:00,2.84
2017-01-11 19:00:00,2.84
2017-01-11 20:00:00,2.84
2017-01-11 21:00:00,2.84
2017-01-11 22:00:00,2.84
2017-01-11 23:00:00,2.84
2017-01-12 00:00:00,2.84
2017-01-12 01:00:00,2.84
2017-01-12 02:00:00,2.84
2017-01-12 03:00:00,2.84
2017-01-12 04:00:00,2.84
2017-01-12 05:00:00,2.84
2017-01-12 06:00:00,2.84
2017-01-12 07:00:00,2.84
2017-01-12 08:00:00,2.84
2017-01-12 09:00:00,2.84
2017-01-12 10:00:00,14.19
2017-01-12 11:00:00,26.65
2017-01-12 12:00:00,30.6
2017-01-12 13:00:00,20.16
2017-01-12 14:00:00,2.84
2017-01-12 15:00:00,2.84
2017-01-12 16:00:00,2.84
2017-01-12 17:00:00,2.84
2017-01-12 18:00:00,2.84
2017-01-12 19:00:00,2.84
2017-01-12 20:00:00,2.84
2017-01-12 21:00:00,2.84
2017-01-12 22:00:00,2.84
2017-01-12 23:00:00,2.84
2017-01-13 00:00:00,2.84
2017-01-13 01:00:00,2.84
2017-01-13 02:00:00,2.84
2017-01-13 03:00:00,2.84
2017-01-13 04:00:00,2.84
2017-01-13 05:00:00,2.84
2017-01-13 06:00:00,2.84
2017-01-13 07:00:00,2.84
2017-01-13 08:00:00,2.84
2017-01-13 09:00:00,2.84
2017-01-13 10:00:00,2.840000005
2017-01-13 11:00:00,31.75
2017-01-13 12:00:00,31.28
2017-01-13 13:00:00,30.21
2017-01-13 14:00:00,6.34
2017-01-13 15:00:00,2.84
2017-01-13 16:00:00,2.84
2017-01-13 17:00:00,2.84
2017-01-13 18:00:00,2.84
2017-01-13 19:00:00,2.84
2017-01-13 20:00:00,2.84
2017-01-13 21:00:00,2.84
2017-01-13 22:00:00,2.84
2017-01-13 23:00:00,2.84
2017-01-14 00:00:00,2.84
2017-01-14 01:00:00,2.84
2017-01-14 02:00:00,2.84
2017-01-14 03:00:00,2.84
2017-01-14 04:00:00,2.84
2017-01-14 05:00:00,2.84
2017-01-14 06:00:00,2.84
2017-01-14 07:00:00,2.84
2017-01-14 08:00:00,2.84
2017-01-14 09:00:00,2.84
2017-01-14 10:00:00,2.84
2017-01-14 11:00:00,2.84
2017-01-14 12:00:00,2.84
2017-01-14 13:00:00,2.84
2017-01-14 14:00:00,2.84
2017-01-14 15:00:00,2.84
2017-01-14 16:00:00,2.84
2017-01-14 17:00:00,2.84
2017-01-14 18:00:00,2.84
2017-01-14 19:00:00,2.84
2017-01-14 20:00:00,2.84
2017-01-14 21:00:00,2.84
2017-01-14 22:00:00,2.84
2017-01-14 23:00:00,2.84
2017-01-15 00:00:00,2.84
2017-01-15 01:00:00,2.84
2017-01-15 02:00:00,2.84
2017-01-15 03:00:00,2.84
2017-01-15 04:00:00,2.84
2017-01-15 05:00:00,2.84
2017-01-15 06:00:00,2.84
2017-01-15 07:00:00,2.84
2017-01-15 08:00:00,2.84
2017-01-15 09:00:00,2.84
2017-01-15 10:00:00,2.84
2017-01-15 11:00:00,2.84
2017-01-15 12:00:00,2.84
2017-01-15 13:00:00,2.84
2017-01-15 14:00:00,2.84
2017-01-15 15:00:00,2.84
2017-01-15 16:00:00,2.84
2017-01-15 17:00:00,2.84
2017-01-15 18:00:00,2.84
2017-01-15 19:00:00,2.84
2017-01-15 20:00:00,2.84
2017-01-15 21:00:00,2.84
2017-01-15 22:00:00,2.84
2017-01-15 23:00:00,2.84
2017-01-16 00:00:00,2.84
2017-01-16 01:00:00,2.84
2017-01-16 02:00:00,2.84
2017-01-16 03:00:00,2.84
2017-01-16 04:00:00,2.84
2017-01-16 05:00:00,2.84
2017-01-16 06:00:00,2.84
2017-01-16 07:00:00,2.84
2017-01-16 08:00:00,2.84
2017-01-16 09:00:00,2.84
2017-01-16 10:00:00,2.84
2017-01-16 11:00:00,2.84
2017-01-16 12:00:00,2.84
2017-01-16 13:00:00,2.84
2017-01-16 14:00:00,2.84
2017-01-16 15:00:00,2.84
2017-01-16 16:00:00,2.84
2017-01-16 17:00:00,2.84
2017-01-16 18:00:00,2.84
2017-01-16 19:00:00,2.840000005
2017-01-16 20:00:00,32.33
2017-01-16 21:00:00,33.02
2017-01-16 22:00:00,30.08
2017-01-16 23:00:00,2.84
2017-01-17 00:00:00,2.84
2017-01-17 01:00:00,2.84
2017-01-17 02:00:00,2.84
2017-01-17 03:00:00,2.84
2017-01-17 04:00:00,2.84
2017-01-17 05:00:00,2.84
2017-01-17 06:00:00,2.84
2017-01-17 07:00:00,2.84
2017-01-17 08:00:00,2.84
2017-01-17 09:00:00,2.84
2017-01-17 10:00:00,2.84
2017-01-17 11:00:00,2.84
2017-01-17 12:00:00,2.84
2017-01-17 13:00:00,2.840000005
2017-01-17 14:00:00,29.3
2017-01-17 15:00:00,27.7
2017-01-17 16:00:00,27.63
2017-01-17 17:00:00,7.82
2017-01-17 18:00:00,2.84
2017-01-17 19:00:00,2.84
2017-01-17 20:00:00,2.84
2017-01-17 21:00:00,2.84
2017-01-17 22:00:00,2.84
2017-01-17 23:00:00,2.84
2017-01-18 00:00:00,2.84
2017-01-18 01:00:00,2.84
2017-01-18 02:00:00,2.84
2017-01-18 03:00:00,2.84
2017-01-18 04:00:00,2.84
2017-01-18 05:00:00,2.84
2017-01-18 06:00:00,2.84
2017-01-18 07:00:00,2.84
2017-01-18 08:00:00,2.84
2017-01-18 09:00:00,2.84
2017-01-18 10:00:00,20.11
2017-01-18 11:00:00,26.29
2017-01-18 12:00:00,30.81
2017-01-18 13:00:00,27.57
2017-01-18 14:00:00,2.84
2017-01-18 15:00:00,2.84
2017-01-18 16:00:00,2.84
2017-01-18 17:00:00,2.84
2017-01-18 18:00:00,2.84
2017-01-18 19:00:00,2.84
2017-01-18 20:00:00,2.84
2017-01-18 21:00:00,2.84
2017-01-18 22:00:00,2.84
2017-01-18 23:00:00,2.84
2017-01-19 00:00:00,2.84
2017-01-19 01:00:00,2.84
2017-01-19 02:00:00,2.84
2017-01-19 03:00:00,2.84
2017-01-19 04:00:00,2.84
2017-01-19 05:00:00,2.84
2017-01-19 06:00:00,2.84
2017-01-19 07:00:00,2.84
2017-01-19 08:00:00,2.84
2017-01-19 09:00:00,2.84
2017-01-19 10:00:00,2.84
2017-01-19 11:00:00,2.84
2017-01-19 12:00:00,2.84
2017-01-19 13:00:00,26.32
2017-01-19 14:00:00,29.8
2017-01-19 15:00:00,28.57
2017-01-19 16:00:00,2.84
2017-01-19 17:00:00,2.84
2017-01-19 18:00:00,2.84
2017-01-19 19:00:00,2.84
2017-01-19 20:00:00,2.84
2017-01-19 21:00:00,2.84
2017-01-19 22:00:00,2.84
2017-01-19 23:00:00,2.84
2017-01-20 00:00:00,2.84
2017-01-20 01:00:00,2.84
2017-01-20 02:00:00,2.84
2017-01-20 03:00:00,2.84
2017-01-20 04:00:00,2.84
2017-01-20 05:00:00,2.84
2017-01-20 06:00:00,2.84
2017-01-20 07:00:00,2.84
2017-01-20 08:00:00,2.84
2017-01-20 09:00:00,7.82
2017-01-20 10:00:00,33.46
2017-01-20 11:00:00,26.39
2017-01-20 12:00:00,26.55
2017-01-20 13:00:00,2.84
2017-01-20 14:00:00,2.84
2017-01-20 15:00:00,2.84
2017-01-20 16:00:00,2.84
2017-01-20 17:00:00,2.84
2017-01-20 18:00:00,2.84
2017-01-20 19:00:00,2.84
2017-01-20 20:00:00,2.84
2017-01-20 21:00:00,2.84
2017-01-20 22:00:00,2.84
2017-01-20 23:00:00,2.84
2017-01-21 00:00:00,2.84
2017-01-21 01:00:00,2.84
2017-01-21 02:00:00,2.84
2017-01-21 03:00:00,2.84
2017-01-21 04:00:00,2.84
2017-01-21 05:00:00,2.84
2017-01-21 06:00:00,2.84
2017-01-21 07:00:00,2.84
2017-01-21 08:00:00,2.84
2017-01-21 09:00:00,2.84
2017-01-21 10:00:00,10.24
2017-01-21 11:00:00,24.95
2017-01-21 12:00:00,28.59
2017-01-21 13:00:00,25.67
2017-01-21 14:00:00,27.83
2017-01-21 15:00:00,29.99
2017-01-21 16:00:00,20.6
2017-01-21 17:00:00,2.84
2017-01-21 18:00:00,2.84
2017-01-21 19:00:00,2.84
2017-01-21 20:00:00,2.84
2017-01-21 21:00:00,2.84
2017-01-21 22:00:00,2.84
2017-01-21 23:00:00,2.84
2017-01-22 00:00:00,2.84
2017-01-22 01:00:00,2.84
2017-01-22 02:00:00,2.84
2017-01-22 03:00:00,2.84
2017-01-22 04:00:00,2.84
2017-01-22 05:00:00,2.84
2017-01-22 06:00:00,2.84
2017-01-22 07:00:00,2.84
2017-01-22 08:00:00,2.84
2017-01-22 09:00:00,2.84
2017-01-22 10:00:00,2.84
2017-01-22 11:00:00,2.84
2017-01-22 12:00:00,2.84
2017-01-22 13:00:00,2.84
2017-01-22 14:00:00,2.84
2017-01-22 15:00:00,2.84
2017-01-22 16:00:00,2.84
2017-01-22 17:00:00,2.84
2017-01-22 18:00:00,2.84
2017-01-22 19:00:00,2.84
2017-01-22 20:00:00,2.84
2017-01-22 21:00:00,2.84
2017-01-22 22:00:00,2.84
2017-01-22 23:00:00,2.84
2017-01-23 00:00:00,2.84
2017-01-23 01:00:00,2.84
2017-01-23 02:00:00,2.84
2017-01-23 03:00:00,2.84
2017-01-23 04:00:00,2.84
2017-01-23 05:00:00,2.84
2017-01-23 06:00:00,2.84
2017-01-23 07:00:00,2.84
2017-01-23 08:00:00,2.84
2017-01-23 09:00:00,2.84
2017-01-23 10:00:00,2.84
2017-01-23 11:00:00,2.84
2017-01-23 12:00:00,2.84
2017-01-23 13:00:00,31.28
2017-01-23 14:00:00,29.9
2017-01-23 15:00:00,27.51
2017-01-23 16:00:00,8.649999999
2017-01-23 17:00:00,2.84
2017-01-23 18:00:00,2.84
2017-01-23 19:00:00,2.84
2017-01-23 20:00:00,2.84
2017-01-23 21:00:00,2.84
2017-01-23 22:00:00,2.84
2017-01-23 23:00:00,2.84
2017-01-24 00:00:00,2.84
2017-01-24 01:00:00,2.84
2017-01-24 02:00:00,2.84
2017-01-24 03:00:00,2.84
2017-01-24 04:00:00,2.84
2017-01-24 05:00:00,2.84
2017-01-24 06:00:00,2.84
2017-01-24 07:00:00,2.84
2017-01-24 08:00:00,2.84
2017-01-24 09:00:00,2.84
2017-01-24 10:00:00,2.84
2017-01-24 11:00:00,2.84
2017-01-24 12:00:00,2.84
2017-01-24 13:00:00,2.840000005
2017-01-24 14:00:00,29.39
2017-01-24 15:00:00,31.73
2017-01-24 16:00:00,28.72
2017-01-24 17:00:00,2.84
2017-01-24 18:00:00,2.84
2017-01-24 19:00:00,2.84
2017-01-24 20:00:00,2.84
2017-01-24 21:00:00,2.84
2017-01-24 22:00:00,2.84
2017-01-24 23:00:00,2.84
2017-01-25 00:00:00,2.84
2017-01-25 01:00:00,2.84
2017-01-25 02:00:00,2.84
2017-01-25 03:00:00,2.84
2017-01-25 04:00:00,2.84
2017-01-25 05:00:00,2.84
2017-01-25 06:00:00,2.84
2017-01-25 07:00:00,0
2017-01-25 08:00:00,0
2017-01-25 09:00:00,10
2017-01-25 10:00:00,26.5
2017-01-25 11:00:00,26.5
2017-01-25 12:00:00,26.5
2017-01-25 13:00:00,0
2017-01-25 14:00:00,0
2017-01-25 15:00:00,0
2017-01-25 16:00:00,0
2017-01-25 17:00:00,0
2017-01-25 18:00:00,0
2017-01-25 19:00:00,0
2017-01-25 20:00:00,0
2017-01-25 21:00:00,0
2017-01-25 22:00:00,0
2017-01-25 23:00:00,0
2017-01-26 00:00:00,2.84
2017-01-26 01:00:00,2.84
2017-01-26 02:00:00,2.84
2017-01-26 03:00:00,2.84
2017-01-26 04:00:00,2.84
2017-01-26 05:00:00,2.84
2017-01-26 06:00:00,2.84
2017-01-26 07:00:00,2.84
2017-01-26 08:00:00,2.84
2017-01-26 09:00:00,2.84
2017-01-26 10:00:00,2.84
2017-01-26 11:00:00,2.84
2017-01-26 12:00:00,2.84
2017-01-26 13:00:00,2.84
2017-01-26 14:00:00,2.84
2017-01-26 15:00:00,2.84
2017-01-26 16:00:00,5.52
2017-01-26 17:00:00,2.84
2017-01-26 18:00:00,2.84
2017-01-26 19:00:00,6.820000005
2017-01-26 20:00:00,34.73
2017-01-26 21:00:00,25.07
2017-01-26 22:00:00,27.88
2017-01-26 23:00:00,5.42
2017-01-27 00:00:00,2.84
2017-01-27 01:00:00,2.84
2017-01-27 02:00:00,2.84
2017-01-27 03:00:00,2.84
2017-01-27 04:00:00,2.84
2017-01-27 05:00:00,2.84
2017-01-27 06:00:00,2.84
2017-01-27 07:00:00,2.84
2017-01-27 08:00:00,2.84
2017-01-27 09:00:00,2.84
2017-01-27 10:00:00,4.690000004
2017-01-27 11:00:00,28.99
2017-01-27 12:00:00,28.76
2017-01-27 13:00:00,29.03
2017-01-27 14:00:00,2.84
2017-01-27 15:00:00,2.84
2017-01-27 16:00:00,2.84
2017-01-27 17:00:00,2.84
2017-01-27 18:00:00,2.84
2017-01-27 19:00:00,2.84
2017-01-27 20:00:00,2.84
2017-01-27 21:00:00,2.84
2017-01-27 22:00:00,2.84
2017-01-27 23:00:00,2.84
2017-01-28 00:00:00,2.84
2017-01-28 01:00:00,2.84
2017-01-28 02:00:00,2.84
2017-01-28 03:00:00,2.84
2017-01-28 04:00:00,2.84
2017-01-28 05:00:00,2.84
2017-01-28 06:00:00,2.84
2017-01-28 07:00:00,2.84
2017-01-28 08:00:00,2.84
2017-01-28 09:00:00,2.84
2017-01-28 10:00:00,2.840000004
2017-01-28 11:00:00,27.33
2017-01-28 12:00:00,32.42
2017-01-28 13:00:00,28.71
2017-01-28 14:00:00,15.47
2017-01-28 15:00:00,2.84
2017-01-28 16:00:00,2.84
2017-01-28 17:00:00,2.84
2017-01-28 18:00:00,2.84
2017-01-28 19:00:00,2.84
2017-01-28 20:00:00,2.84
2017-01-28 21:00:00,2.84
2017-01-28 22:00:00,2.84
2017-01-28 23:00:00,2.84
2017-01-29 00:00:00,2.84
2017-01-29 01:00:00,2.84
2017-01-29 02:00:00,2.84
2017-01-29 03:00:00,2.84
2017-01-29 04:00:00,2.84
2017-01-29 05:00:00,2.84
2017-01-29 06:00:00,2.84
2017-01-29 07:00:00,0
2017-01-29 08:00:00,0
2017-01-29 09:00:00,0
2017-01-29 10:00:00,0
2017-01-29 11:00:00,0
2017-01-29 12:00:00,0
2017-01-29 13:00:00,0
2017-01-29 14:00:00,0
2017-01-29 15:00:00,0
2017-01-29 16:00:00,0
2017-01-29 17:00:00,0
2017-01-29 18:00:00,0
2017-01-29 19:00:00,0
2017-01-29 20:00:00,0
2017-01-29 21:00:00,0
2017-01-29 22:00:00,0
2017-01-29 23:00:00,0
2017-01-30 00:00:00,2.84
2017-01-30 01:00:00,2.84
2017-01-30 02:00:00,2.84
2017-01-30 03:00:00,2.84
2017-01-30 04:00:00,2.84
2017-01-30 05:00:00,2.84
2017-01-30 06:00:00,2.84
2017-01-30 07:00:00,2.84
2017-01-30 08:00:00,2.84
2017-01-30 09:00:00,2.84
2017-01-30 10:00:00,13.11
2017-01-30 11:00:00,33.07
2017-01-30 12:00:00,30.92
2017-01-30 13:00:00,18.76
2017-01-30 14:00:00,2.84
2017-01-30 15:00:00,2.84
2017-01-30 16:00:00,2.84
2017-01-30 17:00:00,2.84
2017-01-30 18:00:00,2.84
2017-01-30 19:00:00,2.84
2017-01-30 20:00:00,2.84
2017-01-30 21:00:00,2.84
2017-01-30 22:00:00,2.84
2017-01-30 23:00:00,2.84
2017-01-31 00:00:00,2.84
2017-01-31 01:00:00,2.84
2017-01-31 02:00:00,2.84
2017-01-31 03:00:00,2.84
2017-01-31 04:00:00,2.84
2017-01-31 05:00:00,2.84
2017-01-31 06:00:00,2.84
2017-01-31 07:00:00,2.840000004
2017-01-31 08:00:00,22.93
2017-01-31 09:00:00,25.91
2017-01-31 10:00:00,31.84
2017-01-31 11:00:00,10.87
2017-01-31 12:00:00,2.84
2017-01-31 13:00:00,2.84
2017-01-31 14:00:00,2.84
2017-01-31 15:00:00,2.84
2017-01-31 16:00:00,2.84
2017-01-31 17:00:00,2.84
2017-01-31 18:00:00,2.84
2017-01-31 19:00:00,2.84
2017-01-31 20:00:00,2.84
2017-01-31 21:00:00,2.84
2017-01-31 22:00:00,2.84
2017-01-31 23:00:00,2.84
2017-02-01 00:00:00,2.84
2017-02-01 01:00:00,2.84
2017-02-01 02:00:00,2.84
2017-02-01 03:00:00,2.84
2017-02-01 04:00:00,2.84
2017-02-01 05:00:00,2.84
2017-02-01 06:00:00,2.84
2017-02-01 07:00:00,2.84
2017-02-01 08:00:00,2.84
2017-02-01 09:00:00,2.84
2017-02-01 10:00:00,2.84
2017-02-01 11:00:00,2.84
2017-02-01 12:00:00,2.84
2017-02-01 13:00:00,2.84
2017-02-01 14:00:00,2.84
2017-02-01 15:00:00,2.84
2017-02-01 16:00:00,2.84
2017-02-01 17:00:00,2.84
2017-02-01 18:00:00,2.84
2017-02-01 19:00:00,21.82
2017-02-01 20:00:00,36
2017-02-01 21:00:00,35.43
2017-02-01 22:00:00,9.889999999
2017-02-01 23:00:00,2.84
2017-02-02 00:00:00,2.84
2017-02-02 01:00:00,2.84
2017-02-02 02:00:00,2.84
2017-02-02 03:00:00,2.84
2017-02-02 04:00:00,2.84
2017-02-02 05:00:00,2.84
2017-02-02 06:00:00,2.84
2017-02-02 07:00:00,0
2017-02-02 08:00:00,0
2017-02-02 09:00:00,5
2017-02-02 10:00:00,27
2017-02-02 11:00:00,27
2017-02-02 12:00:00,27
2017-02-02 13:00:00,0
2017-02-02 14:00:00,0
2017-02-02 15:00:00,0
2017-02-02 16:00:00,0
2017-02-02 17:00:00,0
2017-02-02 18:00:00,0
2017-02-02 19:00:00,0
2017-02-02 20:00:00,0
2017-02-02 21:00:00,0
2017-02-02 22:00:00,0
2017-02-02 23:00:00,0
2017-02-03 00:00:00,1.78
2017-02-03 01:00:00,2.84
2017-02-03 02:00:00,2.84
2017-02-03 03:00:00,2.84
2017-02-03 04:00:00,2.84
2017-02-03 05:00:00,2.84
2017-02-03 06:00:00,2.84
2017-02-03 07:00:00,2.84
2017-02-03 08:00:00,2.84
2017-02-03 09:00:00,2.84
2017-02-03 10:00:00,27.85
2017-02-03 11:00:00,28.11
2017-02-03 12:00:00,31.42
2017-02-03 13:00:00,5.999999999
2017-02-03 14:00:00,2.84
2017-02-03 15:00:00,2.84
2017-02-03 16:00:00,2.84
2017-02-03 17:00:00,2.84
2017-02-03 18:00:00,2.84
2017-02-03 19:00:00,2.84
2017-02-03 20:00:00,2.84
2017-02-03 21:00:00,2.84
2017-02-03 22:00:00,2.84
2017-02-03 23:00:00,2.84
2017-02-04 00:00:00,2.84
2017-02-04 01:00:00,2.84
2017-02-04 02:00:00,2.84
2017-02-04 03:00:00,2.84
2017-02-04 04:00:00,2.84
2017-02-04 05:00:00,2.84
2017-02-04 06:00:00,2.84
2017-02-04 07:00:00,2.84
2017-02-04 08:00:00,2.84
2017-02-04 09:00:00,2.84
2017-02-04 10:00:00,2.84
2017-02-04 11:00:00,2.84
2017-02-04 12:00:00,2.84
2017-02-04 13:00:00,2.84
2017-02-04 14:00:00,2.84
2017-02-04 15:00:00,2.84
2017-02-04 16:00:00,2.84
2017-02-04 17:00:00,2.84
2017-02-04 18:00:00,2.84
2017-02-04 19:00:00,2.840000005
2017-02-04 20:00:00,31.5
2017-02-04 21:00:00,23.92
2017-02-04 22:00:00,28.14
2017-02-04 23:00:00,6.02
2017-02-05 00:00:00,2.84
2017-02-05 01:00:00,2.84
2017-02-05 02:00:00,2.84
2017-02-05 03:00:00,2.84
2017-02-05 04:00:00,2.84
2017-02-05 05:00:00,2.84
2017-02-05 06:00:00,2.84
2017-02-05 07:00:00,2.84
2017-02-05 08:00:00,2.84
2017-02-05 09:00:00,2.84
2017-02-05 10:00:00,2.84
2017-02-05 11:00:00,2.84
2017-02-05 12:00:00,2.84
2017-02-05 13:00:00,2.84
2017-02-05 14:00:00,2.84
2017-02-05 15:00:00,2.84
2017-02-05 16:00:00,2.84
2017-02-05 17:00:00,2.84
2017-02-05 18:00:00,2.84
2017-02-05 19:00:00,2.84
2017-02-05 20:00:00,2.84
2017-02-05 21:00:00,2.84
2017-02-05 22:00:00,2.84
2017-02-05 23:00:00,2.84
2017-02-06 00:00:00,2.84
2017-02-06 01:00:00,2.84
2017-02-06 02:00:00,2.84
2017-02-06 03:00:00,2.84
2017-02-06 04:00:00,2.84
2017-02-06 05:00:00,2.84
2017-02-06 06:00:00,2.84
2017-02-06 07:00:00,2.84
2017-02-06 08:00:00,2.84
2017-02-06 09:00:00,5.13
2017-02-06 10:00:00,31.91
2017-02-06 11:00:00,33.07
2017-02-06 12:00:00,30.45
2017-02-06 13:00:00,2.84
2017-02-06 14:00:00,2.84
2017-02-06 15:00:00,2.84
2017-02-06 16:00:00,2.84
2017-02-06 17:00:00,2.84
2017-02-06 18:00:00,2.84
2017-02-06 19:00:00,2.84
2017-02-06 20:00:00,2.84
2017-02-06 21:00:00,2.84
2017-02-06 22:00:00,2.84
2017-02-06 23:00:00,2.84
2017-02-07 00:00:00,2.84
2017-02-07 01:00:00,2.84
2017-02-07 02:00:00,2.84
2017-02-07 03:00:00,2.84
2017-02-07 04:00:00,2.84
2017-02-07 05:00:00,2.84
2017-02-07 06:00:00,2.84
2017-02-07 07:00:00,2.84
2017-02-07 08:00:00,2.84
2017-02-07 09:00:00,29.05
2017-02-07 10:00:00,25.5
2017-02-07 11:00:00,29.51
2017-02-07 12:00:00,5.25
2017-02-07 13:00:00,2.84
2017-02-07 14:00:00,2.84
2017-02-07 15:00:00,2.84
2017-02-07 16:00:00,2.84
2017-02-07 17:00:00,2.84
2017-02-07 18:00:00,2.84
2017-02-07 19:00:00,2.84
2017-02-07 20:00:00,2.84
2017-02-07 21:00:00,2.84
2017-02-07 22:00:00,2.84
2017-02-07 23:00:00,2.84
2017-02-08 00:00:00,2.84
2017-02-08 01:00:00,2.84
2017-02-08 02:00:00,2.84
2017-02-08 03:00:00,2.84
2017-02-08 04:00:00,2.84
2017-02-08 05:00:00,2.84
2017-02-08 06:00:00,2.84
2017-02-08 07:00:00,2.840000001
2017-02-08 08:00:00,6.06
2017-02-08 09:00:00,28.21
2017-02-08 10:00:00,34.75
2017-02-08 11:00:00,30.37
2017-02-08 12:00:00,8.8
2017-02-08 13:00:00,2.84
2017-02-08 14:00:00,2.84
2017-02-08 15:00:00,2.84
2017-02-08 16:00:00,2.84
2017-02-08 17:00:00,2.84
2017-02-08 18:00:00,2.84
2017-02-08 19:00:00,2.84
2017-02-08 20:00:00,2.84
2017-02-08 21:00:00,2.84
2017-02-08 22:00:00,2.84
2017-02-08 23:00:00,2.84
2017-02-09 00:00:00,2.84
2017-02-09 01:00:00,2.84
2017-02-09 02:00:00,2.84
2017-02-09 03:00:00,2.84
2017-02-09 04:00:00,2.84
2017-02-09 05:00:00,2.84
2017-02-09 06:00:00,2.84
2017-02-09 07:00:00,2.84
2017-02-09 08:00:00,2.84
2017-02-09 09:00:00,5.54
2017-02-09 10:00:00,28.19
2017-02-09 11:00:00,37.64
2017-02-09 12:00:00,33.56
2017-02-09 13:00:00,2.84
2017-02-09 14:00:00,2.84
2017-02-09 15:00:00,2.84
2017-02-09 16:00:00,2.84
2017-02-09 17:00:00,2.84
2017-02-09 18:00:00,2.84
2017-02-09 19:00:00,2.84
2017-02-09 20:00:00,2.84
2017-02-09 21:00:00,2.84
2017-02-09 22:00:00,2.84
2017-02-09 23:00:00,2.84
2017-02-10 00:00:00,2.84
2017-02-10 01:00:00,2.84
2017-02-10 02:00:00,2.84
2017-02-10 03:00:00,2.84
2017-02-10 04:00:00,2.84
2017-02-10 05:00:00,2.84
2017-02-10 06:00:00,2.84
2017-02-10 07:00:00,2.84
2017-02-10 08:00:00,2.84
2017-02-10 09:00:00,2.84
2017-02-10 10:00:00,25.96
2017-02-10 11:00:00,30.76
2017-02-10 12:00:00,30.93
2017-02-10 13:00:00,26.16
2017-02-10 14:00:00,2.84
2017-02-10 15:00:00,2.84
2017-02-10 16:00:00,2.84
2017-02-10 17:00:00,2.84
2017-02-10 18:00:00,2.84
2017-02-10 19:00:00,2.84
2017-02-10 20:00:00,2.84
2017-02-10 21:00:00,2.84
2017-02-10 22:00:00,2.84
2017-02-10 23:00:00,2.84
2017-02-11 00:00:00,2.84
2017-02-11 01:00:00,2.84
2017-02-11 02:00:00,2.84
2017-02-11 03:00:00,2.84
2017-02-11 04:00:00,2.84
2017-02-11 05:00:00,2.84
2017-02-11 06:00:00,2.84
2017-02-11 07:00:00,2.84
2017-02-11 08:00:00,2.84
2017-02-11 09:00:00,2.84
2017-02-11 10:00:00,29.86
2017-02-11 11:00:00,31.64
2017-02-11 12:00:00,28.13
2017-02-11 13:00:00,4.71
2017-02-11 14:00:00,2.84
2017-02-11 15:00:00,2.84
2017-02-11 16:00:00,2.84
2017-02-11 17:00:00,2.84
2017-02-11 18:00:00,2.84
2017-02-11 19:00:00,2.84
2017-02-11 20:00:00,2.84
2017-02-11 21:00:00,2.84
2017-02-11 22:00:00,2.84
2017-02-11 23:00:00,2.84
2017-02-12 00:00:00,2.84
2017-02-12 01:00:00,2.84
2017-02-12 02:00:00,2.84
2017-02-12 03:00:00,2.84
2017-02-12 04:00:00,2.84
2017-02-12 05:00:00,2.84
2017-02-12 06:00:00,2.84
2017-02-12 07:00:00,2.84
2017-02-12 08:00:00,2.84
2017-02-12 09:00:00,2.84
2017-02-12 10:00:00,2.84
2017-02-12 11:00:00,2.84
2017-02-12 12:00:00,2.84
2017-02-12 13:00:00,2.84
2017-02-12 14:00:00,2.84
2017-02-12 15:00:00,2.84
2017-02-12 16:00:00,2.84
2017-02-12 17:00:00,2.84
2017-02-12 18:00:00,2.84
2017-02-12 19:00:00,2.84
2017-02-12 20:00:00,2.84
2017-02-12 21:00:00,2.84
2017-02-12 22:00:00,2.84
2017-02-12 23:00:00,2.84
2017-02-13 00:00:00,2.84
2017-02-13 01:00:00,2.84
2017-02-13 02:00:00,2.84
2017-02-13 03:00:00,2.84
2017-02-13 04:00:00,2.84
2017-02-13 05:00:00,2.84
2017-02-13 06:00:00,2.84
2017-02-13 07:00:00,2.84
2017-02-13 08:00:00,2.84
2017-02-13 09:00:00,2.84
2017-02-13 10:00:00,2.84
2017-02-13 11:00:00,2.84
2017-02-13 12:00:00,2.84
2017-02-13 13:00:00,2.84
2017-02-13 14:00:00,2.84
2017-02-13 15:00:00,2.84
2017-02-13 16:00:00,2.84
2017-02-13 17:00:00,2.84
2017-02-13 18:00:00,2.84
2017-02-13 19:00:00,6.280000004
2017-02-13 20:00:00,31.34
2017-02-13 21:00:00,37.11
2017-02-13 22:00:00,35.68999999
2017-02-13 23:00:00,2.84
2017-02-14 00:00:00,2.84
2017-02-14 01:00:00,2.84
2017-02-14 02:00:00,2.84
2017-02-14 03:00:00,2.84
2017-02-14 04:00:00,2.84
2017-02-14 05:00:00,2.84
2017-02-14 06:00:00,2.84
2017-02-14 07:00:00,2.84
2017-02-14 08:00:00,2.84
2017-02-14 09:00:00,2.84
2017-02-14 10:00:00,2.84
2017-02-14 11:00:00,2.84
2017-02-14 12:00:00,2.84
2017-02-14 13:00:00,2.84
2017-02-14 14:00:00,2.84
2017-02-14 15:00:00,2.84
2017-02-14 16:00:00,2.84
2017-02-14 17:00:00,2.84
2017-02-14 18:00:00,2.84
2017-02-14 19:00:00,2.840000005
2017-02-14 20:00:00,33.22
2017-02-14 21:00:00,36.01
2017-02-14 22:00:00,36.15999999
2017-02-14 23:00:00,2.84
2017-02-15 00:00:00,2.84
2017-02-15 01:00:00,2.84
2017-02-15 02:00:00,2.84
2017-02-15 03:00:00,2.84
2017-02-15 04:00:00,2.84
2017-02-15 05:00:00,2.84
2017-02-15 06:00:00,2.84
2017-02-15 07:00:00,2.84
2017-02-15 08:00:00,2.84
2017-02-15 09:00:00,10.34
2017-02-15 10:00:00,33.59
2017-02-15 11:00:00,30.49
2017-02-15 12:00:00,28.78
2017-02-15 13:00:00,2.84
2017-02-15 14:00:00,2.84
2017-02-15 15:00:00,2.84
2017-02-15 16:00:00,2.84
2017-02-15 17:00:00,2.84
2017-02-15 18:00:00,2.84
2017-02-15 19:00:00,2.84
2017-02-15 20:00:00,2.84
2017-02-15 21:00:00,2.84
2017-02-15 22:00:00,2.84
2017-02-15 23:00:00,2.84
2017-02-16 00:00:00,2.84
2017-02-16 01:00:00,2.84
2017-02-16 02:00:00,2.84
2017-02-16 03:00:00,2.84
2017-02-16 04:00:00,2.84
2017-02-16 05:00:00,2.84
2017-02-16 06:00:00,2.84
2017-02-16 07:00:00,2.84
2017-02-16 08:00:00,2.84
2017-02-16 09:00:00,10.86
2017-02-16 10:00:00,31.53
2017-02-16 11:00:00,35.47
2017-02-16 12:00:00,32.68
2017-02-16 13:00:00,2.84
2017-02-16 14:00:00,2.84
2017-02-16 15:00:00,2.84
2017-02-16 16:00:00,2.84
2017-02-16 17:00:00,2.84
2017-02-16 18:00:00,2.84
2017-02-16 19:00:00,2.84
2017-02-16 20:00:00,2.84
2017-02-16 21:00:00,2.84
2017-02-16 22:00:00,2.84
2017-02-16 23:00:00,2.84
2017-02-17 00:00:00,2.84
2017-02-17 01:00:00,2.84
2017-02-17 02:00:00,2.84
2017-02-17 03:00:00,2.84
2017-02-17 04:00:00,2.84
2017-02-17 05:00:00,2.84
2017-02-17 06:00:00,2.84
2017-02-17 07:00:00,2.84
2017-02-17 08:00:00,2.84
2017-02-17 09:00:00,2.84
2017-02-17 10:00:00,25.73
2017-02-17 11:00:00,27.35
2017-02-17 12:00:00,27.46
2017-02-17 13:00:00,2.84
2017-02-17 14:00:00,2.84
2017-02-17 15:00:00,2.84
2017-02-17 16:00:00,2.84
2017-02-17 17:00:00,2.84
2017-02-17 18:00:00,2.84
2017-02-17 19:00:00,2.84
2017-02-17 20:00:00,2.84
2017-02-17 21:00:00,2.84
2017-02-17 22:00:00,2.84
2017-02-17 23:00:00,2.84
2017-02-18 00:00:00,2.84
2017-02-18 01:00:00,2.84
2017-02-18 02:00:00,2.84
2017-02-18 03:00:00,2.84
2017-02-18 04:00:00,2.84
2017-02-18 05:00:00,2.84
2017-02-18 06:00:00,2.84
2017-02-18 07:00:00,2.84
2017-02-18 08:00:00,2.84
2017-02-18 09:00:00,2.84
2017-02-18 10:00:00,2.84
2017-02-18 11:00:00,2.84
2017-02-18 12:00:00,2.84
2017-02-18 13:00:00,2.84
2017-02-18 14:00:00,2.84
2017-02-18 15:00:00,2.84
2017-02-18 16:00:00,2.84
2017-02-18 17:00:00,2.84
2017-02-18 18:00:00,2.84
2017-02-18 19:00:00,2.840000005
2017-02-18 20:00:00,33.77
2017-02-18 21:00:00,32.47
2017-02-18 22:00:00,30.83
2017-02-18 23:00:00,2.84
2017-02-19 00:00:00,2.84
2017-02-19 01:00:00,2.84
2017-02-19 02:00:00,2.84
2017-02-19 03:00:00,2.84
2017-02-19 04:00:00,2.84
2017-02-19 05:00:00,2.84
2017-02-19 06:00:00,2.84
2017-02-19 07:00:00,2.84
2017-02-19 08:00:00,2.84
2017-02-19 09:00:00,2.84
2017-02-19 10:00:00,2.84
2017-02-19 11:00:00,2.84
2017-02-19 12:00:00,2.84
2017-02-19 13:00:00,2.84
2017-02-19 14:00:00,2.84
2017-02-19 15:00:00,2.84
2017-02-19 16:00:00,2.84
2017-02-19 17:00:00,2.84
2017-02-19 18:00:00,2.84
2017-02-19 19:00:00,2.84
2017-02-19 20:00:00,2.84
2017-02-19 21:00:00,2.84
2017-02-19 22:00:00,2.84
2017-02-19 23:00:00,2.84
2017-02-20 00:00:00,2.84
2017-02-20 01:00:00,2.84
2017-02-20 02:00:00,2.84
2017-02-20 03:00:00,2.84
2017-02-20 04:00:00,2.84
2017-02-20 05:00:00,2.84
2017-02-20 06:00:00,2.84
2017-02-20 07:00:00,2.84
2017-02-20 08:00:00,2.84
2017-02-20 09:00:00,2.84
2017-02-20 10:00:00,2.84
2017-02-20 11:00:00,2.84
2017-02-20 12:00:00,2.84
2017-02-20 13:00:00,2.84
2017-02-20 14:00:00,2.84
2017-02-20 15:00:00,2.84
2017-02-20 16:00:00,2.84
2017-02-20 17:00:00,2.84
2017-02-20 18:00:00,2.84
2017-02-20 19:00:00,28.5
2017-02-20 20:00:00,38.41
2017-02-20 21:00:00,35.54
2017-02-20 22:00:00,13.84
2017-02-20 23:00:00,2.84
2017-02-21 00:00:00,2.84
2017-02-21 01:00:00,2.84
2017-02-21 02:00:00,2.84
2017-02-21 03:00:00,2.84
2017-02-21 04:00:00,2.84
2017-02-21 05:00:00,2.84
2017-02-21 06:00:00,2.84
2017-02-21 07:00:00,2.84
2017-02-21 08:00:00,2.84
2017-02-21 09:00:00,2.84
2017-02-21 10:00:00,2.84
2017-02-21 11:00:00,2.84
2017-02-21 12:00:00,2.84
2017-02-21 13:00:00,2.84
2017-02-21 14:00:00,2.84
2017-02-21 15:00:00,2.84
2017-02-21 16:00:00,2.84
2017-02-21 17:00:00,2.84
2017-02-21 18:00:00,2.84
2017-02-21 19:00:00,25.33
2017-02-21 20:00:00,37.65
2017-02-21 21:00:00,36.21
2017-02-21 22:00:00,26.63
2017-02-21 23:00:00,2.84
2017-02-22 00:00:00,2.84
2017-02-22 01:00:00,2.84
2017-02-22 02:00:00,2.84
2017-02-22 03:00:00,2.84
2017-02-22 04:00:00,2.84
2017-02-22 05:00:00,2.84
2017-02-22 06:00:00,2.84
2017-02-22 07:00:00,2.84
2017-02-22 08:00:00,2.84
2017-02-22 09:00:00,2.84
2017-02-22 10:00:00,2.84
2017-02-22 11:00:00,2.84
2017-02-22 12:00:00,2.84
2017-02-22 13:00:00,2.84
2017-02-22 14:00:00,2.84
2017-02-22 15:00:00,2.84
2017-02-22 16:00:00,2.84
2017-02-22 17:00:00,2.84
2017-02-22 18:00:00,2.84
2017-02-22 19:00:00,32.65
2017-02-22 20:00:00,35.36
2017-02-22 21:00:00,38.95
2017-02-22 22:00:00,4.27
2017-02-22 23:00:00,2.84
2017-02-23 00:00:00,2.84
2017-02-23 01:00:00,2.84
2017-02-23 02:00:00,2.84
2017-02-23 03:00:00,2.84
2017-02-23 04:00:00,2.84
2017-02-23 05:00:00,2.84
2017-02-23 06:00:00,2.84
2017-02-23 07:00:00,2.84
2017-02-23 08:00:00,2.84
2017-02-23 09:00:00,2.84
2017-02-23 10:00:00,2.84
2017-02-23 11:00:00,2.84
2017-02-23 12:00:00,29.79
2017-02-23 13:00:00,26.75
2017-02-23 14:00:00,32.39
2017-02-23 15:00:00,2.84
2017-02-23 16:00:00,2.84
2017-02-23 17:00:00,2.84
2017-02-23 18:00:00,2.84
2017-02-23 19:00:00,2.84
2017-02-23 20:00:00,2.84
2017-02-23 21:00:00,2.84
2017-02-23 22:00:00,2.84
2017-02-23 23:00:00,2.84
2017-02-24 00:00:00,2.84
2017-02-24 01:00:00,2.84
2017-02-24 02:00:00,2.84
2017-02-24 03:00:00,2.84
2017-02-24 04:00:00,2.84
2017-02-24 05:00:00,2.84
2017-02-24 06:00:00,2.84
2017-02-24 07:00:00,2.84
2017-02-24 08:00:00,2.84
2017-02-24 09:00:00,2.84
2017-02-24 10:00:00,2.840000002
2017-02-24 11:00:00,13.7
2017-02-24 12:00:00,37.69
2017-02-24 13:00:00,31.6
2017-02-24 14:00:00,25.84
2017-02-24 15:00:00,2.84
2017-02-24 16:00:00,2.84
2017-02-24 17:00:00,2.84
2017-02-24 18:00:00,2.84
2017-02-24 19:00:00,2.84
2017-02-24 20:00:00,2.84
2017-02-24 21:00:00,2.84
2017-02-24 22:00:00,2.84
2017-02-24 23:00:00,2.84
2017-02-25 00:00:00,2.84
2017-02-25 01:00:00,2.84
2017-02-25 02:00:00,2.84
2017-02-25 03:00:00,2.84
2017-02-25 04:00:00,2.84
2017-02-25 05:00:00,2.84
2017-02-25 06:00:00,2.84
2017-02-25 07:00:00,2.84
2017-02-25 08:00:00,2.84
2017-02-25 09:00:00,28.07
2017-02-25 10:00:00,32.94
2017-02-25 11:00:00,29.82
2017-02-25 12:00:00,5.78
2017-02-25 13:00:00,2.84
2017-02-25 14:00:00,2.84
2017-02-25 15:00:00,2.84
2017-02-25 16:00:00,2.84
2017-02-25 17:00:00,2.84
2017-02-25 18:00:00,2.84
2017-02-25 19:00:00,2.84
2017-02-25 20:00:00,2.84
2017-02-25 21:00:00,2.84
2017-02-25 22:00:00,2.84
2017-02-25 23:00:00,2.84
2017-02-26 00:00:00,2.84
2017-02-26 01:00:00,2.84
2017-02-26 02:00:00,2.84
2017-02-26 03:00:00,2.84
2017-02-26 04:00:00,2.84
2017-02-26 05:00:00,2.84
2017-02-26 06:00:00,2.84
2017-02-26 07:00:00,2.84
2017-02-26 08:00:00,2.84
2017-02-26 09:00:00,2.84
2017-02-26 10:00:00,2.84
2017-02-26 11:00:00,2.84
2017-02-26 12:00:00,2.84
2017-02-26 13:00:00,2.84
2017-02-26 14:00:00,2.84
2017-02-26 15:00:00,2.84
2017-02-26 16:00:00,2.84
2017-02-26 17:00:00,2.84
2017-02-26 18:00:00,2.84
2017-02-26 19:00:00,2.84
2017-02-26 20:00:00,2.84
2017-02-26 21:00:00,2.84
2017-02-26 22:00:00,2.84
2017-02-26 23:00:00,2.84
2017-02-27 00:00:00,2.84
2017-02-27 01:00:00,2.84
2017-02-27 02:00:00,2.84
2017-02-27 03:00:00,2.84
2017-02-27 04:00:00,2.84
2017-02-27 05:00:00,2.84
2017-02-27 06:00:00,2.84
2017-02-27 07:00:00,2.84
2017-02-27 08:00:00,2.84
2017-02-27 09:00:00,2.84
2017-02-27 10:00:00,2.84
2017-02-27 11:00:00,2.84
2017-02-27 12:00:00,2.84
2017-02-27 13:00:00,2.84
2017-02-27 14:00:00,2.84
2017-02-27 15:00:00,2.84
2017-02-27 16:00:00,2.84
2017-02-27 17:00:00,2.84
2017-02-27 18:00:00,2.84
2017-02-27 19:00:00,2.840000006
2017-02-27 20:00:00,35.74
2017-02-27 21:00:00,35.25
2017-02-27 22:00:00,34.91999999
2017-02-27 23:00:00,2.84
2017-02-28 00:00:00,2.84
2017-02-28 01:00:00,2.84
2017-02-28 02:00:00,2.84
2017-02-28 03:00:00,2.84
2017-02-28 04:00:00,2.84
2017-02-28 05:00:00,2.84
2017-02-28 06:00:00,2.84
2017-02-28 07:00:00,2.84
2017-02-28 08:00:00,2.84
2017-02-28 09:00:00,2.84
2017-02-28 10:00:00,2.84
2017-02-28 11:00:00,2.84
2017-02-28 12:00:00,2.84
2017-02-28 13:00:00,2.84
2017-02-28 14:00:00,2.84
2017-02-28 15:00:00,2.84
2017-02-28 16:00:00,2.84
2017-02-28 17:00:00,2.84
2017-02-28 18:00:00,2.84
2017-02-28 19:00:00,2.840000005
2017-02-28 20:00:00,33.52
2017-02-28 21:00:00,30.27
2017-02-28 22:00:00,29.56
2017-02-28 23:00:00,7.2
2017-03-01 00:00:00,2.84
2017-03-01 01:00:00,2.84
2017-03-01 02:00:00,2.84
2017-03-01 03:00:00,2.84
2017-03-01 04:00:00,2.84
2017-03-01 05:00:00,2.84
2017-03-01 06:00:00,2.84
2017-03-01 07:00:00,2.84
2017-03-01 08:00:00,2.84
2017-03-01 09:00:00,2.84
2017-03-01 10:00:00,2.84
2017-03-01 11:00:00,2.84
2017-03-01 12:00:00,2.84
2017-03-01 13:00:00,2.84
2017-03-01 14:00:00,2.84
2017-03-01 15:00:00,2.84
2017-03-01 16:00:00,2.84
2017-03-01 17:00:00,2.84
2017-03-01 18:00:00,2.84
2017-03-01 19:00:00,23.2
2017-03-01 20:00:00,36.31
2017-03-01 21:00:00,37.08
2017-03-01 22:00:00,31.4
2017-03-01 23:00:00,2.84
2017-03-02 00:00:00,2.84
2017-03-02 01:00:00,2.84
2017-03-02 02:00:00,2.84
2017-03-02 03:00:00,2.84
2017-03-02 04:00:00,2.84
2017-03-02 05:00:00,2.84
2017-03-02 06:00:00,2.84
2017-03-02 07:00:00,2.84
2017-03-02 08:00:00,2.84
2017-03-02 09:00:00,2.84
2017-03-02 10:00:00,2.84
2017-03-02 11:00:00,2.84
2017-03-02 12:00:00,2.84
2017-03-02 13:00:00,2.84
2017-03-02 14:00:00,2.84
2017-03-02 15:00:00,2.84
2017-03-02 16:00:00,2.84
2017-03-02 17:00:00,2.84
2017-03-02 18:00:00,2.84
2017-03-02 19:00:00,2.840000006
2017-03-02 20:00:00,36.85
2017-03-02 21:00:00,34.76
2017-03-02 22:00:00,29.26
2017-03-02 23:00:00,2.84
2017-03-03 00:00:00,2.84
2017-03-03 01:00:00,2.84
2017-03-03 02:00:00,2.84
2017-03-03 03:00:00,2.84
2017-03-03 04:00:00,2.84
2017-03-03 05:00:00,2.84
2017-03-03 06:00:00,2.84
2017-03-03 07:00:00,2.84
2017-03-03 08:00:00,2.84
2017-03-03 09:00:00,2.84
2017-03-03 10:00:00,2.84
2017-03-03 11:00:00,2.84
2017-03-03 12:00:00,2.84
2017-03-03 13:00:00,2.84
2017-03-03 14:00:00,2.84
2017-03-03 15:00:00,2.84
2017-03-03 16:00:00,2.84
2017-03-03 17:00:00,2.84
2017-03-03 18:00:00,6.61
2017-03-03 19:00:00,36.07
2017-03-03 20:00:00,35.3
2017-03-03 21:00:00,32.1
2017-03-03 22:00:00,2.84
2017-03-03 23:00:00,2.84
2017-03-04 00:00:00,2.84
2017-03-04 01:00:00,2.42
2017-03-04 02:00:00,2.42
2017-03-04 03:00:00,2.42
2017-03-04 04:00:00,2.42
2017-03-04 05:00:00,2.42
2017-03-04 06:00:00,2.42
2017-03-04 07:00:00,2.42
2017-03-04 08:00:00,2.42
2017-03-04 09:00:00,2.42
2017-03-04 10:00:00,2.42
2017-03-04 11:00:00,2.42
2017-03-04 12:00:00,2.42
2017-03-04 13:00:00,2.42
2017-03-04 14:00:00,2.42
2017-03-04 15:00:00,2.42
2017-03-04 16:00:00,2.42
2017-03-04 17:00:00,2.42
2017-03-04 18:00:00,2.42
2017-03-04 19:00:00,6.600000005
2017-03-04 20:00:00,33.54
2017-03-04 21:00:00,35.06
2017-03-04 22:00:00,30.07
2017-03-04 23:00:00,2.42
2017-03-05 00:00:00,2.42
2017-03-05 01:00:00,2.42
2017-03-05 02:00:00,2.42
2017-03-05 03:00:00,2.42
2017-03-05 04:00:00,2.42
2017-03-05 05:00:00,2.42
2017-03-05 06:00:00,2.42
2017-03-05 07:00:00,2.42
2017-03-05 08:00:00,2.42
2017-03-05 09:00:00,2.42
2017-03-05 10:00:00,2.42
2017-03-05 11:00:00,2.42
2017-03-05 12:00:00,2.42
2017-03-05 13:00:00,2.42
2017-03-05 14:00:00,2.42
2017-03-05 15:00:00,2.42
2017-03-05 16:00:00,2.42
2017-03-05 17:00:00,2.42
2017-03-05 18:00:00,2.42
2017-03-05 19:00:00,2.42
2017-03-05 20:00:00,2.42
2017-03-05 21:00:00,2.42
2017-03-05 22:00:00,2.42
2017-03-05 23:00:00,2.42
2017-03-06 00:00:00,2.42
2017-03-06 01:00:00,2.42
2017-03-06 02:00:00,2.42
2017-03-06 03:00:00,2.42
2017-03-06 04:00:00,2.42
2017-03-06 05:00:00,2.42
2017-03-06 06:00:00,2.42
2017-03-06 07:00:00,2.42
2017-03-06 08:00:00,2.42
2017-03-06 09:00:00,2.42
2017-03-06 10:00:00,2.42
2017-03-06 11:00:00,2.42
2017-03-06 12:00:00,2.42
2017-03-06 13:00:00,2.42
2017-03-06 14:00:00,2.42
2017-03-06 15:00:00,2.42
2017-03-06 16:00:00,2.42
2017-03-06 17:00:00,2.42
2017-03-06 18:00:00,2.42
2017-03-06 19:00:00,35.36
2017-03-06 20:00:00,33.67
2017-03-06 21:00:00,34.94
2017-03-06 22:00:00,18.78
2017-03-06 23:00:00,2.42
2017-03-07 00:00:00,2.42
2017-03-07 01:00:00,2.42
2017-03-07 02:00:00,2.42
2017-03-07 03:00:00,2.42
2017-03-07 04:00:00,2.42
2017-03-07 05:00:00,2.42
2017-03-07 06:00:00,2.42
2017-03-07 07:00:00,2.42
2017-03-07 08:00:00,2.42
2017-03-07 09:00:00,2.42
2017-03-07 10:00:00,2.42
2017-03-07 11:00:00,2.42
2017-03-07 12:00:00,2.42
2017-03-07 13:00:00,2.42
2017-03-07 14:00:00,2.42
2017-03-07 15:00:00,2.42
2017-03-07 16:00:00,2.42
2017-03-07 17:00:00,2.42
2017-03-07 18:00:00,2.42
2017-03-07 19:00:00,6.080000005
2017-03-07 20:00:00,37.21
2017-03-07 21:00:00,37.24
2017-03-07 22:00:00,34.58999999
2017-03-07 23:00:00,2.42
2017-03-08 00:00:00,2.42
2017-03-08 01:00:00,2.42
2017-03-08 02:00:00,2.42
2017-03-08 03:00:00,2.42
2017-03-08 04:00:00,2.42
2017-03-08 05:00:00,2.42
2017-03-08 06:00:00,2.42
2017-03-08 07:00:00,2.42
2017-03-08 08:00:00,2.42
2017-03-08 09:00:00,2.42
2017-03-08 10:00:00,2.42
2017-03-08 11:00:00,2.42
2017-03-08 12:00:00,2.42
2017-03-08 13:00:00,2.42
2017-03-08 14:00:00,2.42
2017-03-08 15:00:00,2.42
2017-03-08 16:00:00,2.42
2017-03-08 17:00:00,2.42
2017-03-08 18:00:00,2.42
2017-03-08 19:00:00,2.420000006
2017-03-08 20:00:00,36.27
2017-03-08 21:00:00,36.01
2017-03-08 22:00:00,32.33999999
2017-03-08 23:00:00,2.42
2017-03-09 00:00:00,2.42
2017-03-09 01:00:00,2.42
2017-03-09 02:00:00,2.42
2017-03-09 03:00:00,2.42
2017-03-09 04:00:00,2.42
2017-03-09 05:00:00,2.42
2017-03-09 06:00:00,2.42
2017-03-09 07:00:00,0
2017-03-09 08:00:00,0
2017-03-09 09:00:00,0
2017-03-09 10:00:00,0
2017-03-09 11:00:00,0
2017-03-09 12:00:00,0
2017-03-09 13:00:00,0
2017-03-09 14:00:00,0
2017-03-09 15:00:00,0
2017-03-09 16:00:00,0
2017-03-09 17:00:00,0
2017-03-09 18:00:00,0
2017-03-09 19:00:00,4.68E-09
2017-03-09 20:00:00,26.8
2017-03-09 21:00:00,26.8
2017-03-09 22:00:00,26.8
2017-03-09 23:00:00,0
2017-03-10 00:00:00,2.42
2017-03-10 01:00:00,2.42
2017-03-10 02:00:00,2.42
2017-03-10 03:00:00,2.42
2017-03-10 04:00:00,2.42
2017-03-10 05:00:00,2.42
2017-03-10 06:00:00,2.42
2017-03-10 07:00:00,2.42
2017-03-10 08:00:00,2.42
2017-03-10 09:00:00,2.42
2017-03-10 10:00:00,2.42
2017-03-10 11:00:00,2.42
2017-03-10 12:00:00,2.42
2017-03-10 13:00:00,2.42
2017-03-10 14:00:00,2.42
2017-03-10 15:00:00,2.42
2017-03-10 16:00:00,2.42
2017-03-10 17:00:00,2.42
2017-03-10 18:00:00,2.42
2017-03-10 19:00:00,2.42
2017-03-10 20:00:00,2.42
2017-03-10 21:00:00,2.42
2017-03-10 22:00:00,2.42
2017-03-10 23:00:00,2.42
2017-03-11 00:00:00,2.42
2017-03-11 01:00:00,2.42
2017-03-11 02:00:00,2.42
2017-03-11 03:00:00,2.42
2017-03-11 04:00:00,2.42
2017-03-11 05:00:00,2.42
2017-03-11 06:00:00,2.42
2017-03-11 07:00:00,0
2017-03-11 08:00:00,0
2017-03-11 09:00:00,0
2017-03-11 10:00:00,0
2017-03-11 11:00:00,0
2017-03-11 12:00:00,0
2017-03-11 13:00:00,0
2017-03-11 14:00:00,0
2017-03-11 15:00:00,0
2017-03-11 16:00:00,0
2017-03-11 17:00:00,0
2017-03-11 18:00:00,0
2017-03-11 19:00:00,0
2017-03-11 20:00:00,0
2017-03-11 21:00:00,0
2017-03-11 22:00:00,0
2017-03-11 23:00:00,0
2017-03-12 00:00:00,2.42
2017-03-12 01:00:00,2.42
2017-03-12 02:00:00,2.42
2017-03-12 03:00:00,2.42
2017-03-12 04:00:00,2.42
2017-03-12 05:00:00,2.42
2017-03-12 06:00:00,2.42
2017-03-12 07:00:00,2.42
2017-03-12 08:00:00,2.42
2017-03-12 09:00:00,2.42
2017-03-12 10:00:00,2.42
2017-03-12 11:00:00,2.42
2017-03-12 12:00:00,2.42
2017-03-12 13:00:00,2.42
2017-03-12 14:00:00,2.42
2017-03-12 15:00:00,2.42
2017-03-12 16:00:00,2.42
2017-03-12 17:00:00,2.42
2017-03-12 18:00:00,2.42
2017-03-12 19:00:00,2.42
2017-03-12 20:00:00,2.42
2017-03-12 21:00:00,2.42
2017-03-12 22:00:00,2.42
2017-03-12 23:00:00,2.42
2017-03-13 00:00:00,2.42
2017-03-13 01:00:00,2.42
2017-03-13 02:00:00,2.42
2017-03-13 03:00:00,2.42
2017-03-13 04:00:00,2.42
2017-03-13 05:00:00,2.42
2017-03-13 06:00:00,2.42
2017-03-13 07:00:00,2.42
2017-03-13 08:00:00,2.42
2017-03-13 09:00:00,2.42
2017-03-13 10:00:00,2.42
2017-03-13 11:00:00,2.42
2017-03-13 12:00:00,2.42
2017-03-13 13:00:00,2.42
2017-03-13 14:00:00,2.42
2017-03-13 15:00:00,2.42
2017-03-13 16:00:00,2.42
2017-03-13 17:00:00,2.42
2017-03-13 18:00:00,2.42
2017-03-13 19:00:00,5.910000005
2017-03-13 20:00:00,33.62
2017-03-13 21:00:00,36.5
2017-03-13 22:00:00,33.61999999
2017-03-13 23:00:00,2.42
2017-03-14 00:00:00,2.42
2017-03-14 01:00:00,2.42
2017-03-14 02:00:00,2.42
2017-03-14 03:00:00,2.42
2017-03-14 04:00:00,2.42
2017-03-14 05:00:00,2.42
2017-03-14 06:00:00,2.42
2017-03-14 07:00:00,2.42
2017-03-14 08:00:00,2.42
2017-03-14 09:00:00,2.42
2017-03-14 10:00:00,2.420000005
2017-03-14 11:00:00,29.36
2017-03-14 12:00:00,31.7
2017-03-14 13:00:00,31.30999999
2017-03-14 14:00:00,2.42
2017-03-14 15:00:00,2.42
2017-03-14 16:00:00,2.42
2017-03-14 17:00:00,2.42
2017-03-14 18:00:00,2.42
2017-03-14 19:00:00,2.42
2017-03-14 20:00:00,2.42
2017-03-14 21:00:00,2.42
2017-03-14 22:00:00,2.42
2017-03-14 23:00:00,2.42
2017-03-15 00:00:00,2.42
2017-03-15 01:00:00,2.42
2017-03-15 02:00:00,2.42
2017-03-15 03:00:00,2.42
2017-03-15 04:00:00,2.42
2017-03-15 05:00:00,2.42
2017-03-15 06:00:00,2.42
2017-03-15 07:00:00,2.420000005
2017-03-15 08:00:00,31.63
2017-03-15 09:00:00,33.56
2017-03-15 10:00:00,32.49999999
2017-03-15 11:00:00,2.42
2017-03-15 12:00:00,2.42
2017-03-15 13:00:00,2.42
2017-03-15 14:00:00,2.42
2017-03-15 15:00:00,2.42
2017-03-15 16:00:00,2.42
2017-03-15 17:00:00,2.42
2017-03-15 18:00:00,2.42
2017-03-15 19:00:00,2.42
2017-03-15 20:00:00,2.42
2017-03-15 21:00:00,2.42
2017-03-15 22:00:00,2.42
2017-03-15 23:00:00,2.42
2017-03-16 00:00:00,2.42
2017-03-16 01:00:00,2.42
2017-03-16 02:00:00,2.42
2017-03-16 03:00:00,2.42
2017-03-16 04:00:00,2.42
2017-03-16 05:00:00,2.42
2017-03-16 06:00:00,2.42
2017-03-16 07:00:00,2.42
2017-03-16 08:00:00,2.42
2017-03-16 09:00:00,2.42
2017-03-16 10:00:00,2.42
2017-03-16 11:00:00,2.42
2017-03-16 12:00:00,2.42
2017-03-16 13:00:00,2.42
2017-03-16 14:00:00,2.42
2017-03-16 15:00:00,2.42
2017-03-16 16:00:00,2.42
2017-03-16 17:00:00,2.42
2017-03-16 18:00:00,2.42
2017-03-16 19:00:00,5.920000006
2017-03-16 20:00:00,38.77
2017-03-16 21:00:00,37.38
2017-03-16 22:00:00,37.52
2017-03-16 23:00:00,25.3
2017-03-17 00:00:00,2.42
2017-03-17 01:00:00,2.42
2017-03-17 02:00:00,2.42
2017-03-17 03:00:00,2.42
2017-03-17 04:00:00,2.42
2017-03-17 05:00:00,2.42
2017-03-17 06:00:00,2.42
2017-03-17 07:00:00,2.42
2017-03-17 08:00:00,2.42
2017-03-17 09:00:00,2.42
2017-03-17 10:00:00,2.420000005
2017-03-17 11:00:00,31.73
2017-03-17 12:00:00,31.7
2017-03-17 13:00:00,26.79
2017-03-17 14:00:00,2.42
2017-03-17 15:00:00,2.42
2017-03-17 16:00:00,2.42
2017-03-17 17:00:00,2.42
2017-03-17 18:00:00,2.42
2017-03-17 19:00:00,2.42
2017-03-17 20:00:00,2.42
2017-03-17 21:00:00,2.42
2017-03-17 22:00:00,2.42
2017-03-17 23:00:00,2.42
2017-03-18 00:00:00,2.42
2017-03-18 01:00:00,2.42
2017-03-18 02:00:00,2.42
2017-03-18 03:00:00,2.42
2017-03-18 04:00:00,2.42
2017-03-18 05:00:00,2.42
2017-03-18 06:00:00,2.42
2017-03-18 07:00:00,2.42
2017-03-18 08:00:00,2.42
2017-03-18 09:00:00,2.42
2017-03-18 10:00:00,2.42
2017-03-18 11:00:00,2.42
2017-03-18 12:00:00,2.42
2017-03-18 13:00:00,2.42
2017-03-18 14:00:00,2.42
2017-03-18 15:00:00,2.42
2017-03-18 16:00:00,2.42
2017-03-18 17:00:00,2.42
2017-03-18 18:00:00,2.42
2017-03-18 19:00:00,10.5
2017-03-18 20:00:00,28.85
2017-03-18 21:00:00,30.09
2017-03-18 22:00:00,28.13
2017-03-18 23:00:00,22.68
2017-03-19 00:00:00,2.42
2017-03-19 01:00:00,2.42
2017-03-19 02:00:00,2.42
2017-03-19 03:00:00,2.42
2017-03-19 04:00:00,2.42
2017-03-19 05:00:00,2.42
2017-03-19 06:00:00,2.42
2017-03-19 07:00:00,2.42
2017-03-19 08:00:00,2.42
2017-03-19 09:00:00,2.42
2017-03-19 10:00:00,2.42
2017-03-19 11:00:00,2.42
2017-03-19 12:00:00,2.42
2017-03-19 13:00:00,2.42
2017-03-19 14:00:00,2.42
2017-03-19 15:00:00,2.42
2017-03-19 16:00:00,2.42
2017-03-19 17:00:00,2.42
2017-03-19 18:00:00,2.42
2017-03-19 19:00:00,2.42
2017-03-19 20:00:00,2.42
2017-03-19 21:00:00,2.42
2017-03-19 22:00:00,2.42
2017-03-19 23:00:00,2.42
2017-03-20 00:00:00,2.42
2017-03-20 01:00:00,2.42
2017-03-20 02:00:00,2.42
2017-03-20 03:00:00,2.42
2017-03-20 04:00:00,2.42
2017-03-20 05:00:00,2.42
2017-03-20 06:00:00,2.42
2017-03-20 07:00:00,2.42
2017-03-20 08:00:00,2.42
2017-03-20 09:00:00,2.42
2017-03-20 10:00:00,2.420000001
2017-03-20 11:00:00,6.17
2017-03-20 12:00:00,32.38
2017-03-20 13:00:00,32.21
2017-03-20 14:00:00,33.22
2017-03-20 15:00:00,2.42
2017-03-20 16:00:00,2.42
2017-03-20 17:00:00,2.42
2017-03-20 18:00:00,2.42
2017-03-20 19:00:00,2.42
2017-03-20 20:00:00,2.42
2017-03-20 21:00:00,2.42
2017-03-20 22:00:00,2.42
2017-03-20 23:00:00,2.42
2017-03-21 00:00:00,2.42
2017-03-21 01:00:00,2.42
2017-03-21 02:00:00,2.42
2017-03-21 03:00:00,2.42
2017-03-21 04:00:00,2.42
2017-03-21 05:00:00,2.42
2017-03-21 06:00:00,2.42
2017-03-21 07:00:00,2.420000001
2017-03-21 08:00:00,5.75
2017-03-21 09:00:00,30.16
2017-03-21 10:00:00,28.98
2017-03-21 11:00:00,35.48
2017-03-21 12:00:00,32.1
2017-03-21 13:00:00,2.42
2017-03-21 14:00:00,2.42
2017-03-21 15:00:00,2.42
2017-03-21 16:00:00,2.42
2017-03-21 17:00:00,2.42
2017-03-21 18:00:00,2.42
2017-03-21 19:00:00,2.42
2017-03-21 20:00:00,2.42
2017-03-21 21:00:00,2.42
2017-03-21 22:00:00,2.42
2017-03-21 23:00:00,2.42
2017-03-22 00:00:00,2.42
2017-03-22 01:00:00,2.42
2017-03-22 02:00:00,2.42
2017-03-22 03:00:00,2.42
2017-03-22 04:00:00,2.42
2017-03-22 05:00:00,2.42
2017-03-22 06:00:00,2.42
2017-03-22 07:00:00,2.42
2017-03-22 08:00:00,2.42
2017-03-22 09:00:00,2.42
2017-03-22 10:00:00,2.42
2017-03-22 11:00:00,2.42
2017-03-22 12:00:00,29.67
2017-03-22 13:00:00,30.04
2017-03-22 14:00:00,33.35
2017-03-22 15:00:00,2.42
2017-03-22 16:00:00,2.42
2017-03-22 17:00:00,2.42
2017-03-22 18:00:00,2.42
2017-03-22 19:00:00,2.42
2017-03-22 20:00:00,2.42
2017-03-22 21:00:00,2.42
2017-03-22 22:00:00,2.42
2017-03-22 23:00:00,2.42
2017-03-23 00:00:00,2.42
2017-03-23 01:00:00,2.42
2017-03-23 02:00:00,2.42
2017-03-23 03:00:00,2.42
2017-03-23 04:00:00,2.42
2017-03-23 05:00:00,2.42
2017-03-23 06:00:00,2.42
2017-03-23 07:00:00,2.42
2017-03-23 08:00:00,2.42
2017-03-23 09:00:00,2.42
2017-03-23 10:00:00,2.42
2017-03-23 11:00:00,2.42
2017-03-23 12:00:00,36.46
2017-03-23 13:00:00,35.7
2017-03-23 14:00:00,34.52
2017-03-23 15:00:00,6.89
2017-03-23 16:00:00,2.42
2017-03-23 17:00:00,2.42
2017-03-23 18:00:00,2.42
2017-03-23 19:00:00,2.42
2017-03-23 20:00:00,2.42
2017-03-23 21:00:00,2.42
2017-03-23 22:00:00,2.42
2017-03-23 23:00:00,2.42
2017-03-24 00:00:00,2.42
2017-03-24 01:00:00,2.42
2017-03-24 02:00:00,2.42
2017-03-24 03:00:00,2.42
2017-03-24 04:00:00,2.42
2017-03-24 05:00:00,2.42
2017-03-24 06:00:00,2.42
2017-03-24 07:00:00,2.42
2017-03-24 08:00:00,2.42
2017-03-24 09:00:00,2.42
2017-03-24 10:00:00,2.42
2017-03-24 11:00:00,2.42
2017-03-24 12:00:00,2.42
2017-03-24 13:00:00,2.42
2017-03-24 14:00:00,2.42
2017-03-24 15:00:00,2.42
2017-03-24 16:00:00,2.42
2017-03-24 17:00:00,2.42
2017-03-24 18:00:00,2.42
2017-03-24 19:00:00,2.420000005
2017-03-24 20:00:00,32.93
2017-03-24 21:00:00,32.03
2017-03-24 22:00:00,27.37
2017-03-24 23:00:00,2.42
2017-03-25 00:00:00,2.42
2017-03-25 01:00:00,2.42
2017-03-25 02:00:00,2.42
2017-03-25 03:00:00,2.42
2017-03-25 04:00:00,2.42
2017-03-25 05:00:00,2.42
2017-03-25 06:00:00,2.42
2017-03-25 07:00:00,2.420000005
2017-03-25 08:00:00,30.18
2017-03-25 09:00:00,28.68
2017-03-25 10:00:00,35.51
2017-03-25 11:00:00,29.9
2017-03-25 12:00:00,4.09
2017-03-25 13:00:00,2.42
2017-03-25 14:00:00,2.42
2017-03-25 15:00:00,2.42
2017-03-25 16:00:00,2.42
2017-03-25 17:00:00,2.42
2017-03-25 18:00:00,2.42
2017-03-25 19:00:00,2.42
2017-03-25 20:00:00,2.42
2017-03-25 21:00:00,2.42
2017-03-25 22:00:00,2.42
2017-03-25 23:00:00,2.42
2017-03-26 00:00:00,2.42
2017-03-26 01:00:00,2.42
2017-03-26 02:00:00,2.42
2017-03-26 03:00:00,2.42
2017-03-26 04:00:00,2.42
2017-03-26 05:00:00,2.42
2017-03-26 06:00:00,2.42
2017-03-26 07:00:00,0
2017-03-26 08:00:00,0
2017-03-26 09:00:00,0
2017-03-26 10:00:00,0
2017-03-26 11:00:00,0
2017-03-26 12:00:00,0
2017-03-26 13:00:00,0
2017-03-26 14:00:00,0
2017-03-26 15:00:00,0
2017-03-26 16:00:00,0
2017-03-26 17:00:00,0
2017-03-26 18:00:00,0
2017-03-26 19:00:00,0
2017-03-26 20:00:00,0
2017-03-26 21:00:00,0
2017-03-26 22:00:00,0
2017-03-26 23:00:00,0
2017-03-27 00:00:00,2.42
2017-03-27 01:00:00,2.42
2017-03-27 02:00:00,2.42
2017-03-27 03:00:00,2.42
2017-03-27 04:00:00,2.42
2017-03-27 05:00:00,2.42
2017-03-27 06:00:00,2.42
2017-03-27 07:00:00,2.42
2017-03-27 08:00:00,2.42
2017-03-27 09:00:00,2.42
2017-03-27 10:00:00,30.35
2017-03-27 11:00:00,35.11
2017-03-27 12:00:00,31.17
2017-03-27 13:00:00,30.28
2017-03-27 14:00:00,28.22
2017-03-27 15:00:00,27.9
2017-03-27 16:00:00,28.22
2017-03-27 17:00:00,2.42
2017-03-27 18:00:00,2.42
2017-03-27 19:00:00,2.42
2017-03-27 20:00:00,2.42
2017-03-27 21:00:00,2.42
2017-03-27 22:00:00,2.42
2017-03-27 23:00:00,2.42
2017-03-28 00:00:00,2.42
2017-03-28 01:00:00,2.42
2017-03-28 02:00:00,2.42
2017-03-28 03:00:00,2.42
2017-03-28 04:00:00,2.42
2017-03-28 05:00:00,2.42
2017-03-28 06:00:00,2.42
2017-03-28 07:00:00,2.42
2017-03-28 08:00:00,2.42
2017-03-28 09:00:00,2.42
2017-03-28 10:00:00,2.42
2017-03-28 11:00:00,2.42
2017-03-28 12:00:00,2.42
2017-03-28 13:00:00,2.42
2017-03-28 14:00:00,2.42
2017-03-28 15:00:00,2.42
2017-03-28 16:00:00,2.42
2017-03-28 17:00:00,2.42
2017-03-28 18:00:00,2.42
2017-03-28 19:00:00,2.42
2017-03-28 20:00:00,2.42
2017-03-28 21:00:00,2.42
2017-03-28 22:00:00,2.42
2017-03-28 23:00:00,2.42
2017-03-29 00:00:00,2.42
2017-03-29 01:00:00,2.42
2017-03-29 02:00:00,2.42
2017-03-29 03:00:00,2.42
2017-03-29 04:00:00,2.42
2017-03-29 05:00:00,2.42
2017-03-29 06:00:00,2.42
2017-03-29 07:00:00,2.42
2017-03-29 08:00:00,2.42
2017-03-29 09:00:00,2.42
2017-03-29 10:00:00,2.42
2017-03-29 11:00:00,2.42
2017-03-29 12:00:00,2.42
2017-03-29 13:00:00,2.42
2017-03-29 14:00:00,2.42
2017-03-29 15:00:00,2.42
2017-03-29 16:00:00,2.42
2017-03-29 17:00:00,2.42
2017-03-29 18:00:00,2.42
2017-03-29 19:00:00,32.39
2017-03-29 20:00:00,34.85
2017-03-29 21:00:00,33.48
2017-03-29 22:00:00,6.899999999
2017-03-29 23:00:00,2.42
2017-03-30 00:00:00,2.42
2017-03-30 01:00:00,2.42
2017-03-30 02:00:00,2.42
2017-03-30 03:00:00,2.42
2017-03-30 04:00:00,2.42
2017-03-30 05:00:00,2.42
2017-03-30 06:00:00,2.42
2017-03-30 07:00:00,2.42
2017-03-30 08:00:00,2.42
2017-03-30 09:00:00,2.42
2017-03-30 10:00:00,2.42
2017-03-30 11:00:00,2.42
2017-03-30 12:00:00,2.42
2017-03-30 13:00:00,2.42
2017-03-30 14:00:00,2.42
2017-03-30 15:00:00,2.42
2017-03-30 16:00:00,2.42
2017-03-30 17:00:00,2.42
2017-03-30 18:00:00,2.42
2017-03-30 19:00:00,2.420000006
2017-03-30 20:00:00,35.3
2017-03-30 21:00:00,34.38
2017-03-30 22:00:00,32.51999999
2017-03-30 23:00:00,2.42
2017-03-31 00:00:00,2.42
2017-03-31 01:00:00,2.42
2017-03-31 02:00:00,2.42
2017-03-31 03:00:00,2.42
2017-03-31 04:00:00,2.42
2017-03-31 05:00:00,2.42
2017-03-31 06:00:00,2.42
2017-03-31 07:00:00,2.42
2017-03-31 08:00:00,2.42
2017-03-31 09:00:00,2.42
2017-03-31 10:00:00,2.42
2017-03-31 11:00:00,2.42
2017-03-31 12:00:00,2.42
2017-03-31 13:00:00,2.42
2017-03-31 14:00:00,2.42
2017-03-31 15:00:00,2.42
2017-03-31 16:00:00,2.42
2017-03-31 17:00:00,2.42
2017-03-31 18:00:00,2.42
2017-03-31 19:00:00,2.420000005
2017-03-31 20:00:00,33.13
2017-03-31 21:00:00,36.54
2017-03-31 22:00:00,32.05999999
2017-03-31 23:00:00,2.42
2017-04-01 00:00:00,2.42
2017-04-01 01:00:00,2.42
2017-04-01 02:00:00,2.42
2017-04-01 03:00:00,2.42
2017-04-01 04:00:00,2.42
2017-04-01 05:00:00,2.42
2017-04-01 06:00:00,2.42
2017-04-01 07:00:00,2.42
2017-04-01 08:00:00,2.42
2017-04-01 09:00:00,2.42
2017-04-01 10:00:00,2.42
2017-04-01 11:00:00,2.42
2017-04-01 12:00:00,2.42
2017-04-01 13:00:00,2.42
2017-04-01 14:00:00,2.42
2017-04-01 15:00:00,2.42
2017-04-01 16:00:00,2.42
2017-04-01 17:00:00,2.42
2017-04-01 18:00:00,2.42
2017-04-01 19:00:00,5.910000005
2017-04-01 20:00:00,36.5
2017-04-01 21:00:00,36.72
2017-04-01 22:00:00,36.75
2017-04-01 23:00:00,30.3
2017-04-02 00:00:00,2.42
2017-04-02 01:00:00,2.42
2017-04-02 02:00:00,2.42
2017-04-02 03:00:00,2.42
2017-04-02 04:00:00,2.42
2017-04-02 05:00:00,2.42
2017-04-02 06:00:00,2.42
2017-04-02 07:00:00,2.42
2017-04-02 08:00:00,2.42
2017-04-02 09:00:00,2.42
2017-04-02 10:00:00,2.42
2017-04-02 11:00:00,2.42
2017-04-02 12:00:00,2.42
2017-04-02 13:00:00,2.42
2017-04-02 14:00:00,2.42
2017-04-02 15:00:00,2.42
2017-04-02 16:00:00,2.42
2017-04-02 17:00:00,2.42
2017-04-02 18:00:00,2.42
2017-04-02 19:00:00,2.42
2017-04-02 20:00:00,2.42
2017-04-02 21:00:00,2.42
2017-04-02 22:00:00,2.42
2017-04-02 23:00:00,2.42
2017-04-03 00:00:00,2.42
2017-04-03 01:00:00,2.42
2017-04-03 02:00:00,2.42
2017-04-03 03:00:00,2.42
2017-04-03 04:00:00,2.42
2017-04-03 05:00:00,2.42
2017-04-03 06:00:00,2.42
2017-04-03 07:00:00,2.42
2017-04-03 08:00:00,2.42
2017-04-03 09:00:00,34.61
2017-04-03 10:00:00,33.6
2017-04-03 11:00:00,29.32
2017-04-03 12:00:00,2.42
2017-04-03 13:00:00,2.42
2017-04-03 14:00:00,2.42
2017-04-03 15:00:00,2.42
2017-04-03 16:00:00,2.42
2017-04-03 17:00:00,2.42
2017-04-03 18:00:00,2.42
2017-04-03 19:00:00,2.42
2017-04-03 20:00:00,2.42
2017-04-03 21:00:00,2.42
2017-04-03 22:00:00,2.42
2017-04-03 23:00:00,2.42
2017-04-04 00:00:00,2.42
2017-04-04 01:00:00,2.42
2017-04-04 02:00:00,2.42
2017-04-04 03:00:00,2.42
2017-04-04 04:00:00,2.42
2017-04-04 05:00:00,2.42
2017-04-04 06:00:00,2.42
2017-04-04 07:00:00,2.42
2017-04-04 08:00:00,2.42
2017-04-04 09:00:00,2.42
2017-04-04 10:00:00,2.42
2017-04-04 11:00:00,2.42
2017-04-04 12:00:00,2.42
2017-04-04 13:00:00,2.42
2017-04-04 14:00:00,2.42
2017-04-04 15:00:00,2.42
2017-04-04 16:00:00,2.42
2017-04-04 17:00:00,2.42
2017-04-04 18:00:00,2.42
2017-04-04 19:00:00,2.420000001
2017-04-04 20:00:00,6.08
2017-04-04 21:00:00,37.46
2017-04-04 22:00:00,36.73
2017-04-04 23:00:00,33.13
2017-04-05 00:00:00,2.42
2017-04-05 01:00:00,2.42
2017-04-05 02:00:00,2.42
2017-04-05 03:00:00,2.42
2017-04-05 04:00:00,2.42
2017-04-05 05:00:00,2.42
2017-04-05 06:00:00,2.42
2017-04-05 07:00:00,2.42
2017-04-05 08:00:00,2.42
2017-04-05 09:00:00,2.42
2017-04-05 10:00:00,2.42
2017-04-05 11:00:00,2.42
2017-04-05 12:00:00,2.42
2017-04-05 13:00:00,2.42
2017-04-05 14:00:00,2.42
2017-04-05 15:00:00,2.42
2017-04-05 16:00:00,2.42
2017-04-05 17:00:00,2.42
2017-04-05 18:00:00,2.42
2017-04-05 19:00:00,7.840000003
2017-04-05 20:00:00,27.67
2017-04-05 21:00:00,27.67
2017-04-05 22:00:00,30
2017-04-05 23:00:00,24.16
2017-04-06 00:00:00,2.42
2017-04-06 01:00:00,2.42
2017-04-06 02:00:00,2.42
2017-04-06 03:00:00,2.42
2017-04-06 04:00:00,2.42
2017-04-06 05:00:00,2.42
2017-04-06 06:00:00,2.42
2017-04-06 07:00:00,2.42
2017-04-06 08:00:00,2.42
2017-04-06 09:00:00,2.42
2017-04-06 10:00:00,2.42
2017-04-06 11:00:00,2.42
2017-04-06 12:00:00,2.42
2017-04-06 13:00:00,2.42
2017-04-06 14:00:00,2.42
2017-04-06 15:00:00,2.42
2017-04-06 16:00:00,2.42
2017-04-06 17:00:00,2.42
2017-04-06 18:00:00,2.42
2017-04-06 19:00:00,2.420000006
2017-04-06 20:00:00,36.58
2017-04-06 21:00:00,35.8
2017-04-06 22:00:00,24.78
2017-04-06 23:00:00,2.42
2017-04-07 00:00:00,2.42
2017-04-07 01:00:00,2.42
2017-04-07 02:00:00,2.42
2017-04-07 03:00:00,2.42
2017-04-07 04:00:00,2.42
2017-04-07 05:00:00,2.42
2017-04-07 06:00:00,2.42
2017-04-07 07:00:00,2.42
2017-04-07 08:00:00,2.42
2017-04-07 09:00:00,2.42
2017-04-07 10:00:00,2.42
2017-04-07 11:00:00,2.42
2017-04-07 12:00:00,2.42
2017-04-07 13:00:00,2.42
2017-04-07 14:00:00,2.42
2017-04-07 15:00:00,2.42
2017-04-07 16:00:00,2.42
2017-04-07 17:00:00,2.42
2017-04-07 18:00:00,2.42
2017-04-07 19:00:00,2.420000006
2017-04-07 20:00:00,38.48
2017-04-07 21:00:00,38.31
2017-04-07 22:00:00,28.61
2017-04-07 23:00:00,2.42
2017-04-08 00:00:00,2.42
2017-04-08 01:00:00,2.42
2017-04-08 02:00:00,2.42
2017-04-08 03:00:00,2.42
2017-04-08 04:00:00,2.42
2017-04-08 05:00:00,2.42
2017-04-08 06:00:00,2.42
2017-04-08 07:00:00,2.42
2017-04-08 08:00:00,2.42
2017-04-08 09:00:00,2.42
2017-04-08 10:00:00,2.42
2017-04-08 11:00:00,2.42
2017-04-08 12:00:00,2.42
2017-04-08 13:00:00,2.42
2017-04-08 14:00:00,2.42
2017-04-08 15:00:00,2.42
2017-04-08 16:00:00,2.42
2017-04-08 17:00:00,2.42
2017-04-08 18:00:00,2.42
2017-04-08 19:00:00,6.230000004
2017-04-08 20:00:00,30.32
2017-04-08 21:00:00,30.37
2017-04-08 22:00:00,29.21
2017-04-08 23:00:00,2.42
2017-04-09 00:00:00,2.42
2017-04-09 01:00:00,2.42
2017-04-09 02:00:00,2.42
2017-04-09 03:00:00,2.42
2017-04-09 04:00:00,2.42
2017-04-09 05:00:00,2.42
2017-04-09 06:00:00,2.42
2017-04-09 07:00:00,2.42
2017-04-09 08:00:00,2.42
2017-04-09 09:00:00,2.42
2017-04-09 10:00:00,2.42
2017-04-09 11:00:00,2.42
2017-04-09 12:00:00,2.42
2017-04-09 13:00:00,2.42
2017-04-09 14:00:00,2.42
2017-04-09 15:00:00,2.42
2017-04-09 16:00:00,2.42
2017-04-09 17:00:00,2.42
2017-04-09 18:00:00,2.42
2017-04-09 19:00:00,6.230000004
2017-04-09 20:00:00,30.32
2017-04-09 21:00:00,30.37
2017-04-09 22:00:00,29.21
2017-04-09 23:00:00,2.42
2017-04-10 00:00:00,2.42
2017-04-10 01:00:00,2.42
2017-04-10 02:00:00,2.42
2017-04-10 03:00:00,2.42
2017-04-10 04:00:00,2.42
2017-04-10 05:00:00,2.42
2017-04-10 06:00:00,2.42
2017-04-10 07:00:00,2.42
2017-04-10 08:00:00,2.42
2017-04-10 09:00:00,2.42
2017-04-10 10:00:00,2.42
2017-04-10 11:00:00,2.42
2017-04-10 12:00:00,2.42
2017-04-10 13:00:00,2.42
2017-04-10 14:00:00,2.42
2017-04-10 15:00:00,2.42
2017-04-10 16:00:00,2.42
2017-04-10 17:00:00,2.42
2017-04-10 18:00:00,2.42
2017-04-10 19:00:00,29.62
2017-04-10 20:00:00,30.25
2017-04-10 21:00:00,29.5
2017-04-10 22:00:00,2.42
2017-04-10 23:00:00,2.42
2017-04-11 00:00:00,2.42
2017-04-11 01:00:00,2.42
2017-04-11 02:00:00,2.42
2017-04-11 03:00:00,2.42
2017-04-11 04:00:00,2.42
2017-04-11 05:00:00,2.42
2017-04-11 06:00:00,2.42
2017-04-11 07:00:00,2.42
2017-04-11 08:00:00,2.42
2017-04-11 09:00:00,2.42
2017-04-11 10:00:00,2.42
2017-04-11 11:00:00,2.42
2017-04-11 12:00:00,2.42
2017-04-11 13:00:00,2.420000006
2017-04-11 14:00:00,35.33
2017-04-11 15:00:00,18.08
2017-04-11 16:00:00,40.60999999
2017-04-11 17:00:00,2.42
2017-04-11 18:00:00,2.42
2017-04-11 19:00:00,2.42
2017-04-11 20:00:00,2.42
2017-04-11 21:00:00,2.42
2017-04-11 22:00:00,2.42
2017-04-11 23:00:00,2.42
2017-04-12 00:00:00,2.42
2017-04-12 01:00:00,2.42
2017-04-12 02:00:00,2.42
2017-04-12 03:00:00,2.42
2017-04-12 04:00:00,2.42
2017-04-12 05:00:00,2.42
2017-04-12 06:00:00,2.42
2017-04-12 07:00:00,2.42
2017-04-12 08:00:00,2.42
2017-04-12 09:00:00,2.42
2017-04-12 10:00:00,2.42
2017-04-12 11:00:00,2.42
2017-04-12 12:00:00,2.42
2017-04-12 13:00:00,2.42
2017-04-12 14:00:00,2.42
2017-04-12 15:00:00,2.42
2017-04-12 16:00:00,2.42
2017-04-12 17:00:00,2.42
2017-04-12 18:00:00,2.42
2017-04-12 19:00:00,3.910000005
2017-04-12 20:00:00,30.17
2017-04-12 21:00:00,30.49
2017-04-12 22:00:00,34.38999999
2017-04-12 23:00:00,2.42
2017-04-13 00:00:00,2.42
2017-04-13 01:00:00,2.42
2017-04-13 02:00:00,2.42
2017-04-13 03:00:00,2.42
2017-04-13 04:00:00,2.42
2017-04-13 05:00:00,2.42
2017-04-13 06:00:00,2.42
2017-04-13 07:00:00,0
2017-04-13 08:00:00,0
2017-04-13 09:00:00,0
2017-04-13 10:00:00,0
2017-04-13 11:00:00,0
2017-04-13 12:00:00,0
2017-04-13 13:00:00,0
2017-04-13 14:00:00,0
2017-04-13 15:00:00,0
2017-04-13 16:00:00,0
2017-04-13 17:00:00,0
2017-04-13 18:00:00,0
2017-04-13 19:00:00,5.000000002
2017-04-13 20:00:00,19.2
2017-04-13 21:00:00,15.5
2017-04-13 22:00:00,35.05
2017-04-13 23:00:00,15.5
2017-04-14 00:00:00,2.42
2017-04-14 01:00:00,2.42
2017-04-14 02:00:00,2.42
2017-04-14 03:00:00,2.42
2017-04-14 04:00:00,2.42
2017-04-14 05:00:00,2.42
2017-04-14 06:00:00,2.42
2017-04-14 07:00:00,2.42
2017-04-14 08:00:00,2.42
2017-04-14 09:00:00,2.42
2017-04-14 10:00:00,2.42
2017-04-14 11:00:00,2.42
2017-04-14 12:00:00,2.42
2017-04-14 13:00:00,2.42
2017-04-14 14:00:00,2.42
2017-04-14 15:00:00,2.42
2017-04-14 16:00:00,2.42
2017-04-14 17:00:00,2.42
2017-04-14 18:00:00,2.42
2017-04-14 19:00:00,5.330000003
2017-04-14 20:00:00,23.4
2017-04-14 21:00:00,40.46
2017-04-14 22:00:00,17.77
2017-04-14 23:00:00,16.25
2017-04-15 00:00:00,2.42
2017-04-15 01:00:00,2.42
2017-04-15 02:00:00,2.42
2017-04-15 03:00:00,2.42
2017-04-15 04:00:00,2.42
2017-04-15 05:00:00,2.42
2017-04-15 06:00:00,2.42
2017-04-15 07:00:00,0
2017-04-15 08:00:00,0
2017-04-15 09:00:00,0
2017-04-15 10:00:00,0
2017-04-15 11:00:00,0
2017-04-15 12:00:00,0
2017-04-15 13:00:00,0
2017-04-15 14:00:00,0
2017-04-15 15:00:00,0
2017-04-15 16:00:00,0
2017-04-15 17:00:00,0
2017-04-15 18:00:00,0
2017-04-15 19:00:00,3.58E-09
2017-04-15 20:00:00,20.5
2017-04-15 21:00:00,26.3
2017-04-15 22:00:00,26.3
2017-04-15 23:00:00,26.3
2017-04-16 00:00:00,2.42
2017-04-16 01:00:00,2.42
2017-04-16 02:00:00,2.42
2017-04-16 03:00:00,2.42
2017-04-16 04:00:00,2.42
2017-04-16 05:00:00,2.42
2017-04-16 06:00:00,2.42
2017-04-16 07:00:00,2.42
2017-04-16 08:00:00,2.42
2017-04-16 09:00:00,2.42
2017-04-16 10:00:00,2.42
2017-04-16 11:00:00,2.42
2017-04-16 12:00:00,2.42
2017-04-16 13:00:00,2.42
2017-04-16 14:00:00,2.42
2017-04-16 15:00:00,2.42
2017-04-16 16:00:00,2.42
2017-04-16 17:00:00,2.42
2017-04-16 18:00:00,2.42
2017-04-16 19:00:00,2.42
2017-04-16 20:00:00,2.42
2017-04-16 21:00:00,2.42
2017-04-16 22:00:00,2.42
2017-04-16 23:00:00,2.42
2017-04-17 00:00:00,2.42
2017-04-17 01:00:00,2.42
2017-04-17 02:00:00,2.42
2017-04-17 03:00:00,2.42
2017-04-17 04:00:00,2.42
2017-04-17 05:00:00,2.42
2017-04-17 06:00:00,2.42
2017-04-17 07:00:00,2.42
2017-04-17 08:00:00,2.42
2017-04-17 09:00:00,2.42
2017-04-17 10:00:00,2.42
2017-04-17 11:00:00,2.42
2017-04-17 12:00:00,2.42
2017-04-17 13:00:00,2.42
2017-04-17 14:00:00,2.42
2017-04-17 15:00:00,2.42
2017-04-17 16:00:00,2.42
2017-04-17 17:00:00,2.42
2017-04-17 18:00:00,2.42
2017-04-17 19:00:00,9.020000005
2017-04-17 20:00:00,40.41
2017-04-17 21:00:00,31.06
2017-04-17 22:00:00,30.79
2017-04-17 23:00:00,20.35
2017-04-18 00:00:00,5.03
2017-04-18 01:00:00,2.42
2017-04-18 02:00:00,2.42
2017-04-18 03:00:00,2.42
2017-04-18 04:00:00,2.42
2017-04-18 05:00:00,2.42
2017-04-18 06:00:00,2.42
2017-04-18 07:00:00,2.42
2017-04-18 08:00:00,2.42
2017-04-18 09:00:00,2.42
2017-04-18 10:00:00,30.93
2017-04-18 11:00:00,36.05
2017-04-18 12:00:00,35.03
2017-04-18 13:00:00,2.42
2017-04-18 14:00:00,2.42
2017-04-18 15:00:00,2.42
2017-04-18 16:00:00,2.42
2017-04-18 17:00:00,2.42
2017-04-18 18:00:00,2.42
2017-04-18 19:00:00,14.98000001
2017-04-18 20:00:00,43.69
2017-04-18 21:00:00,30.63
2017-04-18 22:00:00,30.91
2017-04-18 23:00:00,11.81
2017-04-19 00:00:00,2.42
2017-04-19 01:00:00,2.42
2017-04-19 02:00:00,2.42
2017-04-19 03:00:00,2.42
2017-04-19 04:00:00,2.42
2017-04-19 05:00:00,2.42
2017-04-19 06:00:00,2.42
2017-04-19 07:00:00,0
2017-04-19 08:00:00,0
2017-04-19 09:00:00,0
2017-04-19 10:00:00,0
2017-04-19 11:00:00,0
2017-04-19 12:00:00,0
2017-04-19 13:00:00,0
2017-04-19 14:00:00,0
2017-04-19 15:00:00,0
2017-04-19 16:00:00,0
2017-04-19 17:00:00,0
2017-04-19 18:00:00,5
2017-04-19 19:00:00,19.2
2017-04-19 20:00:00,35.05
2017-04-19 21:00:00,35.05
2017-04-19 22:00:00,35.05
2017-04-19 23:00:00,35.05
2017-04-25 00:00:00,2.42
2017-04-25 01:00:00,2.42
2017-04-25 02:00:00,2.42
2017-04-25 03:00:00,2.42
2017-04-25 04:00:00,2.42
2017-04-25 05:00:00,2.42
2017-04-25 06:00:00,2.42
2017-04-25 07:00:00,2.42
2017-04-25 08:00:00,2.42
2017-04-25 09:00:00,2.42
2017-04-25 10:00:00,2.42
2017-04-25 11:00:00,2.42
2017-04-25 12:00:00,2.42
2017-04-25 13:00:00,2.42
2017-04-25 14:00:00,2.42
2017-04-25 15:00:00,2.42
2017-04-25 16:00:00,2.42
2017-04-25 17:00:00,2.42
2017-04-25 18:00:00,2.42
2017-04-25 19:00:00,2.420000007
2017-04-25 20:00:00,40.97
2017-04-25 21:00:00,42.35
2017-04-25 22:00:00,41.99
2017-04-25 23:00:00,41.72
2017-04-26 00:00:00,15.85
2017-04-26 01:00:00,2.42
2017-04-26 02:00:00,2.42
2017-04-26 03:00:00,2.42
2017-04-26 04:00:00,2.42
2017-04-26 05:00:00,2.42
2017-04-26 06:00:00,2.42
2017-04-26 07:00:00,2.42
2017-04-26 08:00:00,2.42
2017-04-26 09:00:00,2.42
2017-04-26 10:00:00,2.42
2017-04-26 11:00:00,2.42
2017-04-26 12:00:00,2.42
2017-04-26 13:00:00,2.42
2017-04-26 14:00:00,2.42
2017-04-26 15:00:00,2.42
2017-04-26 16:00:00,2.42
2017-04-26 17:00:00,2.42
2017-04-26 18:00:00,2.42
2017-04-26 19:00:00,2.420000007
2017-04-26 20:00:00,43.5
2017-04-26 21:00:00,44
2017-04-26 22:00:00,44.08
2017-04-26 23:00:00,44.11
2017-04-27 00:00:00,6.55
2017-04-27 01:00:00,2.42
2017-04-27 02:00:00,2.42
2017-04-27 03:00:00,2.42
2017-04-27 04:00:00,2.42
2017-04-27 05:00:00,2.42
2017-04-27 06:00:00,2.42
2017-04-27 07:00:00,0
2017-04-27 08:00:00,0
2017-04-27 09:00:00,0
2017-04-27 10:00:00,0
2017-04-27 11:00:00,0
2017-04-27 12:00:00,0
2017-04-27 13:00:00,0
2017-04-27 14:00:00,0
2017-04-27 15:00:00,0
2017-04-27 16:00:00,0
2017-04-27 17:00:00,0
2017-04-27 18:00:00,5
2017-04-27 19:00:00,30
2017-04-27 20:00:00,41.08
2017-04-27 21:00:00,41.58
2017-04-27 22:00:00,41.66
2017-04-27 23:00:00,41.69
2017-04-29 00:00:00,2.42
2017-04-29 01:00:00,2.42
2017-04-29 02:00:00,2.42
2017-04-29 03:00:00,2.42
2017-04-29 04:00:00,2.42
2017-04-29 05:00:00,2.42
2017-04-29 06:00:00,2.42
2017-04-29 07:00:00,2.42
2017-04-29 08:00:00,2.42
2017-04-29 09:00:00,2.42
2017-04-29 10:00:00,2.42
2017-04-29 11:00:00,2.42
2017-04-29 12:00:00,2.42
2017-04-29 13:00:00,2.42
2017-04-29 14:00:00,2.42
2017-04-29 15:00:00,2.42
2017-04-29 16:00:00,2.42
2017-04-29 17:00:00,2.42
2017-04-29 18:00:00,2.42
2017-04-29 19:00:00,5.880000006
2017-04-29 20:00:00,39.11
2017-04-29 21:00:00,39.49
2017-04-29 22:00:00,39.56
2017-04-29 23:00:00,39.54
2017-04-30 00:00:00,36.83
2017-04-30 01:00:00,2.42
2017-04-30 02:00:00,2.42
2017-04-30 03:00:00,2.42
2017-04-30 04:00:00,2.42
2017-04-30 05:00:00,2.42
2017-04-30 06:00:00,2.42
2017-04-30 07:00:00,0
2017-04-30 08:00:00,0
2017-04-30 09:00:00,0
2017-04-30 10:00:00,0
2017-04-30 11:00:00,0
2017-04-30 12:00:00,0
2017-04-30 13:00:00,0
2017-04-30 14:00:00,0
2017-04-30 15:00:00,0
2017-04-30 16:00:00,0
2017-04-30 17:00:00,0
2017-04-30 18:00:00,0
2017-04-30 19:00:00,3.67E-09
2017-04-30 20:00:00,21
2017-04-30 21:00:00,15.8
2017-04-30 22:00:00,15.8
2017-04-30 23:00:00,0
2017-05-02 00:00:00,1.78
2017-05-02 01:00:00,1.78
2017-05-02 02:00:00,1.78
2017-05-02 03:00:00,1.78
2017-05-02 04:00:00,1.78
2017-05-02 05:00:00,1.78
2017-05-02 06:00:00,1.78
2017-05-02 07:00:00,1.78
2017-05-02 08:00:00,1.78
2017-05-02 09:00:00,1.78
2017-05-02 10:00:00,1.78
2017-05-02 11:00:00,1.78
2017-05-02 12:00:00,1.78
2017-05-02 13:00:00,1.78
2017-05-02 14:00:00,1.78
2017-05-02 15:00:00,1.78
2017-05-02 16:00:00,1.780000004
2017-05-02 17:00:00,24.79
2017-05-02 18:00:00,24.66
2017-05-02 19:00:00,25.06
2017-05-02 20:00:00,35.39
2017-05-02 21:00:00,35.33
2017-05-02 22:00:00,35.42
2017-05-02 23:00:00,31.2
2017-05-03 00:00:00,1.78
2017-05-03 01:00:00,1.78
2017-05-03 02:00:00,1.78
2017-05-03 03:00:00,1.78
2017-05-03 04:00:00,1.78
2017-05-03 05:00:00,1.78
2017-05-03 06:00:00,1.78
2017-05-03 07:00:00,1.78
2017-05-03 08:00:00,1.78
2017-05-03 09:00:00,1.78
2017-05-03 10:00:00,1.78
2017-05-03 11:00:00,1.78
2017-05-03 12:00:00,1.78
2017-05-03 13:00:00,1.78
2017-05-03 14:00:00,1.78
2017-05-03 15:00:00,1.78
2017-05-03 16:00:00,1.78
2017-05-03 17:00:00,1.78
2017-05-03 18:00:00,1.78
2017-05-03 19:00:00,1.78
2017-05-03 20:00:00,1.78
2017-05-03 21:00:00,1.78
2017-05-03 22:00:00,1.78
2017-05-03 23:00:00,1.78
2017-05-04 00:00:00,1.78
2017-05-04 01:00:00,2.42
2017-05-04 02:00:00,2.42
2017-05-04 03:00:00,2.42
2017-05-04 04:00:00,2.42
2017-05-04 05:00:00,2.42
2017-05-04 06:00:00,2.42
2017-05-04 07:00:00,2.42
2017-05-04 08:00:00,2.42
2017-05-04 09:00:00,2.42
2017-05-04 10:00:00,2.42
2017-05-04 11:00:00,2.42
2017-05-04 12:00:00,2.42
2017-05-04 13:00:00,2.42
2017-05-04 14:00:00,2.42
2017-05-04 15:00:00,2.42
2017-05-04 16:00:00,2.42
2017-05-04 17:00:00,2.42
2017-05-04 18:00:00,2.42
2017-05-04 19:00:00,2.42
2017-05-04 20:00:00,2.42
2017-05-04 21:00:00,2.42
2017-05-04 22:00:00,2.42
2017-05-04 23:00:00,2.42
2017-05-05 00:00:00,2.42
2017-05-05 01:00:00,2.42
2017-05-05 02:00:00,2.42
2017-05-05 03:00:00,2.42
2017-05-05 04:00:00,2.42
2017-05-05 05:00:00,2.42
2017-05-05 06:00:00,2.42
2017-05-05 07:00:00,2.42
2017-05-05 08:00:00,2.42
2017-05-05 09:00:00,2.42
2017-05-05 10:00:00,2.42
2017-05-05 11:00:00,2.42
2017-05-05 12:00:00,2.42
2017-05-05 13:00:00,2.42
2017-05-05 14:00:00,2.42
2017-05-05 15:00:00,2.42
2017-05-05 16:00:00,2.42
2017-05-05 17:00:00,2.42
2017-05-05 18:00:00,2.42
2017-05-05 19:00:00,2.42
2017-05-05 20:00:00,2.42
2017-05-05 21:00:00,2.42
2017-05-05 22:00:00,2.42
2017-05-05 23:00:00,2.42
2017-05-06 00:00:00,2.42
2017-05-06 01:00:00,2.42
2017-05-06 02:00:00,2.42
2017-05-06 03:00:00,2.42
2017-05-06 04:00:00,2.42
2017-05-06 05:00:00,2.42
2017-05-06 06:00:00,2.42
2017-05-06 07:00:00,2.42
2017-05-06 08:00:00,2.42
2017-05-06 09:00:00,2.42
2017-05-06 10:00:00,2.42
2017-05-06 11:00:00,2.42
2017-05-06 12:00:00,2.42
2017-05-06 13:00:00,2.42
2017-05-06 14:00:00,2.42
2017-05-06 15:00:00,2.42
2017-05-06 16:00:00,2.42
2017-05-06 17:00:00,2.42
2017-05-06 18:00:00,2.42
2017-05-06 19:00:00,2.42
2017-05-06 20:00:00,2.42
2017-05-06 21:00:00,2.42
2017-05-06 22:00:00,2.42
2017-05-06 23:00:00,2.42
2017-05-07 00:00:00,2.42
2017-05-07 01:00:00,2.42
2017-05-07 02:00:00,2.42
2017-05-07 03:00:00,2.42
2017-05-07 04:00:00,2.42
2017-05-07 05:00:00,2.42
2017-05-07 06:00:00,2.42
2017-05-07 07:00:00,2.42
2017-05-07 08:00:00,2.42
2017-05-07 09:00:00,2.42
2017-05-07 10:00:00,2.42
2017-05-07 11:00:00,2.42
2017-05-07 12:00:00,2.42
2017-05-07 13:00:00,2.42
2017-05-07 14:00:00,2.42
2017-05-07 15:00:00,2.42
2017-05-07 16:00:00,2.42
2017-05-07 17:00:00,2.42
2017-05-07 18:00:00,2.42
2017-05-07 19:00:00,2.42
2017-05-07 20:00:00,2.42
2017-05-07 21:00:00,2.42
2017-05-07 22:00:00,2.42
2017-05-07 23:00:00,2.42
2017-05-08 00:00:00,2.42
2017-05-08 01:00:00,2.42
2017-05-08 02:00:00,2.42
2017-05-08 03:00:00,2.42
2017-05-08 04:00:00,2.42
2017-05-08 05:00:00,2.42
2017-05-08 06:00:00,2.42
2017-05-08 07:00:00,2.42
2017-05-08 08:00:00,2.42
2017-05-08 09:00:00,2.42
2017-05-08 10:00:00,2.42
2017-05-08 11:00:00,2.42
2017-05-08 12:00:00,2.42
2017-05-08 13:00:00,2.42
2017-05-08 14:00:00,2.42
2017-05-08 15:00:00,2.42
2017-05-08 16:00:00,2.42
2017-05-08 17:00:00,2.42
2017-05-08 18:00:00,2.42
2017-05-08 19:00:00,2.42
2017-05-08 20:00:00,2.42
2017-05-08 21:00:00,2.42
2017-05-08 22:00:00,2.42
2017-05-08 23:00:00,2.42
2017-05-09 00:00:00,2.42
2017-05-09 01:00:00,2.42
2017-05-09 02:00:00,2.42
2017-05-09 03:00:00,2.42
2017-05-09 04:00:00,2.42
2017-05-09 05:00:00,2.42
2017-05-09 06:00:00,2.42
2017-05-09 07:00:00,2.42
2017-05-09 08:00:00,2.42
2017-05-09 09:00:00,2.42
2017-05-09 10:00:00,2.42
2017-05-09 11:00:00,2.42
2017-05-09 12:00:00,2.42
2017-05-09 13:00:00,2.42
2017-05-09 14:00:00,2.42
2017-05-09 15:00:00,2.42
2017-05-09 16:00:00,2.42
2017-05-09 17:00:00,2.42
2017-05-09 18:00:00,2.42
2017-05-09 19:00:00,2.42
2017-05-09 20:00:00,2.42
2017-05-09 21:00:00,2.42
2017-05-09 22:00:00,2.42
2017-05-09 23:00:00,2.42
2017-05-10 00:00:00,2.42
2017-05-10 01:00:00,2.42
2017-05-10 02:00:00,2.42
2017-05-10 03:00:00,2.42
2017-05-10 04:00:00,2.42
2017-05-10 05:00:00,2.42
2017-05-10 06:00:00,2.42
2017-05-10 07:00:00,2.42
2017-05-10 08:00:00,2.42
2017-05-10 09:00:00,2.42
2017-05-10 10:00:00,2.42
2017-05-10 11:00:00,2.42
2017-05-10 12:00:00,2.42
2017-05-10 13:00:00,2.42
2017-05-10 14:00:00,2.42
2017-05-10 15:00:00,2.42
2017-05-10 16:00:00,2.42
2017-05-10 17:00:00,2.42
2017-05-10 18:00:00,2.42
2017-05-10 19:00:00,2.42
2017-05-10 20:00:00,2.42
2017-05-10 21:00:00,2.42
2017-05-10 22:00:00,2.42
2017-05-10 23:00:00,2.42
2017-05-11 00:00:00,2.42
2017-05-11 01:00:00,2.42
2017-05-11 02:00:00,2.42
2017-05-11 03:00:00,2.42
2017-05-11 04:00:00,2.42
2017-05-11 05:00:00,2.42
2017-05-11 06:00:00,2.42
2017-05-11 07:00:00,2.42
2017-05-11 08:00:00,2.42
2017-05-11 09:00:00,2.42
2017-05-11 10:00:00,2.42
2017-05-11 11:00:00,2.42
2017-05-11 12:00:00,2.42
2017-05-11 13:00:00,2.42
2017-05-11 14:00:00,2.42
2017-05-11 15:00:00,2.42
2017-05-11 16:00:00,2.42
2017-05-11 17:00:00,2.42
2017-05-11 18:00:00,10.64
2017-05-11 19:00:00,28.23
2017-05-11 20:00:00,2.42
2017-05-11 21:00:00,2.42
2017-05-11 22:00:00,2.42
2017-05-11 23:00:00,2.42
2017-05-12 00:00:00,2.42
2017-05-12 01:00:00,2.42
2017-05-12 02:00:00,2.42
2017-05-12 03:00:00,2.42
2017-05-12 04:00:00,2.42
2017-05-12 05:00:00,2.42
2017-05-12 06:00:00,2.42
2017-05-12 07:00:00,0
2017-05-12 08:00:00,0
2017-05-12 09:00:00,0
2017-05-12 10:00:00,0
2017-05-12 11:00:00,0
2017-05-12 12:00:00,0
2017-05-12 13:00:00,0
2017-05-12 14:00:00,0
2017-05-12 15:00:00,0
2017-05-12 16:00:00,0
2017-05-12 17:00:00,0
2017-05-12 18:00:00,0
2017-05-12 19:00:00,0
2017-05-12 20:00:00,0
2017-05-12 21:00:00,0
2017-05-12 22:00:00,0
2017-05-12 23:00:00,0
2017-05-13 00:00:00,2.42
2017-05-13 01:00:00,2.42
2017-05-13 02:00:00,2.42
2017-05-13 03:00:00,2.42
2017-05-13 04:00:00,2.42
2017-05-13 05:00:00,2.42
2017-05-13 06:00:00,2.42
2017-05-13 07:00:00,2.42
2017-05-13 08:00:00,2.42
2017-05-13 09:00:00,2.42
2017-05-13 10:00:00,2.42
2017-05-13 11:00:00,2.42
2017-05-13 12:00:00,2.42
2017-05-13 13:00:00,2.42
2017-05-13 14:00:00,2.42
2017-05-13 15:00:00,2.42
2017-05-13 16:00:00,2.42
2017-05-13 17:00:00,2.42
2017-05-13 18:00:00,2.42
2017-05-13 19:00:00,2.42
2017-05-13 20:00:00,2.42
2017-05-13 21:00:00,2.42
2017-05-13 22:00:00,2.42
2017-05-13 23:00:00,2.42
2017-05-14 00:00:00,2.42
2017-05-14 01:00:00,2.42
2017-05-14 02:00:00,2.42
2017-05-14 03:00:00,2.42
2017-05-14 04:00:00,2.42
2017-05-14 05:00:00,2.42
2017-05-14 06:00:00,2.42
2017-05-14 07:00:00,2.42
2017-05-14 08:00:00,2.42
2017-05-14 09:00:00,2.42
2017-05-14 10:00:00,2.42
2017-05-14 11:00:00,2.42
2017-05-14 12:00:00,2.42
2017-05-14 13:00:00,2.42
2017-05-14 14:00:00,2.42
2017-05-14 15:00:00,2.42
2017-05-14 16:00:00,2.42
2017-05-14 17:00:00,2.42
2017-05-14 18:00:00,2.42
2017-05-14 19:00:00,2.42
2017-05-14 20:00:00,2.42
2017-05-14 21:00:00,2.42
2017-05-14 22:00:00,2.42
2017-05-14 23:00:00,2.42
2017-05-15 00:00:00,2.42
2017-05-15 01:00:00,2.42
2017-05-15 02:00:00,2.42
2017-05-15 03:00:00,2.42
2017-05-15 04:00:00,2.42
2017-05-15 05:00:00,2.42
2017-05-15 06:00:00,2.42
2017-05-15 07:00:00,2.42
2017-05-15 08:00:00,2.42
2017-05-15 09:00:00,2.42
2017-05-15 10:00:00,2.42
2017-05-15 11:00:00,2.42
2017-05-15 12:00:00,2.42
2017-05-15 13:00:00,2.42
2017-05-15 14:00:00,2.42
2017-05-15 15:00:00,2.42
2017-05-15 16:00:00,2.42
2017-05-15 17:00:00,2.42
2017-05-15 18:00:00,2.42
2017-05-15 19:00:00,2.42
2017-05-15 20:00:00,2.42
2017-05-15 21:00:00,22.95
2017-05-15 22:00:00,19.93
2017-05-15 23:00:00,27.45
2017-05-16 00:00:00,2.42
2017-05-16 01:00:00,2.42
2017-05-16 02:00:00,2.42
2017-05-16 03:00:00,2.42
2017-05-16 04:00:00,2.42
2017-05-16 05:00:00,2.42
2017-05-16 06:00:00,2.42
2017-05-16 07:00:00,2.42
2017-05-16 08:00:00,2.42
2017-05-16 09:00:00,2.42
2017-05-16 10:00:00,2.42
2017-05-16 11:00:00,2.42
2017-05-16 12:00:00,2.42
2017-05-16 13:00:00,2.42
2017-05-16 14:00:00,2.42
2017-05-16 15:00:00,2.42
2017-05-16 16:00:00,2.42
2017-05-16 17:00:00,2.42
2017-05-16 18:00:00,2.42
2017-05-16 19:00:00,2.420000003
2017-05-16 20:00:00,20.25
2017-05-16 21:00:00,20.42
2017-05-16 22:00:00,31.91999999
2017-05-16 23:00:00,2.42
2017-05-17 00:00:00,2.42
2017-05-17 01:00:00,2.42
2017-05-17 02:00:00,2.42
2017-05-17 03:00:00,2.42
2017-05-17 04:00:00,2.42
2017-05-17 05:00:00,2.42
2017-05-17 06:00:00,2.42
2017-05-17 07:00:00,2.42
2017-05-17 08:00:00,2.42
2017-05-17 09:00:00,2.42
2017-05-17 10:00:00,2.420000005
2017-05-17 11:00:00,29.78
2017-05-17 12:00:00,4.27
2017-05-17 13:00:00,2.42
2017-05-17 14:00:00,2.42
2017-05-17 15:00:00,2.42
2017-05-17 16:00:00,2.42
2017-05-17 17:00:00,2.42
2017-05-17 18:00:00,2.42
2017-05-17 19:00:00,2.420000004
2017-05-17 20:00:00,22.54
2017-05-17 21:00:00,20.1
2017-05-17 22:00:00,20.12
2017-05-17 23:00:00,19.63
2017-05-18 00:00:00,2.42
2017-05-18 01:00:00,2.42
2017-05-18 02:00:00,2.42
2017-05-18 03:00:00,2.42
2017-05-18 04:00:00,2.42
2017-05-18 05:00:00,2.42
2017-05-18 06:00:00,2.42
2017-05-18 07:00:00,0
2017-05-18 08:00:00,0
2017-05-18 09:00:00,0
2017-05-18 10:00:00,0
2017-05-18 11:00:00,0
2017-05-18 12:00:00,0
2017-05-18 13:00:00,4.78E-09
2017-05-18 14:00:00,27.4
2017-05-18 15:00:00,27.4
2017-05-18 16:00:00,27.4
2017-05-18 17:00:00,0
2017-05-18 18:00:00,0
2017-05-18 19:00:00,0
2017-05-18 20:00:00,0
2017-05-18 21:00:00,0
2017-05-18 22:00:00,0
2017-05-18 23:00:00,0
2017-05-19 00:00:00,2.42
2017-05-19 01:00:00,2.42
2017-05-19 02:00:00,2.42
2017-05-19 03:00:00,2.42
2017-05-19 04:00:00,2.42
2017-05-19 05:00:00,2.42
2017-05-19 06:00:00,2.42
2017-05-19 07:00:00,2.42
2017-05-19 08:00:00,2.42
2017-05-19 09:00:00,2.42
2017-05-19 10:00:00,2.420000003
2017-05-19 11:00:00,21.43
2017-05-19 12:00:00,43.74
2017-05-19 13:00:00,35.88
2017-05-19 14:00:00,33.52
2017-05-19 15:00:00,9.51
2017-05-19 16:00:00,2.42
2017-05-19 17:00:00,2.42
2017-05-19 18:00:00,2.42
2017-05-19 19:00:00,2.42
2017-05-19 20:00:00,2.42
2017-05-19 21:00:00,2.42
2017-05-19 22:00:00,2.42
2017-05-19 23:00:00,2.42
2017-05-20 00:00:00,2.42
2017-05-20 01:00:00,2.42
2017-05-20 02:00:00,2.42
2017-05-20 03:00:00,2.42
2017-05-20 04:00:00,2.42
2017-05-20 05:00:00,2.42
2017-05-20 06:00:00,2.42
2017-05-20 07:00:00,2.42
2017-05-20 08:00:00,2.42
2017-05-20 09:00:00,2.42
2017-05-20 10:00:00,2.42
2017-05-20 11:00:00,2.42
2017-05-20 12:00:00,2.42
2017-05-20 13:00:00,2.42
2017-05-20 14:00:00,2.42
2017-05-20 15:00:00,2.42
2017-05-20 16:00:00,2.42
2017-05-20 17:00:00,2.42
2017-05-20 18:00:00,2.42
2017-05-20 19:00:00,2.42
2017-05-20 20:00:00,2.42
2017-05-20 21:00:00,2.42
2017-05-20 22:00:00,2.42
2017-05-20 23:00:00,2.42
2017-05-21 00:00:00,2.42
2017-05-21 01:00:00,2.42
2017-05-21 02:00:00,2.42
2017-05-21 03:00:00,2.42
2017-05-21 04:00:00,2.42
2017-05-21 05:00:00,2.42
2017-05-21 06:00:00,2.42
2017-05-21 07:00:00,2.42
2017-05-21 08:00:00,2.42
2017-05-21 09:00:00,2.42
2017-05-21 10:00:00,2.42
2017-05-21 11:00:00,2.42
2017-05-21 12:00:00,2.42
2017-05-21 13:00:00,2.42
2017-05-21 14:00:00,2.42
2017-05-21 15:00:00,2.42
2017-05-21 16:00:00,2.42
2017-05-21 17:00:00,2.42
2017-05-21 18:00:00,2.42
2017-05-21 19:00:00,2.42
2017-05-21 20:00:00,2.42
2017-05-21 21:00:00,2.42
2017-05-21 22:00:00,2.42
2017-05-21 23:00:00,2.42
2017-05-22 00:00:00,2.42
2017-05-22 01:00:00,2.42
2017-05-22 02:00:00,2.42
2017-05-22 03:00:00,2.42
2017-05-22 04:00:00,2.42
2017-05-22 05:00:00,2.42
2017-05-22 06:00:00,2.42
2017-05-22 07:00:00,2.42
2017-05-22 08:00:00,2.42
2017-05-22 09:00:00,2.42
2017-05-22 10:00:00,2.42
2017-05-22 11:00:00,2.42
2017-05-22 12:00:00,2.42
2017-05-22 13:00:00,2.42
2017-05-22 14:00:00,2.42
2017-05-22 15:00:00,2.42
2017-05-22 16:00:00,2.42
2017-05-22 17:00:00,2.42
2017-05-22 18:00:00,2.42
2017-05-22 19:00:00,2.420000004
2017-05-22 20:00:00,27.88
2017-05-22 21:00:00,28.01
2017-05-22 22:00:00,28.02
2017-05-22 23:00:00,24.2
2017-05-23 00:00:00,2.42
2017-05-23 01:00:00,2.42
2017-05-23 02:00:00,2.42
2017-05-23 03:00:00,2.42
2017-05-23 04:00:00,2.42
2017-05-23 05:00:00,2.42
2017-05-23 06:00:00,2.42
2017-05-23 07:00:00,2.42
2017-05-23 08:00:00,2.42
2017-05-23 09:00:00,2.42
2017-05-23 10:00:00,2.42
2017-05-23 11:00:00,2.42
2017-05-23 12:00:00,2.42
2017-05-23 13:00:00,2.42
2017-05-23 14:00:00,2.42
2017-05-23 15:00:00,2.42
2017-05-23 16:00:00,2.42
2017-05-23 17:00:00,2.42
2017-05-23 18:00:00,2.42
2017-05-23 19:00:00,2.420000007
2017-05-23 20:00:00,43.07
2017-05-23 21:00:00,25.31
2017-05-23 22:00:00,20.23
2017-05-23 23:00:00,19.72
2017-05-24 00:00:00,2.42
2017-05-24 01:00:00,2.42
2017-05-24 02:00:00,2.42
2017-05-24 03:00:00,2.42
2017-05-24 04:00:00,2.42
2017-05-24 05:00:00,2.42
2017-05-24 06:00:00,2.42
2017-05-24 07:00:00,2.42
2017-05-24 08:00:00,2.42
2017-05-24 09:00:00,2.42
2017-05-24 10:00:00,2.42
2017-05-24 11:00:00,2.42
2017-05-24 12:00:00,2.42
2017-05-24 13:00:00,2.42
2017-05-24 14:00:00,2.42
2017-05-24 15:00:00,2.42
2017-05-24 16:00:00,2.42
2017-05-24 17:00:00,2.42
2017-05-24 18:00:00,2.42
2017-05-24 19:00:00,11.3
2017-05-24 20:00:00,36.7
2017-05-24 21:00:00,23.06
2017-05-24 22:00:00,20.18
2017-05-24 23:00:00,18.82
2017-05-25 00:00:00,2.42
2017-05-25 01:00:00,2.42
2017-05-25 02:00:00,2.42
2017-05-25 03:00:00,2.42
2017-05-25 04:00:00,2.42
2017-05-25 05:00:00,2.42
2017-05-25 06:00:00,2.42
2017-05-25 07:00:00,2.42
2017-05-25 08:00:00,2.42
2017-05-25 09:00:00,2.42
2017-05-25 10:00:00,2.42
2017-05-25 11:00:00,2.42
2017-05-25 12:00:00,2.42
2017-05-25 13:00:00,2.42
2017-05-25 14:00:00,2.42
2017-05-25 15:00:00,2.42
2017-05-25 16:00:00,2.42
2017-05-25 17:00:00,2.42
2017-05-25 18:00:00,2.42
2017-05-25 19:00:00,33.35
2017-05-25 20:00:00,33.56
2017-05-25 21:00:00,32.41
2017-05-25 22:00:00,2.42
2017-05-25 23:00:00,2.42
2017-05-26 00:00:00,2.42
2017-05-26 01:00:00,2.42
2017-05-26 02:00:00,2.42
2017-05-26 03:00:00,2.42
2017-05-26 04:00:00,2.42
2017-05-26 05:00:00,2.42
2017-05-26 06:00:00,2.42
2017-05-26 07:00:00,2.42
2017-05-26 08:00:00,2.42
2017-05-26 09:00:00,2.42
2017-05-26 10:00:00,2.42
2017-05-26 11:00:00,2.42
2017-05-26 12:00:00,2.42
2017-05-26 13:00:00,2.42
2017-05-26 14:00:00,2.42
2017-05-26 15:00:00,2.42
2017-05-26 16:00:00,2.42
2017-05-26 17:00:00,2.42
2017-05-26 18:00:00,2.42
2017-05-26 19:00:00,17.75
2017-05-26 20:00:00,43
2017-05-26 21:00:00,33.71
2017-05-26 22:00:00,25.24
2017-05-26 23:00:00,18.41
2017-05-27 00:00:00,2.42
2017-05-27 01:00:00,2.42
2017-05-27 02:00:00,2.42
2017-05-27 03:00:00,2.42
2017-05-27 04:00:00,2.42
2017-05-27 05:00:00,2.42
2017-05-27 06:00:00,2.42
2017-05-27 07:00:00,2.42
2017-05-27 08:00:00,2.42
2017-05-27 09:00:00,2.42
2017-05-27 10:00:00,2.42
2017-05-27 11:00:00,2.42
2017-05-27 12:00:00,2.42
2017-05-27 13:00:00,2.42
2017-05-27 14:00:00,2.42
2017-05-27 15:00:00,2.42
2017-05-27 16:00:00,2.42
2017-05-27 17:00:00,2.42
2017-05-27 18:00:00,2.42
2017-05-27 19:00:00,2.42
2017-05-27 20:00:00,2.42
2017-05-27 21:00:00,2.42
2017-05-27 22:00:00,2.42
2017-05-27 23:00:00,2.42
2017-05-28 00:00:00,2.42
2017-05-28 01:00:00,2.42
2017-05-28 02:00:00,2.42
2017-05-28 03:00:00,2.42
2017-05-28 04:00:00,2.42
2017-05-28 05:00:00,2.42
2017-05-28 06:00:00,2.42
2017-05-28 07:00:00,2.42
2017-05-28 08:00:00,2.42
2017-05-28 09:00:00,2.42
2017-05-28 10:00:00,2.42
2017-05-28 11:00:00,2.42
2017-05-28 12:00:00,2.42
2017-05-28 13:00:00,2.42
2017-05-28 14:00:00,2.42
2017-05-28 15:00:00,2.42
2017-05-28 16:00:00,2.42
2017-05-28 17:00:00,2.42
2017-05-28 18:00:00,2.42
2017-05-28 19:00:00,2.42
2017-05-28 20:00:00,2.42
2017-05-28 21:00:00,2.42
2017-05-28 22:00:00,2.42
2017-05-28 23:00:00,2.42
2017-05-29 00:00:00,2.42
2017-05-29 01:00:00,2.42
2017-05-29 02:00:00,2.42
2017-05-29 03:00:00,2.42
2017-05-29 04:00:00,2.42
2017-05-29 05:00:00,2.42
2017-05-29 06:00:00,2.42
2017-05-29 07:00:00,2.42
2017-05-29 08:00:00,2.42
2017-05-29 09:00:00,2.42
2017-05-29 10:00:00,2.42
2017-05-29 11:00:00,2.42
2017-05-29 12:00:00,2.42
2017-05-29 13:00:00,2.42
2017-05-29 14:00:00,2.42
2017-05-29 15:00:00,2.42
2017-05-29 16:00:00,2.42
2017-05-29 17:00:00,2.42
2017-05-29 18:00:00,2.42
2017-05-29 19:00:00,2.420000005
2017-05-29 20:00:00,29.83
2017-05-29 21:00:00,43.01
2017-05-29 22:00:00,19.18
2017-05-29 23:00:00,17.81
2017-05-30 00:00:00,2.42
2017-05-30 01:00:00,2.42
2017-05-30 02:00:00,2.42
2017-05-30 03:00:00,2.42
2017-05-30 04:00:00,2.42
2017-05-30 05:00:00,2.42
2017-05-30 06:00:00,2.42
2017-05-30 07:00:00,0
2017-05-30 08:00:00,0
2017-05-30 09:00:00,0
2017-05-30 10:00:00,0
2017-05-30 11:00:00,0
2017-05-30 12:00:00,0
2017-05-30 13:00:00,0
2017-05-30 14:00:00,0
2017-05-30 15:00:00,0
2017-05-30 16:00:00,0
2017-05-30 17:00:00,0
2017-05-30 18:00:00,0
2017-05-30 19:00:00,4.79E-09
2017-05-30 20:00:00,27.41
2017-05-30 21:00:00,40.59
2017-05-30 22:00:00,16.76
2017-05-30 23:00:00,15.39
2017-05-31 00:00:00,2.42
2017-05-31 01:00:00,2.42
2017-05-31 02:00:00,2.42
2017-05-31 03:00:00,2.42
2017-05-31 04:00:00,2.42
2017-05-31 05:00:00,2.42
2017-05-31 06:00:00,2.42
2017-05-31 07:00:00,2.42
2017-05-31 08:00:00,2.42
2017-05-31 09:00:00,2.42
2017-05-31 10:00:00,2.42
2017-05-31 11:00:00,2.42
2017-05-31 12:00:00,2.42
2017-05-31 13:00:00,2.42
2017-05-31 14:00:00,2.42
2017-05-31 15:00:00,2.42
2017-05-31 16:00:00,2.42
2017-05-31 17:00:00,2.42
2017-05-31 18:00:00,2.42
2017-05-31 19:00:00,2.420000005
2017-05-31 20:00:00,33.64
2017-05-31 21:00:00,34.58
2017-05-31 22:00:00,34.48999999
2017-05-31 23:00:00,2.42
2017-06-01 00:00:00,2.42
2017-06-01 01:00:00,2.42
2017-06-01 02:00:00,2.42
2017-06-01 03:00:00,2.42
2017-06-01 04:00:00,2.42
2017-06-01 05:00:00,2.42
2017-06-01 06:00:00,2.42
2017-06-01 07:00:00,2.42
2017-06-01 08:00:00,2.42
2017-06-01 09:00:00,2.42
2017-06-01 10:00:00,2.42
2017-06-01 11:00:00,2.42
2017-06-01 12:00:00,2.42
2017-06-01 13:00:00,2.42
2017-06-01 14:00:00,2.42
2017-06-01 15:00:00,2.42
2017-06-01 16:00:00,2.42
2017-06-01 17:00:00,2.42
2017-06-01 18:00:00,2.42
2017-06-01 19:00:00,2.420000006
2017-06-01 20:00:00,35.27
2017-06-01 21:00:00,33.05
2017-06-01 22:00:00,32.85999999
2017-06-01 23:00:00,2.42
2017-06-02 00:00:00,2.42
2017-06-02 01:00:00,2.42
2017-06-02 02:00:00,2.42
2017-06-02 03:00:00,2.42
2017-06-02 04:00:00,2.42
2017-06-02 05:00:00,2.42
2017-06-02 06:00:00,2.42
2017-06-02 07:00:00,2.42
2017-06-02 08:00:00,2.42
2017-06-02 09:00:00,2.42
2017-06-02 10:00:00,2.42
2017-06-02 11:00:00,2.42
2017-06-02 12:00:00,2.42
2017-06-02 13:00:00,2.42
2017-06-02 14:00:00,2.42
2017-06-02 15:00:00,30.81
2017-06-02 16:00:00,32.37
2017-06-02 17:00:00,32.06
2017-06-02 18:00:00,2.42
2017-06-02 19:00:00,2.42
2017-06-02 20:00:00,2.42
2017-06-02 21:00:00,2.42
2017-06-02 22:00:00,2.42
2017-06-02 23:00:00,2.42
2017-06-03 00:00:00,1.78
2017-06-03 01:00:00,2.42
2017-06-03 02:00:00,2.42
2017-06-03 03:00:00,2.42
2017-06-03 04:00:00,2.42
2017-06-03 05:00:00,2.42
2017-06-03 06:00:00,2.42
2017-06-03 07:00:00,2.42
2017-06-03 08:00:00,2.42
2017-06-03 09:00:00,2.42
2017-06-03 10:00:00,2.42
2017-06-03 11:00:00,2.42
2017-06-03 12:00:00,2.42
2017-06-03 13:00:00,2.42
2017-06-03 14:00:00,2.42
2017-06-03 15:00:00,2.42
2017-06-03 16:00:00,2.42
2017-06-03 17:00:00,2.42
2017-06-03 18:00:00,2.42
2017-06-03 19:00:00,2.42
2017-06-03 20:00:00,2.42
2017-06-03 21:00:00,2.42
2017-06-03 22:00:00,2.42
2017-06-03 23:00:00,2.42
2017-06-04 00:00:00,0
2017-06-04 01:00:00,2.42
2017-06-04 02:00:00,2.42
2017-06-04 03:00:00,2.42
2017-06-04 04:00:00,2.42
2017-06-04 05:00:00,2.42
2017-06-04 06:00:00,2.42
2017-06-04 07:00:00,2.42
2017-06-04 08:00:00,2.42
2017-06-04 09:00:00,2.42
2017-06-04 10:00:00,2.42
2017-06-04 11:00:00,2.42
2017-06-04 12:00:00,2.42
2017-06-04 13:00:00,2.42
2017-06-04 14:00:00,2.42
2017-06-04 15:00:00,2.42
2017-06-04 16:00:00,2.42
2017-06-04 17:00:00,2.42
2017-06-04 18:00:00,2.42
2017-06-04 19:00:00,2.42
2017-06-04 20:00:00,2.42
2017-06-04 21:00:00,2.42
2017-06-04 22:00:00,2.42
2017-06-04 23:00:00,2.42
2017-06-05 00:00:00,2.42
2017-06-05 01:00:00,2.42
2017-06-05 02:00:00,2.42
2017-06-05 03:00:00,2.42
2017-06-05 04:00:00,2.42
2017-06-05 05:00:00,2.42
2017-06-05 06:00:00,2.42
2017-06-05 07:00:00,2.42
2017-06-05 08:00:00,2.42
2017-06-05 09:00:00,2.42
2017-06-05 10:00:00,2.42
2017-06-05 11:00:00,2.42
2017-06-05 12:00:00,2.42
2017-06-05 13:00:00,2.42
2017-06-05 14:00:00,2.42
2017-06-05 15:00:00,2.42
2017-06-05 16:00:00,2.42
2017-06-05 17:00:00,2.42
2017-06-05 18:00:00,2.42
2017-06-05 19:00:00,5.030000005
2017-06-05 20:00:00,36.35
2017-06-05 21:00:00,36.81
2017-06-05 22:00:00,31.02
2017-06-05 23:00:00,2.42
2017-06-06 00:00:00,2.42
2017-06-06 01:00:00,2.42
2017-06-06 02:00:00,2.42
2017-06-06 03:00:00,2.42
2017-06-06 04:00:00,2.42
2017-06-06 05:00:00,2.42
2017-06-06 06:00:00,2.42
2017-06-06 07:00:00,2.42
2017-06-06 08:00:00,2.42
2017-06-06 09:00:00,2.42
2017-06-06 10:00:00,2.42
2017-06-06 11:00:00,2.42
2017-06-06 12:00:00,2.42
2017-06-06 13:00:00,2.42
2017-06-06 14:00:00,2.42
2017-06-06 15:00:00,2.42
2017-06-06 16:00:00,2.42
2017-06-06 17:00:00,2.42
2017-06-06 18:00:00,2.42
2017-06-06 19:00:00,2.420000006
2017-06-06 20:00:00,36.44
2017-06-06 21:00:00,36.1
2017-06-06 22:00:00,32.13999999
2017-06-06 23:00:00,2.42
2017-06-07 00:00:00,0
2017-06-07 01:00:00,2.42
2017-06-07 02:00:00,2.42
2017-06-07 03:00:00,2.42
2017-06-07 04:00:00,2.42
2017-06-07 05:00:00,2.42
2017-06-07 06:00:00,2.42
2017-06-07 07:00:00,2.42
2017-06-07 08:00:00,2.42
2017-06-07 09:00:00,2.42
2017-06-07 10:00:00,2.42
2017-06-07 11:00:00,2.42
2017-06-07 12:00:00,2.42
2017-06-07 13:00:00,2.42
2017-06-07 14:00:00,2.42
2017-06-07 15:00:00,2.42
2017-06-07 16:00:00,2.42
2017-06-07 17:00:00,2.42
2017-06-07 18:00:00,2.42
2017-06-07 19:00:00,6.240000005
2017-06-07 20:00:00,33.83
2017-06-07 21:00:00,33.99
2017-06-07 22:00:00,32.23999999
2017-06-07 23:00:00,2.42
2017-06-08 00:00:00,2.42
2017-06-08 01:00:00,2.42
2017-06-08 02:00:00,2.42
2017-06-08 03:00:00,2.42
2017-06-08 04:00:00,2.42
2017-06-08 05:00:00,2.42
2017-06-08 06:00:00,2.42
2017-06-08 07:00:00,2.42
2017-06-08 08:00:00,2.42
2017-06-08 09:00:00,2.42
2017-06-08 10:00:00,2.42
2017-06-08 11:00:00,2.42
2017-06-08 12:00:00,2.42
2017-06-08 13:00:00,2.42
2017-06-08 14:00:00,2.42
2017-06-08 15:00:00,2.42
2017-06-08 16:00:00,2.42
2017-06-08 17:00:00,2.42
2017-06-08 18:00:00,2.42
2017-06-08 19:00:00,6.230000005
2017-06-08 20:00:00,33.54
2017-06-08 21:00:00,32.95
2017-06-08 22:00:00,31.34999999
2017-06-08 23:00:00,2.42
2017-06-09 00:00:00,2.42
2017-06-09 01:00:00,2.42
2017-06-09 02:00:00,2.42
2017-06-09 03:00:00,2.42
2017-06-09 04:00:00,2.42
2017-06-09 05:00:00,2.42
2017-06-09 06:00:00,2.42
2017-06-09 07:00:00,2.42
2017-06-09 08:00:00,2.42
2017-06-09 09:00:00,2.42
2017-06-09 10:00:00,2.42
2017-06-09 11:00:00,2.42
2017-06-09 12:00:00,2.42
2017-06-09 13:00:00,2.42
2017-06-09 14:00:00,2.42
2017-06-09 15:00:00,2.42
2017-06-09 16:00:00,2.42
2017-06-09 17:00:00,2.42
2017-06-09 18:00:00,2.42
2017-06-09 19:00:00,4.590000005
2017-06-09 20:00:00,33.78
2017-06-09 21:00:00,31.61
2017-06-09 22:00:00,30.87
2017-06-09 23:00:00,2.42
2017-06-10 00:00:00,2.42
2017-06-10 01:00:00,2.84
2017-06-10 02:00:00,2.84
2017-06-10 03:00:00,2.84
2017-06-10 04:00:00,2.84
2017-06-10 05:00:00,2.84
2017-06-10 06:00:00,2.84
2017-06-10 07:00:00,2.84
2017-06-10 08:00:00,2.84
2017-06-10 09:00:00,2.84
2017-06-10 10:00:00,2.84
2017-06-10 11:00:00,2.84
2017-06-10 12:00:00,2.84
2017-06-10 13:00:00,2.84
2017-06-10 14:00:00,2.84
2017-06-10 15:00:00,2.84
2017-06-10 16:00:00,2.84
2017-06-10 17:00:00,2.84
2017-06-10 18:00:00,2.84
2017-06-10 19:00:00,2.84
2017-06-10 20:00:00,2.84
2017-06-10 21:00:00,2.84
2017-06-10 22:00:00,2.84
2017-06-10 23:00:00,2.84
2017-06-11 00:00:00,2.84
2017-06-11 01:00:00,2.84
2017-06-11 02:00:00,2.84
2017-06-11 03:00:00,2.84
2017-06-11 04:00:00,2.84
2017-06-11 05:00:00,2.84
2017-06-11 06:00:00,2.84
2017-06-11 07:00:00,2.84
2017-06-11 08:00:00,2.84
2017-06-11 09:00:00,2.84
2017-06-11 10:00:00,2.84
2017-06-11 11:00:00,2.84
2017-06-11 12:00:00,2.84
2017-06-11 13:00:00,2.84
2017-06-11 14:00:00,2.84
2017-06-11 15:00:00,2.84
2017-06-11 16:00:00,2.84
2017-06-11 17:00:00,2.84
2017-06-11 18:00:00,2.84
2017-06-11 19:00:00,2.84
2017-06-11 20:00:00,2.84
2017-06-11 21:00:00,2.84
2017-06-11 22:00:00,2.84
2017-06-11 23:00:00,2.84
2017-06-12 00:00:00,2.84
2017-06-12 01:00:00,2.84
2017-06-12 02:00:00,2.84
2017-06-12 03:00:00,2.84
2017-06-12 04:00:00,2.84
2017-06-12 05:00:00,2.84
2017-06-12 06:00:00,2.84
2017-06-12 07:00:00,2.84
2017-06-12 08:00:00,2.84
2017-06-12 09:00:00,2.84
2017-06-12 10:00:00,2.84
2017-06-12 11:00:00,2.84
2017-06-12 12:00:00,2.84
2017-06-12 13:00:00,2.84
2017-06-12 14:00:00,2.84
2017-06-12 15:00:00,2.84
2017-06-12 16:00:00,2.84
2017-06-12 17:00:00,2.84
2017-06-12 18:00:00,2.84
2017-06-12 19:00:00,4.980000005
2017-06-12 20:00:00,34.73
2017-06-12 21:00:00,29.39
2017-06-12 22:00:00,32.60999999
2017-06-12 23:00:00,2.84
2017-06-13 00:00:00,2.84
2017-06-13 01:00:00,2.84
2017-06-13 02:00:00,2.84
2017-06-13 03:00:00,2.84
2017-06-13 04:00:00,2.84
2017-06-13 05:00:00,2.84
2017-06-13 06:00:00,2.84
2017-06-13 07:00:00,2.84
2017-06-13 08:00:00,2.84
2017-06-13 09:00:00,2.84
2017-06-13 10:00:00,2.84
2017-06-13 11:00:00,2.84
2017-06-13 12:00:00,2.84
2017-06-13 13:00:00,2.84
2017-06-13 14:00:00,2.84
2017-06-13 15:00:00,2.84
2017-06-13 16:00:00,2.84
2017-06-13 17:00:00,2.84
2017-06-13 18:00:00,2.84
2017-06-13 19:00:00,5.680000005
2017-06-13 20:00:00,34.51
2017-06-13 21:00:00,34.29
2017-06-13 22:00:00,32.61999999
2017-06-13 23:00:00,2.84
2017-06-14 00:00:00,2.84
2017-06-14 01:00:00,2.84
2017-06-14 02:00:00,2.84
2017-06-14 03:00:00,2.84
2017-06-14 04:00:00,2.84
2017-06-14 05:00:00,2.84
2017-06-14 06:00:00,2.84
2017-06-14 07:00:00,2.84
2017-06-14 08:00:00,2.84
2017-06-14 09:00:00,2.84
2017-06-14 10:00:00,2.84
2017-06-14 11:00:00,2.84
2017-06-14 12:00:00,2.84
2017-06-14 13:00:00,2.84
2017-06-14 14:00:00,2.84
2017-06-14 15:00:00,2.84
2017-06-14 16:00:00,2.84
2017-06-14 17:00:00,2.84
2017-06-14 18:00:00,2.84
2017-06-14 19:00:00,2.840000006
2017-06-14 20:00:00,36.12
2017-06-14 21:00:00,33.72
2017-06-14 22:00:00,29.47
2017-06-14 23:00:00,2.84
2017-06-15 00:00:00,2.84
2017-06-15 01:00:00,2.84
2017-06-15 02:00:00,2.84
2017-06-15 03:00:00,2.84
2017-06-15 04:00:00,2.84
2017-06-15 05:00:00,2.84
2017-06-15 06:00:00,2.84
2017-06-15 07:00:00,2.84
2017-06-15 08:00:00,2.84
2017-06-15 09:00:00,2.84
2017-06-15 10:00:00,2.84
2017-06-15 11:00:00,2.84
2017-06-15 12:00:00,2.84
2017-06-15 13:00:00,2.84
2017-06-15 14:00:00,2.84
2017-06-15 15:00:00,2.84
2017-06-15 16:00:00,2.84
2017-06-15 17:00:00,2.84
2017-06-15 18:00:00,2.84
2017-06-15 19:00:00,12.54
2017-06-15 20:00:00,36.38
2017-06-15 21:00:00,31.73
2017-06-15 22:00:00,26.94
2017-06-15 23:00:00,2.84
2017-06-16 00:00:00,2.84
2017-06-16 01:00:00,2.84
2017-06-16 02:00:00,2.84
2017-06-16 03:00:00,2.84
2017-06-16 04:00:00,2.84
2017-06-16 05:00:00,2.84
2017-06-16 06:00:00,2.84
2017-06-16 07:00:00,2.84
2017-06-16 08:00:00,2.84
2017-06-16 09:00:00,2.84
2017-06-16 10:00:00,2.84
2017-06-16 11:00:00,2.84
2017-06-16 12:00:00,2.84
2017-06-16 13:00:00,2.84
2017-06-16 14:00:00,2.84
2017-06-16 15:00:00,2.84
2017-06-16 16:00:00,2.84
2017-06-16 17:00:00,2.84
2017-06-16 18:00:00,2.84
2017-06-16 19:00:00,2.840000006
2017-06-16 20:00:00,34.63
2017-06-16 21:00:00,33.55
2017-06-16 22:00:00,30.1
2017-06-16 23:00:00,2.84
2017-06-17 00:00:00,2.84
2017-06-17 01:00:00,7.58
2017-06-17 02:00:00,7.58
2017-06-17 03:00:00,7.58
2017-06-17 04:00:00,7.58
2017-06-17 05:00:00,7.58
2017-06-17 06:00:00,7.58
2017-06-17 07:00:00,7.58
2017-06-17 08:00:00,7.58
2017-06-17 09:00:00,7.58
2017-06-17 10:00:00,7.58
2017-06-17 11:00:00,7.58
2017-06-17 12:00:00,7.58
2017-06-17 13:00:00,7.58
2017-06-17 14:00:00,7.58
2017-06-17 15:00:00,7.58
2017-06-17 16:00:00,7.58
2017-06-17 17:00:00,7.58
2017-06-17 18:00:00,7.58
2017-06-17 19:00:00,7.58
2017-06-17 20:00:00,7.58
2017-06-17 21:00:00,7.58
2017-06-17 22:00:00,7.58
2017-06-17 23:00:00,7.58
2017-06-18 00:00:00,7.58
2017-06-18 01:00:00,8.71
2017-06-18 02:00:00,8.71
2017-06-18 03:00:00,8.71
2017-06-18 04:00:00,8.71
2017-06-18 05:00:00,8.71
2017-06-18 06:00:00,8.71
2017-06-18 07:00:00,8.71
2017-06-18 08:00:00,8.71
2017-06-18 09:00:00,8.71
2017-06-18 10:00:00,8.71
2017-06-18 11:00:00,8.71
2017-06-18 12:00:00,8.71
2017-06-18 13:00:00,8.71
2017-06-18 14:00:00,8.71
2017-06-18 15:00:00,8.71
2017-06-18 16:00:00,8.71
2017-06-18 17:00:00,8.71
2017-06-18 18:00:00,8.71
2017-06-18 19:00:00,8.71
2017-06-18 20:00:00,8.71
2017-06-18 21:00:00,8.71
2017-06-18 22:00:00,8.71
2017-06-18 23:00:00,8.71
2017-06-19 00:00:00,8.71
2017-06-19 01:00:00,8.71
2017-06-19 02:00:00,8.71
2017-06-19 03:00:00,8.71
2017-06-19 04:00:00,8.71
2017-06-19 05:00:00,8.71
2017-06-19 06:00:00,8.71
2017-06-19 07:00:00,8.71
2017-06-19 08:00:00,8.71
2017-06-19 09:00:00,8.71
2017-06-19 10:00:00,8.71
2017-06-19 11:00:00,8.71
2017-06-19 12:00:00,8.71
2017-06-19 13:00:00,8.71
2017-06-19 14:00:00,8.71
2017-06-19 15:00:00,8.71
2017-06-19 16:00:00,8.71
2017-06-19 17:00:00,8.71
2017-06-19 18:00:00,8.71
2017-06-19 19:00:00,23.48
2017-06-19 20:00:00,37.16
2017-06-19 21:00:00,38.15
2017-06-19 22:00:00,18.58
2017-06-19 23:00:00,8.71
2017-06-20 00:00:00,8.71
2017-06-20 01:00:00,8.71
2017-06-20 02:00:00,8.71
2017-06-20 03:00:00,8.71
2017-06-20 04:00:00,8.71
2017-06-20 05:00:00,8.71
2017-06-20 06:00:00,8.71
2017-06-20 07:00:00,8.71
2017-06-20 08:00:00,8.71
2017-06-20 09:00:00,8.71
2017-06-20 10:00:00,8.71
2017-06-20 11:00:00,8.71
2017-06-20 12:00:00,8.71
2017-06-20 13:00:00,8.71
2017-06-20 14:00:00,8.71
2017-06-20 15:00:00,8.71
2017-06-20 16:00:00,8.71
2017-06-20 17:00:00,8.71
2017-06-20 18:00:00,12.36
2017-06-20 19:00:00,38.48
2017-06-20 20:00:00,43.76
2017-06-20 21:00:00,30.02
2017-06-20 22:00:00,17.88
2017-06-20 23:00:00,31.87
2017-06-21 00:00:00,8.71
2017-06-21 01:00:00,8.71
2017-06-21 02:00:00,8.71
2017-06-21 03:00:00,8.71
2017-06-21 04:00:00,8.71
2017-06-21 05:00:00,8.71
2017-06-21 06:00:00,8.71
2017-06-21 07:00:00,8.71
2017-06-21 08:00:00,8.71
2017-06-21 09:00:00,8.71
2017-06-21 10:00:00,8.71
2017-06-21 11:00:00,8.71
2017-06-21 12:00:00,8.71
2017-06-21 13:00:00,8.71
2017-06-21 14:00:00,8.71
2017-06-21 15:00:00,8.71
2017-06-21 16:00:00,36.32
2017-06-21 17:00:00,39.95
2017-06-21 18:00:00,36.39
2017-06-21 19:00:00,41.43
2017-06-21 20:00:00,39.43
2017-06-21 21:00:00,38.72
2017-06-21 22:00:00,32.92
2017-06-21 23:00:00,31.93
2017-06-22 00:00:00,8.71
2017-06-22 01:00:00,8.71
2017-06-22 02:00:00,8.71
2017-06-22 03:00:00,8.71
2017-06-22 04:00:00,8.71
2017-06-22 05:00:00,8.71
2017-06-22 06:00:00,8.71
2017-06-22 07:00:00,8.71
2017-06-22 08:00:00,8.71
2017-06-22 09:00:00,11.54
2017-06-22 10:00:00,32.99
2017-06-22 11:00:00,38.34
2017-06-22 12:00:00,41.47
2017-06-22 13:00:00,41.06
2017-06-22 14:00:00,39.56
2017-06-22 15:00:00,35.5
2017-06-22 16:00:00,32.15
2017-06-22 17:00:00,35.46
2017-06-22 18:00:00,29.95
2017-06-22 19:00:00,38.96
2017-06-22 20:00:00,45.04
2017-06-22 21:00:00,40.08
2017-06-22 22:00:00,38.73
2017-06-22 23:00:00,30.42
2017-06-23 00:00:00,8.71
2017-06-23 01:00:00,8.71
2017-06-23 02:00:00,8.71
2017-06-23 03:00:00,8.71
2017-06-23 04:00:00,8.71
2017-06-23 05:00:00,8.71
2017-06-23 06:00:00,8.71
2017-06-23 07:00:00,8.71
2017-06-23 08:00:00,8.71
2017-06-23 09:00:00,8.71
2017-06-23 10:00:00,8.710000005
2017-06-23 11:00:00,38.24
2017-06-23 12:00:00,34.12
2017-06-23 13:00:00,32.54
2017-06-23 14:00:00,34.92
2017-06-23 15:00:00,39.46
2017-06-23 16:00:00,39.6
2017-06-23 17:00:00,38.23
2017-06-23 18:00:00,31.17
2017-06-23 19:00:00,39.37
2017-06-23 20:00:00,37.91
2017-06-23 21:00:00,40.39
2017-06-23 22:00:00,40.18
2017-06-23 23:00:00,32.78
2017-06-24 00:00:00,8.71
2017-06-24 01:00:00,8.71
2017-06-24 02:00:00,8.71
2017-06-24 03:00:00,8.71
2017-06-24 04:00:00,8.71
2017-06-24 05:00:00,8.71
2017-06-24 06:00:00,8.71
2017-06-24 07:00:00,8.71
2017-06-24 08:00:00,8.71
2017-06-24 09:00:00,10.45
2017-06-24 10:00:00,36.34
2017-06-24 11:00:00,35.32
2017-06-24 12:00:00,40.27
2017-06-24 13:00:00,39.42
2017-06-24 14:00:00,38.83
2017-06-24 15:00:00,40.07
2017-06-24 16:00:00,43.21
2017-06-24 17:00:00,35.81
2017-06-24 18:00:00,42.62
2017-06-24 19:00:00,32.17
2017-06-24 20:00:00,40.61
2017-06-24 21:00:00,41.36
2017-06-24 22:00:00,35.71
2017-06-24 23:00:00,32.37
2017-06-25 00:00:00,8.71
2017-06-25 01:00:00,8.71
2017-06-25 02:00:00,8.71
2017-06-25 03:00:00,8.71
2017-06-25 04:00:00,8.71
2017-06-25 05:00:00,8.71
2017-06-25 06:00:00,8.71
2017-06-25 07:00:00,8.71
2017-06-25 08:00:00,8.71
2017-06-25 09:00:00,8.71
2017-06-25 10:00:00,8.71
2017-06-25 11:00:00,8.71
2017-06-25 12:00:00,8.71
2017-06-25 13:00:00,8.71
2017-06-25 14:00:00,8.71
2017-06-25 15:00:00,8.71
2017-06-25 16:00:00,42
2017-06-25 17:00:00,40.86
2017-06-25 18:00:00,42.94
2017-06-25 19:00:00,34.2
2017-06-25 20:00:00,39.54
2017-06-25 21:00:00,38.32
2017-06-25 22:00:00,31.34
2017-06-25 23:00:00,32.95
2017-06-26 00:00:00,8.71
2017-06-26 01:00:00,8.71
2017-06-26 02:00:00,8.71
2017-06-26 03:00:00,8.71
2017-06-26 04:00:00,8.71
2017-06-26 05:00:00,8.71
2017-06-26 06:00:00,8.71
2017-06-26 07:00:00,8.71
2017-06-26 08:00:00,8.71
2017-06-26 09:00:00,8.71
2017-06-26 10:00:00,8.71
2017-06-26 11:00:00,8.71
2017-06-26 12:00:00,40.77
2017-06-26 13:00:00,41.06
2017-06-26 14:00:00,39.35
2017-06-26 15:00:00,41.67
2017-06-26 16:00:00,41.29
2017-06-26 17:00:00,40.5
2017-06-26 18:00:00,41.21
2017-06-26 19:00:00,44.8
2017-06-26 20:00:00,41.48
2017-06-26 21:00:00,39.89
2017-06-26 22:00:00,40.49
2017-06-26 23:00:00,12.03
2017-06-27 00:00:00,8.71
2017-06-27 01:00:00,8.71
2017-06-27 02:00:00,8.71
2017-06-27 03:00:00,8.71
2017-06-27 04:00:00,8.71
2017-06-27 05:00:00,8.71
2017-06-27 06:00:00,8.71
2017-06-27 07:00:00,8.71
2017-06-27 08:00:00,8.71
2017-06-27 09:00:00,8.71
2017-06-27 10:00:00,36.83
2017-06-27 11:00:00,38.85
2017-06-27 12:00:00,39.92
2017-06-27 13:00:00,34.96
2017-06-27 14:00:00,39.06
2017-06-27 15:00:00,41.48
2017-06-27 16:00:00,34.05
2017-06-27 17:00:00,36.13
2017-06-27 18:00:00,35.74
2017-06-27 19:00:00,39.32
2017-06-27 20:00:00,41.65
2017-06-27 21:00:00,40.35
2017-06-27 22:00:00,42.32
2017-06-27 23:00:00,31.94
2017-06-28 00:00:00,8.71
2017-06-28 01:00:00,8.71
2017-06-28 02:00:00,8.71
2017-06-28 03:00:00,8.71
2017-06-28 04:00:00,8.71
2017-06-28 05:00:00,8.71
2017-06-28 06:00:00,8.71
2017-06-28 07:00:00,8.71
2017-06-28 08:00:00,8.71
2017-06-28 09:00:00,8.71
2017-06-28 10:00:00,8.71
2017-06-28 11:00:00,8.71
2017-06-28 12:00:00,8.71
2017-06-28 13:00:00,8.71
2017-06-28 14:00:00,8.71
2017-06-28 15:00:00,36.38
2017-06-28 16:00:00,41.2
2017-06-28 17:00:00,38.74
2017-06-28 18:00:00,32.67
2017-06-28 19:00:00,39.32
2017-06-28 20:00:00,43.06
2017-06-28 21:00:00,44.05
2017-06-28 22:00:00,40.66
2017-06-28 23:00:00,33.63
2017-06-29 00:00:00,32.5
2017-06-29 01:00:00,9.84
2017-06-29 02:00:00,9.84
2017-06-29 03:00:00,9.84
2017-06-29 04:00:00,9.84
2017-06-29 05:00:00,9.84
2017-06-29 06:00:00,9.84
2017-06-29 07:00:00,9.84
2017-06-29 08:00:00,9.84
2017-06-29 09:00:00,9.84
2017-06-29 10:00:00,9.84
2017-06-29 11:00:00,12.52
2017-06-29 12:00:00,40.88
2017-06-29 13:00:00,39.54
2017-06-29 14:00:00,41.07
2017-06-29 15:00:00,44.77
2017-06-29 16:00:00,44.58
2017-06-29 17:00:00,40.27
2017-06-29 18:00:00,34.3
2017-06-29 19:00:00,43.95
2017-06-29 20:00:00,50.19
2017-06-29 21:00:00,45.35
2017-06-29 22:00:00,43.27
2017-06-29 23:00:00,33.29
2017-06-30 00:00:00,9.84
2017-06-30 01:00:00,9.84
2017-06-30 02:00:00,9.84
2017-06-30 03:00:00,9.84
2017-06-30 04:00:00,9.84
2017-06-30 05:00:00,9.84
2017-06-30 06:00:00,9.84
2017-06-30 07:00:00,0
2017-06-30 08:00:00,0
2017-06-30 09:00:00,0
2017-06-30 10:00:00,0
2017-06-30 11:00:00,0
2017-06-30 12:00:00,30
2017-06-30 13:00:00,32
2017-06-30 14:00:00,32
2017-06-30 15:00:00,35
2017-06-30 16:00:00,32
2017-06-30 17:00:00,32
2017-06-30 18:00:00,35
2017-06-30 19:00:00,35
2017-06-30 20:00:00,35
2017-06-30 21:00:00,35
2017-06-30 22:00:00,34.99999999
2017-06-30 23:00:00,0
2017-07-01 00:00:00,9.84
2017-07-01 01:00:00,9.84
2017-07-01 02:00:00,9.84
2017-07-01 03:00:00,9.84
2017-07-01 04:00:00,9.84
2017-07-01 05:00:00,9.84
2017-07-01 06:00:00,9.84
2017-07-01 07:00:00,9.84
2017-07-01 08:00:00,9.84
2017-07-01 09:00:00,12.61
2017-07-01 10:00:00,42.8
2017-07-01 11:00:00,40.79
2017-07-01 12:00:00,38.77
2017-07-01 13:00:00,43.59
2017-07-01 14:00:00,48.62
2017-07-01 15:00:00,39.82
2017-07-01 16:00:00,45.64
2017-07-01 17:00:00,44.63
2017-07-01 18:00:00,42.13
2017-07-01 19:00:00,41.84
2017-07-01 20:00:00,42.03
2017-07-01 21:00:00,31.31
2017-07-01 22:00:00,9.84
2017-07-01 23:00:00,9.84
2017-07-02 00:00:00,9.84
2017-07-02 01:00:00,9.84
2017-07-02 02:00:00,9.84
2017-07-02 03:00:00,9.84
2017-07-02 04:00:00,9.84
2017-07-02 05:00:00,9.84
2017-07-02 06:00:00,9.84
2017-07-02 07:00:00,9.840000001
2017-07-02 08:00:00,13.77
2017-07-02 09:00:00,41.73
2017-07-02 10:00:00,39.46
2017-07-02 11:00:00,33.61
2017-07-02 12:00:00,32.97
2017-07-02 13:00:00,36.48
2017-07-02 14:00:00,34.15
2017-07-02 15:00:00,38.18
2017-07-02 16:00:00,42.2
2017-07-02 17:00:00,42.15
2017-07-02 18:00:00,40.16
2017-07-02 19:00:00,43.37
2017-07-02 20:00:00,43.81
2017-07-02 21:00:00,9.84
2017-07-02 22:00:00,9.84
2017-07-02 23:00:00,9.84
2017-07-03 00:00:00,1.78
2017-07-03 01:00:00,9.84
2017-07-03 02:00:00,9.84
2017-07-03 03:00:00,9.84
2017-07-03 04:00:00,9.84
2017-07-03 05:00:00,9.84
2017-07-03 06:00:00,9.84
2017-07-03 07:00:00,9.84
2017-07-03 08:00:00,9.84
2017-07-03 09:00:00,9.84
2017-07-03 10:00:00,9.84
2017-07-03 11:00:00,9.84
2017-07-03 12:00:00,9.84
2017-07-03 13:00:00,40.93
2017-07-03 14:00:00,45.37
2017-07-03 15:00:00,44.53
2017-07-03 16:00:00,43.81
2017-07-03 17:00:00,44.65
2017-07-03 18:00:00,37.84
2017-07-03 19:00:00,45.95
2017-07-03 20:00:00,44.07
2017-07-03 21:00:00,46.8
2017-07-03 22:00:00,39.26999999
2017-07-03 23:00:00,9.84
2017-07-04 00:00:00,9.84
2017-07-04 01:00:00,9.84
2017-07-04 02:00:00,9.84
2017-07-04 03:00:00,9.84
2017-07-04 04:00:00,9.84
2017-07-04 05:00:00,9.84
2017-07-04 06:00:00,9.84
2017-07-04 07:00:00,9.84
2017-07-04 08:00:00,9.84
2017-07-04 09:00:00,9.84
2017-07-04 10:00:00,9.840000006
2017-07-04 11:00:00,46.64
2017-07-04 12:00:00,41.63
2017-07-04 13:00:00,42.2
2017-07-04 14:00:00,47.29
2017-07-04 15:00:00,44.92
2017-07-04 16:00:00,42.31
2017-07-04 17:00:00,41.82
2017-07-04 18:00:00,37.38
2017-07-04 19:00:00,43.78
2017-07-04 20:00:00,42.22
2017-07-04 21:00:00,36.79
2017-07-04 22:00:00,40.13
2017-07-04 23:00:00,11.79
2017-07-05 00:00:00,9.84
2017-07-05 01:00:00,9.84
2017-07-05 02:00:00,9.84
2017-07-05 03:00:00,9.84
2017-07-05 04:00:00,9.84
2017-07-05 05:00:00,9.84
2017-07-05 06:00:00,9.84
2017-07-05 07:00:00,9.84
2017-07-05 08:00:00,9.84
2017-07-05 09:00:00,9.84
2017-07-05 10:00:00,13.62
2017-07-05 11:00:00,41.8
2017-07-05 12:00:00,39.13
2017-07-05 13:00:00,32.2
2017-07-05 14:00:00,39.42
2017-07-05 15:00:00,42.46
2017-07-05 16:00:00,43.2
2017-07-05 17:00:00,34.82
2017-07-05 18:00:00,35.7
2017-07-05 19:00:00,40.81
2017-07-05 20:00:00,44.46
2017-07-05 21:00:00,34.58
2017-07-05 22:00:00,9.84
2017-07-05 23:00:00,9.84
2017-07-06 00:00:00,9.84
2017-07-06 01:00:00,9.84
2017-07-06 02:00:00,9.84
2017-07-06 03:00:00,9.84
2017-07-06 04:00:00,9.84
2017-07-06 05:00:00,9.84
2017-07-06 06:00:00,9.84
2017-07-06 07:00:00,9.840000001
2017-07-06 08:00:00,17.8
2017-07-06 09:00:00,42.54
2017-07-06 10:00:00,37.03
2017-07-06 11:00:00,46.08
2017-07-06 12:00:00,39.68
2017-07-06 13:00:00,37.72
2017-07-06 14:00:00,47.34
2017-07-06 15:00:00,39.01
2017-07-06 16:00:00,40.56
2017-07-06 17:00:00,37.61
2017-07-06 18:00:00,33.14
2017-07-06 19:00:00,40.71
2017-07-06 20:00:00,41.76
2017-07-06 21:00:00,9.84
2017-07-06 22:00:00,9.84
2017-07-06 23:00:00,9.84
2017-07-07 00:00:00,9.84
2017-07-07 01:00:00,9.84
2017-07-07 02:00:00,9.84
2017-07-07 03:00:00,9.84
2017-07-07 04:00:00,9.84
2017-07-07 05:00:00,9.84
2017-07-07 06:00:00,9.84
2017-07-07 07:00:00,9.84
2017-07-07 08:00:00,9.84
2017-07-07 09:00:00,9.84
2017-07-07 10:00:00,9.84
2017-07-07 11:00:00,11.85
2017-07-07 12:00:00,35.64
2017-07-07 13:00:00,30.52
2017-07-07 14:00:00,40.36
2017-07-07 15:00:00,39.82
2017-07-07 16:00:00,35.11
2017-07-07 17:00:00,34.42
2017-07-07 18:00:00,35.85
2017-07-07 19:00:00,39.44
2017-07-07 20:00:00,43.32
2017-07-07 21:00:00,38.77
2017-07-07 22:00:00,40.86
2017-07-07 23:00:00,30.31
2017-07-08 00:00:00,12.45
2017-07-08 01:00:00,38.74
2017-07-08 02:00:00,32.87
2017-07-08 03:00:00,9.84
2017-07-08 04:00:00,9.840000001
2017-07-08 05:00:00,14.18
2017-07-08 06:00:00,36.02
2017-07-08 07:00:00,36.53
2017-07-08 08:00:00,43.68
2017-07-08 09:00:00,42.25
2017-07-08 10:00:00,34.09
2017-07-08 11:00:00,33.13
2017-07-08 12:00:00,32.53
2017-07-08 13:00:00,28.88
2017-07-08 14:00:00,36.38
2017-07-08 15:00:00,32.17
2017-07-08 16:00:00,41.74
2017-07-08 17:00:00,42.9
2017-07-08 18:00:00,35.31
2017-07-08 19:00:00,40.68
2017-07-08 20:00:00,42.56
2017-07-08 21:00:00,39.65
2017-07-08 22:00:00,36.78
2017-07-08 23:00:00,9.84
2017-07-09 00:00:00,12.66
2017-07-09 01:00:00,36.49
2017-07-09 02:00:00,36.24
2017-07-09 03:00:00,35.75
2017-07-09 04:00:00,35.23
2017-07-09 05:00:00,41.26
2017-07-09 06:00:00,33.08
2017-07-09 07:00:00,9.84
2017-07-09 08:00:00,9.84
2017-07-09 09:00:00,9.84
2017-07-09 10:00:00,9.84
2017-07-09 11:00:00,9.84
2017-07-09 12:00:00,9.84
2017-07-09 13:00:00,9.840000004
2017-07-09 14:00:00,31.81
2017-07-09 15:00:00,36.25
2017-07-09 16:00:00,40.32
2017-07-09 17:00:00,43.97
2017-07-09 18:00:00,40.52
2017-07-09 19:00:00,43.99
2017-07-09 20:00:00,48.66
2017-07-09 21:00:00,43.74
2017-07-09 22:00:00,38.15
2017-07-09 23:00:00,37.33
2017-07-10 00:00:00,9.84
2017-07-10 01:00:00,9.84
2017-07-10 02:00:00,9.84
2017-07-10 03:00:00,9.84
2017-07-10 04:00:00,9.84
2017-07-10 05:00:00,9.84
2017-07-10 06:00:00,9.84
2017-07-10 07:00:00,9.840000004
2017-07-10 08:00:00,35.03
2017-07-10 09:00:00,41.85
2017-07-10 10:00:00,45.54
2017-07-10 11:00:00,44.4
2017-07-10 12:00:00,45.27
2017-07-10 13:00:00,35.69
2017-07-10 14:00:00,43.85
2017-07-10 15:00:00,47.1
2017-07-10 16:00:00,42.51
2017-07-10 17:00:00,42.83
2017-07-10 18:00:00,37.07
2017-07-10 19:00:00,41.36
2017-07-10 20:00:00,47.4
2017-07-10 21:00:00,41.83
2017-07-10 22:00:00,40.34
2017-07-10 23:00:00,35.33
2017-07-11 00:00:00,9.84
2017-07-11 01:00:00,9.84
2017-07-11 02:00:00,9.84
2017-07-11 03:00:00,9.84
2017-07-11 04:00:00,9.84
2017-07-11 05:00:00,9.84
2017-07-11 06:00:00,9.84
2017-07-11 07:00:00,9.840000005
2017-07-11 08:00:00,41.21
2017-07-11 09:00:00,43.74
2017-07-11 10:00:00,44.07
2017-07-11 11:00:00,44.85
2017-07-11 12:00:00,43.04
2017-07-11 13:00:00,43.24
2017-07-11 14:00:00,39.37
2017-07-11 15:00:00,48.93
2017-07-11 16:00:00,48.02
2017-07-11 17:00:00,38.89
2017-07-11 18:00:00,33.08
2017-07-11 19:00:00,42.02
2017-07-11 20:00:00,42.4
2017-07-11 21:00:00,39.55
2017-07-11 22:00:00,39.28
2017-07-11 23:00:00,33.81
2017-07-12 00:00:00,9.84
2017-07-12 01:00:00,9.84
2017-07-12 02:00:00,9.84
2017-07-12 03:00:00,9.84
2017-07-12 04:00:00,9.84
2017-07-12 05:00:00,9.84
2017-07-12 06:00:00,9.84
2017-07-12 07:00:00,38.26
2017-07-12 08:00:00,42.1
2017-07-12 09:00:00,41.86
2017-07-12 10:00:00,39.57
2017-07-12 11:00:00,45.43
2017-07-12 12:00:00,47.35
2017-07-12 13:00:00,42.42
2017-07-12 14:00:00,41.88
2017-07-12 15:00:00,47.35
2017-07-12 16:00:00,44.78
2017-07-12 17:00:00,42.45
2017-07-12 18:00:00,42.59
2017-07-12 19:00:00,42.99
2017-07-12 20:00:00,43.01
2017-07-12 21:00:00,41.96
2017-07-12 22:00:00,38.27
2017-07-12 23:00:00,32.67
2017-07-13 00:00:00,9.84
2017-07-13 01:00:00,9.84
2017-07-13 02:00:00,9.84
2017-07-13 03:00:00,9.84
2017-07-13 04:00:00,9.84
2017-07-13 05:00:00,9.84
2017-07-13 06:00:00,9.84
2017-07-13 07:00:00,40.7
2017-07-13 08:00:00,39.62
2017-07-13 09:00:00,41.53
2017-07-13 10:00:00,41.69
2017-07-13 11:00:00,40.51
2017-07-13 12:00:00,44.85
2017-07-13 13:00:00,34.8
2017-07-13 14:00:00,41.12
2017-07-13 15:00:00,39.1
2017-07-13 16:00:00,40.68
2017-07-13 17:00:00,31.1
2017-07-13 18:00:00,33.11
2017-07-13 19:00:00,39.98
2017-07-13 20:00:00,40.62
2017-07-13 21:00:00,40.88
2017-07-13 22:00:00,39.19
2017-07-13 23:00:00,31.55
2017-07-14 00:00:00,9.84
2017-07-14 01:00:00,9.84
2017-07-14 02:00:00,9.84
2017-07-14 03:00:00,9.84
2017-07-14 04:00:00,9.84
2017-07-14 05:00:00,9.84
2017-07-14 06:00:00,9.84
2017-07-14 07:00:00,19.62
2017-07-14 08:00:00,36.97
2017-07-14 09:00:00,41.78
2017-07-14 10:00:00,41.09
2017-07-14 11:00:00,35.73
2017-07-14 12:00:00,35.81
2017-07-14 13:00:00,32.49
2017-07-14 14:00:00,39.46
2017-07-14 15:00:00,42.57
2017-07-14 16:00:00,40.91
2017-07-14 17:00:00,36.74
2017-07-14 18:00:00,40.6
2017-07-14 19:00:00,38.9
2017-07-14 20:00:00,42.95
2017-07-14 21:00:00,41.22
2017-07-14 22:00:00,41.45
2017-07-14 23:00:00,35.98
2017-07-15 00:00:00,9.84
2017-07-15 01:00:00,9.84
2017-07-15 02:00:00,9.84
2017-07-15 03:00:00,9.84
2017-07-15 04:00:00,9.84
2017-07-15 05:00:00,9.84
2017-07-15 06:00:00,9.84
2017-07-15 07:00:00,9.84
2017-07-15 08:00:00,9.84
2017-07-15 09:00:00,12.19
2017-07-15 10:00:00,41.97
2017-07-15 11:00:00,46.69
2017-07-15 12:00:00,41.52
2017-07-15 13:00:00,36.66
2017-07-15 14:00:00,42.32
2017-07-15 15:00:00,29.37
2017-07-15 16:00:00,39.57
2017-07-15 17:00:00,42.57
2017-07-15 18:00:00,45.34
2017-07-15 19:00:00,44.5
2017-07-15 20:00:00,39.3
2017-07-15 21:00:00,41.59
2017-07-15 22:00:00,40.63
2017-07-15 23:00:00,33.64
2017-07-16 00:00:00,31.02
2017-07-16 01:00:00,13.14
2017-07-16 02:00:00,9.84
2017-07-16 03:00:00,9.84
2017-07-16 04:00:00,9.840000005
2017-07-16 05:00:00,35.66
2017-07-16 06:00:00,36.45
2017-07-16 07:00:00,37.21
2017-07-16 08:00:00,37.11
2017-07-16 09:00:00,31.91
2017-07-16 10:00:00,38.6
2017-07-16 11:00:00,30.38
2017-07-16 12:00:00,33.2
2017-07-16 13:00:00,34.88
2017-07-16 14:00:00,31.41
2017-07-16 15:00:00,35.42
2017-07-16 16:00:00,42.51
2017-07-16 17:00:00,42.6
2017-07-16 18:00:00,42.25
2017-07-16 19:00:00,37.02
2017-07-16 20:00:00,41.31
2017-07-16 21:00:00,42.09
2017-07-16 22:00:00,33.34
2017-07-16 23:00:00,34.39
2017-07-17 00:00:00,32.87
2017-07-17 01:00:00,9.84
2017-07-17 02:00:00,9.84
2017-07-17 03:00:00,9.84
2017-07-17 04:00:00,9.84
2017-07-17 05:00:00,9.84
2017-07-17 06:00:00,9.84
2017-07-17 07:00:00,9.840000005
2017-07-17 08:00:00,38.19
2017-07-17 09:00:00,42.29
2017-07-17 10:00:00,41.7
2017-07-17 11:00:00,38.9
2017-07-17 12:00:00,38.75
2017-07-17 13:00:00,30.84
2017-07-17 14:00:00,36.09
2017-07-17 15:00:00,33.72
2017-07-17 16:00:00,33.78
2017-07-17 17:00:00,36.96
2017-07-17 18:00:00,36.44
2017-07-17 19:00:00,34.76
2017-07-17 20:00:00,41.31
2017-07-17 21:00:00,39.8
2017-07-17 22:00:00,33.44
2017-07-17 23:00:00,9.84
2017-07-18 00:00:00,9.84
2017-07-18 01:00:00,9.84
2017-07-18 02:00:00,9.84
2017-07-18 03:00:00,9.84
2017-07-18 04:00:00,9.84
2017-07-18 05:00:00,9.84
2017-07-18 06:00:00,9.84
2017-07-18 07:00:00,9.840000005
2017-07-18 08:00:00,37.04
2017-07-18 09:00:00,44.35
2017-07-18 10:00:00,38.66
2017-07-18 11:00:00,35.06
2017-07-18 12:00:00,45.03
2017-07-18 13:00:00,40.06
2017-07-18 14:00:00,35.34
2017-07-18 15:00:00,42.85
2017-07-18 16:00:00,39.94
2017-07-18 17:00:00,34.79
2017-07-18 18:00:00,34.25
2017-07-18 19:00:00,42.45
2017-07-18 20:00:00,42.81
2017-07-18 21:00:00,39.13
2017-07-18 22:00:00,42.52
2017-07-18 23:00:00,36.57
2017-07-19 00:00:00,9.84
2017-07-19 01:00:00,9.84
2017-07-19 02:00:00,9.84
2017-07-19 03:00:00,9.84
2017-07-19 04:00:00,9.84
2017-07-19 05:00:00,9.84
2017-07-19 06:00:00,9.84
2017-07-19 07:00:00,19.93
2017-07-19 08:00:00,42.85
2017-07-19 09:00:00,43.42
2017-07-19 10:00:00,39.48
2017-07-19 11:00:00,40.65
2017-07-19 12:00:00,41.65
2017-07-19 13:00:00,31.72
2017-07-19 14:00:00,37
2017-07-19 15:00:00,37.56
2017-07-19 16:00:00,38.56
2017-07-19 17:00:00,34.19
2017-07-19 18:00:00,33.59
2017-07-19 19:00:00,39.28
2017-07-19 20:00:00,51.02
2017-07-19 21:00:00,45.03
2017-07-19 22:00:00,38.1
2017-07-19 23:00:00,36.46
2017-07-20 00:00:00,12.06
2017-07-20 01:00:00,11.28
2017-07-20 02:00:00,11.28
2017-07-20 03:00:00,11.28
2017-07-20 04:00:00,11.28
2017-07-20 05:00:00,11.28
2017-07-20 06:00:00,11.28
2017-07-20 07:00:00,11.28
2017-07-20 08:00:00,11.28
2017-07-20 09:00:00,14.86
2017-07-20 10:00:00,43.95
2017-07-20 11:00:00,43.73
2017-07-20 12:00:00,44.3
2017-07-20 13:00:00,39.79
2017-07-20 14:00:00,41.3
2017-07-20 15:00:00,43.16
2017-07-20 16:00:00,44.03
2017-07-20 17:00:00,40.07
2017-07-20 18:00:00,36.24
2017-07-20 19:00:00,39.77
2017-07-20 20:00:00,37.48
2017-07-20 21:00:00,42.33
2017-07-20 22:00:00,39.05
2017-07-20 23:00:00,40.59
2017-07-21 00:00:00,38.15
2017-07-21 01:00:00,11.28
2017-07-21 02:00:00,11.28
2017-07-21 03:00:00,11.28
2017-07-21 04:00:00,11.28
2017-07-21 05:00:00,11.28
2017-07-21 06:00:00,11.28
2017-07-21 07:00:00,11.28
2017-07-21 08:00:00,14.71
2017-07-21 09:00:00,36.54
2017-07-21 10:00:00,44.06
2017-07-21 11:00:00,39.86
2017-07-21 12:00:00,37
2017-07-21 13:00:00,42.01
2017-07-21 14:00:00,36.46
2017-07-21 15:00:00,34.16
2017-07-21 16:00:00,32.44
2017-07-21 17:00:00,32.99
2017-07-21 18:00:00,33.53
2017-07-21 19:00:00,44.16
2017-07-21 20:00:00,44.98
2017-07-21 21:00:00,40.51
2017-07-21 22:00:00,38.29
2017-07-21 23:00:00,34.21
2017-07-22 00:00:00,11.28
2017-07-22 01:00:00,11.28
2017-07-22 02:00:00,11.28
2017-07-22 03:00:00,11.28
2017-07-22 04:00:00,11.28
2017-07-22 05:00:00,11.28
2017-07-22 06:00:00,11.28
2017-07-22 07:00:00,11.28
2017-07-22 08:00:00,33.64
2017-07-22 09:00:00,39.55
2017-07-22 10:00:00,39.9
2017-07-22 11:00:00,38.67
2017-07-22 12:00:00,45.26
2017-07-22 13:00:00,40.13
2017-07-22 14:00:00,37.02
2017-07-22 15:00:00,42.16
2017-07-22 16:00:00,43.19
2017-07-22 17:00:00,37.78
2017-07-22 18:00:00,36.03
2017-07-22 19:00:00,39.9
2017-07-22 20:00:00,50.23
2017-07-22 21:00:00,38.46
2017-07-22 22:00:00,38.46
2017-07-22 23:00:00,43.29
2017-07-23 00:00:00,38.63
2017-07-23 01:00:00,11.28
2017-07-23 02:00:00,11.28
2017-07-23 03:00:00,11.28
2017-07-23 04:00:00,11.28
2017-07-23 05:00:00,11.28
2017-07-23 06:00:00,11.28
2017-07-23 07:00:00,12.63000001
2017-07-23 08:00:00,43.74
2017-07-23 09:00:00,40.49
2017-07-23 10:00:00,42.75
2017-07-23 11:00:00,42.46
2017-07-23 12:00:00,39.53
2017-07-23 13:00:00,43.62
2017-07-23 14:00:00,41.78
2017-07-23 15:00:00,44.97
2017-07-23 16:00:00,37
2017-07-23 17:00:00,42.89
2017-07-23 18:00:00,42.66
2017-07-23 19:00:00,42.2
2017-07-23 20:00:00,47.78
2017-07-23 21:00:00,46.3
2017-07-23 22:00:00,43.67
2017-07-23 23:00:00,37.71
2017-07-24 00:00:00,11.28
2017-07-24 01:00:00,9.84
2017-07-24 02:00:00,9.84
2017-07-24 03:00:00,9.84
2017-07-24 04:00:00,9.84
2017-07-24 05:00:00,9.84
2017-07-24 06:00:00,9.84
2017-07-24 07:00:00,20.09
2017-07-24 08:00:00,46.01
2017-07-24 09:00:00,45.82
2017-07-24 10:00:00,46.57
2017-07-24 11:00:00,44.46
2017-07-24 12:00:00,44.91
2017-07-24 13:00:00,38.62
2017-07-24 14:00:00,46.65
2017-07-24 15:00:00,44.09
2017-07-24 16:00:00,43.79
2017-07-24 17:00:00,42.34
2017-07-24 18:00:00,38.62
2017-07-24 19:00:00,44.54
2017-07-24 20:00:00,44.57
2017-07-24 21:00:00,45.51
2017-07-24 22:00:00,44.6
2017-07-24 23:00:00,43.63
2017-07-25 00:00:00,9.84
2017-07-25 01:00:00,11.28
2017-07-25 02:00:00,11.28
2017-07-25 03:00:00,11.28
2017-07-25 04:00:00,11.28
2017-07-25 05:00:00,11.28
2017-07-25 06:00:00,11.28
2017-07-25 07:00:00,43.42
2017-07-25 08:00:00,43.88
2017-07-25 09:00:00,44.43
2017-07-25 10:00:00,42.24
2017-07-25 11:00:00,42.95
2017-07-25 12:00:00,42.32
2017-07-25 13:00:00,42.02
2017-07-25 14:00:00,45.21
2017-07-25 15:00:00,45.79
2017-07-25 16:00:00,44.59
2017-07-25 17:00:00,43.17
2017-07-25 18:00:00,39.33
2017-07-25 19:00:00,44.07
2017-07-25 20:00:00,47.97
2017-07-25 21:00:00,48.53
2017-07-25 22:00:00,42.65999999
2017-07-25 23:00:00,11.28
2017-07-26 00:00:00,11.28
2017-07-26 01:00:00,11.28
2017-07-26 02:00:00,11.28
2017-07-26 03:00:00,11.28
2017-07-26 04:00:00,11.28
2017-07-26 05:00:00,11.28
2017-07-26 06:00:00,11.28
2017-07-26 07:00:00,11.28000001
2017-07-26 08:00:00,43.01
2017-07-26 09:00:00,47.58
2017-07-26 10:00:00,48.13
2017-07-26 11:00:00,42.9
2017-07-26 12:00:00,43.73
2017-07-26 13:00:00,39.47
2017-07-26 14:00:00,46.51
2017-07-26 15:00:00,46.94
2017-07-26 16:00:00,43.24
2017-07-26 17:00:00,42.22
2017-07-26 18:00:00,44.11
2017-07-26 19:00:00,40.32
2017-07-26 20:00:00,48.22
2017-07-26 21:00:00,45.42
2017-07-26 22:00:00,46.7
2017-07-26 23:00:00,41.19
2017-07-27 00:00:00,11.28
2017-07-27 01:00:00,11.28
2017-07-27 02:00:00,11.28
2017-07-27 03:00:00,11.28
2017-07-27 04:00:00,11.28
2017-07-27 05:00:00,11.28
2017-07-27 06:00:00,11.28
2017-07-27 07:00:00,14.40000001
2017-07-27 08:00:00,43.71
2017-07-27 09:00:00,44.52
2017-07-27 10:00:00,45.39
2017-07-27 11:00:00,45.99
2017-07-27 12:00:00,45.33
2017-07-27 13:00:00,43.24
2017-07-27 14:00:00,46.7
2017-07-27 15:00:00,45.07
2017-07-27 16:00:00,42.85
2017-07-27 17:00:00,40.15
2017-07-27 18:00:00,41.92
2017-07-27 19:00:00,47.27
2017-07-27 20:00:00,44.15
2017-07-27 21:00:00,45.32
2017-07-27 22:00:00,43.27
2017-07-27 23:00:00,36.29
2017-07-28 00:00:00,11.28
2017-07-28 01:00:00,11.28
2017-07-28 02:00:00,11.28
2017-07-28 03:00:00,11.28
2017-07-28 04:00:00,11.28
2017-07-28 05:00:00,11.28
2017-07-28 06:00:00,11.28
2017-07-28 07:00:00,11.28
2017-07-28 08:00:00,11.28
2017-07-28 09:00:00,48.11
2017-07-28 10:00:00,46.98
2017-07-28 11:00:00,36.91
2017-07-28 12:00:00,43.65
2017-07-28 13:00:00,39.41
2017-07-28 14:00:00,43.41
2017-07-28 15:00:00,44.88
2017-07-28 16:00:00,40.66
2017-07-28 17:00:00,43.79
2017-07-28 18:00:00,44.91
2017-07-28 19:00:00,44
2017-07-28 20:00:00,41.8
2017-07-28 21:00:00,43.58
2017-07-28 22:00:00,41.77
2017-07-28 23:00:00,36.5
2017-07-29 00:00:00,37.28
2017-07-29 01:00:00,35.39
2017-07-29 02:00:00,37.34
2017-07-29 03:00:00,39.88
2017-07-29 04:00:00,39.18
2017-07-29 05:00:00,44.01
2017-07-29 06:00:00,33.3
2017-07-29 07:00:00,35.76
2017-07-29 08:00:00,37.64
2017-07-29 09:00:00,39.34
2017-07-29 10:00:00,37.09
2017-07-29 11:00:00,34.22
2017-07-29 12:00:00,38.3
2017-07-29 13:00:00,36.25
2017-07-29 14:00:00,45.63
2017-07-29 15:00:00,40.73
2017-07-29 16:00:00,41.35999999
2017-07-29 17:00:00,9.84
2017-07-29 18:00:00,9.84
2017-07-29 19:00:00,9.84
2017-07-29 20:00:00,9.84
2017-07-29 21:00:00,9.84
2017-07-29 22:00:00,9.84
2017-07-29 23:00:00,9.84
2017-07-30 00:00:00,9.84
2017-07-30 01:00:00,9.84
2017-07-30 02:00:00,9.84
2017-07-30 03:00:00,9.84
2017-07-30 04:00:00,9.84
2017-07-30 05:00:00,9.84
2017-07-30 06:00:00,9.84
2017-07-30 07:00:00,12.89
2017-07-30 08:00:00,36.68
2017-07-30 09:00:00,37.96
2017-07-30 10:00:00,33.49
2017-07-30 11:00:00,31.59
2017-07-30 12:00:00,33.83
2017-07-30 13:00:00,42.06
2017-07-30 14:00:00,36.81
2017-07-30 15:00:00,34.23
2017-07-30 16:00:00,34.89
2017-07-30 17:00:00,38.01
2017-07-30 18:00:00,35.1
2017-07-30 19:00:00,43.39
2017-07-30 20:00:00,44.62
2017-07-30 21:00:00,38.95
2017-07-30 22:00:00,37.42
2017-07-30 23:00:00,28.21
2017-07-31 00:00:00,28.72
2017-07-31 01:00:00,11.28
2017-07-31 02:00:00,11.28
2017-07-31 03:00:00,11.28
2017-07-31 04:00:00,11.28
2017-07-31 05:00:00,11.28
2017-07-31 06:00:00,11.28
2017-07-31 07:00:00,11.28
2017-07-31 08:00:00,11.28
2017-07-31 09:00:00,34.83
2017-07-31 10:00:00,41.69
2017-07-31 11:00:00,45.71
2017-07-31 12:00:00,44.96
2017-07-31 13:00:00,38.58
2017-07-31 14:00:00,39.77
2017-07-31 15:00:00,49.67
2017-07-31 16:00:00,41.36
2017-07-31 17:00:00,36.59
2017-07-31 18:00:00,32.68
2017-07-31 19:00:00,38.28
2017-07-31 20:00:00,36.5
2017-07-31 21:00:00,34.07
2017-07-31 22:00:00,33.99
2017-07-31 23:00:00,23.51
2017-08-01 00:00:00,11.28
2017-08-01 01:00:00,11.28
2017-08-01 02:00:00,11.28
2017-08-01 03:00:00,11.28
2017-08-01 04:00:00,11.28
2017-08-01 05:00:00,23.87
2017-08-01 06:00:00,33.72
2017-08-01 07:00:00,33.86
2017-08-01 08:00:00,33.45
2017-08-01 09:00:00,35.42
2017-08-01 10:00:00,39.81
2017-08-01 11:00:00,36.24
2017-08-01 12:00:00,40.62
2017-08-01 13:00:00,43.56
2017-08-01 14:00:00,40.77
2017-08-01 15:00:00,41.16
2017-08-01 16:00:00,42.19
2017-08-01 17:00:00,47.43
2017-08-01 18:00:00,37.77
2017-08-01 19:00:00,39.73
2017-08-01 20:00:00,32.3
2017-08-01 21:00:00,11.28
2017-08-01 22:00:00,11.28
2017-08-01 23:00:00,11.28
2017-08-02 00:00:00,11.28
2017-08-02 01:00:00,11.28
2017-08-02 02:00:00,11.28
2017-08-02 03:00:00,11.28
2017-08-02 04:00:00,11.28
2017-08-02 05:00:00,11.28
2017-08-02 06:00:00,11.28
2017-08-02 07:00:00,11.28
2017-08-02 08:00:00,11.28
2017-08-02 09:00:00,11.28
2017-08-02 10:00:00,11.28
2017-08-02 11:00:00,11.28
2017-08-02 12:00:00,11.28
2017-08-02 13:00:00,11.28
2017-08-02 14:00:00,11.28
2017-08-02 15:00:00,14.31
2017-08-02 16:00:00,41.77
2017-08-02 17:00:00,46.31
2017-08-02 18:00:00,38.38
2017-08-02 19:00:00,38.68
2017-08-02 20:00:00,45.62
2017-08-02 21:00:00,40.53
2017-08-02 22:00:00,38.7
2017-08-02 23:00:00,18.05
2017-08-03 00:00:00,1.78
2017-08-03 01:00:00,11.28
2017-08-03 02:00:00,11.28
2017-08-03 03:00:00,11.28
2017-08-03 04:00:00,11.28
2017-08-03 05:00:00,11.28
2017-08-03 06:00:00,11.28
2017-08-03 07:00:00,11.28
2017-08-03 08:00:00,11.28
2017-08-03 09:00:00,11.28
2017-08-03 10:00:00,11.28
2017-08-03 11:00:00,11.28
2017-08-03 12:00:00,11.28
2017-08-03 13:00:00,11.28
2017-08-03 14:00:00,11.28
2017-08-03 15:00:00,41.29
2017-08-03 16:00:00,37.86
2017-08-03 17:00:00,40.6
2017-08-03 18:00:00,31.55
2017-08-03 19:00:00,37.02
2017-08-03 20:00:00,42.33
2017-08-03 21:00:00,39.37
2017-08-03 22:00:00,38.3
2017-08-03 23:00:00,42.88
2017-08-04 00:00:00,0
2017-08-04 01:00:00,11.28
2017-08-04 02:00:00,11.28
2017-08-04 03:00:00,11.28
2017-08-04 04:00:00,11.28
2017-08-04 05:00:00,11.28
2017-08-04 06:00:00,11.28
2017-08-04 07:00:00,11.28
2017-08-04 08:00:00,11.28
2017-08-04 09:00:00,11.28
2017-08-04 10:00:00,11.28
2017-08-04 11:00:00,11.28
2017-08-04 12:00:00,11.28
2017-08-04 13:00:00,11.28
2017-08-04 14:00:00,14.61
2017-08-04 15:00:00,39
2017-08-04 16:00:00,41.51
2017-08-04 17:00:00,36.88
2017-08-04 18:00:00,40.37
2017-08-04 19:00:00,38.48
2017-08-04 20:00:00,40.45
2017-08-04 21:00:00,36.88
2017-08-04 22:00:00,40.12
2017-08-04 23:00:00,35.16
2017-08-05 00:00:00,11.28
2017-08-05 01:00:00,11.28
2017-08-05 02:00:00,11.28
2017-08-05 03:00:00,11.28
2017-08-05 04:00:00,11.28
2017-08-05 05:00:00,11.28
2017-08-05 06:00:00,11.28
2017-08-05 07:00:00,11.28
2017-08-05 08:00:00,11.28
2017-08-05 09:00:00,32.34
2017-08-05 10:00:00,37.19
2017-08-05 11:00:00,40.47
2017-08-05 12:00:00,36.67
2017-08-05 13:00:00,33.73
2017-08-05 14:00:00,31.62
2017-08-05 15:00:00,43.03
2017-08-05 16:00:00,49.34
2017-08-05 17:00:00,44.43
2017-08-05 18:00:00,40.93
2017-08-05 19:00:00,39.17
2017-08-05 20:00:00,39.72
2017-08-05 21:00:00,35.95
2017-08-05 22:00:00,40.01
2017-08-05 23:00:00,36.82
2017-08-06 00:00:00,11.28
2017-08-06 01:00:00,11.28
2017-08-06 02:00:00,11.28
2017-08-06 03:00:00,11.28
2017-08-06 04:00:00,11.28
2017-08-06 05:00:00,11.28
2017-08-06 06:00:00,11.28
2017-08-06 07:00:00,11.28
2017-08-06 08:00:00,11.28
2017-08-06 09:00:00,14.24
2017-08-06 10:00:00,36.62
2017-08-06 11:00:00,36.01
2017-08-06 12:00:00,39.48
2017-08-06 13:00:00,47
2017-08-06 14:00:00,42.72
2017-08-06 15:00:00,42.99
2017-08-06 16:00:00,45.45
2017-08-06 17:00:00,35.88
2017-08-06 18:00:00,37.96
2017-08-06 19:00:00,38.05
2017-08-06 20:00:00,36.45
2017-08-06 21:00:00,36.64
2017-08-06 22:00:00,34.47
2017-08-06 23:00:00,30.22
2017-08-07 00:00:00,11.28
2017-08-07 01:00:00,11.28
2017-08-07 02:00:00,11.28
2017-08-07 03:00:00,11.28
2017-08-07 04:00:00,11.28
2017-08-07 05:00:00,11.28
2017-08-07 06:00:00,11.28
2017-08-07 07:00:00,11.28
2017-08-07 08:00:00,20.58
2017-08-07 09:00:00,41.52
2017-08-07 10:00:00,44.68
2017-08-07 11:00:00,42.27
2017-08-07 12:00:00,42.25
2017-08-07 13:00:00,34.55
2017-08-07 14:00:00,35.32
2017-08-07 15:00:00,35.54
2017-08-07 16:00:00,35.05
2017-08-07 17:00:00,41.93
2017-08-07 18:00:00,36.2
2017-08-07 19:00:00,42.94
2017-08-07 20:00:00,39.92
2017-08-07 21:00:00,40.81
2017-08-07 22:00:00,41.48
2017-08-07 23:00:00,35.05
2017-08-08 00:00:00,11.28
2017-08-08 01:00:00,11.28
2017-08-08 02:00:00,11.28
2017-08-08 03:00:00,11.28
2017-08-08 04:00:00,11.28
2017-08-08 05:00:00,11.28
2017-08-08 06:00:00,11.28
2017-08-08 07:00:00,11.28000001
2017-08-08 08:00:00,46.12
2017-08-08 09:00:00,44.81
2017-08-08 10:00:00,45.06
2017-08-08 11:00:00,46.34
2017-08-08 12:00:00,45.76
2017-08-08 13:00:00,39.4
2017-08-08 14:00:00,39.45
2017-08-08 15:00:00,48.7
2017-08-08 16:00:00,43.29
2017-08-08 17:00:00,44.29
2017-08-08 18:00:00,32.68
2017-08-08 19:00:00,39.68
2017-08-08 20:00:00,41.2
2017-08-08 21:00:00,42.55
2017-08-08 22:00:00,40.61999999
2017-08-08 23:00:00,11.28
2017-08-09 00:00:00,11.28
2017-08-09 01:00:00,11.28
2017-08-09 02:00:00,11.28
2017-08-09 03:00:00,11.28
2017-08-09 04:00:00,11.28
2017-08-09 05:00:00,11.28
2017-08-09 06:00:00,11.28
2017-08-09 07:00:00,44.52
2017-08-09 08:00:00,45.1
2017-08-09 09:00:00,46.57
2017-08-09 10:00:00,46.75
2017-08-09 11:00:00,42.65
2017-08-09 12:00:00,41.45
2017-08-09 13:00:00,44.96
2017-08-09 14:00:00,49.28
2017-08-09 15:00:00,48.32
2017-08-09 16:00:00,43.94
2017-08-09 17:00:00,39.25
2017-08-09 18:00:00,31.19
2017-08-09 19:00:00,45.12
2017-08-09 20:00:00,51.3
2017-08-09 21:00:00,40.9
2017-08-09 22:00:00,46.32
2017-08-09 23:00:00,34.96
2017-08-10 00:00:00,11.28
2017-08-10 01:00:00,11.28
2017-08-10 02:00:00,11.28
2017-08-10 03:00:00,11.28
2017-08-10 04:00:00,11.28
2017-08-10 05:00:00,11.28
2017-08-10 06:00:00,11.28
2017-08-10 07:00:00,33.24
2017-08-10 08:00:00,33.82
2017-08-10 09:00:00,35.29
2017-08-10 10:00:00,35.47
2017-08-10 11:00:00,31.37
2017-08-10 12:00:00,30.17
2017-08-10 13:00:00,33.68
2017-08-10 14:00:00,38
2017-08-10 15:00:00,37.04
2017-08-10 16:00:00,32.66
2017-08-10 17:00:00,27.97
2017-08-10 18:00:00,19.91
2017-08-10 19:00:00,33.84
2017-08-10 20:00:00,40.02
2017-08-10 21:00:00,29.62
2017-08-10 22:00:00,35.04
2017-08-10 23:00:00,23.68
2017-08-11 00:00:00,11.28
2017-08-11 01:00:00,11.28
2017-08-11 02:00:00,11.28
2017-08-11 03:00:00,11.28
2017-08-11 04:00:00,11.28
2017-08-11 05:00:00,11.28
2017-08-11 06:00:00,11.28
2017-08-11 07:00:00,21.36
2017-08-11 08:00:00,45.5
2017-08-11 09:00:00,42.41
2017-08-11 10:00:00,42.04
2017-08-11 11:00:00,39
2017-08-11 12:00:00,43.2
2017-08-11 13:00:00,35.06
2017-08-11 14:00:00,37.89
2017-08-11 15:00:00,44.51
2017-08-11 16:00:00,37.69
2017-08-11 17:00:00,37.66
2017-08-11 18:00:00,35.42
2017-08-11 19:00:00,42.29
2017-08-11 20:00:00,44.21
2017-08-11 21:00:00,38.94
2017-08-11 22:00:00,37.89
2017-08-11 23:00:00,35.3
2017-08-12 00:00:00,33.68
2017-08-12 01:00:00,12.29
2017-08-12 02:00:00,12.29
2017-08-12 03:00:00,12.29
2017-08-12 04:00:00,12.29
2017-08-12 05:00:00,12.29
2017-08-12 06:00:00,12.29
2017-08-12 07:00:00,15.95
2017-08-12 08:00:00,38.75
2017-08-12 09:00:00,42.76
2017-08-12 10:00:00,41.39
2017-08-12 11:00:00,40.02
2017-08-12 12:00:00,40.14
2017-08-12 13:00:00,36
2017-08-12 14:00:00,36.43
2017-08-12 15:00:00,44.29
2017-08-12 16:00:00,46.78
2017-08-12 17:00:00,40.28
2017-08-12 18:00:00,36.09
2017-08-12 19:00:00,44.65
2017-08-12 20:00:00,43.23
2017-08-12 21:00:00,39.25
2017-08-12 22:00:00,40.15
2017-08-12 23:00:00,37.8
2017-08-13 00:00:00,12.29
2017-08-13 01:00:00,12.29
2017-08-13 02:00:00,12.29
2017-08-13 03:00:00,12.29
2017-08-13 04:00:00,12.29
2017-08-13 05:00:00,12.29
2017-08-13 06:00:00,12.29
2017-08-13 07:00:00,12.29
2017-08-13 08:00:00,15.92
2017-08-13 09:00:00,36.68
2017-08-13 10:00:00,36.02
2017-08-13 11:00:00,39.15
2017-08-13 12:00:00,36.75
2017-08-13 13:00:00,30.26
2017-08-13 14:00:00,34.01
2017-08-13 15:00:00,37.48
2017-08-13 16:00:00,38.3
2017-08-13 17:00:00,41.01
2017-08-13 18:00:00,37.37
2017-08-13 19:00:00,41.86
2017-08-13 20:00:00,39.87
2017-08-13 21:00:00,36.1
2017-08-13 22:00:00,38.21
2017-08-13 23:00:00,36.2
2017-08-14 00:00:00,37.03
2017-08-14 01:00:00,12.29
2017-08-14 02:00:00,12.29
2017-08-14 03:00:00,12.29
2017-08-14 04:00:00,12.29
2017-08-14 05:00:00,12.29
2017-08-14 06:00:00,12.29
2017-08-14 07:00:00,12.29
2017-08-14 08:00:00,23.69
2017-08-14 09:00:00,44.4
2017-08-14 10:00:00,43
2017-08-14 11:00:00,44.9
2017-08-14 12:00:00,40.02
2017-08-14 13:00:00,40.07
2017-08-14 14:00:00,40.5
2017-08-14 15:00:00,45.68
2017-08-14 16:00:00,43.96
2017-08-14 17:00:00,40.99
2017-08-14 18:00:00,37.35
2017-08-14 19:00:00,43.19
2017-08-14 20:00:00,44.07
2017-08-14 21:00:00,45.59
2017-08-14 22:00:00,46.25
2017-08-14 23:00:00,44.44
2017-08-15 00:00:00,12.29
2017-08-15 01:00:00,12.29
2017-08-15 02:00:00,12.29
2017-08-15 03:00:00,12.29
2017-08-15 04:00:00,12.29
2017-08-15 05:00:00,12.29
2017-08-15 06:00:00,12.29
2017-08-15 07:00:00,12.29
2017-08-15 08:00:00,15.08
2017-08-15 09:00:00,45.42
2017-08-15 10:00:00,45.14
2017-08-15 11:00:00,45.12
2017-08-15 12:00:00,45.03
2017-08-15 13:00:00,48.08
2017-08-15 14:00:00,49.42
2017-08-15 15:00:00,47.05
2017-08-15 16:00:00,46.9
2017-08-15 17:00:00,45.87
2017-08-15 18:00:00,45.24
2017-08-15 19:00:00,45.77
2017-08-15 20:00:00,47.83
2017-08-15 21:00:00,45.67
2017-08-15 22:00:00,47.44
2017-08-15 23:00:00,40.74
2017-08-16 00:00:00,12.29
2017-08-16 01:00:00,12.29
2017-08-16 02:00:00,12.29
2017-08-16 03:00:00,12.29
2017-08-16 04:00:00,12.29
2017-08-16 05:00:00,12.29
2017-08-16 06:00:00,12.29
2017-08-16 07:00:00,12.29
2017-08-16 08:00:00,14.32
2017-08-16 09:00:00,42.27
2017-08-16 10:00:00,46.6
2017-08-16 11:00:00,48.22
2017-08-16 12:00:00,45.83
2017-08-16 13:00:00,42.96
2017-08-16 14:00:00,49.82
2017-08-16 15:00:00,50.04
2017-08-16 16:00:00,52.08
2017-08-16 17:00:00,41.96
2017-08-16 18:00:00,42.86
2017-08-16 19:00:00,47.08
2017-08-16 20:00:00,46.61
2017-08-16 21:00:00,43.15
2017-08-16 22:00:00,40.9
2017-08-16 23:00:00,36.38
2017-08-17 00:00:00,12.29
2017-08-17 01:00:00,12.29
2017-08-17 02:00:00,12.29
2017-08-17 03:00:00,12.29
2017-08-17 04:00:00,12.29
2017-08-17 05:00:00,12.29
2017-08-17 06:00:00,12.29
2017-08-17 07:00:00,0
2017-08-17 08:00:00,0
2017-08-17 09:00:00,20
2017-08-17 10:00:00,33
2017-08-17 11:00:00,33
2017-08-17 12:00:00,33
2017-08-17 13:00:00,33
2017-08-17 14:00:00,33
2017-08-17 15:00:00,33
2017-08-17 16:00:00,33
2017-08-17 17:00:00,33
2017-08-17 18:00:00,33
2017-08-17 19:00:00,33
2017-08-17 20:00:00,33
2017-08-17 21:00:00,33
2017-08-17 22:00:00,33
2017-08-17 23:00:00,33
2017-08-18 00:00:00,40.27
2017-08-18 01:00:00,12.29
2017-08-18 02:00:00,12.29
2017-08-18 03:00:00,12.29
2017-08-18 04:00:00,12.29
2017-08-18 05:00:00,12.29
2017-08-18 06:00:00,12.29
2017-08-18 07:00:00,44.24
2017-08-18 08:00:00,46.86
2017-08-18 09:00:00,44.42
2017-08-18 10:00:00,42.29
2017-08-18 11:00:00,42.41
2017-08-18 12:00:00,44.12
2017-08-18 13:00:00,40.26
2017-08-18 14:00:00,42.52
2017-08-18 15:00:00,41.1
2017-08-18 16:00:00,39.44
2017-08-18 17:00:00,39.08
2017-08-18 18:00:00,41.79
2017-08-18 19:00:00,43.36
2017-08-18 20:00:00,43.48
2017-08-18 21:00:00,44.14
2017-08-18 22:00:00,12.29
2017-08-18 23:00:00,12.29
2017-08-19 00:00:00,12.29
2017-08-19 01:00:00,12.29
2017-08-19 02:00:00,12.29
2017-08-19 03:00:00,12.29
2017-08-19 04:00:00,12.29
2017-08-19 05:00:00,12.29
2017-08-19 06:00:00,12.29
2017-08-19 07:00:00,12.29000001
2017-08-19 08:00:00,42.54
2017-08-19 09:00:00,42.77
2017-08-19 10:00:00,37.22
2017-08-19 11:00:00,37.68
2017-08-19 12:00:00,37.19
2017-08-19 13:00:00,36.73
2017-08-19 14:00:00,35.34
2017-08-19 15:00:00,41.24
2017-08-19 16:00:00,46.28
2017-08-19 17:00:00,43.65
2017-08-19 18:00:00,40.38
2017-08-19 19:00:00,41.18
2017-08-19 20:00:00,46.91
2017-08-19 21:00:00,43.34
2017-08-19 22:00:00,46.73
2017-08-19 23:00:00,45.69
2017-08-20 00:00:00,12.29
2017-08-20 01:00:00,12.29
2017-08-20 02:00:00,12.29
2017-08-20 03:00:00,12.29
2017-08-20 04:00:00,12.29
2017-08-20 05:00:00,12.29
2017-08-20 06:00:00,12.29
2017-08-20 07:00:00,12.29
2017-08-20 08:00:00,15.93
2017-08-20 09:00:00,38.83
2017-08-20 10:00:00,40.33
2017-08-20 11:00:00,44.21
2017-08-20 12:00:00,42.58
2017-08-20 13:00:00,39.15
2017-08-20 14:00:00,38.51
2017-08-20 15:00:00,44.96
2017-08-20 16:00:00,47.91
2017-08-20 17:00:00,48.19
2017-08-20 18:00:00,47.73
2017-08-20 19:00:00,47.35
2017-08-20 20:00:00,48.7
2017-08-20 21:00:00,46.17
2017-08-20 22:00:00,46.45
2017-08-20 23:00:00,42.7
2017-08-21 00:00:00,12.29
2017-08-21 01:00:00,12.29
2017-08-21 02:00:00,12.29
2017-08-21 03:00:00,12.29
2017-08-21 04:00:00,12.29
2017-08-21 05:00:00,12.29
2017-08-21 06:00:00,12.29
2017-08-21 07:00:00,15.13
2017-08-21 08:00:00,43.62
2017-08-21 09:00:00,39.18
2017-08-21 10:00:00,42.65
2017-08-21 11:00:00,43.73
2017-08-21 12:00:00,48.48
2017-08-21 13:00:00,47.54
2017-08-21 14:00:00,43.39
2017-08-21 15:00:00,43.17
2017-08-21 16:00:00,42.04
2017-08-21 17:00:00,37.59
2017-08-21 18:00:00,37.65
2017-08-21 19:00:00,44.6
2017-08-21 20:00:00,42.28
2017-08-21 21:00:00,41.18
2017-08-21 22:00:00,42.88
2017-08-21 23:00:00,14.88
2017-08-22 00:00:00,12.29
2017-08-22 01:00:00,12.29
2017-08-22 02:00:00,12.29
2017-08-22 03:00:00,12.29
2017-08-22 04:00:00,12.29
2017-08-22 05:00:00,12.29
2017-08-22 06:00:00,12.29
2017-08-22 07:00:00,12.29000001
2017-08-22 08:00:00,42.38
2017-08-22 09:00:00,43.87
2017-08-22 10:00:00,43.45
2017-08-22 11:00:00,43.39
2017-08-22 12:00:00,43.28
2017-08-22 13:00:00,38.86
2017-08-22 14:00:00,38.59
2017-08-22 15:00:00,44.34
2017-08-22 16:00:00,43.63
2017-08-22 17:00:00,38.73
2017-08-22 18:00:00,33.41
2017-08-22 19:00:00,46.18
2017-08-22 20:00:00,46.17
2017-08-22 21:00:00,42.6
2017-08-22 22:00:00,43.16999999
2017-08-22 23:00:00,12.29
2017-08-23 00:00:00,12.29
2017-08-23 01:00:00,12.29
2017-08-23 02:00:00,12.29
2017-08-23 03:00:00,12.29
2017-08-23 04:00:00,12.29
2017-08-23 05:00:00,12.29
2017-08-23 06:00:00,12.29
2017-08-23 07:00:00,12.29
2017-08-23 08:00:00,12.29
2017-08-23 09:00:00,12.29
2017-08-23 10:00:00,43.24
2017-08-23 11:00:00,47.02
2017-08-23 12:00:00,44.95
2017-08-23 13:00:00,45.18
2017-08-23 14:00:00,44.91
2017-08-23 15:00:00,40.67
2017-08-23 16:00:00,44.6
2017-08-23 17:00:00,48.16
2017-08-23 18:00:00,36.81
2017-08-23 19:00:00,43.95
2017-08-23 20:00:00,45.79
2017-08-23 21:00:00,46.21
2017-08-23 22:00:00,45.13
2017-08-23 23:00:00,37.01
2017-08-24 00:00:00,12.29
2017-08-24 01:00:00,12.29
2017-08-24 02:00:00,12.29
2017-08-24 03:00:00,12.29
2017-08-24 04:00:00,12.29
2017-08-24 05:00:00,12.29
2017-08-24 06:00:00,12.29
2017-08-24 07:00:00,12.29000001
2017-08-24 08:00:00,42.11
2017-08-24 09:00:00,36.86
2017-08-24 10:00:00,39.7
2017-08-24 11:00:00,33.4
2017-08-24 12:00:00,38.6
2017-08-24 13:00:00,37.68
2017-08-24 14:00:00,39.75
2017-08-24 15:00:00,40.93
2017-08-24 16:00:00,43.3
2017-08-24 17:00:00,37.11
2017-08-24 18:00:00,34.4
2017-08-24 19:00:00,44.83
2017-08-24 20:00:00,43.05
2017-08-24 21:00:00,43.13
2017-08-24 22:00:00,38
2017-08-24 23:00:00,34.36
2017-08-25 00:00:00,12.29
2017-08-25 01:00:00,12.29
2017-08-25 02:00:00,12.29
2017-08-25 03:00:00,12.29
2017-08-25 04:00:00,12.29
2017-08-25 05:00:00,12.29
2017-08-25 06:00:00,12.29
2017-08-25 07:00:00,12.29
2017-08-25 08:00:00,32.77
2017-08-25 09:00:00,40.04
2017-08-25 10:00:00,35.87
2017-08-25 11:00:00,35.68
2017-08-25 12:00:00,36.64
2017-08-25 13:00:00,37.86
2017-08-25 14:00:00,39.97
2017-08-25 15:00:00,41.83
2017-08-25 16:00:00,42.77
2017-08-25 17:00:00,37.78
2017-08-25 18:00:00,33.12
2017-08-25 19:00:00,42.62
2017-08-25 20:00:00,42.91
2017-08-25 21:00:00,39.6
2017-08-25 22:00:00,41.97
2017-08-25 23:00:00,32.23
2017-08-26 00:00:00,12.29
2017-08-26 01:00:00,12.29
2017-08-26 02:00:00,12.29
2017-08-26 03:00:00,12.29
2017-08-26 04:00:00,12.29
2017-08-26 05:00:00,12.29
2017-08-26 06:00:00,12.29
2017-08-26 07:00:00,12.29
2017-08-26 08:00:00,15.18
2017-08-26 09:00:00,35.38
2017-08-26 10:00:00,41.48
2017-08-26 11:00:00,40.46
2017-08-26 12:00:00,37.47
2017-08-26 13:00:00,33.99
2017-08-26 14:00:00,44.47
2017-08-26 15:00:00,41.59
2017-08-26 16:00:00,41.04
2017-08-26 17:00:00,40.97
2017-08-26 18:00:00,38.82
2017-08-26 19:00:00,44.71
2017-08-26 20:00:00,41.72
2017-08-26 21:00:00,41.39
2017-08-26 22:00:00,39.77
2017-08-26 23:00:00,43.35
2017-08-27 00:00:00,12.29
2017-08-27 01:00:00,12.29
2017-08-27 02:00:00,12.29
2017-08-27 03:00:00,12.29
2017-08-27 04:00:00,12.29
2017-08-27 05:00:00,12.29
2017-08-27 06:00:00,12.29
2017-08-27 07:00:00,12.29
2017-08-27 08:00:00,28.26
2017-08-27 09:00:00,41.75
2017-08-27 10:00:00,41.72
2017-08-27 11:00:00,41.32
2017-08-27 12:00:00,42.67
2017-08-27 13:00:00,34.01
2017-08-27 14:00:00,33.18
2017-08-27 15:00:00,38.66
2017-08-27 16:00:00,44.8
2017-08-27 17:00:00,46.99
2017-08-27 18:00:00,39.27
2017-08-27 19:00:00,48.99
2017-08-27 20:00:00,53.77
2017-08-27 21:00:00,44.67
2017-08-27 22:00:00,39.62
2017-08-27 23:00:00,41.13
2017-08-28 00:00:00,41.58
2017-08-28 01:00:00,12.29
2017-08-28 02:00:00,12.29
2017-08-28 03:00:00,12.29
2017-08-28 04:00:00,12.29
2017-08-28 05:00:00,12.29
2017-08-28 06:00:00,12.29
2017-08-28 07:00:00,12.29
2017-08-28 08:00:00,16.6
2017-08-28 09:00:00,45.61
2017-08-28 10:00:00,42.9
2017-08-28 11:00:00,44.41
2017-08-28 12:00:00,43.26
2017-08-28 13:00:00,46.72
2017-08-28 14:00:00,49.39
2017-08-28 15:00:00,45.59
2017-08-28 16:00:00,46.83
2017-08-28 17:00:00,43.06
2017-08-28 18:00:00,36.49
2017-08-28 19:00:00,49.76
2017-08-28 20:00:00,48.9
2017-08-28 21:00:00,44.96
2017-08-28 22:00:00,46.67
2017-08-28 23:00:00,39.08
2017-08-29 00:00:00,12.29
2017-08-29 01:00:00,12.29
2017-08-29 02:00:00,12.29
2017-08-29 03:00:00,12.29
2017-08-29 04:00:00,12.29
2017-08-29 05:00:00,12.29
2017-08-29 06:00:00,12.29
2017-08-29 07:00:00,15.33
2017-08-29 08:00:00,42.9
2017-08-29 09:00:00,43.91
2017-08-29 10:00:00,41.91
2017-08-29 11:00:00,41.19
2017-08-29 12:00:00,47.59
2017-08-29 13:00:00,48.47
2017-08-29 14:00:00,49.88
2017-08-29 15:00:00,39.99
2017-08-29 16:00:00,48.56
2017-08-29 17:00:00,41.73
2017-08-29 18:00:00,35.16
2017-08-29 19:00:00,45.85
2017-08-29 20:00:00,45.5
2017-08-29 21:00:00,45.11
2017-08-29 22:00:00,40.44
2017-08-29 23:00:00,39.62
2017-08-30 00:00:00,12.29
2017-08-30 01:00:00,12.29
2017-08-30 02:00:00,12.29
2017-08-30 03:00:00,12.29
2017-08-30 04:00:00,12.29
2017-08-30 05:00:00,12.29
2017-08-30 06:00:00,12.29
2017-08-30 07:00:00,47.05
2017-08-30 08:00:00,45.43
2017-08-30 09:00:00,43.67
2017-08-30 10:00:00,40.21
2017-08-30 11:00:00,42.38
2017-08-30 12:00:00,45.15
2017-08-30 13:00:00,38.86
2017-08-30 14:00:00,39.13
2017-08-30 15:00:00,40.06
2017-08-30 16:00:00,42.48
2017-08-30 17:00:00,44.49
2017-08-30 18:00:00,41.58
2017-08-30 19:00:00,50.81
2017-08-30 20:00:00,45.06
2017-08-30 21:00:00,44.06
2017-08-30 22:00:00,42.75
2017-08-30 23:00:00,15.73
2017-08-31 00:00:00,12.29
2017-08-31 01:00:00,12.29
2017-08-31 02:00:00,12.29
2017-08-31 03:00:00,12.29
2017-08-31 04:00:00,12.29
2017-08-31 05:00:00,12.29
2017-08-31 06:00:00,12.29
2017-08-31 07:00:00,12.29
2017-08-31 08:00:00,18.46
2017-08-31 09:00:00,42.28
2017-08-31 10:00:00,43.29
2017-08-31 11:00:00,44.23
2017-08-31 12:00:00,41.12
2017-08-31 13:00:00,35.96
2017-08-31 14:00:00,41.73
2017-08-31 15:00:00,45.09
2017-08-31 16:00:00,40.13
2017-08-31 17:00:00,43.55
2017-08-31 18:00:00,43.27
2017-08-31 19:00:00,45.92
2017-08-31 20:00:00,39.82
2017-08-31 21:00:00,39.12
2017-08-31 22:00:00,41.8
2017-08-31 23:00:00,39.94
2017-09-01 00:00:00,26.78
2017-09-01 01:00:00,12.29
2017-09-01 02:00:00,12.29
2017-09-01 03:00:00,12.29
2017-09-01 04:00:00,12.29
2017-09-01 05:00:00,12.29
2017-09-01 06:00:00,12.29
2017-09-01 07:00:00,12.29
2017-09-01 08:00:00,12.29
2017-09-01 09:00:00,42.64
2017-09-01 10:00:00,40.16
2017-09-01 11:00:00,42.73
2017-09-01 12:00:00,43.51
2017-09-01 13:00:00,41.09
2017-09-01 14:00:00,42.82
2017-09-01 15:00:00,41.48
2017-09-01 16:00:00,40.51
2017-09-01 17:00:00,39.56
2017-09-01 18:00:00,38.57
2017-09-01 19:00:00,48.94
2017-09-01 20:00:00,41.99
2017-09-01 21:00:00,40.71
2017-09-01 22:00:00,37.77
2017-09-01 23:00:00,37.85
2017-09-02 00:00:00,12.29
2017-09-02 01:00:00,12.29
2017-09-02 02:00:00,12.29
2017-09-02 03:00:00,12.29
2017-09-02 04:00:00,12.29
2017-09-02 05:00:00,12.29
2017-09-02 06:00:00,12.29
2017-09-02 07:00:00,12.29
2017-09-02 08:00:00,26.44
2017-09-02 09:00:00,44.19
2017-09-02 10:00:00,45.3
2017-09-02 11:00:00,48.8
2017-09-02 12:00:00,39.5
2017-09-02 13:00:00,36.16
2017-09-02 14:00:00,36.17
2017-09-02 15:00:00,39.86
2017-09-02 16:00:00,38.67
2017-09-02 17:00:00,44.64
2017-09-02 18:00:00,41.78
2017-09-02 19:00:00,48.26
2017-09-02 20:00:00,43.57
2017-09-02 21:00:00,40.14
2017-09-02 22:00:00,39.51
2017-09-02 23:00:00,42.05
2017-09-03 00:00:00,45.27
2017-09-03 01:00:00,39.58
2017-09-03 02:00:00,31.77
2017-09-03 03:00:00,12.29
2017-09-03 04:00:00,12.29
2017-09-03 05:00:00,12.29
2017-09-03 06:00:00,12.29
2017-09-03 07:00:00,34.77
2017-09-03 08:00:00,39.51
2017-09-03 09:00:00,42.8
2017-09-03 10:00:00,40.47
2017-09-03 11:00:00,41.32
2017-09-03 12:00:00,42.01
2017-09-03 13:00:00,38.26
2017-09-03 14:00:00,44.22
2017-09-03 15:00:00,52.07
2017-09-03 16:00:00,43.77
2017-09-03 17:00:00,49.6
2017-09-03 18:00:00,46.64
2017-09-03 19:00:00,46
2017-09-03 20:00:00,47.67
2017-09-03 21:00:00,36.24
2017-09-03 22:00:00,44.37
2017-09-03 23:00:00,35.23
2017-09-04 00:00:00,12.29
2017-09-04 01:00:00,12.29
2017-09-04 02:00:00,12.29
2017-09-04 03:00:00,12.29
2017-09-04 04:00:00,12.29
2017-09-04 05:00:00,12.29
2017-09-04 06:00:00,12.29
2017-09-04 07:00:00,16.49
2017-09-04 08:00:00,41.13
2017-09-04 09:00:00,44.81
2017-09-04 10:00:00,42.28
2017-09-04 11:00:00,44.73
2017-09-04 12:00:00,46.07
2017-09-04 13:00:00,41.75
2017-09-04 14:00:00,41.47
2017-09-04 15:00:00,43.01
2017-09-04 16:00:00,37.68
2017-09-04 17:00:00,37.11
2017-09-04 18:00:00,32.9
2017-09-04 19:00:00,45.07
2017-09-04 20:00:00,48.32
2017-09-04 21:00:00,40.07
2017-09-04 22:00:00,38.45
2017-09-04 23:00:00,38.04
2017-09-05 00:00:00,30.81
2017-09-05 01:00:00,12.29
2017-09-05 02:00:00,12.29
2017-09-05 03:00:00,12.29
2017-09-05 04:00:00,12.29
2017-09-05 05:00:00,12.29
2017-09-05 06:00:00,12.29
2017-09-05 07:00:00,12.29
2017-09-05 08:00:00,12.29
2017-09-05 09:00:00,42.11
2017-09-05 10:00:00,44.21
2017-09-05 11:00:00,45.22
2017-09-05 12:00:00,45.51
2017-09-05 13:00:00,43.44
2017-09-05 14:00:00,42.31
2017-09-05 15:00:00,40.78
2017-09-05 16:00:00,45.42
2017-09-05 17:00:00,41.92
2017-09-05 18:00:00,43.33
2017-09-05 19:00:00,42.04
2017-09-05 20:00:00,43.7
2017-09-05 21:00:00,38.31
2017-09-05 22:00:00,45.09
2017-09-05 23:00:00,30.41
2017-09-06 00:00:00,12.29
2017-09-06 01:00:00,13.4
2017-09-06 02:00:00,13.4
2017-09-06 03:00:00,13.4
2017-09-06 04:00:00,13.4
2017-09-06 05:00:00,13.4
2017-09-06 06:00:00,13.4
2017-09-06 07:00:00,13.4
2017-09-06 08:00:00,31.75
2017-09-06 09:00:00,41.55
2017-09-06 10:00:00,39.75
2017-09-06 11:00:00,40.63
2017-09-06 12:00:00,44.27
2017-09-06 13:00:00,35.58
2017-09-06 14:00:00,39.55
2017-09-06 15:00:00,48.04
2017-09-06 16:00:00,44.47
2017-09-06 17:00:00,41.47
2017-09-06 18:00:00,33.97
2017-09-06 19:00:00,41.23
2017-09-06 20:00:00,43.67
2017-09-06 21:00:00,37.95
2017-09-06 22:00:00,35.5
2017-09-06 23:00:00,37.8
2017-09-07 00:00:00,39.71
2017-09-07 01:00:00,13.4
2017-09-07 02:00:00,13.4
2017-09-07 03:00:00,13.4
2017-09-07 04:00:00,13.4
2017-09-07 05:00:00,13.4
2017-09-07 06:00:00,13.4
2017-09-07 07:00:00,13.4
2017-09-07 08:00:00,13.4
2017-09-07 09:00:00,13.4
2017-09-07 10:00:00,13.4
2017-09-07 11:00:00,17.3
2017-09-07 12:00:00,48.88
2017-09-07 13:00:00,36.23
2017-09-07 14:00:00,46.34
2017-09-07 15:00:00,48.85
2017-09-07 16:00:00,44.53
2017-09-07 17:00:00,42.21
2017-09-07 18:00:00,43.58
2017-09-07 19:00:00,55.1
2017-09-07 20:00:00,51.01
2017-09-07 21:00:00,50.43
2017-09-07 22:00:00,50.25
2017-09-07 23:00:00,53.1
2017-09-08 00:00:00,19.2
2017-09-08 01:00:00,13.4
2017-09-08 02:00:00,13.4
2017-09-08 03:00:00,13.4
2017-09-08 04:00:00,13.4
2017-09-08 05:00:00,13.4
2017-09-08 06:00:00,13.4
2017-09-08 07:00:00,13.4
2017-09-08 08:00:00,13.4
2017-09-08 09:00:00,13.4
2017-09-08 10:00:00,13.4
2017-09-08 11:00:00,13.4
2017-09-08 12:00:00,15.66
2017-09-08 13:00:00,52.85
2017-09-08 14:00:00,53.55
2017-09-08 15:00:00,53.87
2017-09-08 16:00:00,53.29
2017-09-08 17:00:00,52.27
2017-09-08 18:00:00,51.03
2017-09-08 19:00:00,53.51
2017-09-08 20:00:00,53.5
2017-09-08 21:00:00,52.83
2017-09-08 22:00:00,53.17
2017-09-08 23:00:00,49.6
2017-09-09 00:00:00,52.17
2017-09-09 01:00:00,26.93
2017-09-09 02:00:00,13.4
2017-09-09 03:00:00,13.4
2017-09-09 04:00:00,13.4
2017-09-09 05:00:00,13.4
2017-09-09 06:00:00,13.4
2017-09-09 07:00:00,13.4
2017-09-09 08:00:00,13.4
2017-09-09 09:00:00,13.4
2017-09-09 10:00:00,13.4
2017-09-09 11:00:00,13.4
2017-09-09 12:00:00,13.4
2017-09-09 13:00:00,52.27
2017-09-09 14:00:00,52
2017-09-09 15:00:00,52.78
2017-09-09 16:00:00,52.52
2017-09-09 17:00:00,53.38
2017-09-09 18:00:00,54.47
2017-09-09 19:00:00,54.17
2017-09-09 20:00:00,51.37
2017-09-09 21:00:00,52.57
2017-09-09 22:00:00,50.32
2017-09-09 23:00:00,53.27
2017-09-10 00:00:00,13.4
2017-09-10 01:00:00,13.4
2017-09-10 02:00:00,13.4
2017-09-10 03:00:00,13.4
2017-09-10 04:00:00,13.4
2017-09-10 05:00:00,13.4
2017-09-10 06:00:00,13.4
2017-09-10 07:00:00,13.4
2017-09-10 08:00:00,13.4
2017-09-10 09:00:00,13.4
2017-09-10 10:00:00,13.4
2017-09-10 11:00:00,13.4
2017-09-10 12:00:00,13.4
2017-09-10 13:00:00,49.48
2017-09-10 14:00:00,48.99
2017-09-10 15:00:00,47.76
2017-09-10 16:00:00,54.63
2017-09-10 17:00:00,54.45
2017-09-10 18:00:00,53.94
2017-09-10 19:00:00,51.53
2017-09-10 20:00:00,52.74
2017-09-10 21:00:00,52.02
2017-09-10 22:00:00,50.48
2017-09-10 23:00:00,51.77
2017-09-11 00:00:00,52.08
2017-09-11 01:00:00,13.4
2017-09-11 02:00:00,13.4
2017-09-11 03:00:00,13.4
2017-09-11 04:00:00,13.4
2017-09-11 05:00:00,13.4
2017-09-11 06:00:00,13.4
2017-09-11 07:00:00,13.4
2017-09-11 08:00:00,13.4
2017-09-11 09:00:00,13.4
2017-09-11 10:00:00,49.75
2017-09-11 11:00:00,49.26
2017-09-11 12:00:00,48.69
2017-09-11 13:00:00,48.64
2017-09-11 14:00:00,50.14
2017-09-11 15:00:00,52.58
2017-09-11 16:00:00,53.73
2017-09-11 17:00:00,53.31
2017-09-11 18:00:00,50.89
2017-09-11 19:00:00,49.61
2017-09-11 20:00:00,51.55
2017-09-11 21:00:00,52.62
2017-09-11 22:00:00,52.65
2017-09-11 23:00:00,50.62
2017-09-12 00:00:00,13.4
2017-09-12 01:00:00,13.4
2017-09-12 02:00:00,13.4
2017-09-12 03:00:00,13.4
2017-09-12 04:00:00,13.4
2017-09-12 05:00:00,13.4
2017-09-12 06:00:00,13.4
2017-09-12 07:00:00,0
2017-09-12 08:00:00,0
2017-09-12 09:00:00,10
2017-09-12 10:00:00,40
2017-09-12 11:00:00,40
2017-09-12 12:00:00,40
2017-09-12 13:00:00,40
2017-09-12 14:00:00,40
2017-09-12 15:00:00,40
2017-09-12 16:00:00,40
2017-09-12 17:00:00,40
2017-09-12 18:00:00,40
2017-09-12 19:00:00,42
2017-09-12 20:00:00,42
2017-09-12 21:00:00,42
2017-09-12 22:00:00,42
2017-09-12 23:00:00,40
2017-09-13 00:00:00,13.4
2017-09-13 01:00:00,13.4
2017-09-13 02:00:00,13.4
2017-09-13 03:00:00,13.4
2017-09-13 04:00:00,13.4
2017-09-13 05:00:00,13.4
2017-09-13 06:00:00,13.4
2017-09-13 07:00:00,13.4
2017-09-13 08:00:00,13.4
2017-09-13 09:00:00,13.4
2017-09-13 10:00:00,13.40000001
2017-09-13 11:00:00,49.76
2017-09-13 12:00:00,52.86
2017-09-13 13:00:00,52.57
2017-09-13 14:00:00,54.13
2017-09-13 15:00:00,46.16
2017-09-13 16:00:00,34.74
2017-09-13 17:00:00,52.79
2017-09-13 18:00:00,49.89
2017-09-13 19:00:00,53.08
2017-09-13 20:00:00,56.13
2017-09-13 21:00:00,51.89
2017-09-13 22:00:00,53.09
2017-09-13 23:00:00,52.17
2017-09-14 00:00:00,53.73
2017-09-14 01:00:00,27.45
2017-09-14 02:00:00,13.4
2017-09-14 03:00:00,13.4
2017-09-14 04:00:00,13.4
2017-09-14 05:00:00,13.4
2017-09-14 06:00:00,13.4
2017-09-14 07:00:00,13.4
2017-09-14 08:00:00,40.9
2017-09-14 09:00:00,52.16
2017-09-14 10:00:00,54.94
2017-09-14 11:00:00,52.95
2017-09-14 12:00:00,55.3
2017-09-14 13:00:00,52.7
2017-09-14 14:00:00,51.97
2017-09-14 15:00:00,54.93
2017-09-14 16:00:00,54.68
2017-09-14 17:00:00,51.39
2017-09-14 18:00:00,51.74
2017-09-14 19:00:00,55.66
2017-09-14 20:00:00,53.44
2017-09-14 21:00:00,53.56
2017-09-14 22:00:00,53.37
2017-09-14 23:00:00,49.77
2017-09-15 00:00:00,13.4
2017-09-15 01:00:00,13.4
2017-09-15 02:00:00,13.4
2017-09-15 03:00:00,13.4
2017-09-15 04:00:00,13.4
2017-09-15 05:00:00,13.4
2017-09-15 06:00:00,13.4
2017-09-15 07:00:00,13.4
2017-09-15 08:00:00,13.4
2017-09-15 09:00:00,13.4
2017-09-15 10:00:00,13.4
2017-09-15 11:00:00,13.4
2017-09-15 12:00:00,37.37
2017-09-15 13:00:00,56.25
2017-09-15 14:00:00,51.33
2017-09-15 15:00:00,47.79
2017-09-15 16:00:00,52.8
2017-09-15 17:00:00,56.15
2017-09-15 18:00:00,55.63
2017-09-15 19:00:00,53.58
2017-09-15 20:00:00,53.54
2017-09-15 21:00:00,52.91
2017-09-15 22:00:00,53.55
2017-09-15 23:00:00,52.52
2017-09-16 00:00:00,13.4
2017-09-16 01:00:00,13.4
2017-09-16 02:00:00,13.4
2017-09-16 03:00:00,13.4
2017-09-16 04:00:00,13.4
2017-09-16 05:00:00,13.4
2017-09-16 06:00:00,13.4
2017-09-16 07:00:00,0
2017-09-16 08:00:00,0
2017-09-16 09:00:00,0
2017-09-16 10:00:00,0
2017-09-16 11:00:00,0
2017-09-16 12:00:00,0
2017-09-16 13:00:00,35.8
2017-09-16 14:00:00,35.8
2017-09-16 15:00:00,35.8
2017-09-16 16:00:00,35.8
2017-09-16 17:00:00,35.8
2017-09-16 18:00:00,35.8
2017-09-16 19:00:00,35.8
2017-09-16 20:00:00,36.8
2017-09-16 21:00:00,36.8
2017-09-16 22:00:00,36.8
2017-09-16 23:00:00,36.8
2017-09-17 00:00:00,13.4
2017-09-17 01:00:00,13.4
2017-09-17 02:00:00,13.4
2017-09-17 03:00:00,13.4
2017-09-17 04:00:00,13.4
2017-09-17 05:00:00,13.4
2017-09-17 06:00:00,13.4
2017-09-17 07:00:00,13.4
2017-09-17 08:00:00,13.4
2017-09-17 09:00:00,13.4
2017-09-17 10:00:00,13.4
2017-09-17 11:00:00,36.76
2017-09-17 12:00:00,52.09
2017-09-17 13:00:00,55.64
2017-09-17 14:00:00,56.77
2017-09-17 15:00:00,54.67
2017-09-17 16:00:00,54.94
2017-09-17 17:00:00,57.15
2017-09-17 18:00:00,55.5
2017-09-17 19:00:00,53.49
2017-09-17 20:00:00,54.82
2017-09-17 21:00:00,53.49
2017-09-17 22:00:00,55.31
2017-09-17 23:00:00,55.35
2017-09-18 00:00:00,51.35
2017-09-18 01:00:00,13.4
2017-09-18 02:00:00,13.4
2017-09-18 03:00:00,13.4
2017-09-18 04:00:00,13.4
2017-09-18 05:00:00,13.4
2017-09-18 06:00:00,13.4
2017-09-18 07:00:00,13.4
2017-09-18 08:00:00,17.61
2017-09-18 09:00:00,53.45
2017-09-18 10:00:00,52.97
2017-09-18 11:00:00,52.51
2017-09-18 12:00:00,52.55
2017-09-18 13:00:00,49.52
2017-09-18 14:00:00,52.47
2017-09-18 15:00:00,56.26
2017-09-18 16:00:00,55.39
2017-09-18 17:00:00,51.9
2017-09-18 18:00:00,54.64
2017-09-18 19:00:00,52.02
2017-09-18 20:00:00,53.23
2017-09-18 21:00:00,52.96
2017-09-18 22:00:00,53.20999999
2017-09-18 23:00:00,22.66
2017-09-19 00:00:00,13.4
2017-09-19 01:00:00,13.4
2017-09-19 02:00:00,13.4
2017-09-19 03:00:00,13.4
2017-09-19 04:00:00,13.4
2017-09-19 05:00:00,13.4
2017-09-19 06:00:00,13.4
2017-09-19 07:00:00,13.4
2017-09-19 08:00:00,13.4
2017-09-19 09:00:00,28.79
2017-09-19 10:00:00,52.5
2017-09-19 11:00:00,50.46
2017-09-19 12:00:00,50.99
2017-09-19 13:00:00,48.63
2017-09-19 14:00:00,51
2017-09-19 15:00:00,53.33
2017-09-19 16:00:00,52.59
2017-09-19 17:00:00,49.21
2017-09-19 18:00:00,51.48
2017-09-19 19:00:00,53.52
2017-09-19 20:00:00,50.71
2017-09-19 21:00:00,52.16
2017-09-19 22:00:00,49.70999999
2017-09-19 23:00:00,13.4
2017-09-20 00:00:00,13.4
2017-09-20 01:00:00,13.4
2017-09-20 02:00:00,13.4
2017-09-20 03:00:00,13.4
2017-09-20 04:00:00,13.4
2017-09-20 05:00:00,13.4
2017-09-20 06:00:00,13.4
2017-09-20 07:00:00,13.40000001
2017-09-20 08:00:00,43.44
2017-09-20 09:00:00,53.04
2017-09-20 10:00:00,51.4
2017-09-20 11:00:00,52.38
2017-09-20 12:00:00,49.02
2017-09-20 13:00:00,50.3
2017-09-20 14:00:00,53.01
2017-09-20 15:00:00,52.49
2017-09-20 16:00:00,52.71
2017-09-20 17:00:00,50.98
2017-09-20 18:00:00,53.07
2017-09-20 19:00:00,55.04999999
2017-09-20 20:00:00,25.66
2017-09-20 21:00:00,13.4
2017-09-20 22:00:00,45.8
2017-09-20 23:00:00,46.22
2017-09-21 00:00:00,13.4
2017-09-21 01:00:00,13.4
2017-09-21 02:00:00,13.4
2017-09-21 03:00:00,13.4
2017-09-21 04:00:00,13.4
2017-09-21 05:00:00,13.4
2017-09-21 06:00:00,13.4
2017-09-21 07:00:00,13.4
2017-09-21 08:00:00,17.1
2017-09-21 09:00:00,54.02
2017-09-21 10:00:00,49.37
2017-09-21 11:00:00,53.06
2017-09-21 12:00:00,53.82
2017-09-21 13:00:00,51.67
2017-09-21 14:00:00,52.14
2017-09-21 15:00:00,49.8
2017-09-21 16:00:00,51.01
2017-09-21 17:00:00,50.02
2017-09-21 18:00:00,52.5
2017-09-21 19:00:00,54.7
2017-09-21 20:00:00,52.45
2017-09-21 21:00:00,53.73
2017-09-21 22:00:00,52.07
2017-09-21 23:00:00,51.73
2017-09-22 00:00:00,29.74
2017-09-22 01:00:00,13.4
2017-09-22 02:00:00,13.4
2017-09-22 03:00:00,13.4
2017-09-22 04:00:00,13.4
2017-09-22 05:00:00,13.4
2017-09-22 06:00:00,13.4
2017-09-22 07:00:00,13.4
2017-09-22 08:00:00,33.61
2017-09-22 09:00:00,53.02
2017-09-22 10:00:00,49.9
2017-09-22 11:00:00,53.21
2017-09-22 12:00:00,54.04
2017-09-22 13:00:00,55.16
2017-09-22 14:00:00,52.42
2017-09-22 15:00:00,50.13
2017-09-22 16:00:00,50.42
2017-09-22 17:00:00,47.88
2017-09-22 18:00:00,55.36
2017-09-22 19:00:00,53.71
2017-09-22 20:00:00,51.76
2017-09-22 21:00:00,49.45
2017-09-22 22:00:00,48.67
2017-09-22 23:00:00,48.09
2017-09-23 00:00:00,52.88
2017-09-23 01:00:00,55.18
2017-09-23 02:00:00,51.76
2017-09-23 03:00:00,50.95
2017-09-23 04:00:00,50.66
2017-09-23 05:00:00,53.32
2017-09-23 06:00:00,51.82
2017-09-23 07:00:00,52.68
2017-09-23 08:00:00,51.17
2017-09-23 09:00:00,52.81
2017-09-23 10:00:00,49.75
2017-09-23 11:00:00,50.13
2017-09-23 12:00:00,50.22
2017-09-23 13:00:00,48.94
2017-09-23 14:00:00,53.91
2017-09-23 15:00:00,50.99
2017-09-23 16:00:00,51.23
2017-09-23 17:00:00,54.56
2017-09-23 18:00:00,55.13
2017-09-23 19:00:00,48.22
2017-09-23 20:00:00,51.98
2017-09-23 21:00:00,49.08
2017-09-23 22:00:00,45.75999999
2017-09-23 23:00:00,14.25
2017-09-24 00:00:00,17.84
2017-09-24 01:00:00,56.53
2017-09-24 02:00:00,49.54
2017-09-24 03:00:00,51.79
2017-09-24 04:00:00,14.25000001
2017-09-24 05:00:00,50.61
2017-09-24 06:00:00,53.08
2017-09-24 07:00:00,53.25
2017-09-24 08:00:00,54.45
2017-09-24 09:00:00,52.83
2017-09-24 10:00:00,50.42
2017-09-24 11:00:00,53.53
2017-09-24 12:00:00,53.47
2017-09-24 13:00:00,52.77
2017-09-24 14:00:00,56.24
2017-09-24 15:00:00,49.05
2017-09-24 16:00:00,50.9
2017-09-24 17:00:00,54.9
2017-09-24 18:00:00,49.56
2017-09-24 19:00:00,49.57
2017-09-24 20:00:00,51.74
2017-09-24 21:00:00,50.06
2017-09-24 22:00:00,51.66
2017-09-24 23:00:00,49.98
2017-09-25 00:00:00,14.25
2017-09-25 01:00:00,19
2017-09-25 02:00:00,14.25
2017-09-25 03:00:00,14.25
2017-09-25 04:00:00,14.25
2017-09-25 05:00:00,18.83
2017-09-25 06:00:00,57.23
2017-09-25 07:00:00,54.07
2017-09-25 08:00:00,52.8
2017-09-25 09:00:00,51.21
2017-09-25 10:00:00,48.87
2017-09-25 11:00:00,48.57
2017-09-25 12:00:00,49.5
2017-09-25 13:00:00,49.69
2017-09-25 14:00:00,54.1
2017-09-25 15:00:00,50.06
2017-09-25 16:00:00,51.32
2017-09-25 17:00:00,50.26
2017-09-25 18:00:00,54.46
2017-09-25 19:00:00,54.88
2017-09-25 20:00:00,48.61
2017-09-25 21:00:00,51.44
2017-09-25 22:00:00,48.66
2017-09-25 23:00:00,49.63
2017-09-26 00:00:00,48.53
2017-09-26 01:00:00,49.18
2017-09-26 02:00:00,52.03
2017-09-26 03:00:00,51.16
2017-09-26 04:00:00,52.84
2017-09-26 05:00:00,51.53
2017-09-26 06:00:00,51.95
2017-09-26 07:00:00,49.67
2017-09-26 08:00:00,50.73
2017-09-26 09:00:00,50.47
2017-09-26 10:00:00,50.27
2017-09-26 11:00:00,53.43
2017-09-26 12:00:00,52.5
2017-09-26 13:00:00,52.14
2017-09-26 14:00:00,50.61
2017-09-26 15:00:00,55.12
2017-09-26 16:00:00,54.12
2017-09-26 17:00:00,53.67
2017-09-26 18:00:00,52.5
2017-09-26 19:00:00,51.57
2017-09-26 20:00:00,51.47
2017-09-26 21:00:00,51.15
2017-09-26 22:00:00,49.31
2017-09-26 23:00:00,50.05
2017-09-27 00:00:00,52.52
2017-09-27 01:00:00,52.56
2017-09-27 02:00:00,51.83
2017-09-27 03:00:00,52.1
2017-09-27 04:00:00,52.39
2017-09-27 05:00:00,54.73
2017-09-27 06:00:00,54.44
2017-09-27 07:00:00,52.55
2017-09-27 08:00:00,50.43
2017-09-27 09:00:00,54.63
2017-09-27 10:00:00,50.04
2017-09-27 11:00:00,49.46
2017-09-27 12:00:00,54.78
2017-09-27 13:00:00,49.25
2017-09-27 14:00:00,55.62
2017-09-27 15:00:00,52.96
2017-09-27 16:00:00,54.53
2017-09-27 17:00:00,48.58
2017-09-27 18:00:00,54.3
2017-09-27 19:00:00,55.58
2017-09-27 20:00:00,52.65
2017-09-27 21:00:00,50.95
2017-09-27 22:00:00,51.34
2017-09-27 23:00:00,50.73
2017-09-28 00:00:00,51.82
2017-09-28 01:00:00,54.66
2017-09-28 02:00:00,48.61
2017-09-28 03:00:00,50.58
2017-09-28 04:00:00,49.41
2017-09-28 05:00:00,53.7
2017-09-28 06:00:00,56.21
2017-09-28 07:00:00,55.4
2017-09-28 08:00:00,47.43
2017-09-28 09:00:00,51.71
2017-09-28 10:00:00,51.1
2017-09-28 11:00:00,51.58
2017-09-28 12:00:00,52.38
2017-09-28 13:00:00,52.38
2017-09-28 14:00:00,53.69
2017-09-28 15:00:00,52.23
2017-09-28 16:00:00,53.8
2017-09-28 17:00:00,52.33
2017-09-28 18:00:00,50.59
2017-09-28 19:00:00,55.64
2017-09-28 20:00:00,51.28
2017-09-28 21:00:00,51.81
2017-09-28 22:00:00,48.59
2017-09-28 23:00:00,48.86
2017-09-29 00:00:00,51.16
2017-09-29 01:00:00,52.6
2017-09-29 02:00:00,55.85
2017-09-29 03:00:00,55.81
2017-09-29 04:00:00,52.31
2017-09-29 05:00:00,54.71
2017-09-29 06:00:00,54.14
2017-09-29 07:00:00,51.54
2017-09-29 08:00:00,49.42
2017-09-29 09:00:00,51.61
2017-09-29 10:00:00,50.34
2017-09-29 11:00:00,50.42
2017-09-29 12:00:00,50.98
2017-09-29 13:00:00,47.55
2017-09-29 14:00:00,50.25
2017-09-29 15:00:00,50.39
2017-09-29 16:00:00,52.85
2017-09-29 17:00:00,48.35
2017-09-29 18:00:00,54.65
2017-09-29 19:00:00,52.93
2017-09-29 20:00:00,52.08
2017-09-29 21:00:00,52.49
2017-09-29 22:00:00,50.07
2017-09-29 23:00:00,49.23
2017-09-30 00:00:00,52.22
2017-09-30 01:00:00,51.54
2017-09-30 02:00:00,49.06
2017-09-30 03:00:00,14.25
2017-09-30 04:00:00,14.25
2017-09-30 05:00:00,14.25
2017-09-30 06:00:00,43.96
2017-09-30 07:00:00,51.62
2017-09-30 08:00:00,50.59
2017-09-30 09:00:00,56.6
2017-09-30 10:00:00,51.81
2017-09-30 11:00:00,51.85
2017-09-30 12:00:00,50.24
2017-09-30 13:00:00,49.94
2017-09-30 14:00:00,52.22
2017-09-30 15:00:00,50.68
2017-09-30 16:00:00,53.91
2017-09-30 17:00:00,55.15
2017-09-30 18:00:00,56.76
2017-09-30 19:00:00,50.64
2017-09-30 20:00:00,52.21
2017-09-30 21:00:00,48.38
2017-09-30 22:00:00,52.75
2017-09-30 23:00:00,52.17
2017-10-01 00:00:00,49.52
2017-10-01 01:00:00,51.15
2017-10-01 02:00:00,51.28
2017-10-01 03:00:00,51.72
2017-10-01 04:00:00,52.72
2017-10-01 05:00:00,54.33
2017-10-01 06:00:00,54.02
2017-10-01 07:00:00,52.75
2017-10-01 08:00:00,52.26
2017-10-01 09:00:00,52.34
2017-10-01 10:00:00,55.08
2017-10-01 11:00:00,54.5
2017-10-01 12:00:00,53.28
2017-10-01 13:00:00,53.7
2017-10-01 14:00:00,50.6
2017-10-01 15:00:00,55.35
2017-10-01 16:00:00,52.87
2017-10-01 17:00:00,51.07
2017-10-01 18:00:00,57.09
2017-10-01 19:00:00,50.68
2017-10-01 20:00:00,52.08
2017-10-01 21:00:00,48.46
2017-10-01 22:00:00,53.93
2017-10-01 23:00:00,50.59
2017-10-02 00:00:00,14.35
2017-10-02 01:00:00,14.35
2017-10-02 02:00:00,14.35
2017-10-02 03:00:00,14.35
2017-10-02 04:00:00,14.35
2017-10-02 05:00:00,14.35
2017-10-02 06:00:00,14.35
2017-10-02 07:00:00,14.35
2017-10-02 08:00:00,23.57
2017-10-02 09:00:00,55.17
2017-10-02 10:00:00,50.58
2017-10-02 11:00:00,53.15
2017-10-02 12:00:00,52.42
2017-10-02 13:00:00,47.51
2017-10-02 14:00:00,50.42
2017-10-02 15:00:00,52.19
2017-10-02 16:00:00,54.28
2017-10-02 17:00:00,49.47
2017-10-02 18:00:00,54.84
2017-10-02 19:00:00,52.89
2017-10-02 20:00:00,51.4
2017-10-02 21:00:00,52
2017-10-02 22:00:00,50.52
2017-10-02 23:00:00,49.52
2017-10-03 00:00:00,51.91
2017-10-03 01:00:00,54.74
2017-10-03 02:00:00,51.99
2017-10-03 03:00:00,50.45
2017-10-03 04:00:00,51.92
2017-10-03 05:00:00,53.11
2017-10-03 06:00:00,55.02
2017-10-03 07:00:00,51.24
2017-10-03 08:00:00,50.84
2017-10-03 09:00:00,56.45
2017-10-03 10:00:00,49.74
2017-10-03 11:00:00,53.92
2017-10-03 12:00:00,51.28
2017-10-03 13:00:00,49.11
2017-10-03 14:00:00,52.44
2017-10-03 15:00:00,55.52
2017-10-03 16:00:00,54.91
2017-10-03 17:00:00,52.49
2017-10-03 18:00:00,51.23
2017-10-03 19:00:00,55.34
2017-10-03 20:00:00,52.6
2017-10-03 21:00:00,52.85
2017-10-03 22:00:00,51.95
2017-10-03 23:00:00,51.76
2017-10-04 00:00:00,52.06
2017-10-04 01:00:00,53.77
2017-10-04 02:00:00,53.77
2017-10-04 03:00:00,52.71
2017-10-04 04:00:00,51.35
2017-10-04 05:00:00,53.51
2017-10-04 06:00:00,55.65
2017-10-04 07:00:00,50.74
2017-10-04 08:00:00,48.53
2017-10-04 09:00:00,53.41
2017-10-04 10:00:00,53.16
2017-10-04 11:00:00,51.2
2017-10-04 12:00:00,54.28
2017-10-04 13:00:00,50.84
2017-10-04 14:00:00,53.81
2017-10-04 15:00:00,106.32
2017-10-04 16:00:00,107.14
2017-10-04 17:00:00,99.78
2017-10-04 18:00:00,53.26
2017-10-04 19:00:00,54
2017-10-04 20:00:00,51.49
2017-10-04 21:00:00,49.41
2017-10-04 22:00:00,51.29
2017-10-04 23:00:00,50.84
2017-10-05 00:00:00,51.59
2017-10-05 01:00:00,49.94999999
2017-10-05 02:00:00,14.35
2017-10-05 03:00:00,14.35
2017-10-05 04:00:00,14.35
2017-10-05 05:00:00,14.35
2017-10-05 06:00:00,14.35
2017-10-05 07:00:00,52.01
2017-10-05 08:00:00,52.47
2017-10-05 09:00:00,51.58
2017-10-05 10:00:00,49.42
2017-10-05 11:00:00,50.5
2017-10-05 12:00:00,50.29
2017-10-05 13:00:00,48.53
2017-10-05 14:00:00,54.29
2017-10-05 15:00:00,52.47
2017-10-05 16:00:00,52.2
2017-10-05 17:00:00,51.74
2017-10-05 18:00:00,55.63
2017-10-05 19:00:00,50.15
2017-10-05 20:00:00,51.06
2017-10-05 21:00:00,50.66
2017-10-05 22:00:00,49.22
2017-10-05 23:00:00,49.38
2017-10-06 00:00:00,51.19
2017-10-06 01:00:00,15.71
2017-10-06 02:00:00,14.35
2017-10-06 03:00:00,14.35
2017-10-06 04:00:00,14.35
2017-10-06 05:00:00,14.35
2017-10-06 06:00:00,14.35
2017-10-06 07:00:00,52.57
2017-10-06 08:00:00,51.67
2017-10-06 09:00:00,48.43
2017-10-06 10:00:00,49.29
2017-10-06 11:00:00,51.35
2017-10-06 12:00:00,50.68
2017-10-06 13:00:00,51.74
2017-10-06 14:00:00,52.89
2017-10-06 15:00:00,150.83
2017-10-06 16:00:00,154.08
2017-10-06 17:00:00,152.06
2017-10-06 18:00:00,152.61
2017-10-06 19:00:00,153.49
2017-10-06 20:00:00,152.01
2017-10-06 21:00:00,51.72
2017-10-06 22:00:00,50.25
2017-10-06 23:00:00,48.31
2017-10-07 00:00:00,9.84
2017-10-07 01:00:00,9.84
2017-10-07 02:00:00,9.84
2017-10-07 03:00:00,32.37
2017-10-07 04:00:00,33.73
2017-10-07 05:00:00,43.24
2017-10-07 06:00:00,38.11
2017-10-07 07:00:00,29.39
2017-10-07 08:00:00,33.97
2017-10-07 09:00:00,36.38
2017-10-07 10:00:00,25.01
2017-10-07 11:00:00,27.2
2017-10-07 12:00:00,28.31
2017-10-07 13:00:00,27.19
2017-10-07 14:00:00,31.01
2017-10-07 15:00:00,32.61
2017-10-07 16:00:00,28.28
2017-10-07 17:00:00,37.2
2017-10-07 18:00:00,37.41
2017-10-07 19:00:00,46.37
2017-10-07 20:00:00,34.37
2017-10-07 21:00:00,35.41
2017-10-07 22:00:00,34.53
2017-10-07 23:00:00,38.71
2017-10-08 00:00:00,12.76
2017-10-08 01:00:00,9.840000004
2017-10-08 02:00:00,32.1
2017-10-08 03:00:00,34.57
2017-10-08 04:00:00,37.04
2017-10-08 05:00:00,43.33
2017-10-08 06:00:00,35.18
2017-10-08 07:00:00,25.9
2017-10-08 08:00:00,29.04
2017-10-08 09:00:00,31.81
2017-10-08 10:00:00,30.43
2017-10-08 11:00:00,29.72
2017-10-08 12:00:00,29.14
2017-10-08 13:00:00,27.31
2017-10-08 14:00:00,26.73
2017-10-08 15:00:00,26.73
2017-10-08 16:00:00,26.5
2017-10-08 17:00:00,26.28
2017-10-08 18:00:00,29.05
2017-10-08 19:00:00,31.83
2017-10-08 20:00:00,30.92
2017-10-08 21:00:00,30.92
2017-10-08 22:00:00,16.53
2017-10-08 23:00:00,0
2017-10-09 00:00:00,51.05
2017-10-09 01:00:00,51.26
2017-10-09 02:00:00,52.49
2017-10-09 03:00:00,52.21
2017-10-09 04:00:00,52.38
2017-10-09 05:00:00,54.7
2017-10-09 06:00:00,55.25
2017-10-09 07:00:00,51.71
2017-10-09 08:00:00,50.48
2017-10-09 09:00:00,51.54
2017-10-09 10:00:00,52.2
2017-10-09 11:00:00,52.52
2017-10-09 12:00:00,51.28
2017-10-09 13:00:00,50.58
2017-10-09 14:00:00,52.57
2017-10-09 15:00:00,55.97
2017-10-09 16:00:00,56.56
2017-10-09 17:00:00,52.89
2017-10-09 18:00:00,49.53
2017-10-09 19:00:00,54.42
2017-10-09 20:00:00,53.01
2017-10-09 21:00:00,52.42
2017-10-09 22:00:00,51.16
2017-10-09 23:00:00,54.66
2017-10-10 00:00:00,52.15
2017-10-10 01:00:00,53.83
2017-10-10 02:00:00,53.15
2017-10-10 03:00:00,53.99
2017-10-10 04:00:00,53.2
2017-10-10 05:00:00,53.42
2017-10-10 06:00:00,52.17
2017-10-10 07:00:00,52.92
2017-10-10 08:00:00,49.98
2017-10-10 09:00:00,48.4
2017-10-10 10:00:00,52.05
2017-10-10 11:00:00,53.45
2017-10-10 12:00:00,50.57
2017-10-10 13:00:00,51.28
2017-10-10 14:00:00,54.48
2017-10-10 15:00:00,53.71
2017-10-10 16:00:00,52.92
2017-10-10 17:00:00,51.39
2017-10-10 18:00:00,55.56
2017-10-10 19:00:00,53.77
2017-10-10 20:00:00,52.17
2017-10-10 21:00:00,51.17
2017-10-10 22:00:00,51.76
2017-10-10 23:00:00,50.59
2017-10-11 00:00:00,53.28
2017-10-11 01:00:00,52.14
2017-10-11 02:00:00,52.8
2017-10-11 03:00:00,52.13
2017-10-11 04:00:00,55.03
2017-10-11 05:00:00,55.45
2017-10-11 06:00:00,55.91
2017-10-11 07:00:00,48.29
2017-10-11 08:00:00,53.96
2017-10-11 09:00:00,50.66
2017-10-11 10:00:00,54.72
2017-10-11 11:00:00,50.68
2017-10-11 12:00:00,50.91
2017-10-11 13:00:00,54.75
2017-10-11 14:00:00,51.27
2017-10-11 15:00:00,54.23
2017-10-11 16:00:00,54.67
2017-10-11 17:00:00,50.16
2017-10-11 18:00:00,53.35
2017-10-11 19:00:00,55.16
2017-10-11 20:00:00,54.75
2017-10-11 21:00:00,53.53
2017-10-11 22:00:00,51.31
2017-10-11 23:00:00,52.95
2017-10-12 00:00:00,53.96
2017-10-12 01:00:00,54.23
2017-10-12 02:00:00,51.56
2017-10-12 03:00:00,55.04
2017-10-12 04:00:00,55.28
2017-10-12 05:00:00,51.69
2017-10-12 06:00:00,53.16
2017-10-12 07:00:00,51.3
2017-10-12 08:00:00,49.75
2017-10-12 09:00:00,52.6
2017-10-12 10:00:00,52.3
2017-10-12 11:00:00,55.12
2017-10-12 12:00:00,54.54
2017-10-12 13:00:00,51.94
2017-10-12 14:00:00,54.53
2017-10-12 15:00:00,53.1
2017-10-12 16:00:00,54.39
2017-10-12 17:00:00,51.92
2017-10-12 18:00:00,48.73
2017-10-12 19:00:00,54.05
2017-10-12 20:00:00,51.32
2017-10-12 21:00:00,51.84
2017-10-12 22:00:00,51.27
2017-10-12 23:00:00,51.94
2017-10-13 00:00:00,54.27
2017-10-13 01:00:00,52.16
2017-10-13 02:00:00,54.78
2017-10-13 03:00:00,53.14
2017-10-13 04:00:00,52.53
2017-10-13 05:00:00,52.63
2017-10-13 06:00:00,53.3
2017-10-13 07:00:00,50.98
2017-10-13 08:00:00,50.88
2017-10-13 09:00:00,54.49
2017-10-13 10:00:00,53.91
2017-10-13 11:00:00,52.82
2017-10-13 12:00:00,53.4
2017-10-13 13:00:00,48.88
2017-10-13 14:00:00,52.57
2017-10-13 15:00:00,55.83
2017-10-13 16:00:00,52.2
2017-10-13 17:00:00,50.32
2017-10-13 18:00:00,50.78
2017-10-13 19:00:00,56.56
2017-10-13 20:00:00,54.7
2017-10-13 21:00:00,51.33
2017-10-13 22:00:00,51.51
2017-10-13 23:00:00,50.58
2017-10-14 00:00:00,52.96
2017-10-14 01:00:00,52.62
2017-10-14 02:00:00,53.07
2017-10-14 03:00:00,51.1
2017-10-14 04:00:00,49.38
2017-10-14 05:00:00,49.23
2017-10-14 06:00:00,49.29
2017-10-14 07:00:00,54.38
2017-10-14 08:00:00,51.98
2017-10-14 09:00:00,51.01
2017-10-14 10:00:00,50.89
2017-10-14 11:00:00,51.43
2017-10-14 12:00:00,48.8
2017-10-14 13:00:00,48.5
2017-10-14 14:00:00,50.56
2017-10-14 15:00:00,51.05
2017-10-14 16:00:00,54.15
2017-10-14 17:00:00,52.82
2017-10-14 18:00:00,52.18
2017-10-14 19:00:00,52.56
2017-10-14 20:00:00,51.48
2017-10-14 21:00:00,52.39
2017-10-14 22:00:00,50.51
2017-10-14 23:00:00,50.61
2017-10-15 00:00:00,51.57
2017-10-15 01:00:00,52.32
2017-10-15 02:00:00,54.15
2017-10-15 03:00:00,54.03
2017-10-15 04:00:00,53.72
2017-10-15 05:00:00,52.82
2017-10-15 06:00:00,48.97
2017-10-15 07:00:00,38
2017-10-15 08:00:00,38
2017-10-15 09:00:00,38
2017-10-15 10:00:00,38
2017-10-15 11:00:00,38
2017-10-15 12:00:00,38
2017-10-15 13:00:00,38
2017-10-15 14:00:00,38
2017-10-15 15:00:00,38
2017-10-15 16:00:00,38
2017-10-15 17:00:00,38
2017-10-15 18:00:00,38
2017-10-15 19:00:00,38
2017-10-15 20:00:00,38
2017-10-15 21:00:00,38
2017-10-15 22:00:00,38
2017-10-15 23:00:00,38
2017-10-16 00:00:00,55.48
2017-10-16 01:00:00,54.87
2017-10-16 02:00:00,55.81
2017-10-16 03:00:00,56.51
2017-10-16 04:00:00,56.12
2017-10-16 05:00:00,54.69
2017-10-16 06:00:00,54.69
2017-10-16 07:00:00,52.47
2017-10-16 08:00:00,53.33
2017-10-16 09:00:00,54.62
2017-10-16 10:00:00,54.46
2017-10-16 11:00:00,52.49
2017-10-16 12:00:00,53.55
2017-10-16 13:00:00,51.7
2017-10-16 14:00:00,51.83
2017-10-16 15:00:00,53.32
2017-10-16 16:00:00,51.93
2017-10-16 17:00:00,53.13
2017-10-16 18:00:00,54.18
2017-10-16 19:00:00,53.63
2017-10-16 20:00:00,53.45
2017-10-16 21:00:00,52.21
2017-10-16 22:00:00,52.43
2017-10-16 23:00:00,50.22
2017-10-17 00:00:00,51.97
2017-10-17 01:00:00,53.43
2017-10-17 02:00:00,53.44
2017-10-17 03:00:00,54.48
2017-10-17 04:00:00,53.14
2017-10-17 05:00:00,55.69
2017-10-17 06:00:00,55.31
2017-10-17 07:00:00,35.4
2017-10-17 08:00:00,35.4
2017-10-17 09:00:00,35.4
2017-10-17 10:00:00,35.4
2017-10-17 11:00:00,35.4
2017-10-17 12:00:00,35.4
2017-10-17 13:00:00,35.4
2017-10-17 14:00:00,35.4
2017-10-17 15:00:00,35.4
2017-10-17 16:00:00,35.4
2017-10-17 17:00:00,35.4
2017-10-17 18:00:00,35.4
2017-10-17 19:00:00,35.4
2017-10-17 20:00:00,35.4
2017-10-17 21:00:00,35.4
2017-10-17 22:00:00,35.4
2017-10-17 23:00:00,35.4
2017-10-18 00:00:00,54.62
2017-10-18 01:00:00,54.08
2017-10-18 02:00:00,54.61
2017-10-18 03:00:00,55.1
2017-10-18 04:00:00,55.04
2017-10-18 05:00:00,51.55
2017-10-18 06:00:00,52.42
2017-10-18 07:00:00,51.91
2017-10-18 08:00:00,53.24
2017-10-18 09:00:00,55.79
2017-10-18 10:00:00,55.79
2017-10-18 11:00:00,54.64
2017-10-18 12:00:00,56.2
2017-10-18 13:00:00,54.29
2017-10-18 14:00:00,53.51
2017-10-18 15:00:00,56.41
2017-10-18 16:00:00,55.38
2017-10-18 17:00:00,53.05
2017-10-18 18:00:00,50.43
2017-10-18 19:00:00,52.95
2017-10-18 20:00:00,52.73
2017-10-18 21:00:00,55.06
2017-10-18 22:00:00,53.2
2017-10-18 23:00:00,48.22
2017-10-19 00:00:00,14.35
2017-10-19 01:00:00,50.41
2017-10-19 02:00:00,52.94
2017-10-19 03:00:00,51.21
2017-10-19 04:00:00,50.4
2017-10-19 05:00:00,54.11
2017-10-19 06:00:00,52.59
2017-10-19 07:00:00,51.75
2017-10-19 08:00:00,53.93
2017-10-19 09:00:00,54.22
2017-10-19 10:00:00,54.33
2017-10-19 11:00:00,53.84
2017-10-19 12:00:00,54.05
2017-10-19 13:00:00,54.61
2017-10-19 14:00:00,53.57
2017-10-19 15:00:00,52.33
2017-10-19 16:00:00,53.9
2017-10-19 17:00:00,51.45
2017-10-19 18:00:00,54.64
2017-10-19 19:00:00,55.03
2017-10-19 20:00:00,55.08
2017-10-19 21:00:00,54.66
2017-10-19 22:00:00,53.94
2017-10-19 23:00:00,47.53
2017-10-20 00:00:00,16.51
2017-10-20 01:00:00,54.7
2017-10-20 02:00:00,51.6
2017-10-20 03:00:00,52.74
2017-10-20 04:00:00,51.04
2017-10-20 05:00:00,52.89
2017-10-20 06:00:00,54.63
2017-10-20 07:00:00,54.08
2017-10-20 08:00:00,53.53
2017-10-20 09:00:00,54.63
2017-10-20 10:00:00,54.38
2017-10-20 11:00:00,54.12
2017-10-20 12:00:00,53.26
2017-10-20 13:00:00,52.84
2017-10-20 14:00:00,52.39
2017-10-20 15:00:00,52.34
2017-10-20 16:00:00,52.85
2017-10-20 17:00:00,51.21
2017-10-20 18:00:00,52.01
2017-10-20 19:00:00,49.72
2017-10-20 20:00:00,53.19
2017-10-20 21:00:00,56.59
2017-10-20 22:00:00,52.52
2017-10-20 23:00:00,51.26
2017-10-21 00:00:00,53.17
2017-10-21 01:00:00,52.46
2017-10-21 02:00:00,49.36
2017-10-21 03:00:00,55.6
2017-10-21 04:00:00,55.64
2017-10-21 05:00:00,52.35
2017-10-21 06:00:00,52.34
2017-10-21 07:00:00,50.8
2017-10-21 08:00:00,53.74
2017-10-21 09:00:00,50.87
2017-10-21 10:00:00,52.89
2017-10-21 11:00:00,51.68
2017-10-21 12:00:00,53.69
2017-10-21 13:00:00,48.81
2017-10-21 14:00:00,50.61
2017-10-21 15:00:00,55.05
2017-10-21 16:00:00,55.20999999
2017-10-21 17:00:00,16.95
2017-10-21 18:00:00,14.35
2017-10-21 19:00:00,14.35
2017-10-21 20:00:00,14.35
2017-10-21 21:00:00,14.35
2017-10-21 22:00:00,14.35
2017-10-21 23:00:00,14.35
2017-10-22 00:00:00,14.35
2017-10-22 01:00:00,14.35
2017-10-22 02:00:00,14.35
2017-10-22 03:00:00,14.35
2017-10-22 04:00:00,14.35
2017-10-22 05:00:00,14.35
2017-10-22 06:00:00,14.35
2017-10-22 07:00:00,14.35
2017-10-22 08:00:00,14.35
2017-10-22 09:00:00,14.35
2017-10-22 10:00:00,14.35
2017-10-22 11:00:00,24.75
2017-10-22 12:00:00,53.67
2017-10-22 13:00:00,52.49
2017-10-22 14:00:00,53.09
2017-10-22 15:00:00,50.63
2017-10-22 16:00:00,52.39
2017-10-22 17:00:00,54.51
2017-10-22 18:00:00,49.75
2017-10-22 19:00:00,55.71
2017-10-22 20:00:00,54.14
2017-10-22 21:00:00,50.96
2017-10-22 22:00:00,50.49
2017-10-22 23:00:00,49.95
2017-10-23 00:00:00,52.83
2017-10-23 01:00:00,54.53
2017-10-23 02:00:00,56.07
2017-10-23 03:00:00,49.59
2017-10-23 04:00:00,54.63
2017-10-23 05:00:00,53.47
2017-10-23 06:00:00,55.38
2017-10-23 07:00:00,55.02
2017-10-23 08:00:00,53.52
2017-10-23 09:00:00,55.16
2017-10-23 10:00:00,50.51
2017-10-23 11:00:00,53.19
2017-10-23 12:00:00,49.42
2017-10-23 13:00:00,56.22
2017-10-23 14:00:00,55.1
2017-10-23 15:00:00,55.77
2017-10-23 16:00:00,51.18
2017-10-23 17:00:00,52.05
2017-10-23 18:00:00,53.16
2017-10-23 19:00:00,55.52
2017-10-23 20:00:00,52.77
2017-10-23 21:00:00,51.56
2017-10-23 22:00:00,52.48
2017-10-23 23:00:00,51.95
2017-10-24 00:00:00,52.66
2017-10-24 01:00:00,49.6
2017-10-24 02:00:00,54.66
2017-10-24 03:00:00,54.12
2017-10-24 04:00:00,52.44
2017-10-24 05:00:00,50.48
2017-10-24 06:00:00,52.49
2017-10-24 07:00:00,52.72
2017-10-24 08:00:00,52.14
2017-10-24 09:00:00,53.55
2017-10-24 10:00:00,50.8
2017-10-24 11:00:00,51.93
2017-10-24 12:00:00,52.34
2017-10-24 13:00:00,51.5
2017-10-24 14:00:00,53.62
2017-10-24 15:00:00,51.6
2017-10-24 16:00:00,52.6
2017-10-24 17:00:00,53.17
2017-10-24 18:00:00,54.05
2017-10-24 19:00:00,53.32
2017-10-24 20:00:00,51.28
2017-10-24 21:00:00,50.24
2017-10-24 22:00:00,50.02
2017-10-24 23:00:00,50.89
2017-10-25 00:00:00,53.95
2017-10-25 01:00:00,50.1
2017-10-25 02:00:00,48.04
2017-10-25 03:00:00,52.37
2017-10-25 04:00:00,54.64
2017-10-25 05:00:00,55.59
2017-10-25 06:00:00,53.59
2017-10-25 07:00:00,53.06
2017-10-25 08:00:00,53.82
2017-10-25 09:00:00,50.79
2017-10-25 10:00:00,53.19
2017-10-25 11:00:00,53.59
2017-10-25 12:00:00,53.55
2017-10-25 13:00:00,50.97
2017-10-25 14:00:00,53.97
2017-10-25 15:00:00,57.05
2017-10-25 16:00:00,52.66
2017-10-25 17:00:00,51.47
2017-10-25 18:00:00,52.5
2017-10-25 19:00:00,52.59
2017-10-25 20:00:00,54.81
2017-10-25 21:00:00,52.74
2017-10-25 22:00:00,48.42
2017-10-25 23:00:00,52.9
2017-10-26 00:00:00,51.12
2017-10-26 01:00:00,51.38
2017-10-26 02:00:00,50.49
2017-10-26 03:00:00,51.67
2017-10-26 04:00:00,52.35
2017-10-26 05:00:00,56.26
2017-10-26 06:00:00,53.8
2017-10-26 07:00:00,51.4
2017-10-26 08:00:00,50.31
2017-10-26 09:00:00,53.67
2017-10-26 10:00:00,52.61
2017-10-26 11:00:00,53.44
2017-10-26 12:00:00,52.48
2017-10-26 13:00:00,51.83
2017-10-26 14:00:00,56.25
2017-10-26 15:00:00,49.1
2017-10-26 16:00:00,53.32
2017-10-26 17:00:00,53.81
2017-10-26 18:00:00,53.13
2017-10-26 19:00:00,54.73
2017-10-26 20:00:00,52.51
2017-10-26 21:00:00,53.1
2017-10-26 22:00:00,52
2017-10-26 23:00:00,49.28
2017-10-27 00:00:00,53.96
2017-10-27 01:00:00,49.95
2017-10-27 02:00:00,50.91
2017-10-27 03:00:00,51.7
2017-10-27 04:00:00,51.72
2017-10-27 05:00:00,52.71
2017-10-27 06:00:00,50.36
2017-10-27 07:00:00,52.54
2017-10-27 08:00:00,51.36
2017-10-27 09:00:00,50.38
2017-10-27 10:00:00,52.94
2017-10-27 11:00:00,50.73
2017-10-27 12:00:00,52.56
2017-10-27 13:00:00,50.64
2017-10-27 14:00:00,49.29
2017-10-27 15:00:00,51.85
2017-10-27 16:00:00,52.99
2017-10-27 17:00:00,52.53
2017-10-27 18:00:00,52.78
2017-10-27 19:00:00,53.5
2017-10-27 20:00:00,52.13
2017-10-27 21:00:00,50.99
2017-10-27 22:00:00,50.82
2017-10-27 23:00:00,49.55
2017-10-28 00:00:00,17.49
2017-10-28 01:00:00,51.33
2017-10-28 02:00:00,50.36
2017-10-28 03:00:00,50.36
2017-10-28 04:00:00,50.17
2017-10-28 05:00:00,52.18
2017-10-28 06:00:00,56.13
2017-10-28 07:00:00,54.66
2017-10-28 08:00:00,54.1
2017-10-28 09:00:00,53.58
2017-10-28 10:00:00,51.49
2017-10-28 11:00:00,48.82
2017-10-28 12:00:00,50.48
2017-10-28 13:00:00,49.73
2017-10-28 14:00:00,50.31
2017-10-28 15:00:00,49.36
2017-10-28 16:00:00,50.5
2017-10-28 17:00:00,52.5
2017-10-28 18:00:00,55.79
2017-10-28 19:00:00,49.4
2017-10-28 20:00:00,51.74
2017-10-28 21:00:00,51.4
2017-10-28 22:00:00,50.84999999
2017-10-28 23:00:00,18.3
2017-10-29 00:00:00,14.35
2017-10-29 01:00:00,14.35
2017-10-29 02:00:00,14.35
2017-10-29 03:00:00,14.35
2017-10-29 04:00:00,14.35
2017-10-29 05:00:00,14.35
2017-10-29 06:00:00,14.35
2017-10-29 07:00:00,14.35
2017-10-29 08:00:00,14.35
2017-10-29 09:00:00,14.35
2017-10-29 10:00:00,14.35
2017-10-29 11:00:00,14.35
2017-10-29 12:00:00,14.35
2017-10-29 13:00:00,14.35
2017-10-29 14:00:00,14.35
2017-10-29 15:00:00,14.35
2017-10-29 16:00:00,50.46
2017-10-29 17:00:00,53.73
2017-10-29 18:00:00,51.39
2017-10-29 19:00:00,53.11
2017-10-29 20:00:00,51.27
2017-10-29 21:00:00,53.26
2017-10-29 22:00:00,50.68
2017-10-29 23:00:00,50.91
2017-10-30 00:00:00,45.47
2017-10-30 01:00:00,14.35
2017-10-30 02:00:00,14.35
2017-10-30 03:00:00,14.35
2017-10-30 04:00:00,14.35
2017-10-30 05:00:00,14.35
2017-10-30 06:00:00,14.35
2017-10-30 07:00:00,14.35
2017-10-30 08:00:00,31.72
2017-10-30 09:00:00,53.22
2017-10-30 10:00:00,53.8
2017-10-30 11:00:00,50.38
2017-10-30 12:00:00,52.63
2017-10-30 13:00:00,53.43
2017-10-30 14:00:00,53.87
2017-10-30 15:00:00,55.06
2017-10-30 16:00:00,55.03
2017-10-30 17:00:00,51.17
2017-10-30 18:00:00,55.2
2017-10-30 19:00:00,54.57
2017-10-30 20:00:00,55.5
2017-10-30 21:00:00,54.61
2017-10-30 22:00:00,54.42
2017-10-30 23:00:00,48.8
2017-10-31 00:00:00,48.95
2017-10-31 01:00:00,48.32
2017-10-31 02:00:00,53.68
2017-10-31 03:00:00,49.93
2017-10-31 04:00:00,49.33
2017-10-31 05:00:00,54.17
2017-10-31 06:00:00,53.8
2017-10-31 07:00:00,52.07
2017-10-31 08:00:00,52.56
2017-10-31 09:00:00,53.79
2017-10-31 10:00:00,54.61
2017-10-31 11:00:00,53.29
2017-10-31 12:00:00,50.53
2017-10-31 13:00:00,53.32
2017-10-31 14:00:00,50.76
2017-10-31 15:00:00,50.12
2017-10-31 16:00:00,54.64
2017-10-31 17:00:00,51.68
2017-10-31 18:00:00,53.86
2017-10-31 19:00:00,53.59
2017-10-31 20:00:00,53.79
2017-10-31 21:00:00,54.8
2017-10-31 22:00:00,53.95
2017-10-31 23:00:00,49.17
2017-11-01 00:00:00,52.74
2017-11-01 01:00:00,54.27
2017-11-01 02:00:00,52.53
2017-11-01 03:00:00,50.8
2017-11-01 04:00:00,50.81
2017-11-01 05:00:00,52.39
2017-11-01 06:00:00,51.88
2017-11-01 07:00:00,49.87
2017-11-01 08:00:00,50.37
2017-11-01 09:00:00,51.38
2017-11-01 10:00:00,53.36
2017-11-01 11:00:00,53.34
2017-11-01 12:00:00,51.6
2017-11-01 13:00:00,50.68
2017-11-01 14:00:00,53.11
2017-11-01 15:00:00,51.23
2017-11-01 16:00:00,53.25
2017-11-01 17:00:00,51.27
2017-11-01 18:00:00,50.79
2017-11-01 19:00:00,55.22
2017-11-01 20:00:00,53.29
2017-11-01 21:00:00,53.99
2017-11-01 22:00:00,49.38
2017-11-01 23:00:00,50.78
2017-11-02 00:00:00,52.58
2017-11-02 01:00:00,51.62
2017-11-02 02:00:00,51.46
2017-11-02 03:00:00,50.08
2017-11-02 04:00:00,51.88
2017-11-02 05:00:00,53.08
2017-11-02 06:00:00,51.74
2017-11-02 07:00:00,54.94
2017-11-02 08:00:00,50.83
2017-11-02 09:00:00,52.42
2017-11-02 10:00:00,53.08
2017-11-02 11:00:00,48.92
2017-11-02 12:00:00,51.66
2017-11-02 13:00:00,54.17
2017-11-02 14:00:00,50.52
2017-11-02 15:00:00,50.87
2017-11-02 16:00:00,53.24
2017-11-02 17:00:00,51.9
2017-11-02 18:00:00,51.72
2017-11-02 19:00:00,54.94
2017-11-02 20:00:00,54.75
2017-11-02 21:00:00,53.7
2017-11-02 22:00:00,51.63
2017-11-02 23:00:00,49.92
2017-11-03 00:00:00,51.58
2017-11-03 01:00:00,51.86
2017-11-03 02:00:00,50.19
2017-11-03 03:00:00,49.49
2017-11-03 04:00:00,51.11
2017-11-03 05:00:00,53.82
2017-11-03 06:00:00,54.35
2017-11-03 07:00:00,52.68
2017-11-03 08:00:00,53.26
2017-11-03 09:00:00,54.13
2017-11-03 10:00:00,55.3
2017-11-03 11:00:00,53.21
2017-11-03 12:00:00,53.81
2017-11-03 13:00:00,53.29
2017-11-03 14:00:00,52.62
2017-11-03 15:00:00,51.38
2017-11-03 16:00:00,54.6
2017-11-03 17:00:00,52.81
2017-11-03 18:00:00,52.04
2017-11-03 19:00:00,55.19
2017-11-03 20:00:00,54.48
2017-11-03 21:00:00,54.21
2017-11-03 22:00:00,53.51
2017-11-03 23:00:00,52.66
2017-11-04 00:00:00,52.83
2017-11-04 01:00:00,54.52
2017-11-04 02:00:00,52.42
2017-11-04 03:00:00,51.9
2017-11-04 04:00:00,51.15
2017-11-04 05:00:00,53.79
2017-11-04 06:00:00,51.91
2017-11-04 07:00:00,36.1
2017-11-04 08:00:00,36.1
2017-11-04 09:00:00,36.1
2017-11-04 10:00:00,36.1
2017-11-04 11:00:00,36.1
2017-11-04 12:00:00,36.1
2017-11-04 13:00:00,36.1
2017-11-04 14:00:00,36.1
2017-11-04 15:00:00,36.1
2017-11-04 16:00:00,36.1
2017-11-04 17:00:00,36.1
2017-11-04 18:00:00,36.15
2017-11-04 19:00:00,36.15
2017-11-04 20:00:00,36.15
2017-11-04 21:00:00,36.15
2017-11-04 22:00:00,36.15
2017-11-04 23:00:00,36.15
2017-11-05 00:00:00,52.19
2017-11-05 01:00:00,48.99
2017-11-05 02:00:00,49.42
2017-11-05 03:00:00,49.62
2017-11-05 04:00:00,49.64
2017-11-05 05:00:00,49.34
2017-11-05 06:00:00,52.07
2017-11-05 07:00:00,51.43
2017-11-05 08:00:00,52.26
2017-11-05 09:00:00,53.29
2017-11-05 10:00:00,51.85
2017-11-05 11:00:00,52.79
2017-11-05 12:00:00,53.49
2017-11-05 13:00:00,51.12
2017-11-05 14:00:00,51.39
2017-11-05 15:00:00,53.56
2017-11-05 16:00:00,54.3
2017-11-05 17:00:00,52.05
2017-11-05 18:00:00,56.08
2017-11-05 19:00:00,52.38
2017-11-05 20:00:00,52.74
2017-11-05 21:00:00,50.56
2017-11-05 22:00:00,50.02
2017-11-05 23:00:00,49.97
2017-11-06 00:00:00,53.82
2017-11-06 01:00:00,53.23
2017-11-06 02:00:00,50.61
2017-11-06 03:00:00,50.26
2017-11-06 04:00:00,51.66
2017-11-06 05:00:00,53.51
2017-11-06 06:00:00,52.83
2017-11-06 07:00:00,51.26
2017-11-06 08:00:00,53.47
2017-11-06 09:00:00,54.35
2017-11-06 10:00:00,55.63
2017-11-06 11:00:00,53.95
2017-11-06 12:00:00,52.82
2017-11-06 13:00:00,53.66
2017-11-06 14:00:00,55.96
2017-11-06 15:00:00,54.11
2017-11-06 16:00:00,55.9
2017-11-06 17:00:00,54.24
2017-11-06 18:00:00,54.44
2017-11-06 19:00:00,56.6
2017-11-06 20:00:00,54.94
2017-11-06 21:00:00,56.88
2017-11-06 22:00:00,53.89
2017-11-06 23:00:00,55.75
2017-11-07 00:00:00,54.56
2017-11-07 01:00:00,55.36
2017-11-07 02:00:00,52.7
2017-11-07 03:00:00,50.71
2017-11-07 04:00:00,54.49
2017-11-07 05:00:00,55.49
2017-11-07 06:00:00,54.74
2017-11-07 07:00:00,53.28
2017-11-07 08:00:00,52.29
2017-11-07 09:00:00,14.35
2017-11-07 10:00:00,14.35
2017-11-07 11:00:00,14.35
2017-11-07 12:00:00,18.64
2017-11-07 13:00:00,54.03
2017-11-07 14:00:00,56.32
2017-11-07 15:00:00,55.31
2017-11-07 16:00:00,55.02
2017-11-07 17:00:00,55.04
2017-11-07 18:00:00,55.48
2017-11-07 19:00:00,53.71
2017-11-07 20:00:00,55.78
2017-11-07 21:00:00,55.33
2017-11-07 22:00:00,55.8
2017-11-07 23:00:00,55.09
2017-11-08 00:00:00,54.36
2017-11-08 01:00:00,53.08
2017-11-08 02:00:00,52.98
2017-11-08 03:00:00,51.75
2017-11-08 04:00:00,52.07
2017-11-08 05:00:00,52.38
2017-11-08 06:00:00,53.6
2017-11-08 07:00:00,51.73
2017-11-08 08:00:00,51.71
2017-11-08 09:00:00,53.19
2017-11-08 10:00:00,53.88
2017-11-08 11:00:00,53.7
2017-11-08 12:00:00,54.06
2017-11-08 13:00:00,52.14
2017-11-08 14:00:00,55.27
2017-11-08 15:00:00,51.92
2017-11-08 16:00:00,51.87
2017-11-08 17:00:00,55.25
2017-11-08 18:00:00,54.86
2017-11-08 19:00:00,56.04
2017-11-08 20:00:00,55.93
2017-11-08 21:00:00,53.9
2017-11-08 22:00:00,53.92
2017-11-08 23:00:00,50.25
2017-11-09 00:00:00,54.51
2017-11-09 01:00:00,52.63
2017-11-09 02:00:00,52.38
2017-11-09 03:00:00,52.82
2017-11-09 04:00:00,54.19
2017-11-09 05:00:00,50.61
2017-11-09 06:00:00,51.79
2017-11-09 07:00:00,52.17
2017-11-09 08:00:00,52.21
2017-11-09 09:00:00,53.16
2017-11-09 10:00:00,54.08
2017-11-09 11:00:00,53.02
2017-11-09 12:00:00,54.79
2017-11-09 13:00:00,53.44
2017-11-09 14:00:00,55.36
2017-11-09 15:00:00,54.06
2017-11-09 16:00:00,55.35
2017-11-09 17:00:00,54.04
2017-11-09 18:00:00,54.08
2017-11-09 19:00:00,55.34
2017-11-09 20:00:00,53.92
2017-11-09 21:00:00,55.1
2017-11-09 22:00:00,55.34
2017-11-09 23:00:00,52.21
2017-11-10 00:00:00,50.42
2017-11-10 01:00:00,55.16
2017-11-10 02:00:00,50.85
2017-11-10 03:00:00,49.8
2017-11-10 04:00:00,47.29
2017-11-10 05:00:00,50.41
2017-11-10 06:00:00,52.99
2017-11-10 07:00:00,53.81
2017-11-10 08:00:00,53.98
2017-11-10 09:00:00,51.42
2017-11-10 10:00:00,51.43
2017-11-10 11:00:00,52.51
2017-11-10 12:00:00,53.27
2017-11-10 13:00:00,53.23
2017-11-10 14:00:00,55.3
2017-11-10 15:00:00,54.88
2017-11-10 16:00:00,52.33
2017-11-10 17:00:00,53.58
2017-11-10 18:00:00,53.04
2017-11-10 19:00:00,54.52
2017-11-10 20:00:00,55.25
2017-11-10 21:00:00,55.36
2017-11-10 22:00:00,54.59
2017-11-10 23:00:00,52.17
2017-11-11 00:00:00,52.51
2017-11-11 01:00:00,50.48
2017-11-11 02:00:00,50.72
2017-11-11 03:00:00,49.44
2017-11-11 04:00:00,48.01
2017-11-11 05:00:00,50.63
2017-11-11 06:00:00,53.5
2017-11-11 07:00:00,50.18
2017-11-11 08:00:00,50.78
2017-11-11 09:00:00,52.4
2017-11-11 10:00:00,51.35
2017-11-11 11:00:00,55.02
2017-11-11 12:00:00,53.61
2017-11-11 13:00:00,48.58
2017-11-11 14:00:00,51.67
2017-11-11 15:00:00,51.38
2017-11-11 16:00:00,51.21
2017-11-11 17:00:00,52.47
2017-11-11 18:00:00,53.56
2017-11-11 19:00:00,54.98
2017-11-11 20:00:00,53.68
2017-11-11 21:00:00,55.36
2017-11-11 22:00:00,53.56
2017-11-11 23:00:00,52.16
2017-11-12 00:00:00,52.55
2017-11-12 01:00:00,49.68
2017-11-12 02:00:00,50.29
2017-11-12 03:00:00,49.56
2017-11-12 04:00:00,50.66
2017-11-12 05:00:00,53.14
2017-11-12 06:00:00,50.99
2017-11-12 07:00:00,48.92
2017-11-12 08:00:00,52.47
2017-11-12 09:00:00,50.66
2017-11-12 10:00:00,50.39
2017-11-12 11:00:00,52.38
2017-11-12 12:00:00,51.75
2017-11-12 13:00:00,53.28
2017-11-12 14:00:00,54.55
2017-11-12 15:00:00,52.36
2017-11-12 16:00:00,55.15
2017-11-12 17:00:00,52.61
2017-11-12 18:00:00,52.74
2017-11-12 19:00:00,56.35
2017-11-12 20:00:00,56.06
2017-11-12 21:00:00,56.18
2017-11-12 22:00:00,52.92
2017-11-12 23:00:00,49.18
2017-11-13 00:00:00,50.81
2017-11-13 01:00:00,53.74
2017-11-13 02:00:00,55.31
2017-11-13 03:00:00,53.62
2017-11-13 04:00:00,52.5
2017-11-13 05:00:00,55.13
2017-11-13 06:00:00,55.03
2017-11-13 07:00:00,54.32
2017-11-13 08:00:00,57.27
2017-11-13 09:00:00,57.72
2017-11-13 10:00:00,58.37
2017-11-13 11:00:00,56.28
2017-11-13 12:00:00,52.7
2017-11-13 13:00:00,53.74
2017-11-13 14:00:00,53.96
2017-11-13 15:00:00,55.68
2017-11-13 16:00:00,52.83
2017-11-13 17:00:00,53.37
2017-11-13 18:00:00,54.06
2017-11-13 19:00:00,54.99
2017-11-13 20:00:00,54.05
2017-11-13 21:00:00,54.66
2017-11-13 22:00:00,53.54
2017-11-13 23:00:00,51.73
2017-11-14 00:00:00,52.98
2017-11-14 01:00:00,52.28
2017-11-14 02:00:00,52.18
2017-11-14 03:00:00,52.8
2017-11-14 04:00:00,50.4
2017-11-14 05:00:00,51.6
2017-11-14 06:00:00,48.77
2017-11-14 07:00:00,48.33
2017-11-14 08:00:00,50.65
2017-11-14 09:00:00,50.92
2017-11-14 10:00:00,52.63
2017-11-14 11:00:00,52.36
2017-11-14 12:00:00,52.47
2017-11-14 13:00:00,51.83
2017-11-14 14:00:00,51.27
2017-11-14 15:00:00,51.16
2017-11-14 16:00:00,53.93
2017-11-14 17:00:00,50.06
2017-11-14 18:00:00,53.12
2017-11-14 19:00:00,57.05
2017-11-14 20:00:00,54.95
2017-11-14 21:00:00,55.04
2017-11-14 22:00:00,55.47
2017-11-14 23:00:00,53.18
2017-11-15 00:00:00,49.96
2017-11-15 01:00:00,50.01
2017-11-15 02:00:00,52.43
2017-11-15 03:00:00,49.72
2017-11-15 04:00:00,51.09
2017-11-15 05:00:00,53.57
2017-11-15 06:00:00,53.5
2017-11-15 07:00:00,52.85
2017-11-15 08:00:00,53.45
2017-11-15 09:00:00,52.1
2017-11-15 10:00:00,50.45
2017-11-15 11:00:00,52.08
2017-11-15 12:00:00,52.73
2017-11-15 13:00:00,50.93
2017-11-15 14:00:00,50.43
2017-11-15 15:00:00,53.02
2017-11-15 16:00:00,49.86
2017-11-15 17:00:00,52.09
2017-11-15 18:00:00,51.59
2017-11-15 19:00:00,53.45
2017-11-15 20:00:00,54.05
2017-11-15 21:00:00,54.18
2017-11-15 22:00:00,55.32
2017-11-15 23:00:00,53.9
2017-11-16 00:00:00,52.57
2017-11-16 01:00:00,54.39
2017-11-16 02:00:00,52.5
2017-11-16 03:00:00,51.47
2017-11-16 04:00:00,53.49
2017-11-16 05:00:00,51.54
2017-11-16 06:00:00,50.67
2017-11-16 07:00:00,48.91
2017-11-16 08:00:00,49.52
2017-11-16 09:00:00,52.65
2017-11-16 10:00:00,51.14
2017-11-16 11:00:00,53.17
2017-11-16 12:00:00,51.5
2017-11-16 13:00:00,54.07
2017-11-16 14:00:00,51.73
2017-11-16 15:00:00,54.3
2017-11-16 16:00:00,54.16
2017-11-16 17:00:00,51.82
2017-11-16 18:00:00,50.78
2017-11-16 19:00:00,52.76
2017-11-16 20:00:00,50.82
2017-11-16 21:00:00,52.64
2017-11-16 22:00:00,51.97
2017-11-16 23:00:00,51.38
2017-11-17 00:00:00,52.75
2017-11-17 01:00:00,53.33
2017-11-17 02:00:00,52.27
2017-11-17 03:00:00,51.25
2017-11-17 04:00:00,51.51
2017-11-17 05:00:00,51.45
2017-11-17 06:00:00,53.48
2017-11-17 07:00:00,51.19
2017-11-17 08:00:00,51.54
2017-11-17 09:00:00,52.73
2017-11-17 10:00:00,52.15
2017-11-17 11:00:00,53.5
2017-11-17 12:00:00,50.63
2017-11-17 13:00:00,50.53
2017-11-17 14:00:00,55.39
2017-11-17 15:00:00,56.41
2017-11-17 16:00:00,52.49
2017-11-17 17:00:00,51.33
2017-11-17 18:00:00,53.85
2017-11-17 19:00:00,51.75
2017-11-17 20:00:00,51.66
2017-11-17 21:00:00,52.73
2017-11-17 22:00:00,51.5
2017-11-17 23:00:00,50.52
2017-11-18 00:00:00,51.59
2017-11-18 01:00:00,52.57
2017-11-18 02:00:00,53.54
2017-11-18 03:00:00,53.46
2017-11-18 04:00:00,51.58
2017-11-18 05:00:00,56
2017-11-18 06:00:00,56.5
2017-11-18 07:00:00,52.97
2017-11-18 08:00:00,51.3
2017-11-18 09:00:00,51.58
2017-11-18 10:00:00,51.34
2017-11-18 11:00:00,50.46
2017-11-18 12:00:00,51.49
2017-11-18 13:00:00,50.5
2017-11-18 14:00:00,51.04
2017-11-18 15:00:00,53.87
2017-11-18 16:00:00,54.46
2017-11-18 17:00:00,54.44
2017-11-18 18:00:00,52.32
2017-11-18 19:00:00,53.19
2017-11-18 20:00:00,53.74
2017-11-18 21:00:00,52.03
2017-11-18 22:00:00,52.99
2017-11-18 23:00:00,53.3
2017-11-19 00:00:00,50.59
2017-11-19 01:00:00,50.31
2017-11-19 02:00:00,50.38
2017-11-19 03:00:00,52.77
2017-11-19 04:00:00,52.86
2017-11-19 05:00:00,50.84
2017-11-19 06:00:00,53.27
2017-11-19 07:00:00,39.57
2017-11-19 08:00:00,37.9
2017-11-19 09:00:00,38.18
2017-11-19 10:00:00,37.94
2017-11-19 11:00:00,37.06
2017-11-19 12:00:00,38.09
2017-11-19 13:00:00,37.1
2017-11-19 14:00:00,37.64
2017-11-19 15:00:00,40.47
2017-11-19 16:00:00,41.06
2017-11-19 17:00:00,41.04
2017-11-19 18:00:00,38.92
2017-11-19 19:00:00,39.79
2017-11-19 20:00:00,40.34
2017-11-19 21:00:00,38.63
2017-11-19 22:00:00,39.59
2017-11-19 23:00:00,39.9
2017-11-20 00:00:00,49.58
2017-11-20 01:00:00,13.4
2017-11-20 02:00:00,13.4
2017-11-20 03:00:00,13.4
2017-11-20 04:00:00,13.4
2017-11-20 05:00:00,15.7
2017-11-20 06:00:00,51.26
2017-11-20 07:00:00,39
2017-11-20 08:00:00,39
2017-11-20 09:00:00,39
2017-11-20 10:00:00,39
2017-11-20 11:00:00,39
2017-11-20 12:00:00,39
2017-11-20 13:00:00,39
2017-11-20 14:00:00,39
2017-11-20 15:00:00,39
2017-11-20 16:00:00,39
2017-11-20 17:00:00,39
2017-11-20 18:00:00,39
2017-11-20 19:00:00,39
2017-11-20 20:00:00,38
2017-11-20 21:00:00,0
2017-11-20 22:00:00,0
2017-11-20 23:00:00,0
2017-11-21 00:00:00,13.4
2017-11-21 01:00:00,13.4
2017-11-21 02:00:00,13.4
2017-11-21 03:00:00,13.4
2017-11-21 04:00:00,13.40000001
2017-11-21 05:00:00,50.72
2017-11-21 06:00:00,52.73
2017-11-21 07:00:00,51.31
2017-11-21 08:00:00,54.7
2017-11-21 09:00:00,50.14
2017-11-21 10:00:00,52.48
2017-11-21 11:00:00,52.24
2017-11-21 12:00:00,54.42
2017-11-21 13:00:00,54.21
2017-11-21 14:00:00,54.22
2017-11-21 15:00:00,54.69
2017-11-21 16:00:00,56.33
2017-11-21 17:00:00,54.82
2017-11-21 18:00:00,54.62
2017-11-21 19:00:00,55.92
2017-11-21 20:00:00,54.19
2017-11-21 21:00:00,51.39
2017-11-21 22:00:00,52.34
2017-11-21 23:00:00,55.65
2017-11-22 00:00:00,44.62
2017-11-22 01:00:00,40.47
2017-11-22 02:00:00,46.65
2017-11-22 03:00:00,37.48
2017-11-22 04:00:00,51.1
2017-11-22 05:00:00,40.66
2017-11-22 06:00:00,40.85
2017-11-22 07:00:00,33
2017-11-22 08:00:00,33
2017-11-22 09:00:00,33
2017-11-22 10:00:00,33
2017-11-22 11:00:00,33
2017-11-22 12:00:00,33
2017-11-22 13:00:00,33
2017-11-22 14:00:00,33
2017-11-22 15:00:00,33
2017-11-22 16:00:00,33
2017-11-22 17:00:00,33
2017-11-22 18:00:00,33
2017-11-22 19:00:00,33
2017-11-22 20:00:00,33
2017-11-22 21:00:00,33
2017-11-22 22:00:00,33
2017-11-22 23:00:00,30
2017-11-23 00:00:00,47.73
2017-11-23 01:00:00,46.8
2017-11-23 02:00:00,42.62
2017-11-23 03:00:00,37.83
2017-11-23 04:00:00,40.71
2017-11-23 05:00:00,34.97
2017-11-23 06:00:00,46.16
2017-11-23 07:00:00,40.55
2017-11-23 08:00:00,35.87
2017-11-23 09:00:00,40.34
2017-11-23 10:00:00,40.8
2017-11-23 11:00:00,36.99
2017-11-23 12:00:00,41.08
2017-11-23 13:00:00,44.5
2017-11-23 14:00:00,39.06
2017-11-23 15:00:00,39.52
2017-11-23 16:00:00,43.16
2017-11-23 17:00:00,34.38
2017-11-23 18:00:00,37.42
2017-11-23 19:00:00,54.37
2017-11-23 20:00:00,44.29
2017-11-23 21:00:00,12.29
2017-11-23 22:00:00,12.29
2017-11-23 23:00:00,12.29
2017-11-24 00:00:00,12.29
2017-11-24 01:00:00,12.29
2017-11-24 02:00:00,12.29
2017-11-24 03:00:00,15.59
2017-11-24 04:00:00,42.26
2017-11-24 05:00:00,43.31
2017-11-24 06:00:00,39.41
2017-11-24 07:00:00,41.63
2017-11-24 08:00:00,40.48
2017-11-24 09:00:00,39.2
2017-11-24 10:00:00,36.48
2017-11-24 11:00:00,39.37
2017-11-24 12:00:00,36.93
2017-11-24 13:00:00,37.08
2017-11-24 14:00:00,41.87
2017-11-24 15:00:00,39.95
2017-11-24 16:00:00,42.37
2017-11-24 17:00:00,36.09
2017-11-24 18:00:00,38
2017-11-24 19:00:00,44.85
2017-11-24 20:00:00,44.21
2017-11-24 21:00:00,42.72
2017-11-24 22:00:00,36.29
2017-11-24 23:00:00,35.88
2017-11-25 00:00:00,12.29
2017-11-25 01:00:00,48.01
2017-11-25 02:00:00,47.88
2017-11-25 03:00:00,39.58
2017-11-25 04:00:00,35.3
2017-11-25 05:00:00,37.49
2017-11-25 06:00:00,34.05
2017-11-25 07:00:00,35.48
2017-11-25 08:00:00,44.48
2017-11-25 09:00:00,47.98
2017-11-25 10:00:00,36.05
2017-11-25 11:00:00,35.8
2017-11-25 12:00:00,37.82
2017-11-25 13:00:00,36.86
2017-11-25 14:00:00,39.65
2017-11-25 15:00:00,43.67
2017-11-25 16:00:00,43.98
2017-11-25 17:00:00,50.04
2017-11-25 18:00:00,37.63
2017-11-25 19:00:00,40.17
2017-11-25 20:00:00,12.29
2017-11-25 21:00:00,12.29
2017-11-25 22:00:00,12.29
2017-11-25 23:00:00,12.29
2017-11-26 00:00:00,12.29
2017-11-26 01:00:00,12.29
2017-11-26 02:00:00,12.29
2017-11-26 03:00:00,12.29
2017-11-26 04:00:00,37.51
2017-11-26 05:00:00,42.61
2017-11-26 06:00:00,41.96
2017-11-26 07:00:00,24.2
2017-11-26 08:00:00,28.4
2017-11-26 09:00:00,28.4
2017-11-26 10:00:00,28.4
2017-11-26 11:00:00,28.4
2017-11-26 12:00:00,28.4
2017-11-26 13:00:00,28.4
2017-11-26 14:00:00,28.4
2017-11-26 15:00:00,28.4
2017-11-26 16:00:00,28.4
2017-11-26 17:00:00,28.4
2017-11-26 18:00:00,28.4
2017-11-26 19:00:00,28.4
2017-11-26 20:00:00,30.2
2017-11-26 21:00:00,29.2
2017-11-26 22:00:00,29.2
2017-11-26 23:00:00,29.2
2017-11-27 00:00:00,12.29
2017-11-27 01:00:00,12.29
2017-11-27 02:00:00,12.29
2017-11-27 03:00:00,12.29
2017-11-27 04:00:00,37.51
2017-11-27 05:00:00,42.61
2017-11-27 06:00:00,41.96
2017-11-27 07:00:00,40.06
2017-11-27 08:00:00,44.92
2017-11-27 09:00:00,43.3
2017-11-27 10:00:00,36.76
2017-11-27 11:00:00,41.9
2017-11-27 12:00:00,42.43
2017-11-27 13:00:00,41.59
2017-11-27 14:00:00,37.06
2017-11-27 15:00:00,47.44
2017-11-27 16:00:00,49.72
2017-11-27 17:00:00,41.15
2017-11-27 18:00:00,42.31
2017-11-27 19:00:00,43.61
2017-11-27 20:00:00,45.94
2017-11-27 21:00:00,44.94
2017-11-27 22:00:00,43.52
2017-11-27 23:00:00,38.95
2017-11-28 00:00:00,14.46
2017-11-28 01:00:00,12.29
2017-11-28 02:00:00,12.29
2017-11-28 03:00:00,12.29
2017-11-28 04:00:00,46.29
2017-11-28 05:00:00,41.42
2017-11-28 06:00:00,46.21
2017-11-28 07:00:00,30.2
2017-11-28 08:00:00,30.2
2017-11-28 09:00:00,30.2
2017-11-28 10:00:00,30.2
2017-11-28 11:00:00,30.2
2017-11-28 12:00:00,30.2
2017-11-28 13:00:00,30.2
2017-11-28 14:00:00,30.2
2017-11-28 15:00:00,30.2
2017-11-28 16:00:00,30.2
2017-11-28 17:00:00,28.4
2017-11-28 18:00:00,28.4
2017-11-28 19:00:00,30.2
2017-11-28 20:00:00,30.2
2017-11-28 21:00:00,30.2
2017-11-28 22:00:00,30.2
2017-11-28 23:00:00,30.2
2017-11-29 00:00:00,12.29
2017-11-29 01:00:00,12.29
2017-11-29 02:00:00,12.29
2017-11-29 03:00:00,15.97
2017-11-29 04:00:00,47.05
2017-11-29 05:00:00,37.77
2017-11-29 06:00:00,51.49
2017-11-29 07:00:00,30.4
2017-11-29 08:00:00,30.4
2017-11-29 09:00:00,30.4
2017-11-29 10:00:00,30.4
2017-11-29 11:00:00,30.4
2017-11-29 12:00:00,30.4
2017-11-29 13:00:00,28.6
2017-11-29 14:00:00,30.4
2017-11-29 15:00:00,30.4
2017-11-29 16:00:00,30.45
2017-11-29 17:00:00,30.45
2017-11-29 18:00:00,30.45
2017-11-29 19:00:00,30.45
2017-11-29 20:00:00,30.45
2017-11-29 21:00:00,30.45
2017-11-29 22:00:00,30.45
2017-11-29 23:00:00,30.45
2017-11-30 00:00:00,12.29
2017-11-30 01:00:00,12.29
2017-11-30 02:00:00,12.29
2017-11-30 03:00:00,12.29
2017-11-30 04:00:00,12.29
2017-11-30 05:00:00,37.31
2017-11-30 06:00:00,39.56
2017-11-30 07:00:00,33.97
2017-11-30 08:00:00,37.48
2017-11-30 09:00:00,39.05
2017-11-30 10:00:00,44.79
2017-11-30 11:00:00,39.12
2017-11-30 12:00:00,44.67
2017-11-30 13:00:00,36.18
2017-11-30 14:00:00,42.05
2017-11-30 15:00:00,45.55
2017-11-30 16:00:00,50.04
2017-11-30 17:00:00,43.15
2017-11-30 18:00:00,43.43
2017-11-30 19:00:00,45.78
2017-11-30 20:00:00,46.83
2017-11-30 21:00:00,46.54
2017-11-30 22:00:00,47.28
2017-11-30 23:00:00,40.06
2017-12-01 00:00:00,12.29
2017-12-01 01:00:00,12.29
2017-12-01 02:00:00,40.7
2017-12-01 03:00:00,36.9
2017-12-01 04:00:00,35.33
2017-12-01 05:00:00,40.75
2017-12-01 06:00:00,42.26
2017-12-01 07:00:00,42.08
2017-12-01 08:00:00,42.21
2017-12-01 09:00:00,41.5
2017-12-01 10:00:00,39.56
2017-12-01 11:00:00,36.72
2017-12-01 12:00:00,45.23
2017-12-01 13:00:00,39.66
2017-12-01 14:00:00,42.62
2017-12-01 15:00:00,44.67
2017-12-01 16:00:00,45.03
2017-12-01 17:00:00,35.38
2017-12-01 18:00:00,45.93
2017-12-01 19:00:00,51.57
2017-12-01 20:00:00,48.46
2017-12-01 21:00:00,12.29
2017-12-01 22:00:00,12.29
2017-12-01 23:00:00,12.29
2017-12-02 00:00:00,12.29
2017-12-02 01:00:00,12.29
2017-12-02 02:00:00,12.29
2017-12-02 03:00:00,12.29
2017-12-02 04:00:00,12.29
2017-12-02 05:00:00,40.47
2017-12-02 06:00:00,29.13
2017-12-02 07:00:00,40.31
2017-12-02 08:00:00,44.46
2017-12-02 09:00:00,42.95
2017-12-02 10:00:00,42.38
2017-12-02 11:00:00,42.26
2017-12-02 12:00:00,50.76
2017-12-02 13:00:00,49.18
2017-12-02 14:00:00,46.74
2017-12-02 15:00:00,45.91
2017-12-02 16:00:00,47.81
2017-12-02 17:00:00,45.98
2017-12-02 18:00:00,44.15
2017-12-02 19:00:00,47.16
2017-12-02 20:00:00,49.18
2017-12-02 21:00:00,47.13
2017-12-02 22:00:00,48.21
2017-12-02 23:00:00,43.69
2017-12-03 00:00:00,12.29
2017-12-03 01:00:00,16.51
2017-12-03 02:00:00,41.46
2017-12-03 03:00:00,41.31
2017-12-03 04:00:00,45.42
2017-12-03 05:00:00,46.61
2017-12-03 06:00:00,47.13
2017-12-03 07:00:00,39.79
2017-12-03 08:00:00,41.75
2017-12-03 09:00:00,46.74
2017-12-03 10:00:00,37.64
2017-12-03 11:00:00,38.52
2017-12-03 12:00:00,33.62
2017-12-03 13:00:00,48.34
2017-12-03 14:00:00,42.57
2017-12-03 15:00:00,16.37
2017-12-03 16:00:00,12.29
2017-12-03 17:00:00,12.29
2017-12-03 18:00:00,12.29
2017-12-03 19:00:00,12.29
2017-12-03 20:00:00,12.29
2017-12-03 21:00:00,12.29
2017-12-03 22:00:00,12.29
2017-12-03 23:00:00,12.29
2017-12-04 00:00:00,12.29
2017-12-04 01:00:00,35.97
2017-12-04 02:00:00,44.89
2017-12-04 03:00:00,40.99
2017-12-04 04:00:00,38.84
2017-12-04 05:00:00,47.27
2017-12-04 06:00:00,50.3
2017-12-04 07:00:00,36.61
2017-12-04 08:00:00,47.26
2017-12-04 09:00:00,46.67
2017-12-04 10:00:00,45.38
2017-12-04 11:00:00,45.4
2017-12-04 12:00:00,40.29
2017-12-04 13:00:00,12.29
2017-12-04 14:00:00,12.29
2017-12-04 15:00:00,12.29
2017-12-04 16:00:00,12.29
2017-12-04 17:00:00,12.29
2017-12-04 18:00:00,12.29
2017-12-04 19:00:00,12.29
2017-12-04 20:00:00,12.29
2017-12-04 21:00:00,12.29
2017-12-04 22:00:00,12.29
2017-12-04 23:00:00,12.29
2017-12-05 00:00:00,12.29
2017-12-05 01:00:00,12.29
2017-12-05 02:00:00,12.29
2017-12-05 03:00:00,12.29
2017-12-05 04:00:00,12.29
2017-12-05 05:00:00,12.29
2017-12-05 06:00:00,12.29
2017-12-05 07:00:00,12.29
2017-12-05 08:00:00,12.29
2017-12-05 09:00:00,20.87
2017-12-05 10:00:00,46.99
2017-12-05 11:00:00,43.95
2017-12-05 12:00:00,46.04
2017-12-05 13:00:00,41.38
2017-12-05 14:00:00,39.43
2017-12-05 15:00:00,41.15
2017-12-05 16:00:00,44.96
2017-12-05 17:00:00,46.58
2017-12-05 18:00:00,35.82
2017-12-05 19:00:00,49.28
2017-12-05 20:00:00,44.2
2017-12-05 21:00:00,12.29
2017-12-05 22:00:00,12.29
2017-12-05 23:00:00,12.29
2017-12-06 00:00:00,12.29
2017-12-06 01:00:00,12.29
2017-12-06 02:00:00,12.29
2017-12-06 03:00:00,12.29
2017-12-06 04:00:00,37.71
2017-12-06 05:00:00,42.27
2017-12-06 06:00:00,42.37
2017-12-06 07:00:00,42.2
2017-12-06 08:00:00,42.53
2017-12-06 09:00:00,40.27
2017-12-06 10:00:00,46.18
2017-12-06 11:00:00,44.7
2017-12-06 12:00:00,37.26
2017-12-06 13:00:00,42.11
2017-12-06 14:00:00,48.36
2017-12-06 15:00:00,41.72
2017-12-06 16:00:00,15.03
2017-12-06 17:00:00,12.29
2017-12-06 18:00:00,12.29
2017-12-06 19:00:00,12.29
2017-12-06 20:00:00,12.29
2017-12-06 21:00:00,12.29
2017-12-06 22:00:00,12.29
2017-12-06 23:00:00,12.29
2017-12-07 00:00:00,12.29
2017-12-07 01:00:00,39.14
2017-12-07 02:00:00,46.03
2017-12-07 03:00:00,40.99
2017-12-07 04:00:00,39.07
2017-12-07 05:00:00,45.04
2017-12-07 06:00:00,38
2017-12-07 07:00:00,31.36
2017-12-07 08:00:00,32.2
2017-12-07 09:00:00,41.64
2017-12-07 10:00:00,37.3
2017-12-07 11:00:00,37.69
2017-12-07 12:00:00,37.63
2017-12-07 13:00:00,39.37
2017-12-07 14:00:00,49.01
2017-12-07 15:00:00,45.97
2017-12-07 16:00:00,44.24
2017-12-07 17:00:00,46.31
2017-12-07 18:00:00,42.47
2017-12-07 19:00:00,50.86
2017-12-07 20:00:00,46.07
2017-12-07 21:00:00,43.48
2017-12-07 22:00:00,47.57
2017-12-07 23:00:00,40.42
2017-12-08 00:00:00,12.29
2017-12-08 01:00:00,12.29
2017-12-08 02:00:00,12.29
2017-12-08 03:00:00,12.29
2017-12-08 04:00:00,12.29
2017-12-08 05:00:00,12.29
2017-12-08 06:00:00,12.29
2017-12-08 07:00:00,15.54
2017-12-08 08:00:00,37.8
2017-12-08 09:00:00,47.01
2017-12-08 10:00:00,43.26
2017-12-08 11:00:00,39.33
2017-12-08 12:00:00,43.08
2017-12-08 13:00:00,35.11
2017-12-08 14:00:00,38.97
2017-12-08 15:00:00,41.66
2017-12-08 16:00:00,47.72
2017-12-08 17:00:00,41.84
2017-12-08 18:00:00,36.84
2017-12-08 19:00:00,48.11
2017-12-08 20:00:00,48.86
2017-12-08 21:00:00,48.8
2017-12-08 22:00:00,22.41
2017-12-08 23:00:00,12.29
2017-12-09 00:00:00,12.29
2017-12-09 01:00:00,45.24
2017-12-09 02:00:00,36.32
2017-12-09 03:00:00,35.61
2017-12-09 04:00:00,44.35
2017-12-09 05:00:00,43.09
2017-12-09 06:00:00,47.94
2017-12-09 07:00:00,40.28
2017-12-09 08:00:00,39.86
2017-12-09 09:00:00,37.35
2017-12-09 10:00:00,40.5
2017-12-09 11:00:00,44.1
2017-12-09 12:00:00,45.47
2017-12-09 13:00:00,33.05
2017-12-09 14:00:00,41.81
2017-12-09 15:00:00,42.99
2017-12-09 16:00:00,36.7
2017-12-09 17:00:00,37.25
2017-12-09 18:00:00,42.99
2017-12-09 19:00:00,41.81
2017-12-09 20:00:00,36.87
2017-12-09 21:00:00,39.49
2017-12-09 22:00:00,39.36
2017-12-09 23:00:00,36.24
2017-12-10 00:00:00,41.62
2017-12-10 01:00:00,39.9
2017-12-10 02:00:00,38.66
2017-12-10 03:00:00,41.12
2017-12-10 04:00:00,37.03
2017-12-10 05:00:00,39.48
2017-12-10 06:00:00,50.02
2017-12-10 07:00:00,41.56
2017-12-10 08:00:00,41.15
2017-12-10 09:00:00,32.61
2017-12-10 10:00:00,31.59
2017-12-10 11:00:00,30.17
2017-12-10 12:00:00,28.83
2017-12-10 13:00:00,28.65
2017-12-10 14:00:00,31.6
2017-12-10 15:00:00,37.21
2017-12-10 16:00:00,43.12
2017-12-10 17:00:00,48.13
2017-12-10 18:00:00,46.61
2017-12-10 19:00:00,40.78
2017-12-10 20:00:00,39.74
2017-12-10 21:00:00,37.96
2017-12-10 22:00:00,40.18
2017-12-10 23:00:00,20.69
2017-12-11 00:00:00,12.29
2017-12-11 01:00:00,11.28
2017-12-11 02:00:00,11.28
2017-12-11 03:00:00,11.28
2017-12-11 04:00:00,11.28
2017-12-11 05:00:00,11.28
2017-12-11 06:00:00,11.28
2017-12-11 07:00:00,11.28
2017-12-11 08:00:00,11.28
2017-12-11 09:00:00,15.13
2017-12-11 10:00:00,42.55
2017-12-11 11:00:00,40.55
2017-12-11 12:00:00,47.65
2017-12-11 13:00:00,41.08
2017-12-11 14:00:00,41.48
2017-12-11 15:00:00,46.69
2017-12-11 16:00:00,49.8
2017-12-11 17:00:00,41.18
2017-12-11 18:00:00,39.77
2017-12-11 19:00:00,41.48
2017-12-11 20:00:00,40.6
2017-12-11 21:00:00,40.93
2017-12-11 22:00:00,37.15
2017-12-11 23:00:00,32.45
2017-12-12 00:00:00,11.28
2017-12-12 01:00:00,11.28
2017-12-12 02:00:00,11.28
2017-12-12 03:00:00,11.28
2017-12-12 04:00:00,11.28000001
2017-12-12 05:00:00,41.26
2017-12-12 06:00:00,43.31
2017-12-12 07:00:00,38.97
2017-12-12 08:00:00,38.2
2017-12-12 09:00:00,37.54
2017-12-12 10:00:00,37.31
2017-12-12 11:00:00,38.53
2017-12-12 12:00:00,37.46
2017-12-12 13:00:00,37.39
2017-12-12 14:00:00,46.75
2017-12-12 15:00:00,43.76
2017-12-12 16:00:00,45.5
2017-12-12 17:00:00,40.7
2017-12-12 18:00:00,40.8
2017-12-12 19:00:00,45.86
2017-12-12 20:00:00,43.91
2017-12-12 21:00:00,44.83
2017-12-12 22:00:00,33.64
2017-12-12 23:00:00,11.28
2017-12-13 00:00:00,11.28
2017-12-13 01:00:00,11.28
2017-12-13 02:00:00,11.28
2017-12-13 03:00:00,11.28
2017-12-13 04:00:00,11.28
2017-12-13 05:00:00,11.28
2017-12-13 06:00:00,11.28
2017-12-13 07:00:00,11.28
2017-12-13 08:00:00,11.28
2017-12-13 09:00:00,11.28
2017-12-13 10:00:00,36.97
2017-12-13 11:00:00,39.48
2017-12-13 12:00:00,45.4
2017-12-13 13:00:00,37.84
2017-12-13 14:00:00,44.44
2017-12-13 15:00:00,41.03
2017-12-13 16:00:00,43.14
2017-12-13 17:00:00,45.41
2017-12-13 18:00:00,40.22
2017-12-13 19:00:00,46.67
2017-12-13 20:00:00,45.65
2017-12-13 21:00:00,44.27
2017-12-13 22:00:00,41.72
2017-12-13 23:00:00,36.91
2017-12-14 00:00:00,35.77
2017-12-14 01:00:00,12.61
2017-12-14 02:00:00,11.28
2017-12-14 03:00:00,11.28
2017-12-14 04:00:00,11.28
2017-12-14 05:00:00,11.28
2017-12-14 06:00:00,11.28
2017-12-14 07:00:00,38.75
2017-12-14 08:00:00,34.94
2017-12-14 09:00:00,37.5
2017-12-14 10:00:00,41.9
2017-12-14 11:00:00,39.41
2017-12-14 12:00:00,37.57
2017-12-14 13:00:00,39.95
2017-12-14 14:00:00,41.16
2017-12-14 15:00:00,41.24
2017-12-14 16:00:00,43.09
2017-12-14 17:00:00,38.6
2017-12-14 18:00:00,41.97
2017-12-14 19:00:00,45.31
2017-12-14 20:00:00,43.88
2017-12-14 21:00:00,40.71
2017-12-14 22:00:00,47.54
2017-12-14 23:00:00,34.61
2017-12-15 00:00:00,11.28
2017-12-15 01:00:00,11.28
2017-12-15 02:00:00,11.28
2017-12-15 03:00:00,11.28
2017-12-15 04:00:00,11.28
2017-12-15 05:00:00,11.28
2017-12-15 06:00:00,11.28
2017-12-15 07:00:00,11.28000001
2017-12-15 08:00:00,42.5
2017-12-15 09:00:00,39.67
2017-12-15 10:00:00,37.3
2017-12-15 11:00:00,36.1
2017-12-15 12:00:00,39.4
2017-12-15 13:00:00,39.98
2017-12-15 14:00:00,43.27
2017-12-15 15:00:00,42.8
2017-12-15 16:00:00,43.41
2017-12-15 17:00:00,37.28
2017-12-15 18:00:00,37.27
2017-12-15 19:00:00,43.88
2017-12-15 20:00:00,42.83
2017-12-15 21:00:00,38.33
2017-12-15 22:00:00,37.21
2017-12-15 23:00:00,32.64
2017-12-16 00:00:00,13.92
2017-12-16 01:00:00,37.03
2017-12-16 02:00:00,34.21
2017-12-16 03:00:00,33.65
2017-12-16 04:00:00,39.13
2017-12-16 05:00:00,39.69
2017-12-16 06:00:00,35.32
2017-12-16 07:00:00,34.43
2017-12-16 08:00:00,41.93
2017-12-16 09:00:00,40.47
2017-12-16 10:00:00,38.1
2017-12-16 11:00:00,41.81
2017-12-16 12:00:00,41.84
2017-12-16 13:00:00,30.17
2017-12-16 14:00:00,43.69
2017-12-16 15:00:00,46.13
2017-12-16 16:00:00,11.28
2017-12-16 17:00:00,11.28
2017-12-16 18:00:00,11.28
2017-12-16 19:00:00,11.28
2017-12-16 20:00:00,11.28
2017-12-16 21:00:00,11.28
2017-12-16 22:00:00,11.28
2017-12-16 23:00:00,11.28
2017-12-17 00:00:00,11.28
2017-12-17 01:00:00,11.28
2017-12-17 02:00:00,11.28
2017-12-17 03:00:00,11.28
2017-12-17 04:00:00,11.28
2017-12-17 05:00:00,38.88
2017-12-17 06:00:00,43.64
2017-12-17 07:00:00,35.85
2017-12-17 08:00:00,36.45
2017-12-17 09:00:00,40.29
2017-12-17 10:00:00,33.26
2017-12-17 11:00:00,31.27
2017-12-17 12:00:00,31.42
2017-12-17 13:00:00,37.21
2017-12-17 14:00:00,46.15
2017-12-17 15:00:00,43.7
2017-12-17 16:00:00,41.42
2017-12-17 17:00:00,38.19
2017-12-17 18:00:00,36.69
2017-12-17 19:00:00,39.81
2017-12-17 20:00:00,38.76
2017-12-17 21:00:00,39.17
2017-12-17 22:00:00,38.87
2017-12-17 23:00:00,37.3
2017-12-18 00:00:00,41.79
2017-12-18 01:00:00,18.43
2017-12-18 02:00:00,11.28
2017-12-18 03:00:00,11.28
2017-12-18 04:00:00,16.24
2017-12-18 05:00:00,38.11
2017-12-18 06:00:00,36.32
2017-12-18 07:00:00,40.8
2017-12-18 08:00:00,45.86
2017-12-18 09:00:00,37.49
2017-12-18 10:00:00,41.99
2017-12-18 11:00:00,38.79
2017-12-18 12:00:00,40.88
2017-12-18 13:00:00,39.74
2017-12-18 14:00:00,37.32
2017-12-18 15:00:00,40.44
2017-12-18 16:00:00,44.88
2017-12-18 17:00:00,33.6
2017-12-18 18:00:00,33.99
2017-12-18 19:00:00,32.71
2017-12-18 20:00:00,39.67
2017-12-18 21:00:00,34.19
2017-12-18 22:00:00,38.08
2017-12-18 23:00:00,33.21
2017-12-19 00:00:00,13.19
2017-12-19 01:00:00,11.28
2017-12-19 02:00:00,11.28
2017-12-19 03:00:00,11.28
2017-12-19 04:00:00,16.7
2017-12-19 05:00:00,43.9
2017-12-19 06:00:00,33.57
2017-12-19 07:00:00,29.52
2017-12-19 08:00:00,34.58
2017-12-19 09:00:00,26.21
2017-12-19 10:00:00,30.71
2017-12-19 11:00:00,27.51
2017-12-19 12:00:00,29.6
2017-12-19 13:00:00,28.46
2017-12-19 14:00:00,26.04
2017-12-19 15:00:00,29.16
2017-12-19 16:00:00,33.6
2017-12-19 17:00:00,22.32
2017-12-19 18:00:00,22.71
2017-12-19 19:00:00,21.43
2017-12-19 20:00:00,28.39
2017-12-19 21:00:00,22.91
2017-12-19 22:00:00,26.8
2017-12-19 23:00:00,21.93
2017-12-20 00:00:00,11.28
2017-12-20 01:00:00,11.28
2017-12-20 02:00:00,11.28
2017-12-20 03:00:00,33.94
2017-12-20 04:00:00,33.91
2017-12-20 05:00:00,38.06
2017-12-20 06:00:00,47.7
2017-12-20 07:00:00,35.74
2017-12-20 08:00:00,40.94
2017-12-20 09:00:00,37.87
2017-12-20 10:00:00,45.25
2017-12-20 11:00:00,40.92
2017-12-20 12:00:00,34.82
2017-12-20 13:00:00,35.74
2017-12-20 14:00:00,40.85
2017-12-20 15:00:00,41.66
2017-12-20 16:00:00,38.49
2017-12-20 17:00:00,39.35
2017-12-20 18:00:00,42.43
2017-12-20 19:00:00,40.31
2017-12-20 20:00:00,37.9
2017-12-20 21:00:00,37.02
2017-12-20 22:00:00,44.64
2017-12-20 23:00:00,40.03
2017-12-21 00:00:00,38.15
2017-12-21 01:00:00,39.57
2017-12-21 02:00:00,40.84
2017-12-21 03:00:00,42.58
2017-12-21 04:00:00,41.53
2017-12-21 05:00:00,38.5
2017-12-21 06:00:00,48.9
2017-12-21 07:00:00,32.54
2017-12-21 08:00:00,36.15
2017-12-21 09:00:00,38.23
2017-12-21 10:00:00,35.44
2017-12-21 11:00:00,39.77
2017-12-21 12:00:00,46.73
2017-12-21 13:00:00,38.39
2017-12-21 14:00:00,34.79
2017-12-21 15:00:00,45.22
2017-12-21 16:00:00,44.86
2017-12-21 17:00:00,36.93
2017-12-21 18:00:00,46.35
2017-12-21 19:00:00,46.06
2017-12-21 20:00:00,42.93
2017-12-21 21:00:00,49.85
2017-12-21 22:00:00,35.59
2017-12-21 23:00:00,33.31
2017-12-22 00:00:00,13.62
2017-12-22 01:00:00,36.42
2017-12-22 02:00:00,39.63
2017-12-22 03:00:00,44.21
2017-12-22 04:00:00,37.39
2017-12-22 05:00:00,42.33
2017-12-22 06:00:00,35.55
2017-12-22 07:00:00,35.91
2017-12-22 08:00:00,44.16
2017-12-22 09:00:00,42.47
2017-12-22 10:00:00,38.24
2017-12-22 11:00:00,38.4
2017-12-22 12:00:00,41.48
2017-12-22 13:00:00,35.01
2017-12-22 14:00:00,36.74
2017-12-22 15:00:00,41.96
2017-12-22 16:00:00,40.41
2017-12-22 17:00:00,12.99
2017-12-22 18:00:00,11.28
2017-12-22 19:00:00,45.14
2017-12-22 20:00:00,40.86
2017-12-22 21:00:00,43.45
2017-12-22 22:00:00,41.74
2017-12-22 23:00:00,15.86
2017-12-23 00:00:00,11.28
2017-12-23 01:00:00,11.28
2017-12-23 02:00:00,11.28
2017-12-23 03:00:00,11.28
2017-12-23 04:00:00,33.7
2017-12-23 05:00:00,39.41
2017-12-23 06:00:00,44.61
2017-12-23 07:00:00,35.74
2017-12-23 08:00:00,33.34
2017-12-23 09:00:00,43.58
2017-12-23 10:00:00,44.47
2017-12-23 11:00:00,38.34
2017-12-23 12:00:00,40.29
2017-12-23 13:00:00,39.57
2017-12-23 14:00:00,37.51
2017-12-23 15:00:00,33.08
2017-12-23 16:00:00,39.02
2017-12-23 17:00:00,43.35
2017-12-23 18:00:00,16.56
2017-12-23 19:00:00,11.28
2017-12-23 20:00:00,11.28
2017-12-23 21:00:00,11.28
2017-12-23 22:00:00,11.28
2017-12-23 23:00:00,11.28
2017-12-24 00:00:00,11.28
2017-12-24 01:00:00,11.28000001
2017-12-24 02:00:00,44.45
2017-12-24 03:00:00,36.87
2017-12-24 04:00:00,32.04
2017-12-24 05:00:00,32.79
2017-12-24 06:00:00,39.92
2017-12-24 07:00:00,34.88
2017-12-24 08:00:00,34.86
2017-12-24 09:00:00,30.6
2017-12-24 10:00:00,33.8
2017-12-24 11:00:00,31.16
2017-12-24 12:00:00,40.1
2017-12-24 13:00:00,37.84
2017-12-24 14:00:00,32.89
2017-12-24 15:00:00,34.66
2017-12-24 16:00:00,39.73
2017-12-24 17:00:00,45.93
2017-12-24 18:00:00,41.99
2017-12-24 19:00:00,39.31
2017-12-24 20:00:00,38.92
2017-12-24 21:00:00,34.74
2017-12-24 22:00:00,37.39
2017-12-24 23:00:00,38.17
2017-12-25 00:00:00,41.97
2017-12-25 01:00:00,36.83
2017-12-25 02:00:00,32.12
2017-12-25 03:00:00,32.34
2017-12-25 04:00:00,44.91
2017-12-25 05:00:00,41.28
2017-12-25 06:00:00,41.65
2017-12-25 07:00:00,35.95
2017-12-25 08:00:00,37.21
2017-12-25 09:00:00,39.05
2017-12-25 10:00:00,46.96
2017-12-25 11:00:00,42.37
2017-12-25 12:00:00,33.9
2017-12-25 13:00:00,40.67
2017-12-25 14:00:00,45.2
2017-12-25 15:00:00,34.98
2017-12-25 16:00:00,36.77
2017-12-25 17:00:00,47.06
2017-12-25 18:00:00,43.1
2017-12-25 19:00:00,40.36
2017-12-25 20:00:00,40.64
2017-12-25 21:00:00,32.91
2017-12-25 22:00:00,33.5
2017-12-25 23:00:00,36.8
2017-12-26 00:00:00,32.83
2017-12-26 01:00:00,34.23
2017-12-26 02:00:00,41.56
2017-12-26 03:00:00,34.66
2017-12-26 04:00:00,35.61
2017-12-26 05:00:00,47.54
2017-12-26 06:00:00,47.75
2017-12-26 07:00:00,36.55
2017-12-26 08:00:00,34.78
2017-12-26 09:00:00,36.46
2017-12-26 10:00:00,38.77
2017-12-26 11:00:00,40.18
2017-12-26 12:00:00,43.54
2017-12-26 13:00:00,44.25
2017-12-26 14:00:00,46.87
2017-12-26 15:00:00,36.77
2017-12-26 16:00:00,38.09
2017-12-26 17:00:00,46.58
2017-12-26 18:00:00,33.01
2017-12-26 19:00:00,44.58
2017-12-26 20:00:00,36.18
2017-12-26 21:00:00,11.28
2017-12-26 22:00:00,11.28
2017-12-26 23:00:00,11.28
2017-12-27 00:00:00,11.28
2017-12-27 01:00:00,11.28000001
2017-12-27 02:00:00,43.9
2017-12-27 03:00:00,41.01
2017-12-27 04:00:00,40.02
2017-12-27 05:00:00,40.39
2017-12-27 06:00:00,38.97
2017-12-27 07:00:00,29.61
2017-12-27 08:00:00,43.26
2017-12-27 09:00:00,35.85
2017-12-27 10:00:00,39.43
2017-12-27 11:00:00,34.28
2017-12-27 12:00:00,42.27
2017-12-27 13:00:00,44.79
2017-12-27 14:00:00,38.84
2017-12-27 15:00:00,35.13
2017-12-27 16:00:00,36.25
2017-12-27 17:00:00,42.12
2017-12-27 18:00:00,47.23
2017-12-27 19:00:00,48.56
2017-12-27 20:00:00,40.28
2017-12-27 21:00:00,40.54
2017-12-27 22:00:00,15.05
2017-12-27 23:00:00,11.28
2017-12-28 00:00:00,11.28
2017-12-28 01:00:00,11.28
2017-12-28 02:00:00,11.28
2017-12-28 03:00:00,13.81
2017-12-28 04:00:00,44.12
2017-12-28 05:00:00,42.58
2017-12-28 06:00:00,42.01
2017-12-28 07:00:00,35.25
2017-12-28 08:00:00,38.8
2017-12-28 09:00:00,42.52
2017-12-28 10:00:00,37.71
2017-12-28 11:00:00,35.74
2017-12-28 12:00:00,46.29
2017-12-28 13:00:00,38.96
2017-12-28 14:00:00,43.82
2017-12-28 15:00:00,37.34
2017-12-28 16:00:00,46.58
2017-12-28 17:00:00,44.84
2017-12-28 18:00:00,35.07
2017-12-28 19:00:00,41.68
2017-12-28 20:00:00,41.22
2017-12-28 21:00:00,38.17
2017-12-28 22:00:00,41.13
2017-12-28 23:00:00,39.53
2017-12-29 00:00:00,11.28
2017-12-29 01:00:00,11.28000001
2017-12-29 02:00:00,44.68
2017-12-29 03:00:00,39.24
2017-12-29 04:00:00,41.4
2017-12-29 05:00:00,47.68
2017-12-29 06:00:00,47.97
2017-12-29 07:00:00,43.39
2017-12-29 08:00:00,34.48
2017-12-29 09:00:00,36.73
2017-12-29 10:00:00,38.65
2017-12-29 11:00:00,33
2017-12-29 12:00:00,34.33
2017-12-29 13:00:00,32.95
2017-12-29 14:00:00,37.58
2017-12-29 15:00:00,38.18
2017-12-29 16:00:00,45.16
2017-12-29 17:00:00,39.37
2017-12-29 18:00:00,32.2
2017-12-29 19:00:00,47.17
2017-12-29 20:00:00,41.83
2017-12-29 21:00:00,39.98
2017-12-29 22:00:00,36.58
2017-12-29 23:00:00,38.26
2017-12-30 00:00:00,11.28
2017-12-30 01:00:00,11.28
2017-12-30 02:00:00,11.28
2017-12-30 03:00:00,45.15
2017-12-30 04:00:00,40.17
2017-12-30 05:00:00,37.61
2017-12-30 06:00:00,42.84
2017-12-30 07:00:00,34.93
2017-12-30 08:00:00,38.6
2017-12-30 09:00:00,41.86
2017-12-30 10:00:00,37.64
2017-12-30 11:00:00,37.96
2017-12-30 12:00:00,39.68
2017-12-30 13:00:00,39.55
2017-12-30 14:00:00,40.07
2017-12-30 15:00:00,39.71
2017-12-30 16:00:00,46.84
2017-12-30 17:00:00,42.92
2017-12-30 18:00:00,35.5
2017-12-30 19:00:00,45.96
2017-12-30 20:00:00,41.65
2017-12-30 21:00:00,41.79
2017-12-30 22:00:00,40.46
2017-12-30 23:00:00,34.8
2017-12-31 00:00:00,17.85
2017-12-31 01:00:00,11.28
2017-12-31 02:00:00,11.28
2017-12-31 03:00:00,35.48
2017-12-31 04:00:00,30.94
2017-12-31 05:00:00,32.81
2017-12-31 06:00:00,43.56
2017-12-31 07:00:00,34.87
2017-12-31 08:00:00,35.93
2017-12-31 09:00:00,30.22
2017-12-31 10:00:00,35.53
2017-12-31 11:00:00,35.85
2017-12-31 12:00:00,45.69
2017-12-31 13:00:00,35.64
2017-12-31 14:00:00,33.45
2017-12-31 15:00:00,47.22
2017-12-31 16:00:00,49.37
2017-12-31 17:00:00,47.11
2017-12-31 18:00:00,34.52
2017-12-31 19:00:00,41.07
2017-12-31 20:00:00,40.1
2017-12-31 21:00:00,41.7
2017-12-31 22:00:00,42.19
2017-12-31 23:00:00,39.79
2018-01-01 00:00:00,11.28
2018-01-01 01:00:00,44.89
2018-01-01 02:00:00,35.38
2018-01-01 03:00:00,34.44
2018-01-01 04:00:00,33.94
2018-01-01 05:00:00,34.66
2018-01-01 06:00:00,37.24
2018-01-01 07:00:00,34.06
2018-01-01 08:00:00,36.24
2018-01-01 09:00:00,36.78
2018-01-01 10:00:00,35.17
2018-01-01 11:00:00,36.02
2018-01-01 12:00:00,38.07
2018-01-01 13:00:00,43.05
2018-01-01 14:00:00,32.54
2018-01-01 15:00:00,33.75
2018-01-01 16:00:00,38.22
2018-01-01 17:00:00,44.05
2018-01-01 18:00:00,38.7
2018-01-01 19:00:00,45.73
2018-01-01 20:00:00,46.1
2018-01-01 21:00:00,47.18
2018-01-01 22:00:00,44.57
2018-01-01 23:00:00,39.34
2018-01-02 00:00:00,11.28
2018-01-02 01:00:00,11.28
2018-01-02 02:00:00,11.28
2018-01-02 03:00:00,11.28
2018-01-02 04:00:00,37.58
2018-01-02 05:00:00,40.52
2018-01-02 06:00:00,39.64
2018-01-02 07:00:00,35.89
2018-01-02 08:00:00,41.43
2018-01-02 09:00:00,37.03
2018-01-02 10:00:00,42.5
2018-01-02 11:00:00,36.72
2018-01-02 12:00:00,36.27
2018-01-02 13:00:00,39.19
2018-01-02 14:00:00,43.04
2018-01-02 15:00:00,44.41
2018-01-02 16:00:00,43.12
2018-01-02 17:00:00,40.89
2018-01-02 18:00:00,38.14
2018-01-02 19:00:00,41.91
2018-01-02 20:00:00,47.63
2018-01-02 21:00:00,49.2
2018-01-02 22:00:00,41.92
2018-01-02 23:00:00,38.88
2018-01-03 00:00:00,35.01
2018-01-03 01:00:00,34.28
2018-01-03 02:00:00,35.8
2018-01-03 03:00:00,33.29
2018-01-03 04:00:00,37.5
2018-01-03 05:00:00,36.49
2018-01-03 06:00:00,34.64
2018-01-03 07:00:00,41.05
2018-01-03 08:00:00,30.13
2018-01-03 09:00:00,33.44
2018-01-03 10:00:00,35.29
2018-01-03 11:00:00,34.56
2018-01-03 12:00:00,37.46
2018-01-03 13:00:00,35.48
2018-01-03 14:00:00,37.56
2018-01-03 15:00:00,34.66
2018-01-03 16:00:00,36.91
2018-01-03 17:00:00,35.03
2018-01-03 18:00:00,36.75
2018-01-03 19:00:00,42.09
2018-01-03 20:00:00,41.28
2018-01-03 21:00:00,9.84
2018-01-03 22:00:00,9.84
2018-01-03 23:00:00,9.84
2018-01-04 00:00:00,9.84
2018-01-04 01:00:00,31.63
2018-01-04 02:00:00,46.4
2018-01-04 03:00:00,40.3
2018-01-04 04:00:00,39.76
2018-01-04 05:00:00,38.53
2018-01-04 06:00:00,38.55
2018-01-04 07:00:00,30.22
2018-01-04 08:00:00,32.71
2018-01-04 09:00:00,38.78
2018-01-04 10:00:00,33.21
2018-01-04 11:00:00,37.49
2018-01-04 12:00:00,38.92
2018-01-04 13:00:00,32.34
2018-01-04 14:00:00,39.99
2018-01-04 15:00:00,40.21
2018-01-04 16:00:00,43.78
2018-01-04 17:00:00,40.85
2018-01-04 18:00:00,35.78
2018-01-04 19:00:00,45.4
2018-01-04 20:00:00,44.03
2018-01-04 21:00:00,18.59
2018-01-04 22:00:00,9.84
2018-01-04 23:00:00,9.84
2018-01-05 00:00:00,9.84
2018-01-05 01:00:00,28.08
2018-01-05 02:00:00,38.33
2018-01-05 03:00:00,49.17
2018-01-05 04:00:00,49.72
2018-01-05 05:00:00,48.68
2018-01-05 06:00:00,48.55
2018-01-05 07:00:00,36.7
2018-01-05 08:00:00,40.75
2018-01-05 09:00:00,38.71
2018-01-05 10:00:00,33.68
2018-01-05 11:00:00,40.49
2018-01-05 12:00:00,32.51
2018-01-05 13:00:00,34.15
2018-01-05 14:00:00,40.68
2018-01-05 15:00:00,38.96
2018-01-05 16:00:00,38.02
2018-01-05 17:00:00,41.91
2018-01-05 18:00:00,33.56
2018-01-05 19:00:00,39.58
2018-01-05 20:00:00,37.44
2018-01-05 21:00:00,32.37
2018-01-05 22:00:00,35.95
2018-01-05 23:00:00,26.49
2018-01-06 00:00:00,12.63
2018-01-06 01:00:00,33.85
2018-01-06 02:00:00,9.84
2018-01-06 03:00:00,9.84
2018-01-06 04:00:00,9.84
2018-01-06 05:00:00,11.9
2018-01-06 06:00:00,36.56
2018-01-06 07:00:00,31.24
2018-01-06 08:00:00,36.43
2018-01-06 09:00:00,33.91
2018-01-06 10:00:00,38.78
2018-01-06 11:00:00,42.25
2018-01-06 12:00:00,38.32
2018-01-06 13:00:00,32.08
2018-01-06 14:00:00,32.3
2018-01-06 15:00:00,38.85
2018-01-06 16:00:00,42.34
2018-01-06 17:00:00,37.66
2018-01-06 18:00:00,36.37
2018-01-06 19:00:00,47.31
2018-01-06 20:00:00,37.8
2018-01-06 21:00:00,32.31
2018-01-06 22:00:00,34.4
2018-01-06 23:00:00,33.08
2018-01-07 00:00:00,9.84
2018-01-07 01:00:00,9.84
2018-01-07 02:00:00,9.84
2018-01-07 03:00:00,32.37
2018-01-07 04:00:00,33.73
2018-01-07 05:00:00,43.24
2018-01-07 06:00:00,38.11
2018-01-07 07:00:00,25.2
2018-01-07 08:00:00,29.1
2018-01-07 09:00:00,23.3
2018-01-07 10:00:00,23.3
2018-01-07 11:00:00,23.3
2018-01-07 12:00:00,23.3
2018-01-07 13:00:00,23.3
2018-01-07 14:00:00,23.3
2018-01-07 15:00:00,23.3
2018-01-07 16:00:00,23.3
2018-01-07 17:00:00,29.1
2018-01-07 18:00:00,25.2
2018-01-07 19:00:00,25.2
2018-01-07 20:00:00,29.1
2018-01-07 21:00:00,29.1
2018-01-07 22:00:00,29.1
2018-01-07 23:00:00,29.1
2018-01-08 00:00:00,12.76
2018-01-08 01:00:00,9.840000004
2018-01-08 02:00:00,32.1
2018-01-08 03:00:00,34.57
2018-01-08 04:00:00,37.04
2018-01-08 05:00:00,43.33
2018-01-08 06:00:00,35.18
2018-01-08 07:00:00,31.78
2018-01-08 08:00:00,38.74
2018-01-08 09:00:00,35.84
2018-01-08 10:00:00,38.2
2018-01-08 11:00:00,32.91
2018-01-08 12:00:00,35.78
2018-01-08 13:00:00,35.99
2018-01-08 14:00:00,39.74
2018-01-08 15:00:00,42.18
2018-01-08 16:00:00,41.21
2018-01-08 17:00:00,42.65
2018-01-08 18:00:00,42.19
2018-01-08 19:00:00,41.61
2018-01-08 20:00:00,37.41
2018-01-08 21:00:00,36.79
2018-01-08 22:00:00,42.25999999
2018-01-08 23:00:00,11.34
2018-01-09 00:00:00,13.41
2018-01-09 01:00:00,34.31
2018-01-09 02:00:00,42.65
2018-01-09 03:00:00,37.48
2018-01-09 04:00:00,34.65
2018-01-09 05:00:00,37.59
2018-01-09 06:00:00,38.22
2018-01-09 07:00:00,36.39
2018-01-09 08:00:00,41.98
2018-01-09 09:00:00,38.97
2018-01-09 10:00:00,39.23
2018-01-09 11:00:00,38.78
2018-01-09 12:00:00,44.36
2018-01-09 13:00:00,36.3
2018-01-09 14:00:00,45.48
2018-01-09 15:00:00,46.79
2018-01-09 16:00:00,47.86
2018-01-09 17:00:00,40.09
2018-01-09 18:00:00,33.16
2018-01-09 19:00:00,41.07
2018-01-09 20:00:00,38.39
2018-01-09 21:00:00,9.84
2018-01-09 22:00:00,9.84
2018-01-09 23:00:00,9.84
2018-01-10 00:00:00,9.84
2018-01-10 01:00:00,14.63
2018-01-10 02:00:00,38.11
2018-01-10 03:00:00,36.79
2018-01-10 04:00:00,39.22
2018-01-10 05:00:00,36.05
2018-01-10 06:00:00,33.64
2018-01-10 07:00:00,32.59
2018-01-10 08:00:00,40
2018-01-10 09:00:00,33.42
2018-01-10 10:00:00,33.86
2018-01-10 11:00:00,30.14
2018-01-10 12:00:00,37.84
2018-01-10 13:00:00,38.57
2018-01-10 14:00:00,35.07
2018-01-10 15:00:00,43.83
2018-01-10 16:00:00,44.63
2018-01-10 17:00:00,44.56
2018-01-10 18:00:00,37.58
2018-01-10 19:00:00,49.57
2018-01-10 20:00:00,45.24
2018-01-10 21:00:00,41.63
2018-01-10 22:00:00,9.84
2018-01-10 23:00:00,9.84
2018-01-11 00:00:00,13.13
2018-01-11 01:00:00,34.42
2018-01-11 02:00:00,41.43
2018-01-11 03:00:00,34.95
2018-01-11 04:00:00,35.13
2018-01-11 05:00:00,40.96
2018-01-11 06:00:00,40.03
2018-01-11 07:00:00,36.5
2018-01-11 08:00:00,38.35
2018-01-11 09:00:00,40.87
2018-01-11 10:00:00,35.07
2018-01-11 11:00:00,41.8
2018-01-11 12:00:00,43.97
2018-01-11 13:00:00,37.59
2018-01-11 14:00:00,40.94
2018-01-11 15:00:00,37.54
2018-01-11 16:00:00,41.92
2018-01-11 17:00:00,39.74
2018-01-11 18:00:00,40.37
2018-01-11 19:00:00,41.8
2018-01-11 20:00:00,38.16
2018-01-11 21:00:00,37.29
2018-01-11 22:00:00,40.49
2018-01-11 23:00:00,34.82
2018-01-12 00:00:00,39.08
2018-01-12 01:00:00,38.9
2018-01-12 02:00:00,43.78
2018-01-12 03:00:00,33.8
2018-01-12 04:00:00,37.75
2018-01-12 05:00:00,34.24
2018-01-12 06:00:00,36.66
2018-01-12 07:00:00,40.31
2018-01-12 08:00:00,41.81
2018-01-12 09:00:00,40.17
2018-01-12 10:00:00,37.89
2018-01-12 11:00:00,36.88
2018-01-12 12:00:00,41.6
2018-01-12 13:00:00,39.78
2018-01-12 14:00:00,38.83
2018-01-12 15:00:00,37.58
2018-01-12 16:00:00,35.28
2018-01-12 17:00:00,40.84
2018-01-12 18:00:00,40.01
2018-01-12 19:00:00,42.5
2018-01-12 20:00:00,40.08
2018-01-12 21:00:00,38.32
2018-01-12 22:00:00,37.87
2018-01-12 23:00:00,12.55
2018-01-13 00:00:00,9.84
2018-01-13 01:00:00,9.84
2018-01-13 02:00:00,9.84
2018-01-13 03:00:00,9.84
2018-01-13 04:00:00,38.15
2018-01-13 05:00:00,38.85
2018-01-13 06:00:00,36.73
2018-01-13 07:00:00,41.92
2018-01-13 08:00:00,32.69
2018-01-13 09:00:00,29.24
2018-01-13 10:00:00,38.9
2018-01-13 11:00:00,34.07
2018-01-13 12:00:00,34.71
2018-01-13 13:00:00,34.77
2018-01-13 14:00:00,35.53
2018-01-13 15:00:00,34.91
2018-01-13 16:00:00,33.06
2018-01-13 17:00:00,42.06
2018-01-13 18:00:00,32.67
2018-01-13 19:00:00,41.95
2018-01-13 20:00:00,38.55
2018-01-13 21:00:00,38.75
2018-01-13 22:00:00,35.16
2018-01-13 23:00:00,37.21
2018-01-14 00:00:00,9.84
2018-01-14 01:00:00,9.84
2018-01-14 02:00:00,9.84
2018-01-14 03:00:00,9.84
2018-01-14 04:00:00,9.84
2018-01-14 05:00:00,9.84
2018-01-14 06:00:00,9.84
2018-01-14 07:00:00,9.840000004
2018-01-14 08:00:00,33.07
2018-01-14 09:00:00,26.42
2018-01-14 10:00:00,33.93
2018-01-14 11:00:00,29.89
2018-01-14 12:00:00,29
2018-01-14 13:00:00,41.35
2018-01-14 14:00:00,39.03
2018-01-14 15:00:00,46.9
2018-01-14 16:00:00,39.97
2018-01-14 17:00:00,40.82
2018-01-14 18:00:00,35.11
2018-01-14 19:00:00,43.63
2018-01-14 20:00:00,36.01
2018-01-14 21:00:00,34.63
2018-01-14 22:00:00,29.38
2018-01-14 23:00:00,33.96
2018-01-15 00:00:00,29.75
2018-01-15 01:00:00,28.98
2018-01-15 02:00:00,42
2018-01-15 03:00:00,47.47
2018-01-15 04:00:00,34.94
2018-01-15 05:00:00,37.73
2018-01-15 06:00:00,46.48
2018-01-15 07:00:00,23.2
2018-01-15 08:00:00,29.8
2018-01-15 09:00:00,29.8
2018-01-15 10:00:00,24.6
2018-01-15 11:00:00,24.6
2018-01-15 12:00:00,24.6
2018-01-15 13:00:00,24.6
2018-01-15 14:00:00,26.4
2018-01-15 15:00:00,29.8
2018-01-15 16:00:00,29.8
2018-01-15 17:00:00,29.8
2018-01-15 18:00:00,24.6
2018-01-15 19:00:00,29.8
2018-01-15 20:00:00,29.8
2018-01-15 21:00:00,0
2018-01-15 22:00:00,0
2018-01-15 23:00:00,0
2018-01-16 00:00:00,9.84
2018-01-16 01:00:00,9.84
2018-01-16 02:00:00,9.84
2018-01-16 03:00:00,9.84
2018-01-16 04:00:00,16.92
2018-01-16 05:00:00,37.46
2018-01-16 06:00:00,39.57
2018-01-16 07:00:00,32.76
2018-01-16 08:00:00,30.56
2018-01-16 09:00:00,37.57
2018-01-16 10:00:00,37.8
2018-01-16 11:00:00,37.43
2018-01-16 12:00:00,37.46
2018-01-16 13:00:00,40.64
2018-01-16 14:00:00,43.59
2018-01-16 15:00:00,46.44
2018-01-16 16:00:00,42.76
2018-01-16 17:00:00,36.67
2018-01-16 18:00:00,36.72
2018-01-16 19:00:00,36.65
2018-01-16 20:00:00,39.61
2018-01-16 21:00:00,40.29
2018-01-16 22:00:00,37.24
2018-01-16 23:00:00,30.22
2018-01-17 00:00:00,19.49
2018-01-17 01:00:00,9.84
2018-01-17 02:00:00,9.84
2018-01-17 03:00:00,12.78
2018-01-17 04:00:00,35.16
2018-01-17 05:00:00,40.73
2018-01-17 06:00:00,41.87
2018-01-17 07:00:00,35.7
2018-01-17 08:00:00,33.97
2018-01-17 09:00:00,35.58
2018-01-17 10:00:00,30.29
2018-01-17 11:00:00,35.41
2018-01-17 12:00:00,34.02
2018-01-17 13:00:00,37.39
2018-01-17 14:00:00,38.69
2018-01-17 15:00:00,36.93
2018-01-17 16:00:00,45.37
2018-01-17 17:00:00,43.37
2018-01-17 18:00:00,38.2
2018-01-17 19:00:00,42.53
2018-01-17 20:00:00,38.86
2018-01-17 21:00:00,40.03
2018-01-17 22:00:00,36.9
2018-01-17 23:00:00,33.3
2018-01-18 00:00:00,15.33
2018-01-18 01:00:00,9.84
2018-01-18 02:00:00,9.84
2018-01-18 03:00:00,9.84
2018-01-18 04:00:00,9.840000001
2018-01-18 05:00:00,15
2018-01-18 06:00:00,30.88
2018-01-18 07:00:00,30.94
2018-01-18 08:00:00,34.79
2018-01-18 09:00:00,37.59
2018-01-18 10:00:00,35.71
2018-01-18 11:00:00,34.06
2018-01-18 12:00:00,39.16
2018-01-18 13:00:00,35.25
2018-01-18 14:00:00,39.78
2018-01-18 15:00:00,40.06
2018-01-18 16:00:00,36.74
2018-01-18 17:00:00,40.68
2018-01-18 18:00:00,39.51
2018-01-18 19:00:00,39.92
2018-01-18 20:00:00,36.48
2018-01-18 21:00:00,37.48
2018-01-18 22:00:00,31.69
2018-01-18 23:00:00,35.31
2018-01-19 00:00:00,34.13
2018-01-19 01:00:00,34.13
2018-01-19 02:00:00,44.88
2018-01-19 03:00:00,37.66
2018-01-19 04:00:00,38.03
2018-01-19 05:00:00,40.3
2018-01-19 06:00:00,33.66
2018-01-19 07:00:00,30.94
2018-01-19 08:00:00,26.19
2018-01-19 09:00:00,37.2
2018-01-19 10:00:00,36.03
2018-01-19 11:00:00,36.31
2018-01-19 12:00:00,41.37
2018-01-19 13:00:00,42.6
2018-01-19 14:00:00,44.14
2018-01-19 15:00:00,45.81
2018-01-19 16:00:00,45.71
2018-01-19 17:00:00,38.44
2018-01-19 18:00:00,36.86
2018-01-19 19:00:00,12.14
2018-01-19 20:00:00,9.84
2018-01-19 21:00:00,9.84
2018-01-19 22:00:00,9.84
2018-01-19 23:00:00,9.84
2018-01-20 00:00:00,9.84
2018-01-20 01:00:00,9.84
2018-01-20 02:00:00,9.84
2018-01-20 03:00:00,12.45
2018-01-20 04:00:00,40.4
2018-01-20 05:00:00,37.81
2018-01-20 06:00:00,38.15
2018-01-20 07:00:00,34.12
2018-01-20 08:00:00,40.4
2018-01-20 09:00:00,35.55
2018-01-20 10:00:00,29.4
2018-01-20 11:00:00,35.49
2018-01-20 12:00:00,31.5
2018-01-20 13:00:00,32.92
2018-01-20 14:00:00,38.63
2018-01-20 15:00:00,45.14
2018-01-20 16:00:00,41.41
2018-01-20 17:00:00,43.56
2018-01-20 18:00:00,38.47
2018-01-20 19:00:00,41.3
2018-01-20 20:00:00,31.76
2018-01-20 21:00:00,40.91
2018-01-20 22:00:00,43.24
2018-01-20 23:00:00,40.96
2018-01-21 00:00:00,43.5
2018-01-21 01:00:00,34.87
2018-01-21 02:00:00,35.72
2018-01-21 03:00:00,35.54
2018-01-21 04:00:00,36.22
2018-01-21 05:00:00,41.92
2018-01-21 06:00:00,38.47
2018-01-21 07:00:00,41.54
2018-01-21 08:00:00,37.09
2018-01-21 09:00:00,39.99
2018-01-21 10:00:00,40.48999999
2018-01-21 11:00:00,11.58
2018-01-21 12:00:00,9.84
2018-01-21 13:00:00,9.84
2018-01-21 14:00:00,9.84
2018-01-21 15:00:00,9.84
2018-01-21 16:00:00,9.84
2018-01-21 17:00:00,9.84
2018-01-21 18:00:00,9.84
2018-01-21 19:00:00,39.67
2018-01-21 20:00:00,41.86
2018-01-21 21:00:00,34.63
2018-01-21 22:00:00,35.56
2018-01-21 23:00:00,33.37
2018-01-22 00:00:00,34.01
2018-01-22 01:00:00,37.92
2018-01-22 02:00:00,37.68
2018-01-22 03:00:00,39.29
2018-01-22 04:00:00,37.85
2018-01-22 05:00:00,41.73
2018-01-22 06:00:00,42.69
2018-01-22 07:00:00,37.07
2018-01-22 08:00:00,41.14
2018-01-22 09:00:00,36.74
2018-01-22 10:00:00,44.61
2018-01-22 11:00:00,41.43
2018-01-22 12:00:00,43.69
2018-01-22 13:00:00,36.69
2018-01-22 14:00:00,42.97
2018-01-22 15:00:00,47.57
2018-01-22 16:00:00,47.31
2018-01-22 17:00:00,39.85
2018-01-22 18:00:00,38.31
2018-01-22 19:00:00,36.38
2018-01-22 20:00:00,9.84
2018-01-22 21:00:00,9.84
2018-01-22 22:00:00,9.84
2018-01-22 23:00:00,9.84
2018-01-23 00:00:00,9.84
2018-01-23 01:00:00,12.14000001
2018-01-23 02:00:00,48.45
2018-01-23 03:00:00,42.6
2018-01-23 04:00:00,39.46
2018-01-23 05:00:00,43.66
2018-01-23 06:00:00,53.14
2018-01-23 07:00:00,34.21
2018-01-23 08:00:00,30.73
2018-01-23 09:00:00,31.06
2018-01-23 10:00:00,38.83
2018-01-23 11:00:00,40.7
2018-01-23 12:00:00,36.64
2018-01-23 13:00:00,35.63
2018-01-23 14:00:00,42.22
2018-01-23 15:00:00,42.36
2018-01-23 16:00:00,40.82
2018-01-23 17:00:00,39.59
2018-01-23 18:00:00,35.96
2018-01-23 19:00:00,47.41
2018-01-23 20:00:00,40.73
2018-01-23 21:00:00,9.84
2018-01-23 22:00:00,9.84
2018-01-23 23:00:00,9.84
2018-01-24 00:00:00,9.84
2018-01-24 01:00:00,8.71
2018-01-24 02:00:00,8.71
2018-01-24 03:00:00,44.74
2018-01-24 04:00:00,48.77
2018-01-24 05:00:00,42.44
2018-01-24 06:00:00,46.13
2018-01-24 07:00:00,36.16
2018-01-24 08:00:00,33.05
2018-01-24 09:00:00,35.84
2018-01-24 10:00:00,38.23
2018-01-24 11:00:00,35.14
2018-01-24 12:00:00,40.22
2018-01-24 13:00:00,31.74
2018-01-24 14:00:00,36.66
2018-01-24 15:00:00,41.17
2018-01-24 16:00:00,41.15
2018-01-24 17:00:00,42.49
2018-01-24 18:00:00,33.28
2018-01-24 19:00:00,37.84
2018-01-24 20:00:00,33.53
2018-01-24 21:00:00,35.78
2018-01-24 22:00:00,16.15
2018-01-24 23:00:00,8.71
2018-01-25 00:00:00,8.71
2018-01-25 01:00:00,8.71
2018-01-25 02:00:00,8.71
2018-01-25 03:00:00,8.71
2018-01-25 04:00:00,8.71
2018-01-25 05:00:00,8.71
2018-01-25 06:00:00,34.91
2018-01-25 07:00:00,35.26
2018-01-25 08:00:00,36.02
2018-01-25 09:00:00,37.75
2018-01-25 10:00:00,39.13
2018-01-25 11:00:00,38.95
2018-01-25 12:00:00,43.36
2018-01-25 13:00:00,38.99
2018-01-25 14:00:00,36.76
2018-01-25 15:00:00,39.19
2018-01-25 16:00:00,38.11
2018-01-25 17:00:00,34.22
2018-01-25 18:00:00,36.49
2018-01-25 19:00:00,40.2
2018-01-25 20:00:00,38.6
2018-01-25 21:00:00,36.03
2018-01-25 22:00:00,37.84
2018-01-25 23:00:00,34.43
2018-01-26 00:00:00,10.97
2018-01-26 01:00:00,8.71
2018-01-26 02:00:00,8.71
2018-01-26 03:00:00,8.71
2018-01-26 04:00:00,8.71
2018-01-26 05:00:00,8.71
2018-01-26 06:00:00,45.25
2018-01-26 07:00:00,35.68
2018-01-26 08:00:00,33.79
2018-01-26 09:00:00,35.07
2018-01-26 10:00:00,40.2
2018-01-26 11:00:00,37.79
2018-01-26 12:00:00,38.77
2018-01-26 13:00:00,38.19
2018-01-26 14:00:00,42.81
2018-01-26 15:00:00,32.05
2018-01-26 16:00:00,31.35
2018-01-26 17:00:00,35.24
2018-01-26 18:00:00,33.96
2018-01-26 19:00:00,42.3
2018-01-26 20:00:00,30.94
2018-01-26 21:00:00,32.6
2018-01-26 22:00:00,40.03
2018-01-26 23:00:00,34.9
2018-01-27 00:00:00,8.71
2018-01-27 01:00:00,8.71
2018-01-27 02:00:00,8.71
2018-01-27 03:00:00,35.52
2018-01-27 04:00:00,37.37
2018-01-27 05:00:00,38.11
2018-01-27 06:00:00,38.7
2018-01-27 07:00:00,31.55
2018-01-27 08:00:00,38.92
2018-01-27 09:00:00,36.3
2018-01-27 10:00:00,32.99
2018-01-27 11:00:00,36.7
2018-01-27 12:00:00,38.8
2018-01-27 13:00:00,30.24
2018-01-27 14:00:00,32.43
2018-01-27 15:00:00,37
2018-01-27 16:00:00,38.8
2018-01-27 17:00:00,37.3
2018-01-27 18:00:00,36.55
2018-01-27 19:00:00,37.97
2018-01-27 20:00:00,41.04
2018-01-27 21:00:00,40.75
2018-01-27 22:00:00,8.71
2018-01-27 23:00:00,8.71
2018-01-28 00:00:00,12.39
2018-01-28 01:00:00,36.38
2018-01-28 02:00:00,33.4
2018-01-28 03:00:00,33.45
2018-01-28 04:00:00,37.83
2018-01-28 05:00:00,39.62
2018-01-28 06:00:00,42.86
2018-01-28 07:00:00,31.46
2018-01-28 08:00:00,8.71
2018-01-28 09:00:00,8.71
2018-01-28 10:00:00,8.71
2018-01-28 11:00:00,8.71
2018-01-28 12:00:00,8.71
2018-01-28 13:00:00,8.71
2018-01-28 14:00:00,8.71
2018-01-28 15:00:00,8.71
2018-01-28 16:00:00,8.71
2018-01-28 17:00:00,8.71
2018-01-28 18:00:00,11.94
2018-01-28 19:00:00,35.07
2018-01-28 20:00:00,43.78
2018-01-28 21:00:00,35.24
2018-01-28 22:00:00,35.73
2018-01-28 23:00:00,32.1
2018-01-29 00:00:00,10.4
2018-01-29 01:00:00,8.71
2018-01-29 02:00:00,8.71
2018-01-29 03:00:00,8.71
2018-01-29 04:00:00,8.71
2018-01-29 05:00:00,8.71
2018-01-29 06:00:00,45.95
2018-01-29 07:00:00,34.71
2018-01-29 08:00:00,34.65
2018-01-29 09:00:00,37.92
2018-01-29 10:00:00,39.13
2018-01-29 11:00:00,37.33
2018-01-29 12:00:00,41.31
2018-01-29 13:00:00,40
2018-01-29 14:00:00,41.94
2018-01-29 15:00:00,33.81
2018-01-29 16:00:00,35.89
2018-01-29 17:00:00,41.14
2018-01-29 18:00:00,33.11
2018-01-29 19:00:00,38.97
2018-01-29 20:00:00,40.05
2018-01-29 21:00:00,39.94
2018-01-29 22:00:00,40.3
2018-01-29 23:00:00,32.95
2018-01-30 00:00:00,8.71
2018-01-30 01:00:00,8.71
2018-01-30 02:00:00,8.71
2018-01-30 03:00:00,8.71
2018-01-30 04:00:00,8.71
2018-01-30 05:00:00,8.71
2018-01-30 06:00:00,41.47
2018-01-30 07:00:00,35.96
2018-01-30 08:00:00,38.71
2018-01-30 09:00:00,37.7
2018-01-30 10:00:00,36.29
2018-01-30 11:00:00,34.87
2018-01-30 12:00:00,37.3
2018-01-30 13:00:00,31.63
2018-01-30 14:00:00,44.39
2018-01-30 15:00:00,36.41
2018-01-30 16:00:00,35.47
2018-01-30 17:00:00,39.17
2018-01-30 18:00:00,37.13
2018-01-30 19:00:00,35.19
2018-01-30 20:00:00,39.7
2018-01-30 21:00:00,36.58
2018-01-30 22:00:00,37.59
2018-01-30 23:00:00,38.61
2018-01-31 00:00:00,8.71
2018-01-31 01:00:00,12.25000001
2018-01-31 02:00:00,43.51
2018-01-31 03:00:00,37.24
2018-01-31 04:00:00,34.84
2018-01-31 05:00:00,37.94
2018-01-31 06:00:00,30.95
2018-01-31 07:00:00,32.19
2018-01-31 08:00:00,31.81
2018-01-31 09:00:00,35.81
2018-01-31 10:00:00,39.09
2018-01-31 11:00:00,36.12
2018-01-31 12:00:00,37.14
2018-01-31 13:00:00,37.13
2018-01-31 14:00:00,43.06
2018-01-31 15:00:00,40.15
2018-01-31 16:00:00,35.57
2018-01-31 17:00:00,38.47
2018-01-31 18:00:00,30.52
2018-01-31 19:00:00,38.72
2018-01-31 20:00:00,39.09
2018-01-31 21:00:00,37.59
2018-01-31 22:00:00,34.8
2018-01-31 23:00:00,34.96
2018-02-01 00:00:00,12.72
2018-02-01 01:00:00,8.71
2018-02-01 02:00:00,8.71
2018-02-01 03:00:00,8.71
2018-02-01 04:00:00,8.710000001
2018-02-01 05:00:00,12.01
2018-02-01 06:00:00,43.03
2018-02-01 07:00:00,27.91
2018-02-01 08:00:00,28.93
2018-02-01 09:00:00,33.02
2018-02-01 10:00:00,31.15
2018-02-01 11:00:00,36.14
2018-02-01 12:00:00,39.91
2018-02-01 13:00:00,37.51
2018-02-01 14:00:00,41.02
2018-02-01 15:00:00,45.56
2018-02-01 16:00:00,37.72
2018-02-01 17:00:00,43.56
2018-02-01 18:00:00,32.69
2018-02-01 19:00:00,43.1
2018-02-01 20:00:00,39.94
2018-02-01 21:00:00,42.04
2018-02-01 22:00:00,35.52
2018-02-01 23:00:00,35.72
2018-02-02 00:00:00,8.71
2018-02-02 01:00:00,30.92
2018-02-02 02:00:00,41.77
2018-02-02 03:00:00,35.02
2018-02-02 04:00:00,37.12
2018-02-02 05:00:00,37.15
2018-02-02 06:00:00,42
2018-02-02 07:00:00,28.76
2018-02-02 08:00:00,36.1
2018-02-02 09:00:00,38.19
2018-02-02 10:00:00,32.83
2018-02-02 11:00:00,37.21
2018-02-02 12:00:00,37.21
2018-02-02 13:00:00,37.23
2018-02-02 14:00:00,37.2
2018-02-02 15:00:00,41.82
2018-02-02 16:00:00,39.88
2018-02-02 17:00:00,40.07
2018-02-02 18:00:00,8.71
2018-02-02 19:00:00,8.71
2018-02-02 20:00:00,8.71
2018-02-02 21:00:00,8.71
2018-02-02 22:00:00,8.71
2018-02-02 23:00:00,8.71
2018-02-03 00:00:00,12.01
2018-02-03 01:00:00,38.7
2018-02-03 02:00:00,35.05
2018-02-03 03:00:00,38.84
2018-02-03 04:00:00,34.94
2018-02-03 05:00:00,39.82
2018-02-03 06:00:00,39.68
2018-02-03 07:00:00,34.66
2018-02-03 08:00:00,36.28
2018-02-03 09:00:00,32.06
2018-02-03 10:00:00,35.48
2018-02-03 11:00:00,35.66
2018-02-03 12:00:00,40.4
2018-02-03 13:00:00,29.37
2018-02-03 14:00:00,35.52
2018-02-03 15:00:00,32.65
2018-02-03 16:00:00,41.25999999
2018-02-03 17:00:00,12.44
2018-02-03 18:00:00,8.71
2018-02-03 19:00:00,8.71
2018-02-03 20:00:00,8.71
2018-02-03 21:00:00,12.25
2018-02-03 22:00:00,31.09
2018-02-03 23:00:00,36.33
2018-02-04 00:00:00,39.17
2018-02-04 01:00:00,13.53
2018-02-04 02:00:00,8.71
2018-02-04 03:00:00,8.71
2018-02-04 04:00:00,8.710000005
2018-02-04 05:00:00,35.93
2018-02-04 06:00:00,34.45
2018-02-04 07:00:00,30.31
2018-02-04 08:00:00,30.22
2018-02-04 09:00:00,32.06
2018-02-04 10:00:00,31.99
2018-02-04 11:00:00,33
2018-02-04 12:00:00,35.46
2018-02-04 13:00:00,37.27
2018-02-04 14:00:00,35.36
2018-02-04 15:00:00,37.31
2018-02-04 16:00:00,37.86
2018-02-04 17:00:00,10.67
2018-02-04 18:00:00,8.71
2018-02-04 19:00:00,8.71
2018-02-04 20:00:00,8.71
2018-02-04 21:00:00,29.64
2018-02-04 22:00:00,33.83
2018-02-04 23:00:00,37.21
2018-02-05 00:00:00,8.71
2018-02-05 01:00:00,8.71
2018-02-05 02:00:00,8.71
2018-02-05 03:00:00,8.71
2018-02-05 04:00:00,38.65
2018-02-05 05:00:00,37.92
2018-02-05 06:00:00,36.75
2018-02-05 07:00:00,38.63
2018-02-05 08:00:00,40.6
2018-02-05 09:00:00,39.33
2018-02-05 10:00:00,39.03
2018-02-05 11:00:00,36.76
2018-02-05 12:00:00,34.19
2018-02-05 13:00:00,30.19
2018-02-05 14:00:00,41.17
2018-02-05 15:00:00,45.2
2018-02-05 16:00:00,43.82
2018-02-05 17:00:00,37.74
2018-02-05 18:00:00,37.29
2018-02-05 19:00:00,41.84
2018-02-05 20:00:00,42.1
2018-02-05 21:00:00,39.55
2018-02-05 22:00:00,40.05
2018-02-05 23:00:00,34.73
2018-02-06 00:00:00,10.69
2018-02-06 01:00:00,8.71
2018-02-06 02:00:00,8.71
2018-02-06 03:00:00,8.71
2018-02-06 04:00:00,8.71
2018-02-06 05:00:00,8.71
2018-02-06 06:00:00,37.13
2018-02-06 07:00:00,35.22
2018-02-06 08:00:00,39.47
2018-02-06 09:00:00,38.38
2018-02-06 10:00:00,36.98
2018-02-06 11:00:00,38.81
2018-02-06 12:00:00,29.38
2018-02-06 13:00:00,29.22
2018-02-06 14:00:00,34.77
2018-02-06 15:00:00,42.42
2018-02-06 16:00:00,41.09
2018-02-06 17:00:00,36.39
2018-02-06 18:00:00,34.76
2018-02-06 19:00:00,45.13
2018-02-06 20:00:00,43.74
2018-02-06 21:00:00,35.78
2018-02-06 22:00:00,30.89
2018-02-06 23:00:00,35.71
2018-02-07 00:00:00,30.14
2018-02-07 01:00:00,34.55
2018-02-07 02:00:00,37.22
2018-02-07 03:00:00,35.29
2018-02-07 04:00:00,36.33
2018-02-07 05:00:00,37.99
2018-02-07 06:00:00,34.2
2018-02-07 07:00:00,32.22
2018-02-07 08:00:00,8.71
2018-02-07 09:00:00,8.71
2018-02-07 10:00:00,8.71
2018-02-07 11:00:00,8.71
2018-02-07 12:00:00,43.22
2018-02-07 13:00:00,40.52
2018-02-07 14:00:00,40.68
2018-02-07 15:00:00,36.54
2018-02-07 16:00:00,35.49
2018-02-07 17:00:00,37.72
2018-02-07 18:00:00,35.36
2018-02-07 19:00:00,44.75
2018-02-07 20:00:00,39.96
2018-02-07 21:00:00,39.8
2018-02-07 22:00:00,38.97
2018-02-07 23:00:00,36.65
2018-02-08 00:00:00,8.71
2018-02-08 01:00:00,8.71
2018-02-08 02:00:00,8.71
2018-02-08 03:00:00,8.71
2018-02-08 04:00:00,34.84
2018-02-08 05:00:00,34.41
2018-02-08 06:00:00,35.02
2018-02-08 07:00:00,31.14
2018-02-08 08:00:00,35.48
2018-02-08 09:00:00,36.57
2018-02-08 10:00:00,40.01
2018-02-08 11:00:00,36.09
2018-02-08 12:00:00,40.44
2018-02-08 13:00:00,37.36
2018-02-08 14:00:00,42.27
2018-02-08 15:00:00,41.72
2018-02-08 16:00:00,38.22
2018-02-08 17:00:00,40.25
2018-02-08 18:00:00,39.09
2018-02-08 19:00:00,42.25
2018-02-08 20:00:00,39.86
2018-02-08 21:00:00,33.86
2018-02-08 22:00:00,8.71
2018-02-08 23:00:00,8.71
2018-02-09 00:00:00,8.71
2018-02-09 01:00:00,8.71
2018-02-09 02:00:00,8.71
2018-02-09 03:00:00,8.71
2018-02-09 04:00:00,8.710000005
2018-02-09 05:00:00,37.29
2018-02-09 06:00:00,33.64
2018-02-09 07:00:00,36.78
2018-02-09 08:00:00,37.82
2018-02-09 09:00:00,37.31
2018-02-09 10:00:00,35.09
2018-02-09 11:00:00,32.9
2018-02-09 12:00:00,36.83
2018-02-09 13:00:00,34.29
2018-02-09 14:00:00,36.77
2018-02-09 15:00:00,36.76
2018-02-09 16:00:00,36.04
2018-02-09 17:00:00,33.58
2018-02-09 18:00:00,34.5
2018-02-09 19:00:00,40.07
2018-02-09 20:00:00,39.69
2018-02-09 21:00:00,40.93
2018-02-09 22:00:00,32.36
2018-02-09 23:00:00,8.71
2018-02-10 00:00:00,8.71
2018-02-10 01:00:00,41.94
2018-02-10 02:00:00,33.74
2018-02-10 03:00:00,29.82
2018-02-10 04:00:00,33.41
2018-02-10 05:00:00,34.3
2018-02-10 06:00:00,34.71
2018-02-10 07:00:00,31.25
2018-02-10 08:00:00,34.91
2018-02-10 09:00:00,40.71
2018-02-10 10:00:00,34.1
2018-02-10 11:00:00,34.32
2018-02-10 12:00:00,34.24
2018-02-10 13:00:00,33.75
2018-02-10 14:00:00,36.03
2018-02-10 15:00:00,40.73
2018-02-10 16:00:00,44.76
2018-02-10 17:00:00,49.3
2018-02-10 18:00:00,12.12
2018-02-10 19:00:00,8.71
2018-02-10 20:00:00,8.71
2018-02-10 21:00:00,8.71
2018-02-10 22:00:00,8.71
2018-02-10 23:00:00,8.71
2018-02-11 00:00:00,8.71
2018-02-11 01:00:00,8.71
2018-02-11 02:00:00,8.71
2018-02-11 03:00:00,8.71
2018-02-11 04:00:00,8.71
2018-02-11 05:00:00,8.71
2018-02-11 06:00:00,35.46
2018-02-11 07:00:00,29.41
2018-02-11 08:00:00,31.2
2018-02-11 09:00:00,34.34
2018-02-11 10:00:00,32.06
2018-02-11 11:00:00,41
2018-02-11 12:00:00,44.03
2018-02-11 13:00:00,35.23
2018-02-11 14:00:00,36.89
2018-02-11 15:00:00,43.88
2018-02-11 16:00:00,43.87
2018-02-11 17:00:00,47.26
2018-02-11 18:00:00,37.3
2018-02-11 19:00:00,37.41
2018-02-11 20:00:00,39.46
2018-02-11 21:00:00,42.67
2018-02-11 22:00:00,42.85
2018-02-11 23:00:00,42.95
2018-02-12 00:00:00,43.86
2018-02-12 01:00:00,33.16
2018-02-12 02:00:00,40.57
2018-02-12 03:00:00,34.4
2018-02-12 04:00:00,33.5
2018-02-12 05:00:00,37.44
2018-02-12 06:00:00,35.32
2018-02-12 07:00:00,35.03
2018-02-12 08:00:00,34.44
2018-02-12 09:00:00,38
2018-02-12 10:00:00,37.65
2018-02-12 11:00:00,34.73
2018-02-12 12:00:00,35.98
2018-02-12 13:00:00,33.47
2018-02-12 14:00:00,38.96
2018-02-12 15:00:00,41.19
2018-02-12 16:00:00,37.7
2018-02-12 17:00:00,35.85
2018-02-12 18:00:00,8.71
2018-02-12 19:00:00,8.71
2018-02-12 20:00:00,8.71
2018-02-12 21:00:00,8.71
2018-02-12 22:00:00,8.71
2018-02-12 23:00:00,8.71
2018-02-13 00:00:00,8.71
2018-02-13 01:00:00,40.57
2018-02-13 02:00:00,32.35
2018-02-13 03:00:00,32.61
2018-02-13 04:00:00,32.34
2018-02-13 05:00:00,36.98
2018-02-13 06:00:00,34.04
2018-02-13 07:00:00,31.73
2018-02-13 08:00:00,36.78
2018-02-13 09:00:00,40.55
2018-02-13 10:00:00,40.41
2018-02-13 11:00:00,39.18
2018-02-13 12:00:00,42.14
2018-02-13 13:00:00,43.28
2018-02-13 14:00:00,42.16
2018-02-13 15:00:00,44.92
2018-02-13 16:00:00,40.36
2018-02-13 17:00:00,33.53
2018-02-13 18:00:00,12.41
2018-02-13 19:00:00,8.71
2018-02-13 20:00:00,8.71
2018-02-13 21:00:00,8.71
2018-02-13 22:00:00,8.71
2018-02-13 23:00:00,8.71
2018-02-14 00:00:00,11.35
2018-02-14 01:00:00,39.67
2018-02-14 02:00:00,32.67
2018-02-14 03:00:00,32.49
2018-02-14 04:00:00,34.91
2018-02-14 05:00:00,33.92
2018-02-14 06:00:00,44.93
2018-02-14 07:00:00,32.06
2018-02-14 08:00:00,33.38
2018-02-14 09:00:00,36.64
2018-02-14 10:00:00,40.43
2018-02-14 11:00:00,35.07
2018-02-14 12:00:00,38.12
2018-02-14 13:00:00,34.65
2018-02-14 14:00:00,46.12
2018-02-14 15:00:00,42.84
2018-02-14 16:00:00,37.65
2018-02-14 17:00:00,37.94
2018-02-14 18:00:00,10.47
2018-02-14 19:00:00,8.71
2018-02-14 20:00:00,8.71
2018-02-14 21:00:00,8.71
2018-02-14 22:00:00,8.71
2018-02-14 23:00:00,8.71
2018-02-15 00:00:00,8.71
2018-02-15 01:00:00,8.71
2018-02-15 02:00:00,8.71
2018-02-15 03:00:00,8.71
2018-02-15 04:00:00,8.71
2018-02-15 05:00:00,8.71
2018-02-15 06:00:00,11.83
2018-02-15 07:00:00,39.05
2018-02-15 08:00:00,37.66
2018-02-15 09:00:00,42.66
2018-02-15 10:00:00,38.27
2018-02-15 11:00:00,40.04
2018-02-15 12:00:00,35.13
2018-02-15 13:00:00,34.15
2018-02-15 14:00:00,40.84
2018-02-15 15:00:00,37.66
2018-02-15 16:00:00,39.71
2018-02-15 17:00:00,40.2
2018-02-15 18:00:00,35.82
2018-02-15 19:00:00,41.52
2018-02-15 20:00:00,40.09
2018-02-15 21:00:00,36.31
2018-02-15 22:00:00,37.39
2018-02-15 23:00:00,32.2
2018-02-16 00:00:00,30.6
2018-02-16 01:00:00,8.71
2018-02-16 02:00:00,8.71
2018-02-16 03:00:00,8.71
2018-02-16 04:00:00,8.71
2018-02-16 05:00:00,8.71
2018-02-16 06:00:00,8.71
2018-02-16 07:00:00,34.81
2018-02-16 08:00:00,34.62
2018-02-16 09:00:00,34.76
2018-02-16 10:00:00,35.61
2018-02-16 11:00:00,41.24
2018-02-16 12:00:00,38.19
2018-02-16 13:00:00,35.44
2018-02-16 14:00:00,41.15
2018-02-16 15:00:00,35.31
2018-02-16 16:00:00,38.87
2018-02-16 17:00:00,38.76
2018-02-16 18:00:00,37.5
2018-02-16 19:00:00,41.51
2018-02-16 20:00:00,43.71
2018-02-16 21:00:00,37.39
2018-02-16 22:00:00,45.49
2018-02-16 23:00:00,30.7
2018-02-17 00:00:00,11.67
2018-02-17 01:00:00,13.01
2018-02-17 02:00:00,37.39
2018-02-17 03:00:00,38.39
2018-02-17 04:00:00,37.31
2018-02-17 05:00:00,42.17
2018-02-17 06:00:00,44.73
2018-02-17 07:00:00,33.61
2018-02-17 08:00:00,34.61
2018-02-17 09:00:00,36.36
2018-02-17 10:00:00,37.81
2018-02-17 11:00:00,39.85
2018-02-17 12:00:00,30.24
2018-02-17 13:00:00,30.25
2018-02-17 14:00:00,34.9
2018-02-17 15:00:00,35.64
2018-02-17 16:00:00,38.8
2018-02-17 17:00:00,43.3
2018-02-17 18:00:00,11.82
2018-02-17 19:00:00,7.58
2018-02-17 20:00:00,7.58
2018-02-17 21:00:00,7.58
2018-02-17 22:00:00,37.22
2018-02-17 23:00:00,36.9
2018-02-18 00:00:00,10.06
2018-02-18 01:00:00,30.36
2018-02-18 02:00:00,33.44
2018-02-18 03:00:00,33.35
2018-02-18 04:00:00,33.12
2018-02-18 05:00:00,34.77
2018-02-18 06:00:00,36.68
2018-02-18 07:00:00,33.9
2018-02-18 08:00:00,37.8
2018-02-18 09:00:00,36.74
2018-02-18 10:00:00,46.11
2018-02-18 11:00:00,29.09
2018-02-18 12:00:00,38.78
2018-02-18 13:00:00,29.24
2018-02-18 14:00:00,28.87
2018-02-18 15:00:00,30.7
2018-02-18 16:00:00,36.01
2018-02-18 17:00:00,7.58
2018-02-18 18:00:00,7.58
2018-02-18 19:00:00,7.58
2018-02-18 20:00:00,9.76
2018-02-18 21:00:00,33.78
2018-02-18 22:00:00,29.54
2018-02-18 23:00:00,10.88
2018-02-19 00:00:00,7.58
2018-02-19 01:00:00,7.58
2018-02-19 02:00:00,7.58
2018-02-19 03:00:00,7.58
2018-02-19 04:00:00,7.58
2018-02-19 05:00:00,7.58
2018-02-19 06:00:00,20.81
2018-02-19 07:00:00,31.06
2018-02-19 08:00:00,35.6
2018-02-19 09:00:00,39
2018-02-19 10:00:00,38.95
2018-02-19 11:00:00,36.57
2018-02-19 12:00:00,39.24
2018-02-19 13:00:00,37.07
2018-02-19 14:00:00,38.25
2018-02-19 15:00:00,34.43
2018-02-19 16:00:00,42.72
2018-02-19 17:00:00,39.37
2018-02-19 18:00:00,35.61
2018-02-19 19:00:00,39.93
2018-02-19 20:00:00,39.74
2018-02-19 21:00:00,37.72
2018-02-19 22:00:00,35.89
2018-02-19 23:00:00,32.08
2018-02-20 00:00:00,10
2018-02-20 01:00:00,7.58
2018-02-20 02:00:00,7.58
2018-02-20 03:00:00,7.58
2018-02-20 04:00:00,7.58
2018-02-20 05:00:00,7.58
2018-02-20 06:00:00,41.08
2018-02-20 07:00:00,33.45
2018-02-20 08:00:00,35.33
2018-02-20 09:00:00,35.3
2018-02-20 10:00:00,34.64
2018-02-20 11:00:00,35.71
2018-02-20 12:00:00,36.27
2018-02-20 13:00:00,32.21
2018-02-20 14:00:00,40.61
2018-02-20 15:00:00,40.85
2018-02-20 16:00:00,35.47
2018-02-20 17:00:00,35.13
2018-02-20 18:00:00,33.99
2018-02-20 19:00:00,40.27
2018-02-20 20:00:00,39.79
2018-02-20 21:00:00,31.8
2018-02-20 22:00:00,32.21
2018-02-20 23:00:00,37.2
2018-02-21 00:00:00,7.58
2018-02-21 01:00:00,36.12
2018-02-21 02:00:00,38.09
2018-02-21 03:00:00,31.72
2018-02-21 04:00:00,33.21
2018-02-21 05:00:00,38.87
2018-02-21 06:00:00,33.13
2018-02-21 07:00:00,33.63
2018-02-21 08:00:00,36.75
2018-02-21 09:00:00,31.25
2018-02-21 10:00:00,35.57
2018-02-21 11:00:00,35.53
2018-02-21 12:00:00,36.06
2018-02-21 13:00:00,37.81
2018-02-21 14:00:00,15.64
2018-02-21 15:00:00,7.58
2018-02-21 16:00:00,7.58
2018-02-21 17:00:00,7.58
2018-02-21 18:00:00,7.58
2018-02-21 19:00:00,41.78
2018-02-21 20:00:00,34.18
2018-02-21 21:00:00,29.86
2018-02-21 22:00:00,38.22
2018-02-21 23:00:00,29.86
2018-02-22 00:00:00,40.57
2018-02-22 01:00:00,34.29
2018-02-22 02:00:00,34.52
2018-02-22 03:00:00,32.23
2018-02-22 04:00:00,32.14
2018-02-22 05:00:00,30.25
2018-02-22 06:00:00,39.44
2018-02-22 07:00:00,29.69
2018-02-22 08:00:00,34.74
2018-02-22 09:00:00,37.31
2018-02-22 10:00:00,37.85
2018-02-22 11:00:00,32.39
2018-02-22 12:00:00,32.31
2018-02-22 13:00:00,33.59
2018-02-22 14:00:00,9.45
2018-02-22 15:00:00,7.58
2018-02-22 16:00:00,7.58
2018-02-22 17:00:00,7.58
2018-02-22 18:00:00,7.58
2018-02-22 19:00:00,17.33
2018-02-22 20:00:00,41.68
2018-02-22 21:00:00,37.96
2018-02-22 22:00:00,36.4
2018-02-22 23:00:00,34.49
2018-02-23 00:00:00,37.84
2018-02-23 01:00:00,9.5
2018-02-23 02:00:00,7.58
2018-02-23 03:00:00,7.58
2018-02-23 04:00:00,7.580000001
2018-02-23 05:00:00,10.78
2018-02-23 06:00:00,45.23
2018-02-23 07:00:00,28.59
2018-02-23 08:00:00,31.82
2018-02-23 09:00:00,33.93
2018-02-23 10:00:00,34.11
2018-02-23 11:00:00,34.66
2018-02-23 12:00:00,39.06
2018-02-23 13:00:00,34.76
2018-02-23 14:00:00,38.94
2018-02-23 15:00:00,31
2018-02-23 16:00:00,32.65
2018-02-23 17:00:00,34.76
2018-02-23 18:00:00,39.1
2018-02-23 19:00:00,36.99
2018-02-23 20:00:00,35.03
2018-02-23 21:00:00,31.62
2018-02-23 22:00:00,35.98
2018-02-23 23:00:00,36.03
2018-02-24 00:00:00,33.29
2018-02-24 01:00:00,34.41
2018-02-24 02:00:00,38.99
2018-02-24 03:00:00,33.3
2018-02-24 04:00:00,32.67
2018-02-24 05:00:00,39.53
2018-02-24 06:00:00,35.16
2018-02-24 07:00:00,34.07
2018-02-24 08:00:00,36.46
2018-02-24 09:00:00,40.36
2018-02-24 10:00:00,34.2
2018-02-24 11:00:00,31.95
2018-02-24 12:00:00,31.43
2018-02-24 13:00:00,32.47
2018-02-24 14:00:00,33.94
2018-02-24 15:00:00,31.78
2018-02-24 16:00:00,31.87
2018-02-24 17:00:00,9.33
2018-02-24 18:00:00,7.58
2018-02-24 19:00:00,13.5
2018-02-24 20:00:00,37.05
2018-02-24 21:00:00,39.92
2018-02-24 22:00:00,33.93
2018-02-24 23:00:00,11.65
2018-02-25 00:00:00,10.36
2018-02-25 01:00:00,33.8
2018-02-25 02:00:00,30.65
2018-02-25 03:00:00,7.58
2018-02-25 04:00:00,7.58
2018-02-25 05:00:00,7.58
2018-02-25 06:00:00,11.08
2018-02-25 07:00:00,29.47
2018-02-25 08:00:00,35.46
2018-02-25 09:00:00,31.47
2018-02-25 10:00:00,30.55
2018-02-25 11:00:00,32.94
2018-02-25 12:00:00,35.22
2018-02-25 13:00:00,32.86
2018-02-25 14:00:00,38.47
2018-02-25 15:00:00,42.67
2018-02-25 16:00:00,31.64
2018-02-25 17:00:00,12.65
2018-02-25 18:00:00,7.58
2018-02-25 19:00:00,34.99
2018-02-25 20:00:00,35.86
2018-02-25 21:00:00,34.96
2018-02-25 22:00:00,31.58
2018-02-25 23:00:00,31.7
2018-02-26 00:00:00,7.58
2018-02-26 01:00:00,10.42000001
2018-02-26 02:00:00,39.35
2018-02-26 03:00:00,32.53
2018-02-26 04:00:00,35.28
2018-02-26 05:00:00,42.69
2018-02-26 06:00:00,42.42
2018-02-26 07:00:00,31.89
2018-02-26 08:00:00,35.6
2018-02-26 09:00:00,33.46
2018-02-26 10:00:00,35.48
2018-02-26 11:00:00,41.56
2018-02-26 12:00:00,34.37
2018-02-26 13:00:00,34.44
2018-02-26 14:00:00,36.51
2018-02-26 15:00:00,39.71
2018-02-26 16:00:00,43.23
2018-02-26 17:00:00,40.92
2018-02-26 18:00:00,35.16
2018-02-26 19:00:00,38.55
2018-02-26 20:00:00,43.65
2018-02-26 21:00:00,41.84
2018-02-26 22:00:00,7.58
2018-02-26 23:00:00,7.58
2018-02-27 00:00:00,7.58
2018-02-27 01:00:00,7.58
2018-02-27 02:00:00,7.58
2018-02-27 03:00:00,7.58
2018-02-27 04:00:00,32.35
2018-02-27 05:00:00,35.87
2018-02-27 06:00:00,32.53
2018-02-27 07:00:00,33.03
2018-02-27 08:00:00,37.25
2018-02-27 09:00:00,33.09
2018-02-27 10:00:00,35.58
2018-02-27 11:00:00,34.02
2018-02-27 12:00:00,38.45
2018-02-27 13:00:00,32.77
2018-02-27 14:00:00,37.22
2018-02-27 15:00:00,32.17
2018-02-27 16:00:00,36.12
2018-02-27 17:00:00,37.17
2018-02-27 18:00:00,36.4
2018-02-27 19:00:00,35.55
2018-02-27 20:00:00,35.78
2018-02-27 21:00:00,32.86
2018-02-27 22:00:00,7.58
2018-02-27 23:00:00,7.58
2018-02-28 00:00:00,7.58
2018-02-28 01:00:00,7.58
2018-02-28 02:00:00,7.58
2018-02-28 03:00:00,7.58
2018-02-28 04:00:00,7.58
2018-02-28 05:00:00,10.38
2018-02-28 06:00:00,34.81
2018-02-28 07:00:00,36.72
2018-02-28 08:00:00,35.77
2018-02-28 09:00:00,33.62
2018-02-28 10:00:00,33.75
2018-02-28 11:00:00,35.03
2018-02-28 12:00:00,37.59
2018-02-28 13:00:00,33.53
2018-02-28 14:00:00,34.69
2018-02-28 15:00:00,33.4
2018-02-28 16:00:00,39.04
2018-02-28 17:00:00,35.97
2018-02-28 18:00:00,36.28
2018-02-28 19:00:00,37.45
2018-02-28 20:00:00,35.77
2018-02-28 21:00:00,41.12
2018-02-28 22:00:00,33.08
2018-02-28 23:00:00,33.72
2018-03-01 00:00:00,7.58
2018-03-01 01:00:00,7.58
2018-03-01 02:00:00,7.58
2018-03-01 03:00:00,7.58
2018-03-01 04:00:00,10
2018-03-01 05:00:00,36.95
2018-03-01 06:00:00,39.93
2018-03-01 07:00:00,30.13
2018-03-01 08:00:00,27.92
2018-03-01 09:00:00,36.95
2018-03-01 10:00:00,36.81
2018-03-01 11:00:00,37.14
2018-03-01 12:00:00,33.11
2018-03-01 13:00:00,29.24
2018-03-01 14:00:00,43
2018-03-01 15:00:00,41.43
2018-03-01 16:00:00,39.03
2018-03-01 17:00:00,37.9
2018-03-01 18:00:00,38.16
2018-03-01 19:00:00,33.24
2018-03-01 20:00:00,37.02
2018-03-01 21:00:00,30.67
2018-03-01 22:00:00,39.92999999
2018-03-01 23:00:00,9.44
2018-03-02 00:00:00,7.58
2018-03-02 01:00:00,7.58
2018-03-02 02:00:00,7.58
2018-03-02 03:00:00,7.58
2018-03-02 04:00:00,7.580000001
2018-03-02 05:00:00,10.83
2018-03-02 06:00:00,33.13
2018-03-02 07:00:00,35.41
2018-03-02 08:00:00,35.8
2018-03-02 09:00:00,37.64
2018-03-02 10:00:00,32.19
2018-03-02 11:00:00,35.1
2018-03-02 12:00:00,34.21
2018-03-02 13:00:00,28.6
2018-03-02 14:00:00,33.5
2018-03-02 15:00:00,32.47
2018-03-02 16:00:00,30.48
2018-03-02 17:00:00,37.95
2018-03-02 18:00:00,34.46
2018-03-02 19:00:00,37.82
2018-03-02 20:00:00,38.96
2018-03-02 21:00:00,39.1
2018-03-02 22:00:00,36.25
2018-03-02 23:00:00,37.79
2018-03-03 00:00:00,31.27
2018-03-03 01:00:00,7.58
2018-03-03 02:00:00,7.58
2018-03-03 03:00:00,7.58
2018-03-03 04:00:00,7.58
2018-03-03 05:00:00,10.34
2018-03-03 06:00:00,31.5
2018-03-03 07:00:00,29.92
2018-03-03 08:00:00,34.3
2018-03-03 09:00:00,32.8
2018-03-03 10:00:00,34.41
2018-03-03 11:00:00,37.85
2018-03-03 12:00:00,31.44
2018-03-03 13:00:00,28.08
2018-03-03 14:00:00,33.18
2018-03-03 15:00:00,35.96
2018-03-03 16:00:00,34.93
2018-03-03 17:00:00,40.37
2018-03-03 18:00:00,33.71
2018-03-03 19:00:00,33.52
2018-03-03 20:00:00,40.96
2018-03-03 21:00:00,35.31
2018-03-03 22:00:00,30.75
2018-03-03 23:00:00,30.54
2018-03-04 00:00:00,13.02
2018-03-04 01:00:00,30.18
2018-03-04 02:00:00,31.06
2018-03-04 03:00:00,35.17
2018-03-04 04:00:00,35.75
2018-03-04 05:00:00,28.08
2018-03-04 06:00:00,29.06
2018-03-04 07:00:00,27.45
2018-03-04 08:00:00,25.7
2018-03-04 09:00:00,25.73
2018-03-04 10:00:00,27.48
2018-03-04 11:00:00,25.33
2018-03-04 12:00:00,28.41
2018-03-04 13:00:00,28.13
2018-03-04 14:00:00,29.36
2018-03-04 15:00:00,32.07
2018-03-04 16:00:00,30.68
2018-03-04 17:00:00,35.57
2018-03-04 18:00:00,33.11
2018-03-04 19:00:00,37.70999999
2018-03-04 20:00:00,7.58
2018-03-04 21:00:00,7.58
2018-03-04 22:00:00,7.58
2018-03-04 23:00:00,7.58
2018-03-05 00:00:00,7.58
2018-03-05 01:00:00,7.58
2018-03-05 02:00:00,7.58
2018-03-05 03:00:00,7.58
2018-03-05 04:00:00,7.58
2018-03-05 05:00:00,7.58
2018-03-05 06:00:00,7.58
2018-03-05 07:00:00,21.35
2018-03-05 08:00:00,34.86
2018-03-05 09:00:00,36.28
2018-03-05 10:00:00,38.42
2018-03-05 11:00:00,33.45
2018-03-05 12:00:00,36.61
2018-03-05 13:00:00,35.17
2018-03-05 14:00:00,37.54
2018-03-05 15:00:00,35.23
2018-03-05 16:00:00,34.56
2018-03-05 17:00:00,35.17
2018-03-05 18:00:00,27.19
2018-03-05 19:00:00,37.98
2018-03-05 20:00:00,36.59
2018-03-05 21:00:00,39.37
2018-03-05 22:00:00,38.1
2018-03-05 23:00:00,35.14
2018-03-06 00:00:00,34.95
2018-03-06 01:00:00,29.88
2018-03-06 02:00:00,32.01
2018-03-06 03:00:00,29.13
2018-03-06 04:00:00,30.28
2018-03-06 05:00:00,31.52
2018-03-06 06:00:00,33.7
2018-03-06 07:00:00,33.75
2018-03-06 08:00:00,36.99
2018-03-06 09:00:00,30.84
2018-03-06 10:00:00,35.37
2018-03-06 11:00:00,36.71
2018-03-06 12:00:00,36.45
2018-03-06 13:00:00,35.55
2018-03-06 14:00:00,37.86
2018-03-06 15:00:00,40.72
2018-03-06 16:00:00,42.31
2018-03-06 17:00:00,36.74
2018-03-06 18:00:00,7.58
2018-03-06 19:00:00,7.58
2018-03-06 20:00:00,7.58
2018-03-06 21:00:00,7.58
2018-03-06 22:00:00,7.58
2018-03-06 23:00:00,7.58
2018-03-07 00:00:00,7.58
2018-03-07 01:00:00,7.58
2018-03-07 02:00:00,7.58
2018-03-07 03:00:00,7.58
2018-03-07 04:00:00,7.58
2018-03-07 05:00:00,7.58
2018-03-07 06:00:00,26.76
2018-03-07 07:00:00,30.21
2018-03-07 08:00:00,33.42
2018-03-07 09:00:00,32.93
2018-03-07 10:00:00,31.78
2018-03-07 11:00:00,34.96
2018-03-07 12:00:00,33.79
2018-03-07 13:00:00,30.1
2018-03-07 14:00:00,33.35
2018-03-07 15:00:00,34.44
2018-03-07 16:00:00,34.78
2018-03-07 17:00:00,35.8
2018-03-07 18:00:00,35.62
2018-03-07 19:00:00,37.1
2018-03-07 20:00:00,36.14
2018-03-07 21:00:00,33.82
2018-03-07 22:00:00,35.77
2018-03-07 23:00:00,30.19
2018-03-08 00:00:00,7.58
2018-03-08 01:00:00,7.580000005
2018-03-08 02:00:00,35.62
2018-03-08 03:00:00,34.75
2018-03-08 04:00:00,39.61
2018-03-08 05:00:00,34.52
2018-03-08 06:00:00,36.99
2018-03-08 07:00:00,30.4
2018-03-08 08:00:00,32.61
2018-03-08 09:00:00,35.79
2018-03-08 10:00:00,34.74
2018-03-08 11:00:00,31.7
2018-03-08 12:00:00,38.06
2018-03-08 13:00:00,36.75
2018-03-08 14:00:00,38.05
2018-03-08 15:00:00,39.54
2018-03-08 16:00:00,37.27
2018-03-08 17:00:00,36.63
2018-03-08 18:00:00,31.77
2018-03-08 19:00:00,37.45
2018-03-08 20:00:00,40.17
2018-03-08 21:00:00,37.74
2018-03-08 22:00:00,7.58
2018-03-08 23:00:00,7.58
2018-03-09 00:00:00,7.58
2018-03-09 01:00:00,7.580000004
2018-03-09 02:00:00,29.48
2018-03-09 03:00:00,29.71
2018-03-09 04:00:00,33.72
2018-03-09 05:00:00,35.82
2018-03-09 06:00:00,32.49
2018-03-09 07:00:00,32.47
2018-03-09 08:00:00,37.66
2018-03-09 09:00:00,36.44
2018-03-09 10:00:00,33.69
2018-03-09 11:00:00,37.43
2018-03-09 12:00:00,33.99
2018-03-09 13:00:00,34.26
2018-03-09 14:00:00,37.35
2018-03-09 15:00:00,38.51
2018-03-09 16:00:00,35.27
2018-03-09 17:00:00,34.42
2018-03-09 18:00:00,32.74
2018-03-09 19:00:00,38.51999999
2018-03-09 20:00:00,7.58
2018-03-09 21:00:00,7.58
2018-03-09 22:00:00,7.58
2018-03-09 23:00:00,7.58
2018-03-10 00:00:00,9.19
2018-03-10 01:00:00,31.59
2018-03-10 02:00:00,31.63
2018-03-10 03:00:00,28.69
2018-03-10 04:00:00,29.32
2018-03-10 05:00:00,32.69
2018-03-10 06:00:00,33.69
2018-03-10 07:00:00,26.58
2018-03-10 08:00:00,42.65
2018-03-10 09:00:00,30.42
2018-03-10 10:00:00,32.4
2018-03-10 11:00:00,33.96
2018-03-10 12:00:00,37.25
2018-03-10 13:00:00,31.16
2018-03-10 14:00:00,39.26
2018-03-10 15:00:00,42.1
2018-03-10 16:00:00,42.49
2018-03-10 17:00:00,38.81
2018-03-10 18:00:00,7.58
2018-03-10 19:00:00,7.58
2018-03-10 20:00:00,7.58
2018-03-10 21:00:00,7.58
2018-03-10 22:00:00,7.58
2018-03-10 23:00:00,7.58
2018-03-11 00:00:00,10.6
2018-03-11 01:00:00,27.34
2018-03-11 02:00:00,24.84
2018-03-11 03:00:00,24.73
2018-03-11 04:00:00,25.78
2018-03-11 05:00:00,29.15
2018-03-11 06:00:00,29.44
2018-03-11 07:00:00,27.02
2018-03-11 08:00:00,29.59
2018-03-11 09:00:00,32.51
2018-03-11 10:00:00,30.36
2018-03-11 11:00:00,32
2018-03-11 12:00:00,26.31
2018-03-11 13:00:00,27.41
2018-03-11 14:00:00,27.9
2018-03-11 15:00:00,29
2018-03-11 16:00:00,36.93
2018-03-11 17:00:00,36.67
2018-03-11 18:00:00,28.5
2018-03-11 19:00:00,5.919999999
2018-03-11 20:00:00,2.84
2018-03-11 21:00:00,2.84
2018-03-11 22:00:00,2.84
2018-03-11 23:00:00,2.84
2018-03-12 00:00:00,2.84
2018-03-12 01:00:00,5.290000004
2018-03-12 02:00:00,27.11
2018-03-12 03:00:00,27.34
2018-03-12 04:00:00,24.41
2018-03-12 05:00:00,28.3
2018-03-12 06:00:00,29.96
2018-03-12 07:00:00,28.86
2018-03-12 08:00:00,31.87
2018-03-12 09:00:00,32.78
2018-03-12 10:00:00,33.65
2018-03-12 11:00:00,28.62
2018-03-12 12:00:00,31.12
2018-03-12 13:00:00,29.13
2018-03-12 14:00:00,32.47
2018-03-12 15:00:00,32.41
2018-03-12 16:00:00,32.98
2018-03-12 17:00:00,29.17
2018-03-12 18:00:00,27.46
2018-03-12 19:00:00,33.52999999
2018-03-12 20:00:00,2.84
2018-03-12 21:00:00,2.84
2018-03-12 22:00:00,2.84
2018-03-12 23:00:00,2.84
2018-03-13 00:00:00,2.84
2018-03-13 01:00:00,5.480000004
2018-03-13 02:00:00,29.48
2018-03-13 03:00:00,27.61
2018-03-13 04:00:00,26.96
2018-03-13 05:00:00,26.93
2018-03-13 06:00:00,31.06
2018-03-13 07:00:00,29.01
2018-03-13 08:00:00,28.94
2018-03-13 09:00:00,33.49
2018-03-13 10:00:00,33.62
2018-03-13 11:00:00,32.91
2018-03-13 12:00:00,35.9
2018-03-13 13:00:00,27.07
2018-03-13 14:00:00,31
2018-03-13 15:00:00,31.47
2018-03-13 16:00:00,34.24
2018-03-13 17:00:00,28.72
2018-03-13 18:00:00,27.38
2018-03-13 19:00:00,31.04
2018-03-13 20:00:00,33.47
2018-03-13 21:00:00,34.35
2018-03-13 22:00:00,2.84
2018-03-13 23:00:00,2.84
2018-03-14 00:00:00,2.84
2018-03-14 01:00:00,2.84
2018-03-14 02:00:00,2.84
2018-03-14 03:00:00,5.69
2018-03-14 04:00:00,26.79
2018-03-14 05:00:00,26.14
2018-03-14 06:00:00,26.6
2018-03-14 07:00:00,26.32
2018-03-14 08:00:00,31.82
2018-03-14 09:00:00,33.15
2018-03-14 10:00:00,33.3
2018-03-14 11:00:00,38.7
2018-03-14 12:00:00,32.97
2018-03-14 13:00:00,26.29
2018-03-14 14:00:00,35.8
2018-03-14 15:00:00,31.65
2018-03-14 16:00:00,34.55
2018-03-14 17:00:00,32.58
2018-03-14 18:00:00,24.75
2018-03-14 19:00:00,32.36
2018-03-14 20:00:00,34.18
2018-03-14 21:00:00,31.78
2018-03-14 22:00:00,32.15
2018-03-14 23:00:00,24.86
2018-03-15 00:00:00,2.84
2018-03-15 01:00:00,2.840000005
2018-03-15 02:00:00,33.7
2018-03-15 03:00:00,28.52
2018-03-15 04:00:00,30.5
2018-03-15 05:00:00,27.15
2018-03-15 06:00:00,30.45
2018-03-15 07:00:00,26.29
2018-03-15 08:00:00,26.06
2018-03-15 09:00:00,27.13
2018-03-15 10:00:00,30.49
2018-03-15 11:00:00,28.73
2018-03-15 12:00:00,30.9
2018-03-15 13:00:00,30.21
2018-03-15 14:00:00,28.89
2018-03-15 15:00:00,28.79
2018-03-15 16:00:00,30.3
2018-03-15 17:00:00,26.48
2018-03-15 18:00:00,24.34
2018-03-15 19:00:00,2.84
2018-03-15 20:00:00,2.84
2018-03-15 21:00:00,2.84
2018-03-15 22:00:00,2.84
2018-03-15 23:00:00,2.84
2018-03-16 00:00:00,2.84
2018-03-16 01:00:00,2.84
2018-03-16 02:00:00,2.84
2018-03-16 03:00:00,2.84
2018-03-16 04:00:00,2.840000004
2018-03-16 05:00:00,27.06
2018-03-16 06:00:00,27.71
2018-03-16 07:00:00,27.03
2018-03-16 08:00:00,30.08
2018-03-16 09:00:00,32.43
2018-03-16 10:00:00,29.12
2018-03-16 11:00:00,32.27
2018-03-16 12:00:00,25.61
2018-03-16 13:00:00,29.23
2018-03-16 14:00:00,35.66
2018-03-16 15:00:00,27.93
2018-03-16 16:00:00,29.09
2018-03-16 17:00:00,30.46
2018-03-16 18:00:00,26.77
2018-03-16 19:00:00,29.47
2018-03-16 20:00:00,33.03
2018-03-16 21:00:00,29.93
2018-03-16 22:00:00,28.94
2018-03-16 23:00:00,27.24
2018-03-17 00:00:00,2.84
2018-03-17 01:00:00,2.84
2018-03-17 02:00:00,2.84
2018-03-17 03:00:00,2.84
2018-03-17 04:00:00,2.84
2018-03-17 05:00:00,2.84
2018-03-17 06:00:00,5.96
2018-03-17 07:00:00,26.64
2018-03-17 08:00:00,31.27
2018-03-17 09:00:00,29.97
2018-03-17 10:00:00,25.21
2018-03-17 11:00:00,27.88
2018-03-17 12:00:00,26.32
2018-03-17 13:00:00,24.64
2018-03-17 14:00:00,31.8
2018-03-17 15:00:00,36.76
2018-03-17 16:00:00,30.28
2018-03-17 17:00:00,35.51
2018-03-17 18:00:00,32.95
2018-03-17 19:00:00,35.04
2018-03-17 20:00:00,29.12
2018-03-17 21:00:00,28.6
2018-03-17 22:00:00,29.7
2018-03-17 23:00:00,27.93
2018-03-18 00:00:00,2.84
2018-03-18 01:00:00,26.93
2018-03-18 02:00:00,25.86
2018-03-18 03:00:00,25.48
2018-03-18 04:00:00,31.65
2018-03-18 05:00:00,30.42
2018-03-18 06:00:00,34.07
2018-03-18 07:00:00,29.18
2018-03-18 08:00:00,33.2
2018-03-18 09:00:00,27.9
2018-03-18 10:00:00,25.62
2018-03-18 11:00:00,31.5
2018-03-18 12:00:00,24.92
2018-03-18 13:00:00,26.23
2018-03-18 14:00:00,24.83
2018-03-18 15:00:00,26.61
2018-03-18 16:00:00,28.74
2018-03-18 17:00:00,28.66
2018-03-18 18:00:00,4.91
2018-03-18 19:00:00,2.84
2018-03-18 20:00:00,2.84
2018-03-18 21:00:00,2.84
2018-03-18 22:00:00,2.84
2018-03-18 23:00:00,2.84
2018-03-19 00:00:00,2.84
2018-03-19 01:00:00,2.84
2018-03-19 02:00:00,2.84
2018-03-19 03:00:00,2.84
2018-03-19 04:00:00,2.84
2018-03-19 05:00:00,2.84
2018-03-19 06:00:00,2.84
2018-03-19 07:00:00,25.73
2018-03-19 08:00:00,32.32
2018-03-19 09:00:00,31.18
2018-03-19 10:00:00,28.29
2018-03-19 11:00:00,32.55
2018-03-19 12:00:00,30.99
2018-03-19 13:00:00,29.31
2018-03-19 14:00:00,34.94
2018-03-19 15:00:00,29.59
2018-03-19 16:00:00,33.07
2018-03-19 17:00:00,32.16
2018-03-19 18:00:00,26.86
2018-03-19 19:00:00,33.36
2018-03-19 20:00:00,33.36
2018-03-19 21:00:00,34.03
2018-03-19 22:00:00,28.9
2018-03-19 23:00:00,25.36
2018-03-20 00:00:00,2.84
2018-03-20 01:00:00,2.84
2018-03-20 02:00:00,2.84
2018-03-20 03:00:00,2.84
2018-03-20 04:00:00,2.84
2018-03-20 05:00:00,2.84
2018-03-20 06:00:00,2.84
2018-03-20 07:00:00,5.920000003
2018-03-20 08:00:00,25.35
2018-03-20 09:00:00,33.37
2018-03-20 10:00:00,24.69
2018-03-20 11:00:00,28.15
2018-03-20 12:00:00,31.63
2018-03-20 13:00:00,31.74
2018-03-20 14:00:00,31.29
2018-03-20 15:00:00,31.83
2018-03-20 16:00:00,29.89
2018-03-20 17:00:00,28.82
2018-03-20 18:00:00,27.68
2018-03-20 19:00:00,33.15
2018-03-20 20:00:00,34.66
2018-03-20 21:00:00,32.38
2018-03-20 22:00:00,33.38
2018-03-20 23:00:00,25.63
2018-03-21 00:00:00,30.28
2018-03-21 01:00:00,24.37
2018-03-21 02:00:00,28.45
2018-03-21 03:00:00,28.63
2018-03-21 04:00:00,26.95
2018-03-21 05:00:00,32.31
2018-03-21 06:00:00,2.84
2018-03-21 07:00:00,2.84
2018-03-21 08:00:00,2.84
2018-03-21 09:00:00,2.84
2018-03-21 10:00:00,2.840000005
2018-03-21 11:00:00,32.13
2018-03-21 12:00:00,35.84
2018-03-21 13:00:00,28.59
2018-03-21 14:00:00,32.42
2018-03-21 15:00:00,38.48
2018-03-21 16:00:00,37.68
2018-03-21 17:00:00,32.91
2018-03-21 18:00:00,28.51
2018-03-21 19:00:00,36.22
2018-03-21 20:00:00,36.48
2018-03-21 21:00:00,36.14
2018-03-21 22:00:00,35.64
2018-03-21 23:00:00,29.98
2018-03-22 00:00:00,8.74
2018-03-22 01:00:00,2.840000004
2018-03-22 02:00:00,27.15
2018-03-22 03:00:00,25.82
2018-03-22 04:00:00,26.19
2018-03-22 05:00:00,28.19
2018-03-22 06:00:00,24.17
2018-03-22 07:00:00,26.5
2018-03-22 08:00:00,29.16
2018-03-22 09:00:00,30.9
2018-03-22 10:00:00,31.42
2018-03-22 11:00:00,28.91
2018-03-22 12:00:00,31.53
2018-03-22 13:00:00,29.23
2018-03-22 14:00:00,32.65
2018-03-22 15:00:00,32.95
2018-03-22 16:00:00,33.88
2018-03-22 17:00:00,28.77
2018-03-22 18:00:00,28.81
2018-03-22 19:00:00,32.32999999
2018-03-22 20:00:00,2.84
2018-03-22 21:00:00,2.84
2018-03-22 22:00:00,2.84
2018-03-22 23:00:00,2.84
2018-03-23 00:00:00,2.84
2018-03-23 01:00:00,2.84
2018-03-23 02:00:00,2.84
2018-03-23 03:00:00,2.84
2018-03-23 04:00:00,2.84
2018-03-23 05:00:00,2.84
2018-03-23 06:00:00,2.84
2018-03-23 07:00:00,25.14
2018-03-23 08:00:00,27.27
2018-03-23 09:00:00,30.48
2018-03-23 10:00:00,31.42
2018-03-23 11:00:00,31.62
2018-03-23 12:00:00,36.4
2018-03-23 13:00:00,33.92
2018-03-23 14:00:00,27.66
2018-03-23 15:00:00,33.74
2018-03-23 16:00:00,31.89
2018-03-23 17:00:00,28.76
2018-03-23 18:00:00,33.19
2018-03-23 19:00:00,33.5
2018-03-23 20:00:00,33.35
2018-03-23 21:00:00,34.82
2018-03-23 22:00:00,30.78
2018-03-23 23:00:00,23.86
2018-03-24 00:00:00,6.64
2018-03-24 01:00:00,27.45
2018-03-24 02:00:00,28.36
2018-03-24 03:00:00,27.55
2018-03-24 04:00:00,27.58
2018-03-24 05:00:00,29.2
2018-03-24 06:00:00,27.64
2018-03-24 07:00:00,32.77
2018-03-24 08:00:00,30.29
2018-03-24 09:00:00,32.35
2018-03-24 10:00:00,26.66
2018-03-24 11:00:00,2.84
2018-03-24 12:00:00,2.84
2018-03-24 13:00:00,2.84
2018-03-24 14:00:00,2.84
2018-03-24 15:00:00,10.86
2018-03-24 16:00:00,32.49
2018-03-24 17:00:00,29.87
2018-03-24 18:00:00,25.73
2018-03-24 19:00:00,35.53
2018-03-24 20:00:00,37.61
2018-03-24 21:00:00,33.18
2018-03-24 22:00:00,30.42
2018-03-24 23:00:00,25.79
2018-03-25 00:00:00,4.8
2018-03-25 01:00:00,26.95
2018-03-25 02:00:00,28.74
2018-03-25 03:00:00,31.62
2018-03-25 04:00:00,27.31
2018-03-25 05:00:00,25.56
2018-03-25 06:00:00,28.44
2018-03-25 07:00:00,28.29
2018-03-25 08:00:00,33.82
2018-03-25 09:00:00,24.88
2018-03-25 10:00:00,25.62
2018-03-25 11:00:00,26.39
2018-03-25 12:00:00,30.63
2018-03-25 13:00:00,27
2018-03-25 14:00:00,29.44
2018-03-25 15:00:00,28.02
2018-03-25 16:00:00,29.24
2018-03-25 17:00:00,5.19
2018-03-25 18:00:00,2.84
2018-03-25 19:00:00,2.84
2018-03-25 20:00:00,2.84
2018-03-25 21:00:00,2.84
2018-03-25 22:00:00,2.84
2018-03-25 23:00:00,2.84
2018-03-26 00:00:00,2.84
2018-03-26 01:00:00,2.84
2018-03-26 02:00:00,2.84
2018-03-26 03:00:00,2.84
2018-03-26 04:00:00,2.84
2018-03-26 05:00:00,2.84
2018-03-26 06:00:00,24.92
2018-03-26 07:00:00,23.73
2018-03-26 08:00:00,28.93
2018-03-26 09:00:00,25.07
2018-03-26 10:00:00,26.4
2018-03-26 11:00:00,27.15
2018-03-26 12:00:00,26.85
2018-03-26 13:00:00,28.64
2018-03-26 14:00:00,30.13
2018-03-26 15:00:00,30.37
2018-03-26 16:00:00,31.59
2018-03-26 17:00:00,33.8
2018-03-26 18:00:00,30.32
2018-03-26 19:00:00,37.73
2018-03-26 20:00:00,36.65
2018-03-26 21:00:00,35.25
2018-03-26 22:00:00,29.77
2018-03-26 23:00:00,2.84
2018-03-27 00:00:00,2.84
2018-03-27 01:00:00,2.84
2018-03-27 02:00:00,2.84
2018-03-27 03:00:00,2.84
2018-03-27 04:00:00,2.84
2018-03-27 05:00:00,2.84
2018-03-27 06:00:00,6.22
2018-03-27 07:00:00,26.42
2018-03-27 08:00:00,31.49
2018-03-27 09:00:00,29.87
2018-03-27 10:00:00,27.7
2018-03-27 11:00:00,24.89
2018-03-27 12:00:00,24.85
2018-03-27 13:00:00,30.64
2018-03-27 14:00:00,27.32
2018-03-27 15:00:00,32.33
2018-03-27 16:00:00,27.38
2018-03-27 17:00:00,32.7
2018-03-27 18:00:00,27.73
2018-03-27 19:00:00,31.12
2018-03-27 20:00:00,34.02
2018-03-27 21:00:00,31.64
2018-03-27 22:00:00,31.53
2018-03-27 23:00:00,26.86
2018-03-28 00:00:00,2.84
2018-03-28 01:00:00,28.13
2018-03-28 02:00:00,30.23
2018-03-28 03:00:00,29.96
2018-03-28 04:00:00,25.91
2018-03-28 05:00:00,27.99
2018-03-28 06:00:00,28.47
2018-03-28 07:00:00,27.61
2018-03-28 08:00:00,31.31
2018-03-28 09:00:00,33.46
2018-03-28 10:00:00,34.43
2018-03-28 11:00:00,25.36
2018-03-28 12:00:00,31.04
2018-03-28 13:00:00,28.77
2018-03-28 14:00:00,33.27
2018-03-28 15:00:00,31.51
2018-03-28 16:00:00,33.15
2018-03-28 17:00:00,33.81
2018-03-28 18:00:00,2.84
2018-03-28 19:00:00,2.84
2018-03-28 20:00:00,2.84
2018-03-28 21:00:00,2.84
2018-03-28 22:00:00,2.84
2018-03-28 23:00:00,2.84
2018-03-29 00:00:00,2.84
2018-03-29 01:00:00,2.84
2018-03-29 02:00:00,2.84
2018-03-29 03:00:00,2.84
2018-03-29 04:00:00,2.84
2018-03-29 05:00:00,2.84
2018-03-29 06:00:00,2.84
2018-03-29 07:00:00,2.840000004
2018-03-29 08:00:00,24.46
2018-03-29 09:00:00,26.27
2018-03-29 10:00:00,26.61
2018-03-29 11:00:00,28.05
2018-03-29 12:00:00,28.36
2018-03-29 13:00:00,25.44
2018-03-29 14:00:00,31.18
2018-03-29 15:00:00,32.32
2018-03-29 16:00:00,34.47
2018-03-29 17:00:00,31.29
2018-03-29 18:00:00,29.61
2018-03-29 19:00:00,31.92
2018-03-29 20:00:00,33.63
2018-03-29 21:00:00,25.62
2018-03-29 22:00:00,27.59
2018-03-29 23:00:00,26.14
2018-03-30 00:00:00,2.84
2018-03-30 01:00:00,2.84
2018-03-30 02:00:00,2.84
2018-03-30 03:00:00,2.84
2018-03-30 04:00:00,2.84
2018-03-30 05:00:00,2.84
2018-03-30 06:00:00,2.84
2018-03-30 07:00:00,5.950000004
2018-03-30 08:00:00,28.26
2018-03-30 09:00:00,26.31
2018-03-30 10:00:00,29.47
2018-03-30 11:00:00,30.08
2018-03-30 12:00:00,30.63
2018-03-30 13:00:00,29.36
2018-03-30 14:00:00,29.58
2018-03-30 15:00:00,32.48
2018-03-30 16:00:00,33.18
2018-03-30 17:00:00,39.34
2018-03-30 18:00:00,30.75
2018-03-30 19:00:00,33.03
2018-03-30 20:00:00,36.96
2018-03-30 21:00:00,30.29
2018-03-30 22:00:00,26.85
2018-03-30 23:00:00,30.6
2018-03-31 00:00:00,27.85
2018-03-31 01:00:00,6.409999999
2018-03-31 02:00:00,2.84
2018-03-31 03:00:00,2.84
2018-03-31 04:00:00,2.84
2018-03-31 05:00:00,2.84
2018-03-31 06:00:00,2.84
2018-03-31 07:00:00,2.840000004
2018-03-31 08:00:00,28.06
2018-03-31 09:00:00,29.65
2018-03-31 10:00:00,23.73
2018-03-31 11:00:00,27.15
2018-03-31 12:00:00,25.94
2018-03-31 13:00:00,28.87
2018-03-31 14:00:00,32.84
2018-03-31 15:00:00,32.63
2018-03-31 16:00:00,36.03
2018-03-31 17:00:00,35.74
2018-03-31 18:00:00,25.29
2018-03-31 19:00:00,31.08
2018-03-31 20:00:00,30.57
2018-03-31 21:00:00,26.5
2018-03-31 22:00:00,28.75
2018-03-31 23:00:00,25.96
2018-04-01 00:00:00,25.3
2018-04-01 01:00:00,12.15
2018-04-01 02:00:00,2.84
2018-04-01 03:00:00,2.84
2018-04-01 04:00:00,2.84
2018-04-01 05:00:00,2.84
2018-04-01 06:00:00,2.84
2018-04-01 07:00:00,2.840000002
2018-04-01 08:00:00,16.67
2018-04-01 09:00:00,25.24
2018-04-01 10:00:00,26.23
2018-04-01 11:00:00,28.45
2018-04-01 12:00:00,26.19
2018-04-01 13:00:00,25.98
2018-04-01 14:00:00,30.16
2018-04-01 15:00:00,26.93
2018-04-01 16:00:00,29.84
2018-04-01 17:00:00,24.24
2018-04-01 18:00:00,34.72
2018-04-01 19:00:00,30.16
2018-04-01 20:00:00,31.12
2018-04-01 21:00:00,25.23
2018-04-01 22:00:00,28.59
2018-04-01 23:00:00,33.25
2018-04-02 00:00:00,26.79
2018-04-02 01:00:00,2.84
2018-04-02 02:00:00,2.84
2018-04-02 03:00:00,2.84
2018-04-02 04:00:00,2.84
2018-04-02 05:00:00,2.84
2018-04-02 06:00:00,2.84
2018-04-02 07:00:00,2.84
2018-04-02 08:00:00,2.84
2018-04-02 09:00:00,2.84
2018-04-02 10:00:00,2.84
2018-04-02 11:00:00,2.84
2018-04-02 12:00:00,2.84
2018-04-02 13:00:00,2.84
2018-04-02 14:00:00,2.84
2018-04-02 15:00:00,2.84
2018-04-02 16:00:00,2.84
2018-04-02 17:00:00,2.84
2018-04-02 18:00:00,2.84
2018-04-02 19:00:00,2.84
2018-04-02 20:00:00,2.84
2018-04-02 21:00:00,2.84
2018-04-02 22:00:00,2.84
2018-04-02 23:00:00,2.84
2018-04-03 00:00:00,2.84
2018-04-03 01:00:00,2.84
2018-04-03 02:00:00,2.84
2018-04-03 03:00:00,2.84
2018-04-03 04:00:00,2.84
2018-04-03 05:00:00,2.84
2018-04-03 06:00:00,2.84
2018-04-03 07:00:00,2.84
2018-04-03 08:00:00,2.84
2018-04-03 09:00:00,2.84
2018-04-03 10:00:00,2.84
2018-04-03 11:00:00,2.84
2018-04-03 12:00:00,2.84
2018-04-03 13:00:00,2.84
2018-04-03 14:00:00,2.84
2018-04-03 15:00:00,2.84
2018-04-03 16:00:00,2.84
2018-04-03 17:00:00,2.84
2018-04-03 18:00:00,2.84
2018-04-03 19:00:00,2.84
2018-04-03 20:00:00,2.84
2018-04-03 21:00:00,2.84
2018-04-03 22:00:00,2.84
2018-04-03 23:00:00,2.84
2018-04-04 00:00:00,2.84
2018-04-04 01:00:00,2.84
2018-04-04 02:00:00,2.84
2018-04-04 03:00:00,2.84
2018-04-04 04:00:00,2.84
2018-04-04 05:00:00,2.84
2018-04-04 06:00:00,2.84
2018-04-04 07:00:00,2.84
2018-04-04 08:00:00,2.84
2018-04-04 09:00:00,2.84
2018-04-04 10:00:00,2.84
2018-04-04 11:00:00,2.84
2018-04-04 12:00:00,2.84
2018-04-04 13:00:00,2.84
2018-04-04 14:00:00,2.84
2018-04-04 15:00:00,2.84
2018-04-04 16:00:00,2.84
2018-04-04 17:00:00,2.84
2018-04-04 18:00:00,2.84
2018-04-04 19:00:00,2.84
2018-04-04 20:00:00,2.84
2018-04-04 21:00:00,2.84
2018-04-04 22:00:00,2.84
2018-04-04 23:00:00,2.84
2018-04-05 00:00:00,2.84
2018-04-05 01:00:00,2.84
2018-04-05 02:00:00,2.84
2018-04-05 03:00:00,2.84
2018-04-05 04:00:00,2.84
2018-04-05 05:00:00,2.84
2018-04-05 06:00:00,2.84
2018-04-05 07:00:00,2.84
2018-04-05 08:00:00,2.84
2018-04-05 09:00:00,2.84
2018-04-05 10:00:00,2.84
2018-04-05 11:00:00,2.84
2018-04-05 12:00:00,2.84
2018-04-05 13:00:00,2.84
2018-04-05 14:00:00,2.84
2018-04-05 15:00:00,2.84
2018-04-05 16:00:00,2.84
2018-04-05 17:00:00,2.84
2018-04-05 18:00:00,2.84
2018-04-05 19:00:00,2.84
2018-04-05 20:00:00,2.84
2018-04-05 21:00:00,2.84
2018-04-05 22:00:00,2.84
2018-04-05 23:00:00,2.84
2018-04-06 00:00:00,2.84
2018-04-06 01:00:00,2.84
2018-04-06 02:00:00,2.84
2018-04-06 03:00:00,2.84
2018-04-06 04:00:00,2.84
2018-04-06 05:00:00,2.84
2018-04-06 06:00:00,2.84
2018-04-06 07:00:00,2.84
2018-04-06 08:00:00,2.84
2018-04-06 09:00:00,2.84
2018-04-06 10:00:00,2.84
2018-04-06 11:00:00,2.84
2018-04-06 12:00:00,2.84
2018-04-06 13:00:00,2.84
2018-04-06 14:00:00,2.84
2018-04-06 15:00:00,2.84
2018-04-06 16:00:00,2.84
2018-04-06 17:00:00,2.84
2018-04-06 18:00:00,2.84
2018-04-06 19:00:00,2.84
2018-04-06 20:00:00,2.84
2018-04-06 21:00:00,2.84
2018-04-06 22:00:00,2.84
2018-04-06 23:00:00,2.84
2018-04-07 00:00:00,2.84
2018-04-07 01:00:00,2.84
2018-04-07 02:00:00,2.84
2018-04-07 03:00:00,2.84
2018-04-07 04:00:00,2.84
2018-04-07 05:00:00,2.84
2018-04-07 06:00:00,2.84
2018-04-07 07:00:00,2.84
2018-04-07 08:00:00,2.84
2018-04-07 09:00:00,2.84
2018-04-07 10:00:00,2.84
2018-04-07 11:00:00,2.84
2018-04-07 12:00:00,2.84
2018-04-07 13:00:00,2.84
2018-04-07 14:00:00,2.84
2018-04-07 15:00:00,2.84
2018-04-07 16:00:00,2.84
2018-04-07 17:00:00,2.84
2018-04-07 18:00:00,2.84
2018-04-07 19:00:00,2.84
2018-04-07 20:00:00,2.84
2018-04-07 21:00:00,2.84
2018-04-07 22:00:00,2.84
2018-04-07 23:00:00,2.84
2018-04-08 00:00:00,2.84
2018-04-08 01:00:00,2.84
2018-04-08 02:00:00,2.84
2018-04-08 03:00:00,2.84
2018-04-08 04:00:00,2.84
2018-04-08 05:00:00,2.84
2018-04-08 06:00:00,2.84
2018-04-08 07:00:00,2.84
2018-04-08 08:00:00,2.84
2018-04-08 09:00:00,2.84
2018-04-08 10:00:00,2.84
2018-04-08 11:00:00,2.84
2018-04-08 12:00:00,2.84
2018-04-08 13:00:00,2.84
2018-04-08 14:00:00,2.84
2018-04-08 15:00:00,2.84
2018-04-08 16:00:00,2.84
2018-04-08 17:00:00,2.84
2018-04-08 18:00:00,2.84
2018-04-08 19:00:00,2.84
2018-04-08 20:00:00,2.84
2018-04-08 21:00:00,2.84
2018-04-08 22:00:00,2.84
2018-04-08 23:00:00,2.84
2018-04-09 00:00:00,2.84
2018-04-09 01:00:00,2.84
2018-04-09 02:00:00,2.84
2018-04-09 03:00:00,2.84
2018-04-09 04:00:00,2.84
2018-04-09 05:00:00,2.84
2018-04-09 06:00:00,2.84
2018-04-09 07:00:00,2.84
2018-04-09 08:00:00,2.84
2018-04-09 09:00:00,2.84
2018-04-09 10:00:00,2.84
2018-04-09 11:00:00,2.84
2018-04-09 12:00:00,2.84
2018-04-09 13:00:00,2.84
2018-04-09 14:00:00,2.84
2018-04-09 15:00:00,2.84
2018-04-09 16:00:00,2.84
2018-04-09 17:00:00,2.84
2018-04-09 18:00:00,2.84
2018-04-09 19:00:00,2.84
2018-04-09 20:00:00,2.84
2018-04-09 21:00:00,2.84
2018-04-09 22:00:00,2.84
2018-04-09 23:00:00,2.84
2018-04-10 00:00:00,2.84
2018-04-10 01:00:00,2.84
2018-04-10 02:00:00,2.84
2018-04-10 03:00:00,2.84
2018-04-10 04:00:00,2.84
2018-04-10 05:00:00,2.84
2018-04-10 06:00:00,2.84
2018-04-10 07:00:00,2.84
2018-04-10 08:00:00,2.84
2018-04-10 09:00:00,2.84
2018-04-10 10:00:00,2.84
2018-04-10 11:00:00,2.84
2018-04-10 12:00:00,2.84
2018-04-10 13:00:00,2.84
2018-04-10 14:00:00,2.84
2018-04-10 15:00:00,2.84
2018-04-10 16:00:00,2.84
2018-04-10 17:00:00,2.84
2018-04-10 18:00:00,2.84
2018-04-10 19:00:00,2.84
2018-04-10 20:00:00,2.84
2018-04-10 21:00:00,2.84
2018-04-10 22:00:00,2.84
2018-04-10 23:00:00,2.84
2018-04-11 00:00:00,2.84
2018-04-11 01:00:00,2.84
2018-04-11 02:00:00,2.84
2018-04-11 03:00:00,2.84
2018-04-11 04:00:00,2.84
2018-04-11 05:00:00,2.84
2018-04-11 06:00:00,2.84
2018-04-11 07:00:00,2.84
2018-04-11 08:00:00,2.84
2018-04-11 09:00:00,2.84
2018-04-11 10:00:00,2.84
2018-04-11 11:00:00,2.84
2018-04-11 12:00:00,2.84
2018-04-11 13:00:00,2.84
2018-04-11 14:00:00,2.84
2018-04-11 15:00:00,2.84
2018-04-11 16:00:00,2.84
2018-04-11 17:00:00,2.84
2018-04-11 18:00:00,2.84
2018-04-11 19:00:00,2.84
2018-04-11 20:00:00,2.84
2018-04-11 21:00:00,2.84
2018-04-11 22:00:00,2.84
2018-04-11 23:00:00,2.84
2018-04-12 00:00:00,2.84
2018-04-12 01:00:00,2.84
2018-04-12 02:00:00,2.84
2018-04-12 03:00:00,2.84
2018-04-12 04:00:00,2.84
2018-04-12 05:00:00,2.84
2018-04-12 06:00:00,2.84
2018-04-12 07:00:00,2.84
2018-04-12 08:00:00,2.84
2018-04-12 09:00:00,2.84
2018-04-12 10:00:00,2.84
2018-04-12 11:00:00,2.84
2018-04-12 12:00:00,2.84
2018-04-12 13:00:00,2.84
2018-04-12 14:00:00,2.84
2018-04-12 15:00:00,2.84
2018-04-12 16:00:00,2.84
2018-04-12 17:00:00,2.84
2018-04-12 18:00:00,2.84
2018-04-12 19:00:00,2.84
2018-04-12 20:00:00,2.84
2018-04-12 21:00:00,2.84
2018-04-12 22:00:00,2.84
2018-04-12 23:00:00,2.84
2018-04-13 00:00:00,2.84
2018-04-13 01:00:00,2.84
2018-04-13 02:00:00,2.84
2018-04-13 03:00:00,2.84
2018-04-13 04:00:00,2.84
2018-04-13 05:00:00,2.84
2018-04-13 06:00:00,2.84
2018-04-13 07:00:00,2.84
2018-04-13 08:00:00,2.84
2018-04-13 09:00:00,2.84
2018-04-13 10:00:00,2.84
2018-04-13 11:00:00,2.84
2018-04-13 12:00:00,2.84
2018-04-13 13:00:00,2.84
2018-04-13 14:00:00,2.84
2018-04-13 15:00:00,2.84
2018-04-13 16:00:00,2.84
2018-04-13 17:00:00,2.84
2018-04-13 18:00:00,2.84
2018-04-13 19:00:00,2.84
2018-04-13 20:00:00,2.84
2018-04-13 21:00:00,2.84
2018-04-13 22:00:00,2.84
2018-04-13 23:00:00,2.84
2018-04-14 00:00:00,2.84
2018-04-14 01:00:00,2.84
2018-04-14 02:00:00,2.84
2018-04-14 03:00:00,2.84
2018-04-14 04:00:00,2.84
2018-04-14 05:00:00,2.84
2018-04-14 06:00:00,2.84
2018-04-14 07:00:00,2.84
2018-04-14 08:00:00,2.84
2018-04-14 09:00:00,2.84
2018-04-14 10:00:00,2.84
2018-04-14 11:00:00,2.84
2018-04-14 12:00:00,2.84
2018-04-14 13:00:00,2.84
2018-04-14 14:00:00,2.84
2018-04-14 15:00:00,2.84
2018-04-14 16:00:00,2.84
2018-04-14 17:00:00,2.84
2018-04-14 18:00:00,2.84
2018-04-14 19:00:00,2.84
2018-04-14 20:00:00,2.84
2018-04-14 21:00:00,2.84
2018-04-14 22:00:00,2.84
2018-04-14 23:00:00,2.84
2018-04-15 00:00:00,2.84
2018-04-15 01:00:00,2.84
2018-04-15 02:00:00,2.84
2018-04-15 03:00:00,2.84
2018-04-15 04:00:00,2.84
2018-04-15 05:00:00,2.84
2018-04-15 06:00:00,2.84
2018-04-15 07:00:00,2.84
2018-04-15 08:00:00,2.84
2018-04-15 09:00:00,2.84
2018-04-15 10:00:00,2.84
2018-04-15 11:00:00,2.84
2018-04-15 12:00:00,2.84
2018-04-15 13:00:00,2.84
2018-04-15 14:00:00,2.84
2018-04-15 15:00:00,2.84
2018-04-15 16:00:00,2.84
2018-04-15 17:00:00,2.84
2018-04-15 18:00:00,2.84
2018-04-15 19:00:00,2.84
2018-04-15 20:00:00,2.84
2018-04-15 21:00:00,2.84
2018-04-15 22:00:00,2.84
2018-04-15 23:00:00,2.84
2018-04-16 00:00:00,2.84
2018-04-16 01:00:00,2.84
2018-04-16 02:00:00,2.84
2018-04-16 03:00:00,2.84
2018-04-16 04:00:00,2.84
2018-04-16 05:00:00,2.84
2018-04-16 06:00:00,2.84
2018-04-16 07:00:00,2.84
2018-04-16 08:00:00,2.84
2018-04-16 09:00:00,2.84
2018-04-16 10:00:00,2.84
2018-04-16 11:00:00,2.84
2018-04-16 12:00:00,2.84
2018-04-16 13:00:00,2.84
2018-04-16 14:00:00,2.84
2018-04-16 15:00:00,2.84
2018-04-16 16:00:00,2.84
2018-04-16 17:00:00,2.84
2018-04-16 18:00:00,2.84
2018-04-16 19:00:00,2.84
2018-04-16 20:00:00,2.84
2018-04-16 21:00:00,2.84
2018-04-16 22:00:00,2.84
2018-04-16 23:00:00,2.84
2018-04-17 00:00:00,2.84
2018-04-17 01:00:00,2.84
2018-04-17 02:00:00,2.84
2018-04-17 03:00:00,2.84
2018-04-17 04:00:00,2.84
2018-04-17 05:00:00,2.84
2018-04-17 06:00:00,2.84
2018-04-17 07:00:00,2.84
2018-04-17 08:00:00,2.84
2018-04-17 09:00:00,2.84
2018-04-17 10:00:00,2.84
2018-04-17 11:00:00,2.84
2018-04-17 12:00:00,2.84
2018-04-17 13:00:00,2.84
2018-04-17 14:00:00,2.84
2018-04-17 15:00:00,2.84
2018-04-17 16:00:00,2.84
2018-04-17 17:00:00,2.84
2018-04-17 18:00:00,2.84
2018-04-17 19:00:00,2.84
2018-04-17 20:00:00,2.84
2018-04-17 21:00:00,2.84
2018-04-17 22:00:00,2.84
2018-04-17 23:00:00,2.84
2018-04-18 00:00:00,19.05
2018-04-18 01:00:00,2.84
2018-04-18 02:00:00,2.84
2018-04-18 03:00:00,2.84
2018-04-18 04:00:00,2.84
2018-04-18 05:00:00,2.84
2018-04-18 06:00:00,2.84
2018-04-18 07:00:00,2.840000005
2018-04-18 08:00:00,31.16
2018-04-18 09:00:00,32.17
2018-04-18 10:00:00,30.72
2018-04-18 11:00:00,32.57
2018-04-18 12:00:00,22.35
2018-04-18 13:00:00,2.84
2018-04-18 14:00:00,2.84
2018-04-18 15:00:00,2.84
2018-04-18 16:00:00,2.84
2018-04-18 17:00:00,2.84
2018-04-18 18:00:00,2.84
2018-04-18 19:00:00,2.84
2018-04-18 20:00:00,2.84
2018-04-18 21:00:00,2.84
2018-04-18 22:00:00,2.84
2018-04-18 23:00:00,2.84
2018-04-19 00:00:00,2.84
2018-04-19 01:00:00,2.84
2018-04-19 02:00:00,2.84
2018-04-19 03:00:00,2.84
2018-04-19 04:00:00,2.84
2018-04-19 05:00:00,2.84
2018-04-19 06:00:00,2.84
2018-04-19 07:00:00,2.84
2018-04-19 08:00:00,2.84
2018-04-19 09:00:00,2.84
2018-04-19 10:00:00,2.84
2018-04-19 11:00:00,2.84
2018-04-19 12:00:00,2.84
2018-04-19 13:00:00,2.84
2018-04-19 14:00:00,2.84
2018-04-19 15:00:00,2.84
2018-04-19 16:00:00,2.84
2018-04-19 17:00:00,2.84
2018-04-19 18:00:00,2.84
2018-04-19 19:00:00,2.84
2018-04-19 20:00:00,2.84
2018-04-19 21:00:00,2.84
2018-04-19 22:00:00,2.84
2018-04-19 23:00:00,2.84
2018-04-20 00:00:00,2.84
2018-04-20 01:00:00,2.84
2018-04-20 02:00:00,2.84
2018-04-20 03:00:00,2.84
2018-04-20 04:00:00,2.84
2018-04-20 05:00:00,2.84
2018-04-20 06:00:00,2.84
2018-04-20 07:00:00,2.84
2018-04-20 08:00:00,2.84
2018-04-20 09:00:00,2.84
2018-04-20 10:00:00,2.84
2018-04-20 11:00:00,2.84
2018-04-20 12:00:00,2.84
2018-04-20 13:00:00,2.84
2018-04-20 14:00:00,2.84
2018-04-20 15:00:00,2.84
2018-04-20 16:00:00,2.84
2018-04-20 17:00:00,2.84
2018-04-20 18:00:00,2.84
2018-04-20 19:00:00,2.84
2018-04-20 20:00:00,2.84
2018-04-20 21:00:00,2.84
2018-04-20 22:00:00,2.84
2018-04-20 23:00:00,2.84
2018-04-21 00:00:00,2.84
2018-04-21 01:00:00,2.84
2018-04-21 02:00:00,2.84
2018-04-21 03:00:00,2.84
2018-04-21 04:00:00,2.84
2018-04-21 05:00:00,2.84
2018-04-21 06:00:00,2.84
2018-04-21 07:00:00,2.84
2018-04-21 08:00:00,2.84
2018-04-21 09:00:00,2.84
2018-04-21 10:00:00,2.84
2018-04-21 11:00:00,2.84
2018-04-21 12:00:00,2.84
2018-04-21 13:00:00,2.84
2018-04-21 14:00:00,2.84
2018-04-21 15:00:00,2.84
2018-04-21 16:00:00,2.84
2018-04-21 17:00:00,2.84
2018-04-21 18:00:00,2.84
2018-04-21 19:00:00,2.84
2018-04-21 20:00:00,2.84
2018-04-21 21:00:00,2.84
2018-04-21 22:00:00,2.84
2018-04-21 23:00:00,2.84
2018-04-22 00:00:00,2.84
2018-04-22 01:00:00,2.84
2018-04-22 02:00:00,2.84
2018-04-22 03:00:00,2.84
2018-04-22 04:00:00,2.84
2018-04-22 05:00:00,2.84
2018-04-22 06:00:00,2.84
2018-04-22 07:00:00,2.84
2018-04-22 08:00:00,2.84
2018-04-22 09:00:00,2.84
2018-04-22 10:00:00,2.84
2018-04-22 11:00:00,2.84
2018-04-22 12:00:00,2.84
2018-04-22 13:00:00,2.84
2018-04-22 14:00:00,2.84
2018-04-22 15:00:00,4.47
2018-04-22 16:00:00,32.53999999
2018-04-22 17:00:00,2.84
2018-04-22 18:00:00,2.84
2018-04-22 19:00:00,2.84
2018-04-22 20:00:00,2.84
2018-04-22 21:00:00,2.84
2018-04-22 22:00:00,2.84
2018-04-22 23:00:00,2.84
2018-04-23 00:00:00,2.84
2018-04-23 01:00:00,2.84
2018-04-23 02:00:00,2.84
2018-04-23 03:00:00,2.84
2018-04-23 04:00:00,2.840000001
2018-04-23 05:00:00,6.64
2018-04-23 06:00:00,30.81
2018-04-23 07:00:00,28.4
2018-04-23 08:00:00,34.4
2018-04-23 09:00:00,33.91
2018-04-23 10:00:00,26.39
2018-04-23 11:00:00,29.79
2018-04-23 12:00:00,30.96
2018-04-23 13:00:00,28.32
2018-04-23 14:00:00,32.3
2018-04-23 15:00:00,35.23
2018-04-23 16:00:00,38.5
2018-04-23 17:00:00,31.25
2018-04-23 18:00:00,37.59
2018-04-23 19:00:00,32.04
2018-04-23 20:00:00,29.8
2018-04-23 21:00:00,29.87
2018-04-23 22:00:00,31.21
2018-04-23 23:00:00,28.49
2018-04-24 00:00:00,4.83
2018-04-24 01:00:00,2.84
2018-04-24 02:00:00,2.84
2018-04-24 03:00:00,2.84
2018-04-24 04:00:00,2.84
2018-04-24 05:00:00,2.84
2018-04-24 06:00:00,2.84
2018-04-24 07:00:00,31.95
2018-04-24 08:00:00,33.1
2018-04-24 09:00:00,33.36
2018-04-24 10:00:00,29.72
2018-04-24 11:00:00,31.83
2018-04-24 12:00:00,31.19
2018-04-24 13:00:00,29.37
2018-04-24 14:00:00,30.23
2018-04-24 15:00:00,34.87
2018-04-24 16:00:00,31.72
2018-04-24 17:00:00,35.96
2018-04-24 18:00:00,24.19
2018-04-24 19:00:00,37.02
2018-04-24 20:00:00,37.52
2018-04-24 21:00:00,37.28
2018-04-24 22:00:00,34.06
2018-04-24 23:00:00,29.05
2018-04-25 00:00:00,2.84
2018-04-25 01:00:00,2.42
2018-04-25 02:00:00,2.42
2018-04-25 03:00:00,2.42
2018-04-25 04:00:00,2.42
2018-04-25 05:00:00,2.42
2018-04-25 06:00:00,2.42
2018-04-25 07:00:00,2.420000001
2018-04-25 08:00:00,5.37
2018-04-25 09:00:00,35.02
2018-04-25 10:00:00,26.76
2018-04-25 11:00:00,32.45
2018-04-25 12:00:00,32.47
2018-04-25 13:00:00,35.23
2018-04-25 14:00:00,38.13
2018-04-25 15:00:00,33.23
2018-04-25 16:00:00,30.94
2018-04-25 17:00:00,32.04
2018-04-25 18:00:00,30.52
2018-04-25 19:00:00,28.76
2018-04-25 20:00:00,35.22
2018-04-25 21:00:00,37.67
2018-04-25 22:00:00,32.72
2018-04-25 23:00:00,32.68
2018-04-26 00:00:00,27.94
2018-04-26 01:00:00,2.42
2018-04-26 02:00:00,2.42
2018-04-26 03:00:00,2.42
2018-04-26 04:00:00,2.42
2018-04-26 05:00:00,2.42
2018-04-26 06:00:00,2.42
2018-04-26 07:00:00,2.420000001
2018-04-26 08:00:00,6.01
2018-04-26 09:00:00,30.29
2018-04-26 10:00:00,29.47
2018-04-26 11:00:00,26.99
2018-04-26 12:00:00,29.45
2018-04-26 13:00:00,28.46
2018-04-26 14:00:00,30.59
2018-04-26 15:00:00,33.09
2018-04-26 16:00:00,33.05
2018-04-26 17:00:00,29.93
2018-04-26 18:00:00,28.73
2018-04-26 19:00:00,35.65
2018-04-26 20:00:00,33.12
2018-04-26 21:00:00,28.08
2018-04-26 22:00:00,27.62
2018-04-26 23:00:00,27.6
2018-04-27 00:00:00,2.42
2018-04-27 01:00:00,2.42
2018-04-27 02:00:00,2.42
2018-04-27 03:00:00,2.42
2018-04-27 04:00:00,2.42
2018-04-27 05:00:00,2.42
2018-04-27 06:00:00,2.42
2018-04-27 07:00:00,2.42
2018-04-27 08:00:00,4.02
2018-04-27 09:00:00,30.2
2018-04-27 10:00:00,27.82
2018-04-27 11:00:00,27.54
2018-04-27 12:00:00,31.87
2018-04-27 13:00:00,31.8
2018-04-27 14:00:00,30.66
2018-04-27 15:00:00,32.88
2018-04-27 16:00:00,32.53
2018-04-27 17:00:00,30.96
2018-04-27 18:00:00,25.87
2018-04-27 19:00:00,35.73
2018-04-27 20:00:00,32.29
2018-04-27 21:00:00,31.82
2018-04-27 22:00:00,29.45
2018-04-27 23:00:00,22.55
2018-04-28 00:00:00,2.42
2018-04-28 01:00:00,2.42
2018-04-28 02:00:00,2.42
2018-04-28 03:00:00,2.42
2018-04-28 04:00:00,2.42
2018-04-28 05:00:00,2.42
2018-04-28 06:00:00,2.42
2018-04-28 07:00:00,2.42
2018-04-28 08:00:00,2.42
2018-04-28 09:00:00,2.42
2018-04-28 10:00:00,4.760000005
2018-04-28 11:00:00,33.19
2018-04-28 12:00:00,31.57
2018-04-28 13:00:00,30.52
2018-04-28 14:00:00,29.22
2018-04-28 15:00:00,33.46
2018-04-28 16:00:00,33.5
2018-04-28 17:00:00,36.75
2018-04-28 18:00:00,35.14
2018-04-28 19:00:00,37.52
2018-04-28 20:00:00,30.6
2018-04-28 21:00:00,29.78
2018-04-28 22:00:00,26.08
2018-04-28 23:00:00,22.59
2018-04-29 00:00:00,3.89
2018-04-29 01:00:00,22.51
2018-04-29 02:00:00,26.08
2018-04-29 03:00:00,25.57
2018-04-29 04:00:00,28.47
2018-04-29 05:00:00,28.73
2018-04-29 06:00:00,28.79
2018-04-29 07:00:00,30.93
2018-04-29 08:00:00,27.52
2018-04-29 09:00:00,29.15
2018-04-29 10:00:00,28.27
2018-04-29 11:00:00,29.16
2018-04-29 12:00:00,31.09
2018-04-29 13:00:00,27.57
2018-04-29 14:00:00,28.66
2018-04-29 15:00:00,28.47
2018-04-29 16:00:00,31.58
2018-04-29 17:00:00,31.79
2018-04-29 18:00:00,33.49
2018-04-29 19:00:00,33.93
2018-04-29 20:00:00,31.07
2018-04-29 21:00:00,27.12
2018-04-29 22:00:00,29.37
2018-04-29 23:00:00,29.53
2018-04-30 00:00:00,26.81
2018-04-30 01:00:00,2.42
2018-04-30 02:00:00,2.42
2018-04-30 03:00:00,2.42
2018-04-30 04:00:00,2.42
2018-04-30 05:00:00,2.42
2018-04-30 06:00:00,30.76
2018-04-30 07:00:00,30.29
2018-04-30 08:00:00,30.85
2018-04-30 09:00:00,29.71
2018-04-30 10:00:00,30.27
2018-04-30 11:00:00,31.2
2018-04-30 12:00:00,33.92
2018-04-30 13:00:00,31.17
2018-04-30 14:00:00,30.7
2018-04-30 15:00:00,34.13
2018-04-30 16:00:00,29.54
2018-04-30 17:00:00,29.86
2018-04-30 18:00:00,24.97
2018-04-30 19:00:00,30.07
2018-04-30 20:00:00,35.95
2018-04-30 21:00:00,32.44
2018-04-30 22:00:00,31.59
2018-04-30 23:00:00,23.86
2018-05-01 00:00:00,2.42
2018-05-01 01:00:00,2.42
2018-05-01 02:00:00,2.42
2018-05-01 03:00:00,2.42
2018-05-01 04:00:00,2.42
2018-05-01 05:00:00,2.42
2018-05-01 06:00:00,2.42
2018-05-01 07:00:00,23.86
2018-05-01 08:00:00,23.7
2018-05-01 09:00:00,26.64
2018-05-01 10:00:00,33.34
2018-05-01 11:00:00,34.84
2018-05-01 12:00:00,30.78
2018-05-01 13:00:00,28.23
2018-05-01 14:00:00,32.52
2018-05-01 15:00:00,29.86
2018-05-01 16:00:00,37.29
2018-05-01 17:00:00,33.53
2018-05-01 18:00:00,29.81
2018-05-01 19:00:00,27.9
2018-05-01 20:00:00,27.32
2018-05-01 21:00:00,26.49
2018-05-01 22:00:00,26.85
2018-05-01 23:00:00,25.19
2018-05-02 00:00:00,6.14
2018-05-02 01:00:00,27.18
2018-05-02 02:00:00,27
2018-05-02 03:00:00,23.7
2018-05-02 04:00:00,28.66
2018-05-02 05:00:00,27.79
2018-05-02 06:00:00,2.42
2018-05-02 07:00:00,2.420000001
2018-05-02 08:00:00,6.85
2018-05-02 09:00:00,36.91
2018-05-02 10:00:00,37.66
2018-05-02 11:00:00,37.9
2018-05-02 12:00:00,36.83
2018-05-02 13:00:00,33.02
2018-05-02 14:00:00,35.03
2018-05-02 15:00:00,34.17
2018-05-02 16:00:00,34.87
2018-05-02 17:00:00,36.03
2018-05-02 18:00:00,32.35
2018-05-02 19:00:00,35.15
2018-05-02 20:00:00,29.8
2018-05-02 21:00:00,31.81
2018-05-02 22:00:00,33.11
2018-05-02 23:00:00,34.31
2018-05-03 00:00:00,24.92
2018-05-03 01:00:00,2.42
2018-05-03 02:00:00,2.42
2018-05-03 03:00:00,2.42
2018-05-03 04:00:00,2.420000001
2018-05-03 05:00:00,5.75
2018-05-03 06:00:00,30.32
2018-05-03 07:00:00,30.94
2018-05-03 08:00:00,31.13
2018-05-03 09:00:00,32.67
2018-05-03 10:00:00,28.68
2018-05-03 11:00:00,29.51
2018-05-03 12:00:00,34.92
2018-05-03 13:00:00,30.69
2018-05-03 14:00:00,33.72
2018-05-03 15:00:00,32.81
2018-05-03 16:00:00,33.39
2018-05-03 17:00:00,34.21
2018-05-03 18:00:00,28.15
2018-05-03 19:00:00,36.14
2018-05-03 20:00:00,36.98
2018-05-03 21:00:00,36.14
2018-05-03 22:00:00,38.57
2018-05-03 23:00:00,33.28
2018-05-04 00:00:00,2.42
2018-05-04 01:00:00,2.42
2018-05-04 02:00:00,2.42
2018-05-04 03:00:00,23.99
2018-05-04 04:00:00,27.09
2018-05-04 05:00:00,30.8
2018-05-04 06:00:00,31.45
2018-05-04 07:00:00,31.64
2018-05-04 08:00:00,29.42
2018-05-04 09:00:00,30.24
2018-05-04 10:00:00,37.7
2018-05-04 11:00:00,27.35
2018-05-04 12:00:00,26.07
2018-05-04 13:00:00,25.85
2018-05-04 14:00:00,28.98
2018-05-04 15:00:00,32.8
2018-05-04 16:00:00,33.02
2018-05-04 17:00:00,32.94
2018-05-04 18:00:00,32.97
2018-05-04 19:00:00,33.11
2018-05-04 20:00:00,32.96
2018-05-04 21:00:00,32.99
2018-05-04 22:00:00,32.98
2018-05-04 23:00:00,32.39
2018-05-05 00:00:00,2.42
2018-05-05 01:00:00,2.42
2018-05-05 02:00:00,2.42
2018-05-05 03:00:00,2.42
2018-05-05 04:00:00,2.42
2018-05-05 05:00:00,2.42
2018-05-05 06:00:00,2.42
2018-05-05 07:00:00,2.420000005
2018-05-05 08:00:00,31.36
2018-05-05 09:00:00,37.61
2018-05-05 10:00:00,38.42
2018-05-05 11:00:00,37.93
2018-05-05 12:00:00,38.15
2018-05-05 13:00:00,38.38
2018-05-05 14:00:00,35.84
2018-05-05 15:00:00,33.39
2018-05-05 16:00:00,38.27
2018-05-05 17:00:00,38.38
2018-05-05 18:00:00,38.32
2018-05-05 19:00:00,42
2018-05-05 20:00:00,43.77
2018-05-05 21:00:00,43.89
2018-05-05 22:00:00,43.84
2018-05-05 23:00:00,43.57
2018-05-06 00:00:00,4.05
2018-05-06 01:00:00,2.42
2018-05-06 02:00:00,2.42
2018-05-06 03:00:00,2.42
2018-05-06 04:00:00,2.42
2018-05-06 05:00:00,2.42
2018-05-06 06:00:00,2.42
2018-05-06 07:00:00,33.52
2018-05-06 08:00:00,37.1
2018-05-06 09:00:00,40.68
2018-05-06 10:00:00,44.19
2018-05-06 11:00:00,41.12
2018-05-06 12:00:00,40.81
2018-05-06 13:00:00,43.29
2018-05-06 14:00:00,44.19
2018-05-06 15:00:00,43.8
2018-05-06 16:00:00,41.08
2018-05-06 17:00:00,19.99
2018-05-06 18:00:00,20.29
2018-05-06 19:00:00,26.83
2018-05-06 20:00:00,42.72
2018-05-06 21:00:00,39.3
2018-05-06 22:00:00,40.87
2018-05-06 23:00:00,37.15
2018-05-07 00:00:00,12.15
2018-05-07 01:00:00,2.42
2018-05-07 02:00:00,2.42
2018-05-07 03:00:00,2.42
2018-05-07 04:00:00,2.42
2018-05-07 05:00:00,2.42
2018-05-07 06:00:00,2.42
2018-05-07 07:00:00,2.42
2018-05-07 08:00:00,2.42
2018-05-07 09:00:00,43.39
2018-05-07 10:00:00,43.53
2018-05-07 11:00:00,44.94
2018-05-07 12:00:00,37.96
2018-05-07 13:00:00,38.66
2018-05-07 14:00:00,40.98
2018-05-07 15:00:00,41.77
2018-05-07 16:00:00,41.7
2018-05-07 17:00:00,41.73
2018-05-07 18:00:00,38.59
2018-05-07 19:00:00,43.72
2018-05-07 20:00:00,43.88
2018-05-07 21:00:00,43.82
2018-05-07 22:00:00,43.82
2018-05-07 23:00:00,36.27
2018-05-08 00:00:00,2.42
2018-05-08 01:00:00,2.42
2018-05-08 02:00:00,2.42
2018-05-08 03:00:00,2.42
2018-05-08 04:00:00,2.42
2018-05-08 05:00:00,2.42
2018-05-08 06:00:00,2.42
2018-05-08 07:00:00,2.420000001
2018-05-08 08:00:00,9.85
2018-05-08 09:00:00,41.77
2018-05-08 10:00:00,41.71
2018-05-08 11:00:00,42.47
2018-05-08 12:00:00,41.8
2018-05-08 13:00:00,38.77
2018-05-08 14:00:00,43.92
2018-05-08 15:00:00,43.82
2018-05-08 16:00:00,43.89
2018-05-08 17:00:00,44.03
2018-05-08 18:00:00,30.99
2018-05-08 19:00:00,41.66
2018-05-08 20:00:00,38.53
2018-05-08 21:00:00,2.42
2018-05-08 22:00:00,2.42
2018-05-08 23:00:00,2.42
2018-05-09 00:00:00,2.42
2018-05-09 01:00:00,2.42
2018-05-09 02:00:00,2.42
2018-05-09 03:00:00,2.42
2018-05-09 04:00:00,2.42
2018-05-09 05:00:00,2.42
2018-05-09 06:00:00,2.42
2018-05-09 07:00:00,2.42
2018-05-09 08:00:00,2.42
2018-05-09 09:00:00,2.42
2018-05-09 10:00:00,2.420000006
2018-05-09 11:00:00,38.41
2018-05-09 12:00:00,38.86
2018-05-09 13:00:00,39.13
2018-05-09 14:00:00,39.13
2018-05-09 15:00:00,39.16
2018-05-09 16:00:00,42.13
2018-05-09 17:00:00,42.07
2018-05-09 18:00:00,35.53
2018-05-09 19:00:00,43.17
2018-05-09 20:00:00,44.03
2018-05-09 21:00:00,43.77
2018-05-09 22:00:00,40.28999999
2018-05-09 23:00:00,2.42
2018-05-10 00:00:00,2.42
2018-05-10 01:00:00,2.42
2018-05-10 02:00:00,2.42
2018-05-10 03:00:00,2.42
2018-05-10 04:00:00,2.42
2018-05-10 05:00:00,2.42
2018-05-10 06:00:00,2.42
2018-05-10 07:00:00,39.19
2018-05-10 08:00:00,33.68
2018-05-10 09:00:00,23.38
2018-05-10 10:00:00,28.07
2018-05-10 11:00:00,25.94
2018-05-10 12:00:00,33.35
2018-05-10 13:00:00,33.7
2018-05-10 14:00:00,33.26
2018-05-10 15:00:00,19.75
2018-05-10 16:00:00,20.27
2018-05-10 17:00:00,22.48
2018-05-10 18:00:00,20.5
2018-05-10 19:00:00,38.78
2018-05-10 20:00:00,41.69
2018-05-10 21:00:00,44.13
2018-05-10 22:00:00,41.19999999
2018-05-10 23:00:00,2.42
2018-05-11 00:00:00,2.84
2018-05-11 01:00:00,2.42
2018-05-11 02:00:00,2.42
2018-05-11 03:00:00,2.42
2018-05-11 04:00:00,2.42
2018-05-11 05:00:00,2.42
2018-05-11 06:00:00,2.42
2018-05-11 07:00:00,2.42
2018-05-11 08:00:00,2.42
2018-05-11 09:00:00,2.42
2018-05-11 10:00:00,2.420000005
2018-05-11 11:00:00,33.02
2018-05-11 12:00:00,37.99
2018-05-11 13:00:00,38.53
2018-05-11 14:00:00,38.65
2018-05-11 15:00:00,40.6
2018-05-11 16:00:00,43.37
2018-05-11 17:00:00,41.94
2018-05-11 18:00:00,38.94
2018-05-11 19:00:00,44.1
2018-05-11 20:00:00,44.31
2018-05-11 21:00:00,44.37
2018-05-11 22:00:00,42.64999999
2018-05-11 23:00:00,2.42
2018-05-12 00:00:00,2.42
2018-05-12 01:00:00,2.42
2018-05-12 02:00:00,2.42
2018-05-12 03:00:00,2.42
2018-05-12 04:00:00,2.42
2018-05-12 05:00:00,2.42
2018-05-12 06:00:00,2.42
2018-05-12 07:00:00,2.42
2018-05-12 08:00:00,2.42
2018-05-12 09:00:00,2.42
2018-05-12 10:00:00,18.32
2018-05-12 11:00:00,40.53
2018-05-12 12:00:00,40.76
2018-05-12 13:00:00,40.55
2018-05-12 14:00:00,38.98
2018-05-12 15:00:00,39
2018-05-12 16:00:00,38.46
2018-05-12 17:00:00,38.76
2018-05-12 18:00:00,41.73
2018-05-12 19:00:00,44.17
2018-05-12 20:00:00,44.19
2018-05-12 21:00:00,42.74
2018-05-12 22:00:00,2.42
2018-05-12 23:00:00,2.42
2018-05-13 00:00:00,2.42
2018-05-13 01:00:00,2.42
2018-05-13 02:00:00,2.42
2018-05-13 03:00:00,2.42
2018-05-13 04:00:00,2.42
2018-05-13 05:00:00,2.42
2018-05-13 06:00:00,2.42
2018-05-13 07:00:00,2.42
2018-05-13 08:00:00,2.42
2018-05-13 09:00:00,2.42
2018-05-13 10:00:00,41.35
2018-05-13 11:00:00,41.06
2018-05-13 12:00:00,42.34
2018-05-13 13:00:00,33.07
2018-05-13 14:00:00,28.7
2018-05-13 15:00:00,41.43
2018-05-13 16:00:00,41.14
2018-05-13 17:00:00,41.46
2018-05-13 18:00:00,38.87
2018-05-13 19:00:00,44.32
2018-05-13 20:00:00,44.56
2018-05-13 21:00:00,37.84
2018-05-13 22:00:00,2.42
2018-05-13 23:00:00,2.42
2018-05-14 00:00:00,2.42
2018-05-14 01:00:00,2.42
2018-05-14 02:00:00,2.42
2018-05-14 03:00:00,2.42
2018-05-14 04:00:00,2.42
2018-05-14 05:00:00,2.42
2018-05-14 06:00:00,2.42
2018-05-14 07:00:00,2.42
2018-05-14 08:00:00,2.42
2018-05-14 09:00:00,2.42
2018-05-14 10:00:00,40.68
2018-05-14 11:00:00,38.72
2018-05-14 12:00:00,41.61
2018-05-14 13:00:00,41.7
2018-05-14 14:00:00,41.08
2018-05-14 15:00:00,42.25
2018-05-14 16:00:00,44.64
2018-05-14 17:00:00,41.6
2018-05-14 18:00:00,39.29
2018-05-14 19:00:00,44.26
2018-05-14 20:00:00,44.33
2018-05-14 21:00:00,44.16
2018-05-14 22:00:00,39.03
2018-05-14 23:00:00,36.13
2018-05-15 00:00:00,2.42
2018-05-15 01:00:00,2.42
2018-05-15 02:00:00,2.42
2018-05-15 03:00:00,2.42
2018-05-15 04:00:00,2.42
2018-05-15 05:00:00,2.42
2018-05-15 06:00:00,2.42
2018-05-15 07:00:00,2.420000001
2018-05-15 08:00:00,6.43
2018-05-15 09:00:00,38.87
2018-05-15 10:00:00,38.75
2018-05-15 11:00:00,38.87
2018-05-15 12:00:00,39.5
2018-05-15 13:00:00,38.44
2018-05-15 14:00:00,39.21
2018-05-15 15:00:00,38.66
2018-05-15 16:00:00,38.91
2018-05-15 17:00:00,38.85
2018-05-15 18:00:00,38.9
2018-05-15 19:00:00,44.87
2018-05-15 20:00:00,44.42
2018-05-15 21:00:00,44.4
2018-05-15 22:00:00,39.33
2018-05-15 23:00:00,37.87
2018-05-16 00:00:00,2.42
2018-05-16 01:00:00,2.42
2018-05-16 02:00:00,2.42
2018-05-16 03:00:00,2.42
2018-05-16 04:00:00,2.42
2018-05-16 05:00:00,2.42
2018-05-16 06:00:00,2.42
2018-05-16 07:00:00,2.42
2018-05-16 08:00:00,2.42
2018-05-16 09:00:00,2.42
2018-05-16 10:00:00,2.42
2018-05-16 11:00:00,2.42
2018-05-16 12:00:00,2.42
2018-05-16 13:00:00,2.42
2018-05-16 14:00:00,2.42
2018-05-16 15:00:00,2.42
2018-05-16 16:00:00,2.42
2018-05-16 17:00:00,2.42
2018-05-16 18:00:00,2.42
2018-05-16 19:00:00,9.420000006
2018-05-16 20:00:00,41.98
2018-05-16 21:00:00,38.79
2018-05-16 22:00:00,41.26
2018-05-16 23:00:00,18.95
2018-05-17 00:00:00,2.42
2018-05-17 01:00:00,2.42
2018-05-17 02:00:00,2.42
2018-05-17 03:00:00,2.42
2018-05-17 04:00:00,2.42
2018-05-17 05:00:00,2.42
2018-05-17 06:00:00,2.42
2018-05-17 07:00:00,2.42
2018-05-17 08:00:00,2.42
2018-05-17 09:00:00,2.42
2018-05-17 10:00:00,2.42
2018-05-17 11:00:00,2.42
2018-05-17 12:00:00,2.42
2018-05-17 13:00:00,2.42
2018-05-17 14:00:00,2.42
2018-05-17 15:00:00,2.42
2018-05-17 16:00:00,2.42
2018-05-17 17:00:00,2.42
2018-05-17 18:00:00,2.42
2018-05-17 19:00:00,6.880000006
2018-05-17 20:00:00,41.49
2018-05-17 21:00:00,39.05
2018-05-17 22:00:00,33.89
2018-05-17 23:00:00,29.23
2018-05-18 00:00:00,2.42
2018-05-18 01:00:00,1.78
2018-05-18 02:00:00,1.78
2018-05-18 03:00:00,1.78
2018-05-18 04:00:00,1.78
2018-05-18 05:00:00,1.78
2018-05-18 06:00:00,1.78
2018-05-18 07:00:00,1.78
2018-05-18 08:00:00,1.78
2018-05-18 09:00:00,1.78
2018-05-18 10:00:00,1.78
2018-05-18 11:00:00,1.78
2018-05-18 12:00:00,1.78
2018-05-18 13:00:00,1.780000003
2018-05-18 14:00:00,20.62
2018-05-18 15:00:00,33.17
2018-05-18 16:00:00,25.03
2018-05-18 17:00:00,1.78
2018-05-18 18:00:00,1.78
2018-05-18 19:00:00,1.78
2018-05-18 20:00:00,1.78
2018-05-18 21:00:00,1.78
2018-05-18 22:00:00,1.78
2018-05-18 23:00:00,1.78
2018-05-19 00:00:00,1.78
2018-05-19 01:00:00,1.78
2018-05-19 02:00:00,1.78
2018-05-19 03:00:00,1.78
2018-05-19 04:00:00,1.78
2018-05-19 05:00:00,1.78
2018-05-19 06:00:00,1.78
2018-05-19 07:00:00,1.78
2018-05-19 08:00:00,1.78
2018-05-19 09:00:00,1.78
2018-05-19 10:00:00,1.78
2018-05-19 11:00:00,1.78
2018-05-19 12:00:00,1.78
2018-05-19 13:00:00,1.78
2018-05-19 14:00:00,1.78
2018-05-19 15:00:00,1.78
2018-05-19 16:00:00,1.78
2018-05-19 17:00:00,1.78
2018-05-19 18:00:00,1.78
2018-05-19 19:00:00,37.69
2018-05-19 20:00:00,32.82
2018-05-19 21:00:00,29.47
2018-05-19 22:00:00,1.78
2018-05-19 23:00:00,1.78
2018-05-20 00:00:00,1.78
2018-05-20 01:00:00,2.42
2018-05-20 02:00:00,2.42
2018-05-20 03:00:00,2.42
2018-05-20 04:00:00,2.42
2018-05-20 05:00:00,2.42
2018-05-20 06:00:00,2.42
2018-05-20 07:00:00,2.42
2018-05-20 08:00:00,2.42
2018-05-20 09:00:00,2.42
2018-05-20 10:00:00,2.42
2018-05-20 11:00:00,2.42
2018-05-20 12:00:00,2.42
2018-05-20 13:00:00,2.42
2018-05-20 14:00:00,2.42
2018-05-20 15:00:00,9.27
2018-05-20 16:00:00,34.04
2018-05-20 17:00:00,31.06
2018-05-20 18:00:00,26.23
2018-05-20 19:00:00,44.19
2018-05-20 20:00:00,44.35
2018-05-20 21:00:00,41.92
2018-05-20 22:00:00,38.15999999
2018-05-20 23:00:00,2.42
2018-05-21 00:00:00,2.42
2018-05-21 01:00:00,2.42
2018-05-21 02:00:00,2.42
2018-05-21 03:00:00,2.42
2018-05-21 04:00:00,2.42
2018-05-21 05:00:00,2.42
2018-05-21 06:00:00,2.42
2018-05-21 07:00:00,2.42
2018-05-21 08:00:00,2.42
2018-05-21 09:00:00,2.42
2018-05-21 10:00:00,2.42
2018-05-21 11:00:00,2.42
2018-05-21 12:00:00,2.42
2018-05-21 13:00:00,2.420000001
2018-05-21 14:00:00,7.92
2018-05-21 15:00:00,34.08
2018-05-21 16:00:00,38.83
2018-05-21 17:00:00,33.83
2018-05-21 18:00:00,33.7
2018-05-21 19:00:00,38.67
2018-05-21 20:00:00,38.9
2018-05-21 21:00:00,38.92
2018-05-21 22:00:00,38.54999999
2018-05-21 23:00:00,4.96
2018-05-22 00:00:00,2.42
2018-05-22 01:00:00,2.42
2018-05-22 02:00:00,2.42
2018-05-22 03:00:00,2.42
2018-05-22 04:00:00,2.42
2018-05-22 05:00:00,2.42
2018-05-22 06:00:00,2.42
2018-05-22 07:00:00,2.42
2018-05-22 08:00:00,2.42
2018-05-22 09:00:00,6.4
2018-05-22 10:00:00,42.05
2018-05-22 11:00:00,42.14
2018-05-22 12:00:00,42.6
2018-05-22 13:00:00,41.91
2018-05-22 14:00:00,42.64
2018-05-22 15:00:00,41.63
2018-05-22 16:00:00,45.04
2018-05-22 17:00:00,41.67
2018-05-22 18:00:00,39.42
2018-05-22 19:00:00,44.79
2018-05-22 20:00:00,44.6
2018-05-22 21:00:00,41.96
2018-05-22 22:00:00,40.51999999
2018-05-22 23:00:00,2.42
2018-05-23 00:00:00,2.42
2018-05-23 01:00:00,2.42
2018-05-23 02:00:00,2.42
2018-05-23 03:00:00,2.42
2018-05-23 04:00:00,2.420000007
2018-05-23 05:00:00,41.41
2018-05-23 06:00:00,41.3
2018-05-23 07:00:00,41.41
2018-05-23 08:00:00,41.94
2018-05-23 09:00:00,42.75
2018-05-23 10:00:00,42.03
2018-05-23 11:00:00,42.54
2018-05-23 12:00:00,42.1
2018-05-23 13:00:00,43.49
2018-05-23 14:00:00,42.63
2018-05-23 15:00:00,42.91
2018-05-23 16:00:00,41.76
2018-05-23 17:00:00,43.44
2018-05-23 18:00:00,41.72
2018-05-23 19:00:00,43.24
2018-05-23 20:00:00,43.28
2018-05-23 21:00:00,43.23
2018-05-23 22:00:00,42.18
2018-05-23 23:00:00,37.92
2018-05-24 00:00:00,2.42
2018-05-24 01:00:00,1.78
2018-05-24 02:00:00,1.78
2018-05-24 03:00:00,1.78
2018-05-24 04:00:00,1.78
2018-05-24 05:00:00,1.78
2018-05-24 06:00:00,1.78
2018-05-24 07:00:00,1.78
2018-05-24 08:00:00,1.78
2018-05-24 09:00:00,1.78
2018-05-24 10:00:00,1.780000005
2018-05-24 11:00:00,33.1
2018-05-24 12:00:00,33.48
2018-05-24 13:00:00,33.53
2018-05-24 14:00:00,33.46
2018-05-24 15:00:00,35.56
2018-05-24 16:00:00,35.88
2018-05-24 17:00:00,33.13
2018-05-24 18:00:00,32.67
2018-05-24 19:00:00,33.32
2018-05-24 20:00:00,35.83
2018-05-24 21:00:00,35.79
2018-05-24 22:00:00,31.36999999
2018-05-24 23:00:00,1.78
2018-05-25 00:00:00,1.78
2018-05-25 01:00:00,1.78
2018-05-25 02:00:00,1.78
2018-05-25 03:00:00,1.78
2018-05-25 04:00:00,1.78
2018-05-25 05:00:00,1.78
2018-05-25 06:00:00,1.78
2018-05-25 07:00:00,1.78
2018-05-25 08:00:00,1.78
2018-05-25 09:00:00,1.78
2018-05-25 10:00:00,1.78
2018-05-25 11:00:00,1.78
2018-05-25 12:00:00,32.7
2018-05-25 13:00:00,30.45
2018-05-25 14:00:00,33.41
2018-05-25 15:00:00,33.41
2018-05-25 16:00:00,33.25
2018-05-25 17:00:00,33.44
2018-05-25 18:00:00,22.24
2018-05-25 19:00:00,35.37
2018-05-25 20:00:00,34.87
2018-05-25 21:00:00,3.77
2018-05-25 22:00:00,1.78
2018-05-25 23:00:00,1.78
2018-05-26 00:00:00,1.78
2018-05-26 01:00:00,2.42
2018-05-26 02:00:00,2.42
2018-05-26 03:00:00,2.42
2018-05-26 04:00:00,2.42
2018-05-26 05:00:00,2.42
2018-05-26 06:00:00,2.42
2018-05-26 07:00:00,2.42
2018-05-26 08:00:00,2.42
2018-05-26 09:00:00,2.42
2018-05-26 10:00:00,2.42
2018-05-26 11:00:00,2.42
2018-05-26 12:00:00,2.42
2018-05-26 13:00:00,2.42
2018-05-26 14:00:00,2.42
2018-05-26 15:00:00,2.42
2018-05-26 16:00:00,2.42
2018-05-26 17:00:00,2.42
2018-05-26 18:00:00,2.42
2018-05-26 19:00:00,41.98
2018-05-26 20:00:00,43.9
2018-05-26 21:00:00,43.76
2018-05-26 22:00:00,43.81
2018-05-26 23:00:00,39.57
2018-05-27 00:00:00,2.42
2018-05-27 01:00:00,2.42
2018-05-27 02:00:00,2.42
2018-05-27 03:00:00,2.42
2018-05-27 04:00:00,2.42
2018-05-27 05:00:00,2.42
2018-05-27 06:00:00,2.42
2018-05-27 07:00:00,2.42
2018-05-27 08:00:00,2.42
2018-05-27 09:00:00,2.42
2018-05-27 10:00:00,2.42
2018-05-27 11:00:00,2.42
2018-05-27 12:00:00,2.42
2018-05-27 13:00:00,2.42
2018-05-27 14:00:00,2.42
2018-05-27 15:00:00,2.42
2018-05-27 16:00:00,2.42
2018-05-27 17:00:00,2.42
2018-05-27 18:00:00,2.42
2018-05-27 19:00:00,36
2018-05-27 20:00:00,35.84
2018-05-27 21:00:00,25.65
2018-05-27 22:00:00,2.42
2018-05-27 23:00:00,2.42
2018-05-28 00:00:00,2.42
2018-05-28 01:00:00,2.42
2018-05-28 02:00:00,2.42
2018-05-28 03:00:00,2.42
2018-05-28 04:00:00,2.42
2018-05-28 05:00:00,2.42
2018-05-28 06:00:00,2.42
2018-05-28 07:00:00,2.420000004
2018-05-28 08:00:00,25.79
2018-05-28 09:00:00,30.14
2018-05-28 10:00:00,27.36
2018-05-28 11:00:00,25.76
2018-05-28 12:00:00,27.66
2018-05-28 13:00:00,27.51
2018-05-28 14:00:00,28.5
2018-05-28 15:00:00,30.14
2018-05-28 16:00:00,31.24
2018-05-28 17:00:00,28.66
2018-05-28 18:00:00,23.3
2018-05-28 19:00:00,31.28
2018-05-28 20:00:00,32.24
2018-05-28 21:00:00,33.23
2018-05-28 22:00:00,29.97
2018-05-28 23:00:00,2.42
2018-05-29 00:00:00,2.42
2018-05-29 01:00:00,2.42
2018-05-29 02:00:00,2.42
2018-05-29 03:00:00,2.42
2018-05-29 04:00:00,2.42
2018-05-29 05:00:00,2.42
2018-05-29 06:00:00,6.94
2018-05-29 07:00:00,30.55
2018-05-29 08:00:00,30.25
2018-05-29 09:00:00,29.62
2018-05-29 10:00:00,27.55
2018-05-29 11:00:00,33.64
2018-05-29 12:00:00,25.86
2018-05-29 13:00:00,24.28
2018-05-29 14:00:00,34.08
2018-05-29 15:00:00,27.88
2018-05-29 16:00:00,27.05
2018-05-29 17:00:00,27.93
2018-05-29 18:00:00,27.4
2018-05-29 19:00:00,27.63
2018-05-29 20:00:00,31.7
2018-05-29 21:00:00,29.41
2018-05-29 22:00:00,27.85
2018-05-29 23:00:00,26.7
2018-05-30 00:00:00,2.42
2018-05-30 01:00:00,2.42
2018-05-30 02:00:00,2.42
2018-05-30 03:00:00,2.42
2018-05-30 04:00:00,2.42
2018-05-30 05:00:00,2.42
2018-05-30 06:00:00,2.42
2018-05-30 07:00:00,25.07
2018-05-30 08:00:00,30.8
2018-05-30 09:00:00,35.41
2018-05-30 10:00:00,25.86
2018-05-30 11:00:00,26.04
2018-05-30 12:00:00,26.29
2018-05-30 13:00:00,26.83
2018-05-30 14:00:00,28.08
2018-05-30 15:00:00,29.44
2018-05-30 16:00:00,34.84
2018-05-30 17:00:00,32.01
2018-05-30 18:00:00,31.13
2018-05-30 19:00:00,27.84
2018-05-30 20:00:00,35.26
2018-05-30 21:00:00,26.68
2018-05-30 22:00:00,29.66
2018-05-30 23:00:00,31.87
2018-05-31 00:00:00,9.61
2018-05-31 01:00:00,2.42
2018-05-31 02:00:00,2.42
2018-05-31 03:00:00,2.42
2018-05-31 04:00:00,2.42
2018-05-31 05:00:00,2.42
2018-05-31 06:00:00,7.46
2018-05-31 07:00:00,29.29
2018-05-31 08:00:00,29.78
2018-05-31 09:00:00,29.85
2018-05-31 10:00:00,29.94
2018-05-31 11:00:00,26.16
2018-05-31 12:00:00,25.41
2018-05-31 13:00:00,28.99
2018-05-31 14:00:00,37.91
2018-05-31 15:00:00,28.79
2018-05-31 16:00:00,29
2018-05-31 17:00:00,27.51
2018-05-31 18:00:00,23.08
2018-05-31 19:00:00,23.82
2018-05-31 20:00:00,29.11
2018-05-31 21:00:00,26.44
2018-05-31 22:00:00,25.09
2018-05-31 23:00:00,22.82
2018-06-01 00:00:00,2.42
2018-06-01 01:00:00,2.42
2018-06-01 02:00:00,2.42
2018-06-01 03:00:00,2.42
2018-06-01 04:00:00,2.42
2018-06-01 05:00:00,2.42
2018-06-01 06:00:00,30.44
2018-06-01 07:00:00,30.34
2018-06-01 08:00:00,30.34
2018-06-01 09:00:00,30.31
2018-06-01 10:00:00,30.31
2018-06-01 11:00:00,30.34
2018-06-01 12:00:00,30.34
2018-06-01 13:00:00,30.33
2018-06-01 14:00:00,30.33
2018-06-01 15:00:00,30.33
2018-06-01 16:00:00,30.33
2018-06-01 17:00:00,30.03
2018-06-01 18:00:00,30.02
2018-06-01 19:00:00,30.32
2018-06-01 20:00:00,30.32
2018-06-01 21:00:00,30.32
2018-06-01 22:00:00,30.31
2018-06-01 23:00:00,28.87
2018-06-02 00:00:00,2.42
2018-06-02 01:00:00,2.42
2018-06-02 02:00:00,2.42
2018-06-02 03:00:00,2.42
2018-06-02 04:00:00,2.42
2018-06-02 05:00:00,2.42
2018-06-02 06:00:00,2.42
2018-06-02 07:00:00,0
2018-06-02 08:00:00,0
2018-06-02 09:00:00,0
2018-06-02 10:00:00,0
2018-06-02 11:00:00,0
2018-06-02 12:00:00,0
2018-06-02 13:00:00,0
2018-06-02 14:00:00,0
2018-06-02 15:00:00,0
2018-06-02 16:00:00,4.13E-09
2018-06-02 17:00:00,23.65
2018-06-02 18:00:00,26.67
2018-06-02 19:00:00,30.13
2018-06-02 20:00:00,29.94
2018-06-02 21:00:00,27.12
2018-06-02 22:00:00,0
2018-06-02 23:00:00,0
2018-06-03 00:00:00,2.42
2018-06-03 01:00:00,2.42
2018-06-03 02:00:00,2.42
2018-06-03 03:00:00,2.42
2018-06-03 04:00:00,2.42
2018-06-03 05:00:00,2.42
2018-06-03 06:00:00,2.42
2018-06-03 07:00:00,2.42
2018-06-03 08:00:00,2.42
2018-06-03 09:00:00,2.42
2018-06-03 10:00:00,2.42
2018-06-03 11:00:00,2.42
2018-06-03 12:00:00,2.42
2018-06-03 13:00:00,2.42
2018-06-03 14:00:00,2.42
2018-06-03 15:00:00,2.42
2018-06-03 16:00:00,2.420000004
2018-06-03 17:00:00,26.92
2018-06-03 18:00:00,26.53
2018-06-03 19:00:00,31.04
2018-06-03 20:00:00,36.53
2018-06-03 21:00:00,23.93
2018-06-03 22:00:00,2.42
2018-06-03 23:00:00,2.42
2018-06-04 00:00:00,2.42
2018-06-04 01:00:00,2.84
2018-06-04 02:00:00,2.84
2018-06-04 03:00:00,2.84
2018-06-04 04:00:00,2.84
2018-06-04 05:00:00,2.84
2018-06-04 06:00:00,2.84
2018-06-04 07:00:00,2.840000005
2018-06-04 08:00:00,28.68
2018-06-04 09:00:00,29.68
2018-06-04 10:00:00,30.66
2018-06-04 11:00:00,32.04
2018-06-04 12:00:00,30.36
2018-06-04 13:00:00,30.99
2018-06-04 14:00:00,34.6
2018-06-04 15:00:00,32.99
2018-06-04 16:00:00,36.62
2018-06-04 17:00:00,33.7
2018-06-04 18:00:00,29.82
2018-06-04 19:00:00,32
2018-06-04 20:00:00,33.36
2018-06-04 21:00:00,33.07
2018-06-04 22:00:00,30.5
2018-06-04 23:00:00,29.7
2018-06-05 00:00:00,4.33
2018-06-05 01:00:00,2.84
2018-06-05 02:00:00,2.84
2018-06-05 03:00:00,2.84
2018-06-05 04:00:00,2.84
2018-06-05 05:00:00,2.84
2018-06-05 06:00:00,2.84
2018-06-05 07:00:00,2.840000004
2018-06-05 08:00:00,27.38
2018-06-05 09:00:00,34.59
2018-06-05 10:00:00,32.15
2018-06-05 11:00:00,34.47
2018-06-05 12:00:00,38.41
2018-06-05 13:00:00,32.93
2018-06-05 14:00:00,31.91
2018-06-05 15:00:00,29.07
2018-06-05 16:00:00,33.42
2018-06-05 17:00:00,35.04
2018-06-05 18:00:00,28.24
2018-06-05 19:00:00,31.98
2018-06-05 20:00:00,34.17
2018-06-05 21:00:00,30.26
2018-06-05 22:00:00,25.97
2018-06-05 23:00:00,24.26
2018-06-06 00:00:00,2.84
2018-06-06 01:00:00,2.84
2018-06-06 02:00:00,2.84
2018-06-06 03:00:00,2.84
2018-06-06 04:00:00,2.84
2018-06-06 05:00:00,2.84
2018-06-06 06:00:00,2.84
2018-06-06 07:00:00,26.64
2018-06-06 08:00:00,30.23
2018-06-06 09:00:00,31.09
2018-06-06 10:00:00,25.54
2018-06-06 11:00:00,25.01
2018-06-06 12:00:00,28.18
2018-06-06 13:00:00,24.96
2018-06-06 14:00:00,33.98
2018-06-06 15:00:00,28.78
2018-06-06 16:00:00,30.59
2018-06-06 17:00:00,26.27
2018-06-06 18:00:00,23.82
2018-06-06 19:00:00,30.92
2018-06-06 20:00:00,31.87
2018-06-06 21:00:00,26.96
2018-06-06 22:00:00,28.08
2018-06-06 23:00:00,22.06
2018-06-07 00:00:00,2.84
2018-06-07 01:00:00,2.84
2018-06-07 02:00:00,2.84
2018-06-07 03:00:00,2.84
2018-06-07 04:00:00,2.84
2018-06-07 05:00:00,2.84
2018-06-07 06:00:00,2.84
2018-06-07 07:00:00,24.76
2018-06-07 08:00:00,31.89
2018-06-07 09:00:00,29.86
2018-06-07 10:00:00,27.1
2018-06-07 11:00:00,30.71
2018-06-07 12:00:00,34.85
2018-06-07 13:00:00,25.25
2018-06-07 14:00:00,31.51
2018-06-07 15:00:00,30.87
2018-06-07 16:00:00,29.45
2018-06-07 17:00:00,28.65
2018-06-07 18:00:00,26.79
2018-06-07 19:00:00,29.55
2018-06-07 20:00:00,28.95
2018-06-07 21:00:00,26.58
2018-06-07 22:00:00,29.93
2018-06-07 23:00:00,26.33
2018-06-08 00:00:00,2.84
2018-06-08 01:00:00,28.3
2018-06-08 02:00:00,28.5
2018-06-08 03:00:00,25.21
2018-06-08 04:00:00,24.61
2018-06-08 05:00:00,29.37
2018-06-08 06:00:00,31.94
2018-06-08 07:00:00,32.01
2018-06-08 08:00:00,28.49
2018-06-08 09:00:00,28.74
2018-06-08 10:00:00,27.24
2018-06-08 11:00:00,26.67
2018-06-08 12:00:00,28.39
2018-06-08 13:00:00,28.92
2018-06-08 14:00:00,31.5
2018-06-08 15:00:00,31.38
2018-06-08 16:00:00,27.89
2018-06-08 17:00:00,2.84
2018-06-08 18:00:00,2.84
2018-06-08 19:00:00,2.84
2018-06-08 20:00:00,2.84
2018-06-08 21:00:00,2.84
2018-06-08 22:00:00,2.84
2018-06-08 23:00:00,2.84
2018-06-09 00:00:00,2.84
2018-06-09 01:00:00,7.58
2018-06-09 02:00:00,7.58
2018-06-09 03:00:00,7.58
2018-06-09 04:00:00,7.58
2018-06-09 05:00:00,7.58
2018-06-09 06:00:00,7.58
2018-06-09 07:00:00,7.580000004
2018-06-09 08:00:00,29.62
2018-06-09 09:00:00,33.48
2018-06-09 10:00:00,28.03
2018-06-09 11:00:00,33.75
2018-06-09 12:00:00,30.5
2018-06-09 13:00:00,28.5
2018-06-09 14:00:00,31.06
2018-06-09 15:00:00,29.35
2018-06-09 16:00:00,32.41
2018-06-09 17:00:00,36.66
2018-06-09 18:00:00,37.21
2018-06-09 19:00:00,32.91
2018-06-09 20:00:00,33.81
2018-06-09 21:00:00,30.5
2018-06-09 22:00:00,31.28
2018-06-09 23:00:00,30
2018-06-10 00:00:00,7.58
2018-06-10 01:00:00,7.58
2018-06-10 02:00:00,7.58
2018-06-10 03:00:00,7.58
2018-06-10 04:00:00,7.58
2018-06-10 05:00:00,7.58
2018-06-10 06:00:00,7.58
2018-06-10 07:00:00,7.580000005
2018-06-10 08:00:00,34.8
2018-06-10 09:00:00,35.81
2018-06-10 10:00:00,36.68
2018-06-10 11:00:00,33.87
2018-06-10 12:00:00,39.39
2018-06-10 13:00:00,37.58
2018-06-10 14:00:00,36.41
2018-06-10 15:00:00,35.13
2018-06-10 16:00:00,34.3
2018-06-10 17:00:00,36.74
2018-06-10 18:00:00,32.41
2018-06-10 19:00:00,36.31
2018-06-10 20:00:00,35.61
2018-06-10 21:00:00,37.1
2018-06-10 22:00:00,35.15
2018-06-10 23:00:00,34.66
2018-06-11 00:00:00,7.58
2018-06-11 01:00:00,7.58
2018-06-11 02:00:00,7.58
2018-06-11 03:00:00,7.58
2018-06-11 04:00:00,7.58
2018-06-11 05:00:00,7.58
2018-06-11 06:00:00,11.12
2018-06-11 07:00:00,27.22
2018-06-11 08:00:00,28.23
2018-06-11 09:00:00,29.1
2018-06-11 10:00:00,26.29
2018-06-11 11:00:00,31.81
2018-06-11 12:00:00,30
2018-06-11 13:00:00,28.83
2018-06-11 14:00:00,27.55
2018-06-11 15:00:00,26.72
2018-06-11 16:00:00,29.16
2018-06-11 17:00:00,24.83
2018-06-11 18:00:00,28.73
2018-06-11 19:00:00,28.03
2018-06-11 20:00:00,29.52
2018-06-11 21:00:00,27.57
2018-06-11 22:00:00,27.08
2018-06-11 23:00:00,0
2018-06-12 00:00:00,7.58
2018-06-12 01:00:00,7.58
2018-06-12 02:00:00,7.58
2018-06-12 03:00:00,7.58
2018-06-12 04:00:00,7.58
2018-06-12 05:00:00,7.58
2018-06-12 06:00:00,11.12
2018-06-12 07:00:00,35.15
2018-06-12 08:00:00,34.66
2018-06-12 09:00:00,37.36
2018-06-12 10:00:00,35.4
2018-06-12 11:00:00,36.97
2018-06-12 12:00:00,36.24
2018-06-12 13:00:00,34.43
2018-06-12 14:00:00,33.83
2018-06-12 15:00:00,37.03
2018-06-12 16:00:00,36.01
2018-06-12 17:00:00,33.77
2018-06-12 18:00:00,32.61
2018-06-12 19:00:00,35.15
2018-06-12 20:00:00,36.28
2018-06-12 21:00:00,33.81
2018-06-12 22:00:00,31.93
2018-06-12 23:00:00,9.05
2018-06-13 00:00:00,7.58
2018-06-13 01:00:00,7.58
2018-06-13 02:00:00,7.58
2018-06-13 03:00:00,7.58
2018-06-13 04:00:00,7.58
2018-06-13 05:00:00,7.58
2018-06-13 06:00:00,7.58
2018-06-13 07:00:00,36.24
2018-06-13 08:00:00,35.83
2018-06-13 09:00:00,35.24
2018-06-13 10:00:00,36.37
2018-06-13 11:00:00,34.36
2018-06-13 12:00:00,42.89
2018-06-13 13:00:00,40.84
2018-06-13 14:00:00,35.04
2018-06-13 15:00:00,35.81
2018-06-13 16:00:00,39.29
2018-06-13 17:00:00,36.37
2018-06-13 18:00:00,32.42
2018-06-13 19:00:00,36.78
2018-06-13 20:00:00,38.38
2018-06-13 21:00:00,34.6
2018-06-13 22:00:00,32.8
2018-06-13 23:00:00,32.28
2018-06-14 00:00:00,7.58
2018-06-14 01:00:00,7.58
2018-06-14 02:00:00,7.58
2018-06-14 03:00:00,7.58
2018-06-14 04:00:00,7.58
2018-06-14 05:00:00,7.58
2018-06-14 06:00:00,7.58
2018-06-14 07:00:00,34.49
2018-06-14 08:00:00,36.48
2018-06-14 09:00:00,35.32
2018-06-14 10:00:00,36.08
2018-06-14 11:00:00,37.6
2018-06-14 12:00:00,39.12
2018-06-14 13:00:00,34.54
2018-06-14 14:00:00,40.55
2018-06-14 15:00:00,40.29
2018-06-14 16:00:00,39.68
2018-06-14 17:00:00,34.56
2018-06-14 18:00:00,40.94
2018-06-14 19:00:00,41.28
2018-06-14 20:00:00,39.12
2018-06-14 21:00:00,41.54
2018-06-14 22:00:00,40.28
2018-06-14 23:00:00,34.08
2018-06-15 00:00:00,7.58
2018-06-15 01:00:00,8.71
2018-06-15 02:00:00,8.71
2018-06-15 03:00:00,8.71
2018-06-15 04:00:00,8.71
2018-06-15 05:00:00,8.71
2018-06-15 06:00:00,8.71
2018-06-15 07:00:00,8.710000001
2018-06-15 08:00:00,12.31
2018-06-15 09:00:00,38.65
2018-06-15 10:00:00,40.92
2018-06-15 11:00:00,39.32
2018-06-15 12:00:00,38.86
2018-06-15 13:00:00,40.43
2018-06-15 14:00:00,44.14
2018-06-15 15:00:00,41.94
2018-06-15 16:00:00,42.37
2018-06-15 17:00:00,35.24
2018-06-15 18:00:00,40.31
2018-06-15 19:00:00,39.54
2018-06-15 20:00:00,41.6
2018-06-15 21:00:00,36.91
2018-06-15 22:00:00,32.47
2018-06-15 23:00:00,29.22
2018-06-16 00:00:00,11.57
2018-06-16 01:00:00,35.25
2018-06-16 02:00:00,32.65
2018-06-16 03:00:00,33.44
2018-06-16 04:00:00,33.82
2018-06-16 05:00:00,37.46
2018-06-16 06:00:00,35.77
2018-06-16 07:00:00,41.18
2018-06-16 08:00:00,38.81
2018-06-16 09:00:00,38.01
2018-06-16 10:00:00,39.17
2018-06-16 11:00:00,33.74
2018-06-16 12:00:00,31.1
2018-06-16 13:00:00,30.43
2018-06-16 14:00:00,35.84
2018-06-16 15:00:00,40.36
2018-06-16 16:00:00,37.87999999
2018-06-16 17:00:00,8.71
2018-06-16 18:00:00,8.71
2018-06-16 19:00:00,8.71
2018-06-16 20:00:00,8.71
2018-06-16 21:00:00,8.71
2018-06-16 22:00:00,8.71
2018-06-16 23:00:00,8.71
2018-06-17 00:00:00,8.71
2018-06-17 01:00:00,8.71
2018-06-17 02:00:00,8.71
2018-06-17 03:00:00,8.71
2018-06-17 04:00:00,8.71
2018-06-17 05:00:00,8.71
2018-06-17 06:00:00,8.71
2018-06-17 07:00:00,8.71
2018-06-17 08:00:00,8.71
2018-06-17 09:00:00,8.71
2018-06-17 10:00:00,8.710000001
2018-06-17 11:00:00,11.73
2018-06-17 12:00:00,34.12
2018-06-17 13:00:00,35.1
2018-06-17 14:00:00,33.34
2018-06-17 15:00:00,39.15
2018-06-17 16:00:00,36.5
2018-06-17 17:00:00,34.9
2018-06-17 18:00:00,38.05
2018-06-17 19:00:00,37.19
2018-06-17 20:00:00,40.74
2018-06-17 21:00:00,32.68
2018-06-17 22:00:00,36.25
2018-06-17 23:00:00,32.44
2018-06-18 00:00:00,8.71
2018-06-18 01:00:00,8.71
2018-06-18 02:00:00,8.71
2018-06-18 03:00:00,8.71
2018-06-18 04:00:00,8.71
2018-06-18 05:00:00,8.71
2018-06-18 06:00:00,10.75
2018-06-18 07:00:00,38.43
2018-06-18 08:00:00,37.93
2018-06-18 09:00:00,34.46
2018-06-18 10:00:00,35.04
2018-06-18 11:00:00,35.37
2018-06-18 12:00:00,35.38
2018-06-18 13:00:00,38.54
2018-06-18 14:00:00,42.6
2018-06-18 15:00:00,40.99
2018-06-18 16:00:00,43.46
2018-06-18 17:00:00,33.83
2018-06-18 18:00:00,34.09
2018-06-18 19:00:00,36.85
2018-06-18 20:00:00,40.07
2018-06-18 21:00:00,38.67
2018-06-18 22:00:00,31.17
2018-06-18 23:00:00,34.91
2018-06-19 00:00:00,19.29
2018-06-19 01:00:00,8.71
2018-06-19 02:00:00,8.71
2018-06-19 03:00:00,8.71
2018-06-19 04:00:00,8.71
2018-06-19 05:00:00,8.71
2018-06-19 06:00:00,8.71
2018-06-19 07:00:00,38.14
2018-06-19 08:00:00,37.98
2018-06-19 09:00:00,36.36
2018-06-19 10:00:00,32.69
2018-06-19 11:00:00,36.28
2018-06-19 12:00:00,36.98
2018-06-19 13:00:00,41.01
2018-06-19 14:00:00,42.4
2018-06-19 15:00:00,34.43
2018-06-19 16:00:00,32.93
2018-06-19 17:00:00,43.93
2018-06-19 18:00:00,33.9
2018-06-19 19:00:00,37.81
2018-06-19 20:00:00,39.03
2018-06-19 21:00:00,37.33
2018-06-19 22:00:00,37.9
2018-06-19 23:00:00,33.23
2018-06-20 00:00:00,19.18
2018-06-20 01:00:00,8.71
2018-06-20 02:00:00,8.71
2018-06-20 03:00:00,37.85
2018-06-20 04:00:00,36.62
2018-06-20 05:00:00,40.92
2018-06-20 06:00:00,39.93
2018-06-20 07:00:00,44.34
2018-06-20 08:00:00,36.45
2018-06-20 09:00:00,39.85
2018-06-20 10:00:00,37.01
2018-06-20 11:00:00,38.79
2018-06-20 12:00:00,36.88
2018-06-20 13:00:00,38.89
2018-06-20 14:00:00,35.87
2018-06-20 15:00:00,36.18
2018-06-20 16:00:00,36.14
2018-06-20 17:00:00,37.14
2018-06-20 18:00:00,38.45
2018-06-20 19:00:00,10.65
2018-06-20 20:00:00,8.71
2018-06-20 21:00:00,8.71
2018-06-20 22:00:00,8.71
2018-06-20 23:00:00,8.71
2018-06-21 00:00:00,8.71
2018-06-21 01:00:00,8.71
2018-06-21 02:00:00,8.71
2018-06-21 03:00:00,8.71
2018-06-21 04:00:00,8.710000005
2018-06-21 05:00:00,36.2
2018-06-21 06:00:00,37.11
2018-06-21 07:00:00,41.85
2018-06-21 08:00:00,43.6
2018-06-21 09:00:00,40.31
2018-06-21 10:00:00,40.15
2018-06-21 11:00:00,37.46
2018-06-21 12:00:00,33.35
2018-06-21 13:00:00,32.77
2018-06-21 14:00:00,32.5
2018-06-21 15:00:00,31.67
2018-06-21 16:00:00,40.65
2018-06-21 17:00:00,39.96
2018-06-21 18:00:00,43.79
2018-06-21 19:00:00,37.69
2018-06-21 20:00:00,40.17
2018-06-21 21:00:00,36.83
2018-06-21 22:00:00,35.36
2018-06-21 23:00:00,10.37
2018-06-22 00:00:00,8.71
2018-06-22 01:00:00,8.71
2018-06-22 02:00:00,8.71
2018-06-22 03:00:00,8.71
2018-06-22 04:00:00,8.71
2018-06-22 05:00:00,8.71
2018-06-22 06:00:00,8.71
2018-06-22 07:00:00,8.710000003
2018-06-22 08:00:00,27.76
2018-06-22 09:00:00,39.9
2018-06-22 10:00:00,38.32
2018-06-22 11:00:00,37.23
2018-06-22 12:00:00,36.72
2018-06-22 13:00:00,36.95
2018-06-22 14:00:00,41.25
2018-06-22 15:00:00,36.27
2018-06-22 16:00:00,37.5
2018-06-22 17:00:00,36.48
2018-06-22 18:00:00,29.87
2018-06-22 19:00:00,34.9
2018-06-22 20:00:00,39.15
2018-06-22 21:00:00,43.88
2018-06-22 22:00:00,40.95999999
2018-06-22 23:00:00,8.71
2018-06-23 00:00:00,8.71
2018-06-23 01:00:00,35.59
2018-06-23 02:00:00,36.31
2018-06-23 03:00:00,38.76
2018-06-23 04:00:00,37.66
2018-06-23 05:00:00,42.7
2018-06-23 06:00:00,33.97
2018-06-23 07:00:00,41.04
2018-06-23 08:00:00,36.36
2018-06-23 09:00:00,42.04
2018-06-23 10:00:00,37.63
2018-06-23 11:00:00,34.12
2018-06-23 12:00:00,33.99
2018-06-23 13:00:00,32.78
2018-06-23 14:00:00,36.89
2018-06-23 15:00:00,32.66
2018-06-23 16:00:00,38.9
2018-06-23 17:00:00,37.76
2018-06-23 18:00:00,35.01
2018-06-23 19:00:00,8.71
2018-06-23 20:00:00,8.71
2018-06-23 21:00:00,8.71
2018-06-23 22:00:00,8.71
2018-06-23 23:00:00,8.71
2018-06-24 00:00:00,12.02
2018-06-24 01:00:00,38.42
2018-06-24 02:00:00,40.63
2018-06-24 03:00:00,38.75
2018-06-24 04:00:00,40.51
2018-06-24 05:00:00,42.26
2018-06-24 06:00:00,33.1
2018-06-24 07:00:00,38.11
2018-06-24 08:00:00,39.78
2018-06-24 09:00:00,35.37
2018-06-24 10:00:00,33.22
2018-06-24 11:00:00,36.59
2018-06-24 12:00:00,32.3
2018-06-24 13:00:00,33.83
2018-06-24 14:00:00,12.51
2018-06-24 15:00:00,8.71
2018-06-24 16:00:00,8.71
2018-06-24 17:00:00,8.71
2018-06-24 18:00:00,38.75
2018-06-24 19:00:00,36.18
2018-06-24 20:00:00,42.4
2018-06-24 21:00:00,35.48
2018-06-24 22:00:00,8.71
2018-06-24 23:00:00,8.71
2018-06-25 00:00:00,8.71
2018-06-25 01:00:00,8.71
2018-06-25 02:00:00,8.71
2018-06-25 03:00:00,8.71
2018-06-25 04:00:00,8.71
2018-06-25 05:00:00,8.71
2018-06-25 06:00:00,8.71
2018-06-25 07:00:00,8.710000004
2018-06-25 08:00:00,33.95
2018-06-25 09:00:00,44.24
2018-06-25 10:00:00,40.17
2018-06-25 11:00:00,38.95
2018-06-25 12:00:00,39.46
2018-06-25 13:00:00,38.68
2018-06-25 14:00:00,39.3
2018-06-25 15:00:00,44.64
2018-06-25 16:00:00,40.65
2018-06-25 17:00:00,37.77
2018-06-25 18:00:00,41.02
2018-06-25 19:00:00,38.23
2018-06-25 20:00:00,39.82
2018-06-25 21:00:00,37.6
2018-06-25 22:00:00,38.44
2018-06-25 23:00:00,36.26
2018-06-26 00:00:00,8.71
2018-06-26 01:00:00,8.71
2018-06-26 02:00:00,8.71
2018-06-26 03:00:00,8.71
2018-06-26 04:00:00,8.71
2018-06-26 05:00:00,8.71
2018-06-26 06:00:00,8.71
2018-06-26 07:00:00,8.710000001
2018-06-26 08:00:00,11.79
2018-06-26 09:00:00,39.78
2018-06-26 10:00:00,41.73
2018-06-26 11:00:00,40.8
2018-06-26 12:00:00,38.01
2018-06-26 13:00:00,38.28
2018-06-26 14:00:00,38.69
2018-06-26 15:00:00,47.54
2018-06-26 16:00:00,42.65
2018-06-26 17:00:00,39.11
2018-06-26 18:00:00,34.9
2018-06-26 19:00:00,36.93
2018-06-26 20:00:00,36.42
2018-06-26 21:00:00,38.21
2018-06-26 22:00:00,38.32
2018-06-26 23:00:00,29.03
2018-06-27 00:00:00,13.43
2018-06-27 01:00:00,8.71
2018-06-27 02:00:00,8.71
2018-06-27 03:00:00,8.71
2018-06-27 04:00:00,8.71
2018-06-27 05:00:00,8.71
2018-06-27 06:00:00,8.71
2018-06-27 07:00:00,35.69
2018-06-27 08:00:00,35.7
2018-06-27 09:00:00,35.05
2018-06-27 10:00:00,38.44
2018-06-27 11:00:00,34.22
2018-06-27 12:00:00,35.55
2018-06-27 13:00:00,33.25
2018-06-27 14:00:00,39.35
2018-06-27 15:00:00,31.28
2018-06-27 16:00:00,36.11
2018-06-27 17:00:00,34.38
2018-06-27 18:00:00,35.51
2018-06-27 19:00:00,36.92
2018-06-27 20:00:00,39.91
2018-06-27 21:00:00,30.88
2018-06-27 22:00:00,8.71
2018-06-27 23:00:00,8.71
2018-06-28 00:00:00,8.71
2018-06-28 01:00:00,8.71
2018-06-28 02:00:00,8.71
2018-06-28 03:00:00,8.71
2018-06-28 04:00:00,8.71
2018-06-28 05:00:00,8.71
2018-06-28 06:00:00,8.71
2018-06-28 07:00:00,8.71
2018-06-28 08:00:00,8.71
2018-06-28 09:00:00,8.71
2018-06-28 10:00:00,37.83
2018-06-28 11:00:00,32.78
2018-06-28 12:00:00,33.22
2018-06-28 13:00:00,31.83
2018-06-28 14:00:00,34.03
2018-06-28 15:00:00,34.19
2018-06-28 16:00:00,34.51
2018-06-28 17:00:00,35.38
2018-06-28 18:00:00,36.74
2018-06-28 19:00:00,40
2018-06-28 20:00:00,39.93
2018-06-28 21:00:00,38.47
2018-06-28 22:00:00,37.6
2018-06-28 23:00:00,34.92
2018-06-29 00:00:00,34.46
2018-06-29 01:00:00,34.51
2018-06-29 02:00:00,38.77
2018-06-29 03:00:00,32.88
2018-06-29 04:00:00,36.69
2018-06-29 05:00:00,36.63
2018-06-29 06:00:00,33.96
2018-06-29 07:00:00,37.63
2018-06-29 08:00:00,36.65
2018-06-29 09:00:00,8.71
2018-06-29 10:00:00,8.71
2018-06-29 11:00:00,8.71
2018-06-29 12:00:00,8.71
2018-06-29 13:00:00,8.710000001
2018-06-29 14:00:00,12.44
2018-06-29 15:00:00,40.71
2018-06-29 16:00:00,40.69
2018-06-29 17:00:00,40.83
2018-06-29 18:00:00,37.3
2018-06-29 19:00:00,39.91
2018-06-29 20:00:00,39.39
2018-06-29 21:00:00,45.41
2018-06-29 22:00:00,41.58
2018-06-29 23:00:00,34.53
2018-06-30 00:00:00,11.43
2018-06-30 01:00:00,8.71
2018-06-30 02:00:00,8.71
2018-06-30 03:00:00,8.71
2018-06-30 04:00:00,8.71
2018-06-30 05:00:00,8.71
2018-06-30 06:00:00,8.71
2018-06-30 07:00:00,8.710000006
2018-06-30 08:00:00,40.21
2018-06-30 09:00:00,40.27
2018-06-30 10:00:00,41.45
2018-06-30 11:00:00,34.92
2018-06-30 12:00:00,36.19
2018-06-30 13:00:00,29.75
2018-06-30 14:00:00,37.09
2018-06-30 15:00:00,36.7
2018-06-30 16:00:00,39.56
2018-06-30 17:00:00,41.8
2018-06-30 18:00:00,40.57
2018-06-30 19:00:00,38.39
2018-06-30 20:00:00,40.62
2018-06-30 21:00:00,39.69
2018-06-30 22:00:00,40.53
2018-06-30 23:00:00,37.13
2018-07-01 00:00:00,8.71
2018-07-01 01:00:00,8.71
2018-07-01 02:00:00,8.71
2018-07-01 03:00:00,8.71
2018-07-01 04:00:00,8.71
2018-07-01 05:00:00,8.71
2018-07-01 06:00:00,32.44
2018-07-01 07:00:00,34.33
2018-07-01 08:00:00,37.77
2018-07-01 09:00:00,34.8
2018-07-01 10:00:00,36.9
2018-07-01 11:00:00,29.74
2018-07-01 12:00:00,31.77
2018-07-01 13:00:00,36.38
2018-07-01 14:00:00,39
2018-07-01 15:00:00,37.47
2018-07-01 16:00:00,36.07
2018-07-01 17:00:00,41.03
2018-07-01 18:00:00,34.32
2018-07-01 19:00:00,35.61
2018-07-01 20:00:00,37.19
2018-07-01 21:00:00,31.78
2018-07-01 22:00:00,33.5
2018-07-01 23:00:00,32.38
2018-07-02 00:00:00,8.71
2018-07-02 01:00:00,8.71
2018-07-02 02:00:00,8.71
2018-07-02 03:00:00,8.71
2018-07-02 04:00:00,8.71
2018-07-02 05:00:00,8.71
2018-07-02 06:00:00,8.71
2018-07-02 07:00:00,8.710000006
2018-07-02 08:00:00,42.56
2018-07-02 09:00:00,39.22
2018-07-02 10:00:00,38.83
2018-07-02 11:00:00,39.33
2018-07-02 12:00:00,39.86
2018-07-02 13:00:00,36.8
2018-07-02 14:00:00,40.56
2018-07-02 15:00:00,38.13
2018-07-02 16:00:00,42.83
2018-07-02 17:00:00,39.99
2018-07-02 18:00:00,38.87
2018-07-02 19:00:00,39.11
2018-07-02 20:00:00,43.54
2018-07-02 21:00:00,42.34
2018-07-02 22:00:00,40.7
2018-07-02 23:00:00,37.1
2018-07-03 00:00:00,8.71
2018-07-03 01:00:00,9.84
2018-07-03 02:00:00,9.84
2018-07-03 03:00:00,9.84
2018-07-03 04:00:00,9.84
2018-07-03 05:00:00,9.84
2018-07-03 06:00:00,9.84
2018-07-03 07:00:00,9.84
2018-07-03 08:00:00,9.84
2018-07-03 09:00:00,43.69
2018-07-03 10:00:00,43.25
2018-07-03 11:00:00,41.07
2018-07-03 12:00:00,43.08
2018-07-03 13:00:00,41.62
2018-07-03 14:00:00,43.67
2018-07-03 15:00:00,43.08
2018-07-03 16:00:00,40.14
2018-07-03 17:00:00,42.86
2018-07-03 18:00:00,40.76
2018-07-03 19:00:00,42.28
2018-07-03 20:00:00,44.87
2018-07-03 21:00:00,43.34
2018-07-03 22:00:00,9.84
2018-07-03 23:00:00,9.84
2018-07-04 00:00:00,9.84
2018-07-04 01:00:00,9.84
2018-07-04 02:00:00,9.84
2018-07-04 03:00:00,9.84
2018-07-04 04:00:00,9.84
2018-07-04 05:00:00,9.84
2018-07-04 06:00:00,9.84
2018-07-04 07:00:00,9.840000001
2018-07-04 08:00:00,13.39
2018-07-04 09:00:00,41.5
2018-07-04 10:00:00,39.81
2018-07-04 11:00:00,44.84
2018-07-04 12:00:00,42.32
2018-07-04 13:00:00,43.82
2018-07-04 14:00:00,50.14
2018-07-04 15:00:00,43.04
2018-07-04 16:00:00,42.55
2018-07-04 17:00:00,40.75
2018-07-04 18:00:00,38.86
2018-07-04 19:00:00,37.24
2018-07-04 20:00:00,43.17
2018-07-04 21:00:00,36.89
2018-07-04 22:00:00,40.9
2018-07-04 23:00:00,39.87
2018-07-05 00:00:00,9.84
2018-07-05 01:00:00,9.84
2018-07-05 02:00:00,9.84
2018-07-05 03:00:00,35.54
2018-07-05 04:00:00,37.08
2018-07-05 05:00:00,40.23
2018-07-05 06:00:00,42.69
2018-07-05 07:00:00,44.44
2018-07-05 08:00:00,46.62
2018-07-05 09:00:00,39.62
2018-07-05 10:00:00,38.01
2018-07-05 11:00:00,42.88
2018-07-05 12:00:00,42.19
2018-07-05 13:00:00,39.59
2018-07-05 14:00:00,41.82
2018-07-05 15:00:00,41.58
2018-07-05 16:00:00,45.87
2018-07-05 17:00:00,46.52
2018-07-05 18:00:00,37.13
2018-07-05 19:00:00,37.47
2018-07-05 20:00:00,38.31
2018-07-05 21:00:00,40.13
2018-07-05 22:00:00,35.75
2018-07-05 23:00:00,36.83
2018-07-06 00:00:00,18.37
2018-07-06 01:00:00,30.44
2018-07-06 02:00:00,38.53
2018-07-06 03:00:00,37.94
2018-07-06 04:00:00,36.44
2018-07-06 05:00:00,45.99
2018-07-06 06:00:00,44.12
2018-07-06 07:00:00,46.38
2018-07-06 08:00:00,42.92
2018-07-06 09:00:00,42.96
2018-07-06 10:00:00,42.5
2018-07-06 11:00:00,39.96
2018-07-06 12:00:00,44.66
2018-07-06 13:00:00,41.93
2018-07-06 14:00:00,39.63
2018-07-06 15:00:00,40.91
2018-07-06 16:00:00,50.06
2018-07-06 17:00:00,37.56
2018-07-06 18:00:00,9.84
2018-07-06 19:00:00,9.84
2018-07-06 20:00:00,9.84
2018-07-06 21:00:00,9.84
2018-07-06 22:00:00,9.84
2018-07-06 23:00:00,9.84
2018-07-07 00:00:00,12.11
2018-07-07 01:00:00,40.41
2018-07-07 02:00:00,42.72
2018-07-07 03:00:00,37.85
2018-07-07 04:00:00,30.9
2018-07-07 05:00:00,33.09
2018-07-07 06:00:00,35.2
2018-07-07 07:00:00,9.84
2018-07-07 08:00:00,9.84
2018-07-07 09:00:00,9.84
2018-07-07 10:00:00,9.84
2018-07-07 11:00:00,9.84
2018-07-07 12:00:00,9.84
2018-07-07 13:00:00,33.49
2018-07-07 14:00:00,41.98
2018-07-07 15:00:00,41.2
2018-07-07 16:00:00,40.97
2018-07-07 17:00:00,46.89
2018-07-07 18:00:00,35.21
2018-07-07 19:00:00,40.45
2018-07-07 20:00:00,41.21
2018-07-07 21:00:00,36.47
2018-07-07 22:00:00,34.46
2018-07-07 23:00:00,34.53
2018-07-08 00:00:00,31.76
2018-07-08 01:00:00,35.71
2018-07-08 02:00:00,32.62
2018-07-08 03:00:00,37.8
2018-07-08 04:00:00,33.29
2018-07-08 05:00:00,36.61
2018-07-08 06:00:00,33.99
2018-07-08 07:00:00,45.73
2018-07-08 08:00:00,44.62
2018-07-08 09:00:00,30.85
2018-07-08 10:00:00,15.97
2018-07-08 11:00:00,9.84
2018-07-08 12:00:00,9.84
2018-07-08 13:00:00,46.01
2018-07-08 14:00:00,37.71
2018-07-08 15:00:00,47.46
2018-07-08 16:00:00,43.93
2018-07-08 17:00:00,42.85
2018-07-08 18:00:00,32.42
2018-07-08 19:00:00,37
2018-07-08 20:00:00,45.44
2018-07-08 21:00:00,40.57
2018-07-08 22:00:00,9.84
2018-07-08 23:00:00,9.84
2018-07-09 00:00:00,9.84
2018-07-09 01:00:00,47.62
2018-07-09 02:00:00,39.59
2018-07-09 03:00:00,33.81
2018-07-09 04:00:00,38.18
2018-07-09 05:00:00,45.14
2018-07-09 06:00:00,43.68
2018-07-09 07:00:00,9.84
2018-07-09 08:00:00,9.84
2018-07-09 09:00:00,9.84
2018-07-09 10:00:00,9.84
2018-07-09 11:00:00,9.84
2018-07-09 12:00:00,13.27
2018-07-09 13:00:00,44.93
2018-07-09 14:00:00,45.22
2018-07-09 15:00:00,43.25
2018-07-09 16:00:00,46.88
2018-07-09 17:00:00,45.37
2018-07-09 18:00:00,46.63
2018-07-09 19:00:00,44.44
2018-07-09 20:00:00,43.74
2018-07-09 21:00:00,41.46
2018-07-09 22:00:00,46.16999999
2018-07-09 23:00:00,12.22
2018-07-10 00:00:00,12.98
2018-07-10 01:00:00,44.02
2018-07-10 02:00:00,39.9
2018-07-10 03:00:00,35.39
2018-07-10 04:00:00,41.32
2018-07-10 05:00:00,41.06
2018-07-10 06:00:00,40.99
2018-07-10 07:00:00,19.3
2018-07-10 08:00:00,9.84
2018-07-10 09:00:00,9.84
2018-07-10 10:00:00,41.19
2018-07-10 11:00:00,43.43
2018-07-10 12:00:00,44.33
2018-07-10 13:00:00,44.74
2018-07-10 14:00:00,44.12
2018-07-10 15:00:00,42.55
2018-07-10 16:00:00,43
2018-07-10 17:00:00,39.08
2018-07-10 18:00:00,35.9
2018-07-10 19:00:00,39.24
2018-07-10 20:00:00,46.42
2018-07-10 21:00:00,41.84
2018-07-10 22:00:00,36.23
2018-07-10 23:00:00,37.39
2018-07-11 00:00:00,37.65
2018-07-11 01:00:00,10.38
2018-07-11 02:00:00,8.71
2018-07-11 03:00:00,8.71
2018-07-11 04:00:00,8.71
2018-07-11 05:00:00,8.71
2018-07-11 06:00:00,8.71
2018-07-11 07:00:00,43.72
2018-07-11 08:00:00,45.42
2018-07-11 09:00:00,44.22
2018-07-11 10:00:00,43.42
2018-07-11 11:00:00,43.37
2018-07-11 12:00:00,42.82
2018-07-11 13:00:00,47.77
2018-07-11 14:00:00,48.96
2018-07-11 15:00:00,45.22
2018-07-11 16:00:00,43.79
2018-07-11 17:00:00,39.7
2018-07-11 18:00:00,38.5
2018-07-11 19:00:00,38.17
2018-07-11 20:00:00,50.66
2018-07-11 21:00:00,43.64
2018-07-11 22:00:00,41.19
2018-07-11 23:00:00,36.1
2018-07-12 00:00:00,10.53
2018-07-12 01:00:00,36.57
2018-07-12 02:00:00,34.67
2018-07-12 03:00:00,32.9
2018-07-12 04:00:00,34.12
2018-07-12 05:00:00,35.03
2018-07-12 06:00:00,40.21
2018-07-12 07:00:00,41.14
2018-07-12 08:00:00,35.08
2018-07-12 09:00:00,37.38
2018-07-12 10:00:00,41.47
2018-07-12 11:00:00,40.06
2018-07-12 12:00:00,41.84
2018-07-12 13:00:00,41.65
2018-07-12 14:00:00,43.48
2018-07-12 15:00:00,38.83
2018-07-12 16:00:00,46.94
2018-07-12 17:00:00,46.72
2018-07-12 18:00:00,35.89
2018-07-12 19:00:00,33.39
2018-07-12 20:00:00,37.61
2018-07-12 21:00:00,36.7
2018-07-12 22:00:00,8.71
2018-07-12 23:00:00,8.71
2018-07-13 00:00:00,11.82
2018-07-13 01:00:00,34.07
2018-07-13 02:00:00,36.82
2018-07-13 03:00:00,31.79
2018-07-13 04:00:00,30.8
2018-07-13 05:00:00,35.85
2018-07-13 06:00:00,33.55
2018-07-13 07:00:00,34.51
2018-07-13 08:00:00,35.36
2018-07-13 09:00:00,42.54
2018-07-13 10:00:00,43.23
2018-07-13 11:00:00,36.45
2018-07-13 12:00:00,32.74
2018-07-13 13:00:00,35.15
2018-07-13 14:00:00,40.82
2018-07-13 15:00:00,40.36
2018-07-13 16:00:00,37.32
2018-07-13 17:00:00,41.95
2018-07-13 18:00:00,33.68
2018-07-13 19:00:00,40.47
2018-07-13 20:00:00,39.22
2018-07-13 21:00:00,14.38
2018-07-13 22:00:00,8.71
2018-07-13 23:00:00,8.71
2018-07-14 00:00:00,8.71
2018-07-14 01:00:00,34.31
2018-07-14 02:00:00,31.65
2018-07-14 03:00:00,32.1
2018-07-14 04:00:00,36.9
2018-07-14 05:00:00,35.44
2018-07-14 06:00:00,34.44
2018-07-14 07:00:00,38.81
2018-07-14 08:00:00,33.56
2018-07-14 09:00:00,33.43
2018-07-14 10:00:00,32.4
2018-07-14 11:00:00,31.16
2018-07-14 12:00:00,36.11
2018-07-14 13:00:00,30.92
2018-07-14 14:00:00,31.13
2018-07-14 15:00:00,34.33
2018-07-14 16:00:00,38.24999999
2018-07-14 17:00:00,8.71
2018-07-14 18:00:00,8.71
2018-07-14 19:00:00,8.71
2018-07-14 20:00:00,8.71
2018-07-14 21:00:00,8.71
2018-07-14 22:00:00,8.71
2018-07-14 23:00:00,8.71
2018-07-15 00:00:00,10.54
2018-07-15 01:00:00,34.45
2018-07-15 02:00:00,34.96
2018-07-15 03:00:00,29.96
2018-07-15 04:00:00,8.71
2018-07-15 05:00:00,8.71
2018-07-15 06:00:00,8.71
2018-07-15 07:00:00,8.71
2018-07-15 08:00:00,8.71
2018-07-15 09:00:00,8.71
2018-07-15 10:00:00,8.71
2018-07-15 11:00:00,8.71
2018-07-15 12:00:00,31.41
2018-07-15 13:00:00,32.22
2018-07-15 14:00:00,31.28
2018-07-15 15:00:00,38.41
2018-07-15 16:00:00,34.48
2018-07-15 17:00:00,32.15
2018-07-15 18:00:00,32.29
2018-07-15 19:00:00,38.12
2018-07-15 20:00:00,38.8
2018-07-15 21:00:00,37.05
2018-07-15 22:00:00,37.31
2018-07-15 23:00:00,8.71
2018-07-16 00:00:00,11.85
2018-07-16 01:00:00,35.77
2018-07-16 02:00:00,32.45
2018-07-16 03:00:00,30.82
2018-07-16 04:00:00,34.85
2018-07-16 05:00:00,40.74
2018-07-16 06:00:00,33.45
2018-07-16 07:00:00,32.02
2018-07-16 08:00:00,38.31
2018-07-16 09:00:00,38.92
2018-07-16 10:00:00,38.58
2018-07-16 11:00:00,40.13
2018-07-16 12:00:00,39.97
2018-07-16 13:00:00,36.59
2018-07-16 14:00:00,42.72
2018-07-16 15:00:00,46.24
2018-07-16 16:00:00,46.11
2018-07-16 17:00:00,39
2018-07-16 18:00:00,8.71
2018-07-16 19:00:00,8.71
2018-07-16 20:00:00,8.71
2018-07-16 21:00:00,8.71
2018-07-16 22:00:00,8.71
2018-07-16 23:00:00,8.71
2018-07-17 00:00:00,8.71
2018-07-17 01:00:00,45.26
2018-07-17 02:00:00,36.3
2018-07-17 03:00:00,31.63
2018-07-17 04:00:00,31.65
2018-07-17 05:00:00,34.72
2018-07-17 06:00:00,36.09
2018-07-17 07:00:00,34.76
2018-07-17 08:00:00,42.15
2018-07-17 09:00:00,43.42
2018-07-17 10:00:00,44.11
2018-07-17 11:00:00,45.11
2018-07-17 12:00:00,44.05
2018-07-17 13:00:00,43.85
2018-07-17 14:00:00,42.17
2018-07-17 15:00:00,43.21
2018-07-17 16:00:00,45.03
2018-07-17 17:00:00,38.83
2018-07-17 18:00:00,8.71
2018-07-17 19:00:00,8.71
2018-07-17 20:00:00,8.71
2018-07-17 21:00:00,8.71
2018-07-17 22:00:00,8.71
2018-07-17 23:00:00,8.71
2018-07-18 00:00:00,8.71
2018-07-18 01:00:00,8.71
2018-07-18 02:00:00,8.71
2018-07-18 03:00:00,8.71
2018-07-18 04:00:00,8.71
2018-07-18 05:00:00,8.71
2018-07-18 06:00:00,8.71
2018-07-18 07:00:00,8.710000003
2018-07-18 08:00:00,23.43
2018-07-18 09:00:00,39.47
2018-07-18 10:00:00,42.05
2018-07-18 11:00:00,42.4
2018-07-18 12:00:00,43.46
2018-07-18 13:00:00,42.3
2018-07-18 14:00:00,38.79
2018-07-18 15:00:00,43.15
2018-07-18 16:00:00,42.54
2018-07-18 17:00:00,40.98
2018-07-18 18:00:00,30.78
2018-07-18 19:00:00,45.44
2018-07-18 20:00:00,49.97
2018-07-18 21:00:00,47.8
2018-07-18 22:00:00,37.59
2018-07-18 23:00:00,43.13
2018-07-19 00:00:00,39.55
2018-07-19 01:00:00,34.33
2018-07-19 02:00:00,31.69
2018-07-19 03:00:00,29.56
2018-07-19 04:00:00,29.64
2018-07-19 05:00:00,33.71
2018-07-19 06:00:00,34.41
2018-07-19 07:00:00,31.26
2018-07-19 08:00:00,43.62
2018-07-19 09:00:00,45.91
2018-07-19 10:00:00,45.37
2018-07-19 11:00:00,45.35
2018-07-19 12:00:00,44.3
2018-07-19 13:00:00,39.14
2018-07-19 14:00:00,40.89
2018-07-19 15:00:00,43.3
2018-07-19 16:00:00,43.59
2018-07-19 17:00:00,41.31
2018-07-19 18:00:00,45.39
2018-07-19 19:00:00,41.72
2018-07-19 20:00:00,46.9
2018-07-19 21:00:00,49.42
2018-07-19 22:00:00,46.53
2018-07-19 23:00:00,44.47
2018-07-20 00:00:00,37.79
2018-07-20 01:00:00,46.7
2018-07-20 02:00:00,43
2018-07-20 03:00:00,32.61
2018-07-20 04:00:00,8.71
2018-07-20 05:00:00,8.71
2018-07-20 06:00:00,8.71
2018-07-20 07:00:00,8.71
2018-07-20 08:00:00,8.71
2018-07-20 09:00:00,42.76
2018-07-20 10:00:00,44.4
2018-07-20 11:00:00,41.14
2018-07-20 12:00:00,41.35
2018-07-20 13:00:00,42.63
2018-07-20 14:00:00,47.05
2018-07-20 15:00:00,47.6
2018-07-20 16:00:00,46.48
2018-07-20 17:00:00,43.97
2018-07-20 18:00:00,43.64
2018-07-20 19:00:00,43.82
2018-07-20 20:00:00,42.07
2018-07-20 21:00:00,38.6
2018-07-20 22:00:00,44.94
2018-07-20 23:00:00,40.85
2018-07-21 00:00:00,35.64
2018-07-21 01:00:00,37.92
2018-07-21 02:00:00,37.44
2018-07-21 03:00:00,36.48
2018-07-21 04:00:00,36.31
2018-07-21 05:00:00,35.9
2018-07-21 06:00:00,32.51
2018-07-21 07:00:00,45.05
2018-07-21 08:00:00,43.9
2018-07-21 09:00:00,42.31
2018-07-21 10:00:00,41.15
2018-07-21 11:00:00,42.86
2018-07-21 12:00:00,34.67
2018-07-21 13:00:00,43.72
2018-07-21 14:00:00,50.06
2018-07-21 15:00:00,45.75
2018-07-21 16:00:00,39.22
2018-07-21 17:00:00,43.75
2018-07-21 18:00:00,41.64
2018-07-21 19:00:00,42.54
2018-07-21 20:00:00,45.84
2018-07-21 21:00:00,38.2
2018-07-21 22:00:00,37.33
2018-07-21 23:00:00,36.57
2018-07-22 00:00:00,33.75
2018-07-22 01:00:00,37.94
2018-07-22 02:00:00,32.2
2018-07-22 03:00:00,31.97
2018-07-22 04:00:00,28.77
2018-07-22 05:00:00,29.05
2018-07-22 06:00:00,26.67
2018-07-22 07:00:00,31.9
2018-07-22 08:00:00,35.97
2018-07-22 09:00:00,29.36
2018-07-22 10:00:00,8.71
2018-07-22 11:00:00,8.71
2018-07-22 12:00:00,8.71
2018-07-22 13:00:00,8.71
2018-07-22 14:00:00,8.71
2018-07-22 15:00:00,12.37
2018-07-22 16:00:00,36.66
2018-07-22 17:00:00,44.59
2018-07-22 18:00:00,43.1
2018-07-22 19:00:00,39.4
2018-07-22 20:00:00,42.47
2018-07-22 21:00:00,38.04
2018-07-22 22:00:00,35.25
2018-07-22 23:00:00,32.1
2018-07-23 00:00:00,34.5
2018-07-23 01:00:00,30.28
2018-07-23 02:00:00,33
2018-07-23 03:00:00,32.4
2018-07-23 04:00:00,14.05
2018-07-23 05:00:00,8.71
2018-07-23 06:00:00,8.71
2018-07-23 07:00:00,8.71
2018-07-23 08:00:00,8.71
2018-07-23 09:00:00,11.86
2018-07-23 10:00:00,38.94
2018-07-23 11:00:00,43.12
2018-07-23 12:00:00,38.97
2018-07-23 13:00:00,38.95
2018-07-23 14:00:00,42.23
2018-07-23 15:00:00,40.91
2018-07-23 16:00:00,36.72
2018-07-23 17:00:00,38.82
2018-07-23 18:00:00,42.1
2018-07-23 19:00:00,40.44
2018-07-23 20:00:00,40.94
2018-07-23 21:00:00,43.63
2018-07-23 22:00:00,42.89
2018-07-23 23:00:00,42.7
2018-07-24 00:00:00,34.74
2018-07-24 01:00:00,46.09
2018-07-24 02:00:00,42.07
2018-07-24 03:00:00,32.89
2018-07-24 04:00:00,37.77
2018-07-24 05:00:00,37.84
2018-07-24 06:00:00,41.77
2018-07-24 07:00:00,40.9
2018-07-24 08:00:00,38.58
2018-07-24 09:00:00,40.32
2018-07-24 10:00:00,39.94
2018-07-24 11:00:00,41.61
2018-07-24 12:00:00,39.97
2018-07-24 13:00:00,36.68
2018-07-24 14:00:00,41.83
2018-07-24 15:00:00,44.4
2018-07-24 16:00:00,40.86
2018-07-24 17:00:00,40.21
2018-07-24 18:00:00,41.07
2018-07-24 19:00:00,38.75
2018-07-24 20:00:00,36.23
2018-07-24 21:00:00,35.75
2018-07-24 22:00:00,35.83
2018-07-24 23:00:00,32.51
2018-07-25 00:00:00,30.5
2018-07-25 01:00:00,31.86
2018-07-25 02:00:00,29.21
2018-07-25 03:00:00,28.94
2018-07-25 04:00:00,33.81
2018-07-25 05:00:00,36.74
2018-07-25 06:00:00,37.65
2018-07-25 07:00:00,41.33
2018-07-25 08:00:00,42.87
2018-07-25 09:00:00,40.31
2018-07-25 10:00:00,40.16
2018-07-25 11:00:00,41.76
2018-07-25 12:00:00,41.21
2018-07-25 13:00:00,38.96
2018-07-25 14:00:00,43.31
2018-07-25 15:00:00,43.21
2018-07-25 16:00:00,41.87
2018-07-25 17:00:00,45.86
2018-07-25 18:00:00,33.93
2018-07-25 19:00:00,41.08
2018-07-25 20:00:00,43.05
2018-07-25 21:00:00,41.58
2018-07-25 22:00:00,41.97
2018-07-25 23:00:00,30.57
2018-07-26 00:00:00,34.71
2018-07-26 01:00:00,36.08
2018-07-26 02:00:00,39.83
2018-07-26 03:00:00,34.62
2018-07-26 04:00:00,32.15
2018-07-26 05:00:00,34.85
2018-07-26 06:00:00,8.71
2018-07-26 07:00:00,8.71
2018-07-26 08:00:00,8.71
2018-07-26 09:00:00,8.71
2018-07-26 10:00:00,8.71
2018-07-26 11:00:00,8.71
2018-07-26 12:00:00,8.71
2018-07-26 13:00:00,8.710000006
2018-07-26 14:00:00,42.61
2018-07-26 15:00:00,44.56
2018-07-26 16:00:00,42.28
2018-07-26 17:00:00,44.78
2018-07-26 18:00:00,39.85
2018-07-26 19:00:00,41.3
2018-07-26 20:00:00,44.91
2018-07-26 21:00:00,44.82
2018-07-26 22:00:00,43.03999999
2018-07-26 23:00:00,8.71
2018-07-27 00:00:00,8.71
2018-07-27 01:00:00,8.710000001
2018-07-27 02:00:00,11.82
2018-07-27 03:00:00,35.51
2018-07-27 04:00:00,41.38
2018-07-27 05:00:00,38.33
2018-07-27 06:00:00,34.76
2018-07-27 07:00:00,38.7
2018-07-27 08:00:00,41.33
2018-07-27 09:00:00,42.21
2018-07-27 10:00:00,43.01
2018-07-27 11:00:00,47.97
2018-07-27 12:00:00,47.01
2018-07-27 13:00:00,43.01
2018-07-27 14:00:00,43.5
2018-07-27 15:00:00,48.61
2018-07-27 16:00:00,43.31999999
2018-07-27 17:00:00,8.71
2018-07-27 18:00:00,8.71
2018-07-27 19:00:00,8.71
2018-07-27 20:00:00,8.71
2018-07-27 21:00:00,8.71
2018-07-27 22:00:00,8.71
2018-07-27 23:00:00,8.71
2018-07-28 00:00:00,8.71
2018-07-28 01:00:00,8.71
2018-07-28 02:00:00,8.71
2018-07-28 03:00:00,8.71
2018-07-28 04:00:00,8.71
2018-07-28 05:00:00,8.71
2018-07-28 06:00:00,8.71
2018-07-28 07:00:00,8.71
2018-07-28 08:00:00,8.71
2018-07-28 09:00:00,8.71
2018-07-28 10:00:00,8.710000005
2018-07-28 11:00:00,40.02
2018-07-28 12:00:00,35.41
2018-07-28 13:00:00,34.65
2018-07-28 14:00:00,35.16
2018-07-28 15:00:00,31.05
2018-07-28 16:00:00,36.34
2018-07-28 17:00:00,43.18
2018-07-28 18:00:00,38.06
2018-07-28 19:00:00,37.39
2018-07-28 20:00:00,41.07
2018-07-28 21:00:00,37.04
2018-07-28 22:00:00,38.51
2018-07-28 23:00:00,34.61
2018-07-29 00:00:00,10.9
2018-07-29 01:00:00,8.71
2018-07-29 02:00:00,8.71
2018-07-29 03:00:00,8.71
2018-07-29 04:00:00,8.71
2018-07-29 05:00:00,8.71
2018-07-29 06:00:00,8.71
2018-07-29 07:00:00,13.76
2018-07-29 08:00:00,36.5
2018-07-29 09:00:00,29.44
2018-07-29 10:00:00,34.29
2018-07-29 11:00:00,35.04
2018-07-29 12:00:00,33.79
2018-07-29 13:00:00,8.71
2018-07-29 14:00:00,8.71
2018-07-29 15:00:00,8.71
2018-07-29 16:00:00,8.71
2018-07-29 17:00:00,8.71
2018-07-29 18:00:00,8.71
2018-07-29 19:00:00,36.66
2018-07-29 20:00:00,36.94
2018-07-29 21:00:00,34.56
2018-07-29 22:00:00,40.49999999
2018-07-29 23:00:00,8.71
2018-07-30 00:00:00,8.71
2018-07-30 01:00:00,8.71
2018-07-30 02:00:00,8.71
2018-07-30 03:00:00,8.71
2018-07-30 04:00:00,8.71
2018-07-30 05:00:00,8.71
2018-07-30 06:00:00,8.71
2018-07-30 07:00:00,8.71
2018-07-30 08:00:00,8.71
2018-07-30 09:00:00,8.71
2018-07-30 10:00:00,37.02
2018-07-30 11:00:00,36.68
2018-07-30 12:00:00,43.93
2018-07-30 13:00:00,45.75
2018-07-30 14:00:00,40.41
2018-07-30 15:00:00,42.32
2018-07-30 16:00:00,43.16
2018-07-30 17:00:00,38.76
2018-07-30 18:00:00,37.94
2018-07-30 19:00:00,41.42
2018-07-30 20:00:00,37.92
2018-07-30 21:00:00,8.71
2018-07-30 22:00:00,8.71
2018-07-30 23:00:00,8.71
2018-07-31 00:00:00,8.71
2018-07-31 01:00:00,8.71
2018-07-31 02:00:00,8.71
2018-07-31 03:00:00,8.71
2018-07-31 04:00:00,8.71
2018-07-31 05:00:00,8.71
2018-07-31 06:00:00,8.71
2018-07-31 07:00:00,33.57
2018-07-31 08:00:00,34.73
2018-07-31 09:00:00,41.46
2018-07-31 10:00:00,41.12
2018-07-31 11:00:00,40.39
2018-07-31 12:00:00,44.21
2018-07-31 13:00:00,35.13
2018-07-31 14:00:00,46.63
2018-07-31 15:00:00,43.43
2018-07-31 16:00:00,40.95999999
2018-07-31 17:00:00,10.16
2018-07-31 18:00:00,8.71
2018-07-31 19:00:00,8.71
2018-07-31 20:00:00,8.71
2018-07-31 21:00:00,8.71
2018-07-31 22:00:00,8.71
2018-07-31 23:00:00,8.71
2018-08-01 00:00:00,8.71
2018-08-01 01:00:00,8.71
2018-08-01 02:00:00,8.71
2018-08-01 03:00:00,8.71
2018-08-01 04:00:00,8.71
2018-08-01 05:00:00,8.71
2018-08-01 06:00:00,8.71
2018-08-01 07:00:00,8.71
2018-08-01 08:00:00,8.71
2018-08-01 09:00:00,8.71
2018-08-01 10:00:00,8.71
2018-08-01 11:00:00,8.71
2018-08-01 12:00:00,8.71
2018-08-01 13:00:00,8.71
2018-08-01 14:00:00,8.71
2018-08-01 15:00:00,8.71
2018-08-01 16:00:00,14.81
2018-08-01 17:00:00,38.52
2018-08-01 18:00:00,44.25
2018-08-01 19:00:00,38.96
2018-08-01 20:00:00,39.92
2018-08-01 21:00:00,38.84
2018-08-01 22:00:00,35.49
2018-08-01 23:00:00,34.3
2018-08-02 00:00:00,32.65
2018-08-02 01:00:00,35.35
2018-08-02 02:00:00,11.14
2018-08-02 03:00:00,8.71
2018-08-02 04:00:00,8.71
2018-08-02 05:00:00,8.71
2018-08-02 06:00:00,8.71
2018-08-02 07:00:00,8.71
2018-08-02 08:00:00,8.71
2018-08-02 09:00:00,8.71
2018-08-02 10:00:00,8.71
2018-08-02 11:00:00,8.71
2018-08-02 12:00:00,8.71
2018-08-02 13:00:00,36.88
2018-08-02 14:00:00,38.07
2018-08-02 15:00:00,36.54
2018-08-02 16:00:00,43.83
2018-08-02 17:00:00,41.23
2018-08-02 18:00:00,8.71
2018-08-02 19:00:00,8.71
2018-08-02 20:00:00,8.71
2018-08-02 21:00:00,8.71
2018-08-02 22:00:00,8.71
2018-08-02 23:00:00,8.71
2018-08-03 00:00:00,8.71
2018-08-03 01:00:00,8.71
2018-08-03 02:00:00,8.71
2018-08-03 03:00:00,8.71
2018-08-03 04:00:00,8.71
2018-08-03 05:00:00,8.71
2018-08-03 06:00:00,8.71
2018-08-03 07:00:00,8.71
2018-08-03 08:00:00,8.71
2018-08-03 09:00:00,8.71
2018-08-03 10:00:00,8.71
2018-08-03 11:00:00,8.71
2018-08-03 12:00:00,8.71
2018-08-03 13:00:00,8.71
2018-08-03 14:00:00,8.71
2018-08-03 15:00:00,8.71
2018-08-03 16:00:00,8.71
2018-08-03 17:00:00,8.71
2018-08-03 18:00:00,8.71
2018-08-03 19:00:00,38.79
2018-08-03 20:00:00,38.92
2018-08-03 21:00:00,35.18
2018-08-03 22:00:00,37.06
2018-08-03 23:00:00,26.7
2018-08-04 00:00:00,8.71
2018-08-04 01:00:00,8.71
2018-08-04 02:00:00,8.71
2018-08-04 03:00:00,8.71
2018-08-04 04:00:00,8.71
2018-08-04 05:00:00,8.71
2018-08-04 06:00:00,8.71
2018-08-04 07:00:00,8.71
2018-08-04 08:00:00,8.71
2018-08-04 09:00:00,8.71
2018-08-04 10:00:00,8.71
2018-08-04 11:00:00,8.71
2018-08-04 12:00:00,8.71
2018-08-04 13:00:00,8.71
2018-08-04 14:00:00,8.71
2018-08-04 15:00:00,8.71
2018-08-04 16:00:00,39.73
2018-08-04 17:00:00,41.46
2018-08-04 18:00:00,32.63
2018-08-04 19:00:00,36.54
2018-08-04 20:00:00,40.7
2018-08-04 21:00:00,10.46
2018-08-04 22:00:00,8.71
2018-08-04 23:00:00,8.71
2018-08-05 00:00:00,8.71
2018-08-05 01:00:00,8.71
2018-08-05 02:00:00,8.71
2018-08-05 03:00:00,8.71
2018-08-05 04:00:00,8.71
2018-08-05 05:00:00,8.71
2018-08-05 06:00:00,8.71
2018-08-05 07:00:00,8.71
2018-08-05 08:00:00,8.71
2018-08-05 09:00:00,8.71
2018-08-05 10:00:00,8.71
2018-08-05 11:00:00,8.71
2018-08-05 12:00:00,8.71
2018-08-05 13:00:00,8.71
2018-08-05 14:00:00,8.71
2018-08-05 15:00:00,8.71
2018-08-05 16:00:00,8.710000002
2018-08-05 17:00:00,22.04
2018-08-05 18:00:00,36.04
2018-08-05 19:00:00,39.36
2018-08-05 20:00:00,40.3
2018-08-05 21:00:00,42.88
2018-08-05 22:00:00,39.27999999
2018-08-05 23:00:00,8.71
2018-08-06 00:00:00,8.71
2018-08-06 01:00:00,8.71
2018-08-06 02:00:00,8.71
2018-08-06 03:00:00,8.71
2018-08-06 04:00:00,8.71
2018-08-06 05:00:00,8.71
2018-08-06 06:00:00,8.71
2018-08-06 07:00:00,8.71
2018-08-06 08:00:00,8.71
2018-08-06 09:00:00,8.71
2018-08-06 10:00:00,8.71
2018-08-06 11:00:00,8.71
2018-08-06 12:00:00,8.71
2018-08-06 13:00:00,8.71
2018-08-06 14:00:00,8.71
2018-08-06 15:00:00,8.71
2018-08-06 16:00:00,8.71
2018-08-06 17:00:00,8.71
2018-08-06 18:00:00,8.71
2018-08-06 19:00:00,43.06
2018-08-06 20:00:00,43.36
2018-08-06 21:00:00,41.28
2018-08-06 22:00:00,38.1
2018-08-06 23:00:00,26.14
2018-08-07 00:00:00,8.71
2018-08-07 01:00:00,8.71
2018-08-07 02:00:00,8.71
2018-08-07 03:00:00,8.71
2018-08-07 04:00:00,8.71
2018-08-07 05:00:00,8.71
2018-08-07 06:00:00,8.71
2018-08-07 07:00:00,8.71
2018-08-07 08:00:00,8.71
2018-08-07 09:00:00,8.71
2018-08-07 10:00:00,19.57
2018-08-07 11:00:00,40.03
2018-08-07 12:00:00,42.41
2018-08-07 13:00:00,40.07
2018-08-07 14:00:00,41.22
2018-08-07 15:00:00,39.06
2018-08-07 16:00:00,40.22
2018-08-07 17:00:00,37.21
2018-08-07 18:00:00,8.71
2018-08-07 19:00:00,8.71
2018-08-07 20:00:00,8.71
2018-08-07 21:00:00,8.71
2018-08-07 22:00:00,8.71
2018-08-07 23:00:00,8.71
2018-08-08 00:00:00,8.71
2018-08-08 01:00:00,8.710000004
2018-08-08 02:00:00,33.78
2018-08-08 03:00:00,31.94
2018-08-08 04:00:00,33.34
2018-08-08 05:00:00,40.95
2018-08-08 06:00:00,35.8
2018-08-08 07:00:00,42.27
2018-08-08 08:00:00,40.53
2018-08-08 09:00:00,40.29
2018-08-08 10:00:00,8.71
2018-08-08 11:00:00,8.71
2018-08-08 12:00:00,8.71
2018-08-08 13:00:00,8.71
2018-08-08 14:00:00,8.71
2018-08-08 15:00:00,8.71
2018-08-08 16:00:00,8.71
2018-08-08 17:00:00,8.71
2018-08-08 18:00:00,8.71
2018-08-08 19:00:00,8.71
2018-08-08 20:00:00,8.71
2018-08-08 21:00:00,8.71
2018-08-08 22:00:00,8.71
2018-08-08 23:00:00,8.71
2018-08-09 00:00:00,8.71
2018-08-09 01:00:00,8.71
2018-08-09 02:00:00,8.71
2018-08-09 03:00:00,8.71
2018-08-09 04:00:00,8.71
2018-08-09 05:00:00,8.71
2018-08-09 06:00:00,8.71
2018-08-09 07:00:00,8.71
2018-08-09 08:00:00,8.71
2018-08-09 09:00:00,8.71
2018-08-09 10:00:00,8.71
2018-08-09 11:00:00,8.71
2018-08-09 12:00:00,8.71
2018-08-09 13:00:00,8.71
2018-08-09 14:00:00,8.71
2018-08-09 15:00:00,8.71
2018-08-09 16:00:00,8.710000006
2018-08-09 17:00:00,40.4
2018-08-09 18:00:00,33.97
2018-08-09 19:00:00,42.64
2018-08-09 20:00:00,46.73
2018-08-09 21:00:00,42.96
2018-08-09 22:00:00,46.28
2018-08-09 23:00:00,36.09
2018-08-10 00:00:00,8.71
2018-08-10 01:00:00,8.71
2018-08-10 02:00:00,8.71
2018-08-10 03:00:00,8.71
2018-08-10 04:00:00,12.21
2018-08-10 05:00:00,34.12
2018-08-10 06:00:00,36.58
2018-08-10 07:00:00,31.27
2018-08-10 08:00:00,40.84
2018-08-10 09:00:00,40.79
2018-08-10 10:00:00,43.24
2018-08-10 11:00:00,38.19
2018-08-10 12:00:00,27.74
2018-08-10 13:00:00,8.71
2018-08-10 14:00:00,8.71
2018-08-10 15:00:00,8.71
2018-08-10 16:00:00,8.71
2018-08-10 17:00:00,8.71
2018-08-10 18:00:00,8.71
2018-08-10 19:00:00,8.71
2018-08-10 20:00:00,8.71
2018-08-10 21:00:00,8.71
2018-08-10 22:00:00,8.71
2018-08-10 23:00:00,8.71
2018-08-11 00:00:00,8.71
2018-08-11 01:00:00,8.71
2018-08-11 02:00:00,8.71
2018-08-11 03:00:00,8.71
2018-08-11 04:00:00,8.71
2018-08-11 05:00:00,8.71
2018-08-11 06:00:00,8.71
2018-08-11 07:00:00,8.71
2018-08-11 08:00:00,8.71
2018-08-11 09:00:00,8.71
2018-08-11 10:00:00,8.71
2018-08-11 11:00:00,8.71
2018-08-11 12:00:00,8.71
2018-08-11 13:00:00,8.71
2018-08-11 14:00:00,8.71
2018-08-11 15:00:00,8.71
2018-08-11 16:00:00,8.71
2018-08-11 17:00:00,8.71
2018-08-11 18:00:00,8.71
2018-08-11 19:00:00,39.88
2018-08-11 20:00:00,44.44
2018-08-11 21:00:00,41.5
2018-08-11 22:00:00,39.89
2018-08-11 23:00:00,36.77
2018-08-12 00:00:00,8.71
2018-08-12 01:00:00,8.71
2018-08-12 02:00:00,8.71
2018-08-12 03:00:00,8.71
2018-08-12 04:00:00,8.71
2018-08-12 05:00:00,8.71
2018-08-12 06:00:00,8.71
2018-08-12 07:00:00,8.71
2018-08-12 08:00:00,8.71
2018-08-12 09:00:00,8.71
2018-08-12 10:00:00,36.91
2018-08-12 11:00:00,36.1
2018-08-12 12:00:00,38.95
2018-08-12 13:00:00,43.09
2018-08-12 14:00:00,29.94
2018-08-12 15:00:00,34.75
2018-08-12 16:00:00,8.71
2018-08-12 17:00:00,8.71
2018-08-12 18:00:00,8.71
2018-08-12 19:00:00,8.71
2018-08-12 20:00:00,8.71
2018-08-12 21:00:00,8.71
2018-08-12 22:00:00,8.71
2018-08-12 23:00:00,8.71
2018-08-13 00:00:00,8.71
2018-08-13 01:00:00,8.71
2018-08-13 02:00:00,8.71
2018-08-13 03:00:00,8.71
2018-08-13 04:00:00,8.71
2018-08-13 05:00:00,8.71
2018-08-13 06:00:00,8.71
2018-08-13 07:00:00,8.71
2018-08-13 08:00:00,8.71
2018-08-13 09:00:00,8.71
2018-08-13 10:00:00,8.71
2018-08-13 11:00:00,8.71
2018-08-13 12:00:00,8.71
2018-08-13 13:00:00,8.71
2018-08-13 14:00:00,8.71
2018-08-13 15:00:00,8.71
2018-08-13 16:00:00,39.07
2018-08-13 17:00:00,38.51
2018-08-13 18:00:00,42.59
2018-08-13 19:00:00,40.18
2018-08-13 20:00:00,35.32
2018-08-13 21:00:00,34.44
2018-08-13 22:00:00,32.96
2018-08-13 23:00:00,36.38
2018-08-14 00:00:00,26.17
2018-08-14 01:00:00,8.71
2018-08-14 02:00:00,8.71
2018-08-14 03:00:00,8.71
2018-08-14 04:00:00,8.71
2018-08-14 05:00:00,8.71
2018-08-14 06:00:00,8.71
2018-08-14 07:00:00,8.71
2018-08-14 08:00:00,8.71
2018-08-14 09:00:00,8.71
2018-08-14 10:00:00,8.71
2018-08-14 11:00:00,8.71
2018-08-14 12:00:00,8.71
2018-08-14 13:00:00,8.71
2018-08-14 14:00:00,8.71
2018-08-14 15:00:00,8.71
2018-08-14 16:00:00,8.71
2018-08-14 17:00:00,8.71
2018-08-14 18:00:00,8.71
2018-08-14 19:00:00,8.71
2018-08-14 20:00:00,8.71
2018-08-14 21:00:00,37.42
2018-08-14 22:00:00,36.98
2018-08-14 23:00:00,33.94
2018-08-15 00:00:00,35.58
2018-08-15 01:00:00,8.71
2018-08-15 02:00:00,8.71
2018-08-15 03:00:00,8.71
2018-08-15 04:00:00,8.71
2018-08-15 05:00:00,8.71
2018-08-15 06:00:00,8.71
2018-08-15 07:00:00,8.71
2018-08-15 08:00:00,8.71
2018-08-15 09:00:00,8.71
2018-08-15 10:00:00,8.71
2018-08-15 11:00:00,8.71
2018-08-15 12:00:00,8.71
2018-08-15 13:00:00,8.71
2018-08-15 14:00:00,8.71
2018-08-15 15:00:00,8.71
2018-08-15 16:00:00,8.71
2018-08-15 17:00:00,8.71
2018-08-15 18:00:00,24.46
2018-08-15 19:00:00,41.71
2018-08-15 20:00:00,43.64
2018-08-15 21:00:00,35.76
2018-08-15 22:00:00,39.48999999
2018-08-15 23:00:00,8.71
2018-08-16 00:00:00,8.71
2018-08-16 01:00:00,8.71
2018-08-16 02:00:00,8.71
2018-08-16 03:00:00,8.71
2018-08-16 04:00:00,8.71
2018-08-16 05:00:00,8.71
2018-08-16 06:00:00,8.71
2018-08-16 07:00:00,43.06
2018-08-16 08:00:00,47.02
2018-08-16 09:00:00,41.14
2018-08-16 10:00:00,41.29999999
2018-08-16 11:00:00,8.71
2018-08-16 12:00:00,8.71
2018-08-16 13:00:00,8.71
2018-08-16 14:00:00,8.71
2018-08-16 15:00:00,8.71
2018-08-16 16:00:00,8.71
2018-08-16 17:00:00,8.71
2018-08-16 18:00:00,8.71
2018-08-16 19:00:00,8.71
2018-08-16 20:00:00,8.71
2018-08-16 21:00:00,8.71
2018-08-16 22:00:00,8.71
2018-08-16 23:00:00,8.71
2018-08-17 00:00:00,8.71
2018-08-17 01:00:00,8.71
2018-08-17 02:00:00,8.71
2018-08-17 03:00:00,8.71
2018-08-17 04:00:00,8.71
2018-08-17 05:00:00,8.71
2018-08-17 06:00:00,8.71
2018-08-17 07:00:00,8.71
2018-08-17 08:00:00,8.71
2018-08-17 09:00:00,8.71
2018-08-17 10:00:00,8.71
2018-08-17 11:00:00,8.71
2018-08-17 12:00:00,8.71
2018-08-17 13:00:00,8.71
2018-08-17 14:00:00,8.71
2018-08-17 15:00:00,26.75
2018-08-17 16:00:00,8.71
2018-08-17 17:00:00,8.71
2018-08-17 18:00:00,8.71
2018-08-17 19:00:00,8.710000006
2018-08-17 20:00:00,43.03
2018-08-17 21:00:00,40.16
2018-08-17 22:00:00,35.39
2018-08-17 23:00:00,31.87
2018-08-18 00:00:00,8.71
2018-08-18 01:00:00,8.71
2018-08-18 02:00:00,8.71
2018-08-18 03:00:00,8.71
2018-08-18 04:00:00,8.71
2018-08-18 05:00:00,8.71
2018-08-18 06:00:00,8.71
2018-08-18 07:00:00,8.71
2018-08-18 08:00:00,8.71
2018-08-18 09:00:00,8.71
2018-08-18 10:00:00,8.71
2018-08-18 11:00:00,8.71
2018-08-18 12:00:00,8.71
2018-08-18 13:00:00,8.71
2018-08-18 14:00:00,8.71
2018-08-18 15:00:00,8.71
2018-08-18 16:00:00,8.71
2018-08-18 17:00:00,8.71
2018-08-18 18:00:00,8.71
2018-08-18 19:00:00,8.71
2018-08-18 20:00:00,8.71
2018-08-18 21:00:00,8.71
2018-08-18 22:00:00,8.71
2018-08-18 23:00:00,8.71
2018-08-19 00:00:00,8.71
2018-08-19 01:00:00,8.71
2018-08-19 02:00:00,8.71
2018-08-19 03:00:00,8.71
2018-08-19 04:00:00,8.71
2018-08-19 05:00:00,8.71
2018-08-19 06:00:00,8.71
2018-08-19 07:00:00,8.71
2018-08-19 08:00:00,8.71
2018-08-19 09:00:00,8.71
2018-08-19 10:00:00,8.71
2018-08-19 11:00:00,8.71
2018-08-19 12:00:00,8.71
2018-08-19 13:00:00,8.71
2018-08-19 14:00:00,8.71
2018-08-19 15:00:00,8.71
2018-08-19 16:00:00,8.71
2018-08-19 17:00:00,8.71
2018-08-19 18:00:00,8.71
2018-08-19 19:00:00,8.71
2018-08-19 20:00:00,8.71
2018-08-19 21:00:00,8.71
2018-08-19 22:00:00,8.71
2018-08-19 23:00:00,8.71
2018-08-20 00:00:00,8.71
2018-08-20 01:00:00,8.71
2018-08-20 02:00:00,8.71
2018-08-20 03:00:00,8.71
2018-08-20 04:00:00,8.71
2018-08-20 05:00:00,8.71
2018-08-20 06:00:00,8.71
2018-08-20 07:00:00,8.71
2018-08-20 08:00:00,8.71
2018-08-20 09:00:00,8.71
2018-08-20 10:00:00,8.71
2018-08-20 11:00:00,8.71
2018-08-20 12:00:00,8.71
2018-08-20 13:00:00,8.71
2018-08-20 14:00:00,8.71
2018-08-20 15:00:00,8.71
2018-08-20 16:00:00,8.71
2018-08-20 17:00:00,8.71
2018-08-20 18:00:00,37.21
2018-08-20 19:00:00,38.49
2018-08-20 20:00:00,35.24
2018-08-20 21:00:00,36.14
2018-08-20 22:00:00,36.27
2018-08-20 23:00:00,8.71
2018-08-21 00:00:00,8.71
2018-08-21 01:00:00,43.66
2018-08-21 02:00:00,37.36
2018-08-21 03:00:00,35.96
2018-08-21 04:00:00,38.86
2018-08-21 05:00:00,36.82
2018-08-21 06:00:00,8.71
2018-08-21 07:00:00,8.71
2018-08-21 08:00:00,8.71
2018-08-21 09:00:00,8.71
2018-08-21 10:00:00,8.71
2018-08-21 11:00:00,8.71
2018-08-21 12:00:00,8.71
2018-08-21 13:00:00,8.71
2018-08-21 14:00:00,8.71
2018-08-21 15:00:00,8.71
2018-08-21 16:00:00,8.71
2018-08-21 17:00:00,8.71
2018-08-21 18:00:00,8.71
2018-08-21 19:00:00,8.71
2018-08-21 20:00:00,8.71
2018-08-21 21:00:00,8.71
2018-08-21 22:00:00,8.71
2018-08-21 23:00:00,8.71
2018-08-22 00:00:00,8.71
2018-08-22 01:00:00,8.71
2018-08-22 02:00:00,8.71
2018-08-22 03:00:00,8.71
2018-08-22 04:00:00,8.71
2018-08-22 05:00:00,8.71
2018-08-22 06:00:00,8.71
2018-08-22 07:00:00,8.71
2018-08-22 08:00:00,8.71
2018-08-22 09:00:00,8.71
2018-08-22 10:00:00,8.71
2018-08-22 11:00:00,8.71
2018-08-22 12:00:00,8.71
2018-08-22 13:00:00,8.71
2018-08-22 14:00:00,8.71
2018-08-22 15:00:00,8.71
2018-08-22 16:00:00,8.71
2018-08-22 17:00:00,8.71
2018-08-22 18:00:00,8.71
2018-08-22 19:00:00,8.71
2018-08-22 20:00:00,8.71
2018-08-22 21:00:00,36.96
2018-08-22 22:00:00,32.61
2018-08-22 23:00:00,33.97
2018-08-23 00:00:00,8.71
2018-08-23 01:00:00,8.71
2018-08-23 02:00:00,8.71
2018-08-23 03:00:00,8.71
2018-08-23 04:00:00,8.71
2018-08-23 05:00:00,8.71
2018-08-23 06:00:00,8.71
2018-08-23 07:00:00,8.71
2018-08-23 08:00:00,8.71
2018-08-23 09:00:00,8.71
2018-08-23 10:00:00,8.71
2018-08-23 11:00:00,8.71
2018-08-23 12:00:00,8.71
2018-08-23 13:00:00,8.71
2018-08-23 14:00:00,8.71
2018-08-23 15:00:00,8.71
2018-08-23 16:00:00,8.71
2018-08-23 17:00:00,8.71
2018-08-23 18:00:00,8.71
2018-08-23 19:00:00,8.71
2018-08-23 20:00:00,8.71
2018-08-23 21:00:00,36.96
2018-08-23 22:00:00,32.61
2018-08-23 23:00:00,33.97
2018-08-24 00:00:00,8.71
2018-08-24 01:00:00,8.71
2018-08-24 02:00:00,8.71
2018-08-24 03:00:00,8.71
2018-08-24 04:00:00,8.71
2018-08-24 05:00:00,8.71
2018-08-24 06:00:00,8.71
2018-08-24 07:00:00,8.71
2018-08-24 08:00:00,8.71
2018-08-24 09:00:00,8.71
2018-08-24 10:00:00,8.71
2018-08-24 11:00:00,8.71
2018-08-24 12:00:00,8.71
2018-08-24 13:00:00,8.71
2018-08-24 14:00:00,8.71
2018-08-24 15:00:00,20.9
2018-08-24 16:00:00,37.68
2018-08-24 17:00:00,45.66
2018-08-24 18:00:00,40.16
2018-08-24 19:00:00,40.37999999
2018-08-24 20:00:00,8.71
2018-08-24 21:00:00,8.71
2018-08-24 22:00:00,8.71
2018-08-24 23:00:00,8.71
2018-08-25 00:00:00,12.29
2018-08-25 01:00:00,12.29
2018-08-25 02:00:00,12.29
2018-08-25 03:00:00,12.29
2018-08-25 04:00:00,12.29
2018-08-25 05:00:00,12.29
2018-08-25 06:00:00,12.29
2018-08-25 07:00:00,12.29
2018-08-25 08:00:00,12.29
2018-08-25 09:00:00,12.29
2018-08-25 10:00:00,12.29
2018-08-25 11:00:00,12.29
2018-08-25 12:00:00,12.29
2018-08-25 13:00:00,12.29
2018-08-25 14:00:00,12.29
2018-08-25 15:00:00,12.29
2018-08-25 16:00:00,12.29
2018-08-25 17:00:00,12.29
2018-08-25 18:00:00,12.29
2018-08-25 19:00:00,12.29
2018-08-25 20:00:00,12.29
2018-08-25 21:00:00,12.29
2018-08-25 22:00:00,12.29
2018-08-25 23:00:00,12.29
2018-08-26 00:00:00,12.29
2018-08-26 01:00:00,12.29
2018-08-26 02:00:00,12.29
2018-08-26 03:00:00,12.29
2018-08-26 04:00:00,12.29
2018-08-26 05:00:00,12.29
2018-08-26 06:00:00,12.29
2018-08-26 07:00:00,12.29
2018-08-26 08:00:00,12.29
2018-08-26 09:00:00,12.29
2018-08-26 10:00:00,12.29
2018-08-26 11:00:00,12.29
2018-08-26 12:00:00,12.29
2018-08-26 13:00:00,12.29
2018-08-26 14:00:00,12.29
2018-08-26 15:00:00,12.29
2018-08-26 16:00:00,12.29
2018-08-26 17:00:00,12.29
2018-08-26 18:00:00,12.29
2018-08-26 19:00:00,12.29
2018-08-26 20:00:00,12.29
2018-08-26 21:00:00,12.29
2018-08-26 22:00:00,12.29
2018-08-26 23:00:00,12.29
2018-08-27 00:00:00,12.29
2018-08-27 01:00:00,12.29
2018-08-27 02:00:00,12.29
2018-08-27 03:00:00,12.29
2018-08-27 04:00:00,12.29
2018-08-27 05:00:00,12.29
2018-08-27 06:00:00,12.29
2018-08-27 07:00:00,0
2018-08-27 08:00:00,0
2018-08-27 09:00:00,0
2018-08-27 10:00:00,0
2018-08-27 11:00:00,0
2018-08-27 12:00:00,0
2018-08-27 13:00:00,0
2018-08-27 14:00:00,0
2018-08-27 15:00:00,0
2018-08-27 16:00:00,0
2018-08-27 17:00:00,0
2018-08-27 18:00:00,0
2018-08-27 19:00:00,0
2018-08-27 20:00:00,0
2018-08-27 21:00:00,0
2018-08-27 22:00:00,0
2018-08-27 23:00:00,0
2018-08-28 00:00:00,8.71
2018-08-28 01:00:00,8.71
2018-08-28 02:00:00,8.71
2018-08-28 03:00:00,8.71
2018-08-28 04:00:00,8.71
2018-08-28 05:00:00,8.71
2018-08-28 06:00:00,8.71
2018-08-28 07:00:00,8.71
2018-08-28 08:00:00,8.71
2018-08-28 09:00:00,8.71
2018-08-28 10:00:00,8.71
2018-08-28 11:00:00,8.71
2018-08-28 12:00:00,8.71
2018-08-28 13:00:00,8.71
2018-08-28 14:00:00,8.71
2018-08-28 15:00:00,8.71
2018-08-28 16:00:00,8.71
2018-08-28 17:00:00,8.71
2018-08-28 18:00:00,8.71
2018-08-28 19:00:00,18.61
2018-08-28 20:00:00,35.81
2018-08-28 21:00:00,38.62
2018-08-28 22:00:00,36.82
2018-08-28 23:00:00,8.71
2018-08-29 00:00:00,8.71
2018-08-29 01:00:00,8.71
2018-08-29 02:00:00,8.71
2018-08-29 03:00:00,8.71
2018-08-29 04:00:00,8.71
2018-08-29 05:00:00,8.71
2018-08-29 06:00:00,8.71
2018-08-29 07:00:00,8.71
2018-08-29 08:00:00,8.71
2018-08-29 09:00:00,8.71
2018-08-29 10:00:00,8.71
2018-08-29 11:00:00,8.71
2018-08-29 12:00:00,8.71
2018-08-29 13:00:00,8.71
2018-08-29 14:00:00,8.71
2018-08-29 15:00:00,8.71
2018-08-29 16:00:00,8.71
2018-08-29 17:00:00,8.71
2018-08-29 18:00:00,8.71
2018-08-29 19:00:00,40.29
2018-08-29 20:00:00,37.04
2018-08-29 21:00:00,33
2018-08-29 22:00:00,8.71
2018-08-29 23:00:00,8.71
2018-08-30 00:00:00,8.71
2018-08-30 01:00:00,8.71
2018-08-30 02:00:00,8.71
2018-08-30 03:00:00,8.71
2018-08-30 04:00:00,8.71
2018-08-30 05:00:00,8.71
2018-08-30 06:00:00,8.71
2018-08-30 07:00:00,8.71
2018-08-30 08:00:00,8.71
2018-08-30 09:00:00,8.71
2018-08-30 10:00:00,8.710000001
2018-08-30 11:00:00,12.26
2018-08-30 12:00:00,41.35
2018-08-30 13:00:00,37.66
2018-08-30 14:00:00,40.55
2018-08-30 15:00:00,8.71
2018-08-30 16:00:00,8.71
2018-08-30 17:00:00,8.71
2018-08-30 18:00:00,8.71
2018-08-30 19:00:00,8.71
2018-08-30 20:00:00,8.71
2018-08-30 21:00:00,8.71
2018-08-30 22:00:00,8.71
2018-08-30 23:00:00,8.71
2018-08-31 00:00:00,8.71
2018-08-31 01:00:00,8.71
2018-08-31 02:00:00,8.71
2018-08-31 03:00:00,8.71
2018-08-31 04:00:00,8.71
2018-08-31 05:00:00,8.71
2018-08-31 06:00:00,8.71
2018-08-31 07:00:00,8.71
2018-08-31 08:00:00,8.71
2018-08-31 09:00:00,8.71
2018-08-31 10:00:00,8.71
2018-08-31 11:00:00,8.71
2018-08-31 12:00:00,8.71
2018-08-31 13:00:00,8.710000001
2018-08-31 14:00:00,14.29
2018-08-31 15:00:00,36.15
2018-08-31 16:00:00,39.07
2018-08-31 17:00:00,36.52
2018-08-31 18:00:00,8.71
2018-08-31 19:00:00,8.71
2018-08-31 20:00:00,8.71
2018-08-31 21:00:00,8.71
2018-08-31 22:00:00,8.71
2018-08-31 23:00:00,8.71
2018-09-01 00:00:00,8.71
2018-09-01 01:00:00,8.71
2018-09-01 02:00:00,8.71
2018-09-01 03:00:00,8.71
2018-09-01 04:00:00,8.71
2018-09-01 05:00:00,8.71
2018-09-01 06:00:00,8.71
2018-09-01 07:00:00,8.71
2018-09-01 08:00:00,8.71
2018-09-01 09:00:00,8.71
2018-09-01 10:00:00,8.71
2018-09-01 11:00:00,8.71
2018-09-01 12:00:00,8.71
2018-09-01 13:00:00,24.76
2018-09-01 14:00:00,8.71
2018-09-01 15:00:00,8.71
2018-09-01 16:00:00,8.71
2018-09-01 17:00:00,8.71
2018-09-01 18:00:00,8.71
2018-09-01 19:00:00,8.71
2018-09-01 20:00:00,8.71
2018-09-01 21:00:00,8.71
2018-09-01 22:00:00,8.71
2018-09-01 23:00:00,8.71
2018-09-02 00:00:00,8.71
2018-09-02 01:00:00,9.84
2018-09-02 02:00:00,9.84
2018-09-02 03:00:00,9.84
2018-09-02 04:00:00,9.84
2018-09-02 05:00:00,9.84
2018-09-02 06:00:00,9.84
2018-09-02 07:00:00,9.84
2018-09-02 08:00:00,9.84
2018-09-02 09:00:00,9.84
2018-09-02 10:00:00,9.84
2018-09-02 11:00:00,9.84
2018-09-02 12:00:00,9.84
2018-09-02 13:00:00,9.84
2018-09-02 14:00:00,9.84
2018-09-02 15:00:00,9.84
2018-09-02 16:00:00,9.84
2018-09-02 17:00:00,9.84
2018-09-02 18:00:00,9.84
2018-09-02 19:00:00,38.82
2018-09-02 20:00:00,38.42
2018-09-02 21:00:00,37.31
2018-09-02 22:00:00,9.84
2018-09-02 23:00:00,9.84
2018-09-03 00:00:00,9.84
2018-09-03 01:00:00,9.84
2018-09-03 02:00:00,9.84
2018-09-03 03:00:00,9.84
2018-09-03 04:00:00,9.84
2018-09-03 05:00:00,9.84
2018-09-03 06:00:00,9.84
2018-09-03 07:00:00,9.84
2018-09-03 08:00:00,9.84
2018-09-03 09:00:00,9.84
2018-09-03 10:00:00,9.84
2018-09-03 11:00:00,9.84
2018-09-03 12:00:00,9.84
2018-09-03 13:00:00,9.84
2018-09-03 14:00:00,9.84
2018-09-03 15:00:00,9.84
2018-09-03 16:00:00,9.84
2018-09-03 17:00:00,9.84
2018-09-03 18:00:00,9.84
2018-09-03 19:00:00,46.99
2018-09-03 20:00:00,46.38
2018-09-03 21:00:00,42.56
2018-09-03 22:00:00,9.84
2018-09-03 23:00:00,9.84
2018-09-04 00:00:00,9.84
2018-09-04 01:00:00,9.84
2018-09-04 02:00:00,9.84
2018-09-04 03:00:00,9.84
2018-09-04 04:00:00,9.84
2018-09-04 05:00:00,9.84
2018-09-04 06:00:00,9.84
2018-09-04 07:00:00,37.3
2018-09-04 08:00:00,39.98
2018-09-04 09:00:00,45.88
2018-09-04 10:00:00,11.37
2018-09-04 11:00:00,9.84
2018-09-04 12:00:00,9.84
2018-09-04 13:00:00,9.84
2018-09-04 14:00:00,9.84
2018-09-04 15:00:00,9.84
2018-09-04 16:00:00,9.84
2018-09-04 17:00:00,9.84
2018-09-04 18:00:00,9.84
2018-09-04 19:00:00,9.84
2018-09-04 20:00:00,9.84
2018-09-04 21:00:00,9.84
2018-09-04 22:00:00,9.84
2018-09-04 23:00:00,9.84
2018-09-05 00:00:00,9.84
2018-09-05 01:00:00,9.84
2018-09-05 02:00:00,9.84
2018-09-05 03:00:00,9.84
2018-09-05 04:00:00,9.84
2018-09-05 05:00:00,9.84
2018-09-05 06:00:00,9.84
2018-09-05 07:00:00,9.84
2018-09-05 08:00:00,9.84
2018-09-05 09:00:00,9.84
2018-09-05 10:00:00,9.84
2018-09-05 11:00:00,9.84
2018-09-05 12:00:00,9.84
2018-09-05 13:00:00,9.84
2018-09-05 14:00:00,9.84
2018-09-05 15:00:00,9.84
2018-09-05 16:00:00,9.84
2018-09-05 17:00:00,9.84
2018-09-05 18:00:00,9.84
2018-09-05 19:00:00,9.84
2018-09-05 20:00:00,9.84
2018-09-05 21:00:00,9.84
2018-09-05 22:00:00,9.84
2018-09-05 23:00:00,9.84
2018-09-06 00:00:00,9.84
2018-09-06 01:00:00,9.84
2018-09-06 02:00:00,9.84
2018-09-06 03:00:00,9.84
2018-09-06 04:00:00,9.84
2018-09-06 05:00:00,9.84
2018-09-06 06:00:00,9.84
2018-09-06 07:00:00,9.84
2018-09-06 08:00:00,9.84
2018-09-06 09:00:00,9.84
2018-09-06 10:00:00,9.84
2018-09-06 11:00:00,9.84
2018-09-06 12:00:00,9.84
2018-09-06 13:00:00,9.84
2018-09-06 14:00:00,9.84
2018-09-06 15:00:00,9.84
2018-09-06 16:00:00,9.84
2018-09-06 17:00:00,9.84
2018-09-06 18:00:00,9.84
2018-09-06 19:00:00,9.84
2018-09-06 20:00:00,9.84
2018-09-06 21:00:00,9.84
2018-09-06 22:00:00,9.84
2018-09-06 23:00:00,9.84
2018-09-07 00:00:00,9.84
2018-09-07 01:00:00,9.84
2018-09-07 02:00:00,9.84
2018-09-07 03:00:00,9.84
2018-09-07 04:00:00,9.84
2018-09-07 05:00:00,9.84
2018-09-07 06:00:00,9.84
2018-09-07 07:00:00,9.84
2018-09-07 08:00:00,9.84
2018-09-07 09:00:00,9.84
2018-09-07 10:00:00,9.84
2018-09-07 11:00:00,9.84
2018-09-07 12:00:00,9.84
2018-09-07 13:00:00,9.84
2018-09-07 14:00:00,9.84
2018-09-07 15:00:00,9.84
2018-09-07 16:00:00,9.84
2018-09-07 17:00:00,9.84
2018-09-07 18:00:00,9.84
2018-09-07 19:00:00,9.84
2018-09-07 20:00:00,9.84
2018-09-07 21:00:00,9.84
2018-09-07 22:00:00,9.84
2018-09-07 23:00:00,9.84
2018-09-08 00:00:00,9.84
2018-09-08 01:00:00,9.84
2018-09-08 02:00:00,9.84
2018-09-08 03:00:00,9.84
2018-09-08 04:00:00,9.84
2018-09-08 05:00:00,9.84
2018-09-08 06:00:00,9.84
2018-09-08 07:00:00,9.84
2018-09-08 08:00:00,9.84
2018-09-08 09:00:00,9.84
2018-09-08 10:00:00,9.84
2018-09-08 11:00:00,9.84
2018-09-08 12:00:00,9.84
2018-09-08 13:00:00,9.84
2018-09-08 14:00:00,9.84
2018-09-08 15:00:00,9.84
2018-09-08 16:00:00,9.84
2018-09-08 17:00:00,9.84
2018-09-08 18:00:00,9.84
2018-09-08 19:00:00,9.84
2018-09-08 20:00:00,9.84
2018-09-08 21:00:00,9.84
2018-09-08 22:00:00,9.84
2018-09-08 23:00:00,9.84
2018-09-09 00:00:00,9.84
2018-09-09 01:00:00,9.84
2018-09-09 02:00:00,9.84
2018-09-09 03:00:00,9.84
2018-09-09 04:00:00,9.84
2018-09-09 05:00:00,9.84
2018-09-09 06:00:00,9.84
2018-09-09 07:00:00,9.84
2018-09-09 08:00:00,9.84
2018-09-09 09:00:00,9.84
2018-09-09 10:00:00,9.84
2018-09-09 11:00:00,9.84
2018-09-09 12:00:00,9.84
2018-09-09 13:00:00,9.84
2018-09-09 14:00:00,9.84
2018-09-09 15:00:00,9.84
2018-09-09 16:00:00,9.84
2018-09-09 17:00:00,9.84
2018-09-09 18:00:00,9.84
2018-09-09 19:00:00,9.84
2018-09-09 20:00:00,9.84
2018-09-09 21:00:00,9.84
2018-09-09 22:00:00,9.84
2018-09-09 23:00:00,9.84
2018-09-10 00:00:00,9.84
2018-09-10 01:00:00,11.28
2018-09-10 02:00:00,11.28
2018-09-10 03:00:00,11.28
2018-09-10 04:00:00,11.28
2018-09-10 05:00:00,11.28
2018-09-10 06:00:00,11.28
2018-09-10 07:00:00,11.28
2018-09-10 08:00:00,11.28
2018-09-10 09:00:00,11.28
2018-09-10 10:00:00,11.28
2018-09-10 11:00:00,11.28
2018-09-10 12:00:00,11.28
2018-09-10 13:00:00,11.28
2018-09-10 14:00:00,11.28
2018-09-10 15:00:00,11.28
2018-09-10 16:00:00,11.28
2018-09-10 17:00:00,11.28
2018-09-10 18:00:00,11.28
2018-09-10 19:00:00,11.28
2018-09-10 20:00:00,11.28
2018-09-10 21:00:00,11.28
2018-09-10 22:00:00,11.28
2018-09-10 23:00:00,11.28
2018-09-11 00:00:00,11.28
2018-09-11 01:00:00,11.28
2018-09-11 02:00:00,11.28
2018-09-11 03:00:00,11.28
2018-09-11 04:00:00,11.28
2018-09-11 05:00:00,11.28
2018-09-11 06:00:00,11.28
2018-09-11 07:00:00,11.28
2018-09-11 08:00:00,11.28
2018-09-11 09:00:00,11.28
2018-09-11 10:00:00,11.28
2018-09-11 11:00:00,11.28
2018-09-11 12:00:00,11.28
2018-09-11 13:00:00,11.28
2018-09-11 14:00:00,11.28
2018-09-11 15:00:00,11.28
2018-09-11 16:00:00,11.28
2018-09-11 17:00:00,11.28
2018-09-11 18:00:00,11.28
2018-09-11 19:00:00,11.28
2018-09-11 20:00:00,11.28
2018-09-11 21:00:00,11.28
2018-09-11 22:00:00,11.28
2018-09-11 23:00:00,11.28
2018-09-12 00:00:00,11.28
2018-09-12 01:00:00,11.28
2018-09-12 02:00:00,11.28
2018-09-12 03:00:00,11.28
2018-09-12 04:00:00,11.28
2018-09-12 05:00:00,11.28
2018-09-12 06:00:00,11.28
2018-09-12 07:00:00,11.28
2018-09-12 08:00:00,11.28
2018-09-12 09:00:00,11.28
2018-09-12 10:00:00,11.28
2018-09-12 11:00:00,11.28
2018-09-12 12:00:00,11.28
2018-09-12 13:00:00,11.28
2018-09-12 14:00:00,11.28
2018-09-12 15:00:00,11.28
2018-09-12 16:00:00,11.28
2018-09-12 17:00:00,11.28
2018-09-12 18:00:00,11.28
2018-09-12 19:00:00,11.28
2018-09-12 20:00:00,11.28
2018-09-12 21:00:00,11.28
2018-09-12 22:00:00,11.28
2018-09-12 23:00:00,11.28
2018-09-13 00:00:00,11.28
2018-09-13 01:00:00,11.28
2018-09-13 02:00:00,11.28
2018-09-13 03:00:00,11.28
2018-09-13 04:00:00,11.28
2018-09-13 05:00:00,11.28
2018-09-13 06:00:00,11.28
2018-09-13 07:00:00,11.28
2018-09-13 08:00:00,11.28
2018-09-13 09:00:00,11.28
2018-09-13 10:00:00,11.28
2018-09-13 11:00:00,11.28
2018-09-13 12:00:00,11.28
2018-09-13 13:00:00,11.28
2018-09-13 14:00:00,11.28
2018-09-13 15:00:00,11.28
2018-09-13 16:00:00,11.28
2018-09-13 17:00:00,11.28
2018-09-13 18:00:00,11.28
2018-09-13 19:00:00,11.28
2018-09-13 20:00:00,11.28
2018-09-13 21:00:00,11.28
2018-09-13 22:00:00,11.28
2018-09-13 23:00:00,11.28
2018-09-14 00:00:00,11.28
2018-09-14 01:00:00,11.28
2018-09-14 02:00:00,11.28
2018-09-14 03:00:00,11.28
2018-09-14 04:00:00,11.28
2018-09-14 05:00:00,11.28
2018-09-14 06:00:00,11.28
2018-09-14 07:00:00,11.28
2018-09-14 08:00:00,11.28
2018-09-14 09:00:00,11.28
2018-09-14 10:00:00,11.28
2018-09-14 11:00:00,11.28
2018-09-14 12:00:00,11.28
2018-09-14 13:00:00,11.28
2018-09-14 14:00:00,11.28
2018-09-14 15:00:00,11.28
2018-09-14 16:00:00,11.28
2018-09-14 17:00:00,11.28
2018-09-14 18:00:00,11.28
2018-09-14 19:00:00,11.28
2018-09-14 20:00:00,11.28
2018-09-14 21:00:00,11.28
2018-09-14 22:00:00,11.28
2018-09-14 23:00:00,11.28
2018-09-15 00:00:00,11.28
2018-09-15 01:00:00,11.28
2018-09-15 02:00:00,11.28
2018-09-15 03:00:00,11.28
2018-09-15 04:00:00,11.28
2018-09-15 05:00:00,11.28
2018-09-15 06:00:00,11.28
2018-09-15 07:00:00,11.28
2018-09-15 08:00:00,11.28
2018-09-15 09:00:00,11.28
2018-09-15 10:00:00,11.28
2018-09-15 11:00:00,11.28
2018-09-15 12:00:00,11.28
2018-09-15 13:00:00,11.28
2018-09-15 14:00:00,11.28
2018-09-15 15:00:00,11.28
2018-09-15 16:00:00,11.28
2018-09-15 17:00:00,11.28
2018-09-15 18:00:00,11.28
2018-09-15 19:00:00,11.28
2018-09-15 20:00:00,11.28
2018-09-15 21:00:00,11.28
2018-09-15 22:00:00,11.28
2018-09-15 23:00:00,11.28
2018-09-16 00:00:00,11.28
2018-09-16 01:00:00,12.29
2018-09-16 02:00:00,12.29
2018-09-16 03:00:00,12.29
2018-09-16 04:00:00,12.29
2018-09-16 05:00:00,12.29
2018-09-16 06:00:00,12.29
2018-09-16 07:00:00,12.29
2018-09-16 08:00:00,12.29
2018-09-16 09:00:00,12.29
2018-09-16 10:00:00,12.29
2018-09-16 11:00:00,12.29
2018-09-16 12:00:00,12.29
2018-09-16 13:00:00,12.29
2018-09-16 14:00:00,12.29
2018-09-16 15:00:00,12.29
2018-09-16 16:00:00,12.29
2018-09-16 17:00:00,12.29
2018-09-16 18:00:00,12.29
2018-09-16 19:00:00,12.29
2018-09-16 20:00:00,12.29
2018-09-16 21:00:00,12.29
2018-09-16 22:00:00,12.29
2018-09-16 23:00:00,12.29
2018-09-17 00:00:00,12.29
2018-09-17 01:00:00,12.29
2018-09-17 02:00:00,12.29
2018-09-17 03:00:00,12.29
2018-09-17 04:00:00,12.29
2018-09-17 05:00:00,12.29
2018-09-17 06:00:00,12.29
2018-09-17 07:00:00,12.29
2018-09-17 08:00:00,12.29
2018-09-17 09:00:00,12.29
2018-09-17 10:00:00,12.29
2018-09-17 11:00:00,12.29
2018-09-17 12:00:00,12.29
2018-09-17 13:00:00,12.29
2018-09-17 14:00:00,12.29
2018-09-17 15:00:00,12.29
2018-09-17 16:00:00,12.29
2018-09-17 17:00:00,12.29
2018-09-17 18:00:00,12.29
2018-09-17 19:00:00,12.29
2018-09-17 20:00:00,12.29
2018-09-17 21:00:00,12.29
2018-09-17 22:00:00,12.29
2018-09-17 23:00:00,12.29
2018-09-18 00:00:00,12.29
2018-09-18 01:00:00,12.29
2018-09-18 02:00:00,12.29
2018-09-18 03:00:00,12.29
2018-09-18 04:00:00,12.29
2018-09-18 05:00:00,12.29
2018-09-18 06:00:00,12.29
2018-09-18 07:00:00,12.29
2018-09-18 08:00:00,12.29
2018-09-18 09:00:00,12.29
2018-09-18 10:00:00,12.29
2018-09-18 11:00:00,12.29
2018-09-18 12:00:00,12.29
2018-09-18 13:00:00,12.29
2018-09-18 14:00:00,12.29
2018-09-18 15:00:00,12.29
2018-09-18 16:00:00,12.29
2018-09-18 17:00:00,12.29
2018-09-18 18:00:00,12.29
2018-09-18 19:00:00,12.29
2018-09-18 20:00:00,12.29
2018-09-18 21:00:00,12.29
2018-09-18 22:00:00,12.29
2018-09-18 23:00:00,12.29
2018-09-19 00:00:00,12.29
2018-09-19 01:00:00,12.29
2018-09-19 02:00:00,12.29
2018-09-19 03:00:00,12.29
2018-09-19 04:00:00,12.29
2018-09-19 05:00:00,12.29
2018-09-19 06:00:00,12.29
2018-09-19 07:00:00,12.29
2018-09-19 08:00:00,12.29
2018-09-19 09:00:00,12.29
2018-09-19 10:00:00,12.29
2018-09-19 11:00:00,12.29
2018-09-19 12:00:00,12.29
2018-09-19 13:00:00,12.29
2018-09-19 14:00:00,12.29
2018-09-19 15:00:00,12.29
2018-09-19 16:00:00,12.29
2018-09-19 17:00:00,12.29
2018-09-19 18:00:00,12.29
2018-09-19 19:00:00,12.29
2018-09-19 20:00:00,12.29
2018-09-19 21:00:00,12.29
2018-09-19 22:00:00,12.29
2018-09-19 23:00:00,12.29
2018-09-20 00:00:00,12.29
2018-09-20 01:00:00,12.29
2018-09-20 02:00:00,12.29
2018-09-20 03:00:00,12.29
2018-09-20 04:00:00,12.29
2018-09-20 05:00:00,12.29
2018-09-20 06:00:00,12.29
2018-09-20 07:00:00,12.29
2018-09-20 08:00:00,12.29
2018-09-20 09:00:00,12.29
2018-09-20 10:00:00,12.29
2018-09-20 11:00:00,12.29
2018-09-20 12:00:00,12.29
2018-09-20 13:00:00,12.29
2018-09-20 14:00:00,12.29
2018-09-20 15:00:00,12.29
2018-09-20 16:00:00,12.29
2018-09-20 17:00:00,12.29
2018-09-20 18:00:00,12.29
2018-09-20 19:00:00,12.29
2018-09-20 20:00:00,12.29
2018-09-20 21:00:00,12.29
2018-09-20 22:00:00,12.29
2018-09-20 23:00:00,12.29
2018-09-21 00:00:00,12.29
2018-09-21 01:00:00,12.29
2018-09-21 02:00:00,12.29
2018-09-21 03:00:00,12.29
2018-09-21 04:00:00,12.29
2018-09-21 05:00:00,12.29
2018-09-21 06:00:00,12.29
2018-09-21 07:00:00,12.29
2018-09-21 08:00:00,12.29
2018-09-21 09:00:00,12.29
2018-09-21 10:00:00,12.29
2018-09-21 11:00:00,12.29
2018-09-21 12:00:00,12.29
2018-09-21 13:00:00,12.29
2018-09-21 14:00:00,12.29
2018-09-21 15:00:00,12.29
2018-09-21 16:00:00,12.29
2018-09-21 17:00:00,12.29
2018-09-21 18:00:00,12.29
2018-09-21 19:00:00,12.29
2018-09-21 20:00:00,12.29
2018-09-21 21:00:00,12.29
2018-09-21 22:00:00,12.29
2018-09-21 23:00:00,12.29
2018-09-22 00:00:00,12.29
2018-09-22 01:00:00,12.29
2018-09-22 02:00:00,12.29
2018-09-22 03:00:00,12.29
2018-09-22 04:00:00,12.29
2018-09-22 05:00:00,12.29
2018-09-22 06:00:00,12.29
2018-09-22 07:00:00,12.29
2018-09-22 08:00:00,12.29
2018-09-22 09:00:00,12.29
2018-09-22 10:00:00,12.29
2018-09-22 11:00:00,12.29
2018-09-22 12:00:00,12.29
2018-09-22 13:00:00,12.29
2018-09-22 14:00:00,12.29
2018-09-22 15:00:00,12.29
2018-09-22 16:00:00,12.29
2018-09-22 17:00:00,12.29
2018-09-22 18:00:00,12.29
2018-09-22 19:00:00,12.29
2018-09-22 20:00:00,12.29
2018-09-22 21:00:00,12.29
2018-09-22 22:00:00,12.29
2018-09-22 23:00:00,12.29
2018-09-23 00:00:00,12.29
2018-09-23 01:00:00,12.29
2018-09-23 02:00:00,12.29
2018-09-23 03:00:00,12.29
2018-09-23 04:00:00,12.29
2018-09-23 05:00:00,12.29
2018-09-23 06:00:00,12.29
2018-09-23 07:00:00,12.29
2018-09-23 08:00:00,12.29
2018-09-23 09:00:00,12.29
2018-09-23 10:00:00,12.29
2018-09-23 11:00:00,12.29
2018-09-23 12:00:00,12.29
2018-09-23 13:00:00,12.29
2018-09-23 14:00:00,12.29
2018-09-23 15:00:00,12.29
2018-09-23 16:00:00,12.29
2018-09-23 17:00:00,12.29
2018-09-23 18:00:00,12.29
2018-09-23 19:00:00,12.29
2018-09-23 20:00:00,12.29
2018-09-23 21:00:00,12.29
2018-09-23 22:00:00,12.29
2018-09-23 23:00:00,12.29
2018-09-24 00:00:00,12.29
2018-09-24 01:00:00,12.29
2018-09-24 02:00:00,12.29
2018-09-24 03:00:00,12.29
2018-09-24 04:00:00,12.29
2018-09-24 05:00:00,12.29
2018-09-24 06:00:00,12.29
2018-09-24 07:00:00,0
2018-09-24 08:00:00,0
2018-09-24 09:00:00,0
2018-09-24 10:00:00,0
2018-09-24 11:00:00,0
2018-09-24 12:00:00,0
2018-09-24 13:00:00,0
2018-09-24 14:00:00,0
2018-09-24 15:00:00,0
2018-09-24 16:00:00,0
2018-09-24 17:00:00,0
2018-09-24 18:00:00,0
2018-09-24 19:00:00,0
2018-09-24 20:00:00,0
2018-09-24 21:00:00,0
2018-09-24 22:00:00,0
2018-09-24 23:00:00,0
2018-09-25 00:00:00,12.29
2018-09-25 01:00:00,12.29
2018-09-25 02:00:00,12.29
2018-09-25 03:00:00,12.29
2018-09-25 04:00:00,12.29
2018-09-25 05:00:00,12.29
2018-09-25 06:00:00,12.29
2018-09-25 07:00:00,0
2018-09-25 08:00:00,0
2018-09-25 09:00:00,0
2018-09-25 10:00:00,0
2018-09-25 11:00:00,0
2018-09-25 12:00:00,0
2018-09-25 13:00:00,0
2018-09-25 14:00:00,0
2018-09-25 15:00:00,0
2018-09-25 16:00:00,0
2018-09-25 17:00:00,0
2018-09-25 18:00:00,0
2018-09-25 19:00:00,0
2018-09-25 20:00:00,0
2018-09-25 21:00:00,0
2018-09-25 22:00:00,0
2018-09-25 23:00:00,0
2018-09-27 00:00:00,12.29
2018-09-27 01:00:00,12.29
2018-09-27 02:00:00,12.29
2018-09-27 03:00:00,12.29
2018-09-27 04:00:00,12.29
2018-09-27 05:00:00,12.29
2018-09-27 06:00:00,12.29
2018-09-27 07:00:00,12.29
2018-09-27 08:00:00,12.29
2018-09-27 09:00:00,12.29
2018-09-27 10:00:00,12.29
2018-09-27 11:00:00,12.29
2018-09-27 12:00:00,12.29
2018-09-27 13:00:00,12.29
2018-09-27 14:00:00,12.29
2018-09-27 15:00:00,12.29
2018-09-27 16:00:00,12.29
2018-09-27 17:00:00,12.29
2018-09-27 18:00:00,12.29
2018-09-27 19:00:00,12.29
2018-09-27 20:00:00,12.29
2018-09-27 21:00:00,12.29
2018-09-27 22:00:00,12.29
2018-09-27 23:00:00,12.29
2018-09-28 00:00:00,12.29
2018-09-28 01:00:00,12.29
2018-09-28 02:00:00,12.29
2018-09-28 03:00:00,12.29
2018-09-28 04:00:00,12.29
2018-09-28 05:00:00,12.29
2018-09-28 06:00:00,12.29
2018-09-28 07:00:00,0
2018-09-28 08:00:00,0
2018-09-28 09:00:00,0
2018-09-28 10:00:00,0
2018-09-28 11:00:00,0
2018-09-28 12:00:00,0
2018-09-28 13:00:00,0
2018-09-28 14:00:00,0
2018-09-28 15:00:00,0
2018-09-28 16:00:00,0
2018-09-28 17:00:00,0
2018-09-28 18:00:00,0
2018-09-28 19:00:00,0
2018-09-28 20:00:00,0
2018-09-28 21:00:00,0
2018-09-28 22:00:00,0
2018-09-28 23:00:00,0
2018-09-29 00:00:00,12.29
2018-09-29 01:00:00,12.29
2018-09-29 02:00:00,12.29
2018-09-29 03:00:00,12.29
2018-09-29 04:00:00,12.29
2018-09-29 05:00:00,12.29
2018-09-29 06:00:00,12.29
2018-09-29 07:00:00,12.29
2018-09-29 08:00:00,12.29
2018-09-29 09:00:00,12.29
2018-09-29 10:00:00,12.29
2018-09-29 11:00:00,12.29
2018-09-29 12:00:00,12.29
2018-09-29 13:00:00,12.29
2018-09-29 14:00:00,12.29
2018-09-29 15:00:00,12.29
2018-09-29 16:00:00,12.29
2018-09-29 17:00:00,12.29
2018-09-29 18:00:00,12.29
2018-09-29 19:00:00,12.29
2018-09-29 20:00:00,12.29
2018-09-29 21:00:00,12.29
2018-09-29 22:00:00,12.29
2018-09-29 23:00:00,12.29
2018-09-30 00:00:00,12.29
2018-09-30 01:00:00,12.29
2018-09-30 02:00:00,12.29
2018-09-30 03:00:00,12.29
2018-09-30 04:00:00,12.29
2018-09-30 05:00:00,12.29
2018-09-30 06:00:00,12.29
2018-09-30 07:00:00,12.29
2018-09-30 08:00:00,12.29
2018-09-30 09:00:00,12.29
2018-09-30 10:00:00,12.29
2018-09-30 11:00:00,12.29
2018-09-30 12:00:00,12.29
2018-09-30 13:00:00,12.29
2018-09-30 14:00:00,12.29
2018-09-30 15:00:00,12.29
2018-09-30 16:00:00,12.29
2018-09-30 17:00:00,12.29
2018-09-30 18:00:00,12.29
2018-09-30 19:00:00,12.29
2018-09-30 20:00:00,12.29
2018-09-30 21:00:00,12.29
2018-09-30 22:00:00,12.29
2018-09-30 23:00:00,12.29
2018-10-01 00:00:00,12.29
2018-10-01 01:00:00,12.29
2018-10-01 02:00:00,12.29
2018-10-01 03:00:00,12.29
2018-10-01 04:00:00,12.29
2018-10-01 05:00:00,12.29
2018-10-01 06:00:00,12.29
2018-10-01 07:00:00,12.29
2018-10-01 08:00:00,12.29
2018-10-01 09:00:00,12.29
2018-10-01 10:00:00,12.29
2018-10-01 11:00:00,12.29
2018-10-01 12:00:00,12.29
2018-10-01 13:00:00,12.29
2018-10-01 14:00:00,12.29
2018-10-01 15:00:00,12.29
2018-10-01 16:00:00,12.29
2018-10-01 17:00:00,12.29
2018-10-01 18:00:00,12.29
2018-10-01 19:00:00,12.29
2018-10-01 20:00:00,12.29
2018-10-01 21:00:00,12.29
2018-10-01 22:00:00,12.29
2018-10-01 23:00:00,12.29
2018-10-02 00:00:00,12.29
2018-10-02 01:00:00,12.29
2018-10-02 02:00:00,12.29
2018-10-02 03:00:00,12.29
2018-10-02 04:00:00,12.29
2018-10-02 05:00:00,12.29
2018-10-02 06:00:00,12.29
2018-10-02 07:00:00,12.29
2018-10-02 08:00:00,12.29
2018-10-02 09:00:00,12.29
2018-10-02 10:00:00,12.29
2018-10-02 11:00:00,12.29
2018-10-02 12:00:00,12.29
2018-10-02 13:00:00,12.29
2018-10-02 14:00:00,12.29
2018-10-02 15:00:00,12.29
2018-10-02 16:00:00,12.29
2018-10-02 17:00:00,12.29
2018-10-02 18:00:00,12.29
2018-10-02 19:00:00,12.29
2018-10-02 20:00:00,12.29
2018-10-02 21:00:00,12.29
2018-10-02 22:00:00,12.29
2018-10-02 23:00:00,12.29
2018-10-03 00:00:00,12.29
2018-10-03 01:00:00,12.29
2018-10-03 02:00:00,12.29
2018-10-03 03:00:00,12.29
2018-10-03 04:00:00,12.29
2018-10-03 05:00:00,12.29
2018-10-03 06:00:00,12.29
2018-10-03 07:00:00,12.29
2018-10-03 08:00:00,12.29
2018-10-03 09:00:00,12.29
2018-10-03 10:00:00,12.29
2018-10-03 11:00:00,12.29
2018-10-03 12:00:00,12.29
2018-10-03 13:00:00,12.29
2018-10-03 14:00:00,12.29
2018-10-03 15:00:00,12.29
2018-10-03 16:00:00,12.29
2018-10-03 17:00:00,12.29
2018-10-03 18:00:00,12.29
2018-10-03 19:00:00,15.71
2018-10-03 20:00:00,12.29
2018-10-03 21:00:00,17.04
2018-10-03 22:00:00,12.29
2018-10-03 23:00:00,28.98
2018-10-04 00:00:00,35.09
2018-10-04 01:00:00,12.29
2018-10-04 02:00:00,12.29
2018-10-04 03:00:00,12.29
2018-10-04 04:00:00,12.29
2018-10-04 05:00:00,12.29
2018-10-04 06:00:00,12.29
2018-10-04 07:00:00,12.29
2018-10-04 08:00:00,12.29
2018-10-04 09:00:00,12.29
2018-10-04 10:00:00,12.29
2018-10-04 11:00:00,12.29
2018-10-04 12:00:00,12.29
2018-10-04 13:00:00,12.29
2018-10-04 14:00:00,12.29
2018-10-04 15:00:00,12.29
2018-10-04 16:00:00,14.31000001
2018-10-04 17:00:00,43.85
2018-10-04 18:00:00,41.81
2018-10-04 19:00:00,46.49
2018-10-04 20:00:00,44.61
2018-10-04 21:00:00,43.11
2018-10-04 22:00:00,12.29
2018-10-04 23:00:00,12.29
2018-10-05 00:00:00,12.29
2018-10-05 01:00:00,12.29
2018-10-05 02:00:00,12.29
2018-10-05 03:00:00,12.29
2018-10-05 04:00:00,12.29
2018-10-05 05:00:00,12.29
2018-10-05 06:00:00,12.29
2018-10-05 07:00:00,12.29
2018-10-05 08:00:00,12.29
2018-10-05 09:00:00,12.29
2018-10-05 10:00:00,12.29
2018-10-05 11:00:00,12.29
2018-10-05 12:00:00,12.29
2018-10-05 13:00:00,12.29
2018-10-05 14:00:00,12.29
2018-10-05 15:00:00,12.29
2018-10-05 16:00:00,12.29
2018-10-05 17:00:00,12.29
2018-10-05 18:00:00,14.99
2018-10-05 19:00:00,40.69
2018-10-05 20:00:00,48.7
2018-10-05 21:00:00,40.72
2018-10-05 22:00:00,37.89
2018-10-05 23:00:00,28.34
2018-10-06 00:00:00,12.29
2018-10-06 01:00:00,12.29
2018-10-06 02:00:00,12.29
2018-10-06 03:00:00,12.29
2018-10-06 04:00:00,12.29
2018-10-06 05:00:00,12.29
2018-10-06 06:00:00,12.29
2018-10-06 07:00:00,12.29
2018-10-06 08:00:00,12.29
2018-10-06 09:00:00,12.29
2018-10-06 10:00:00,12.29
2018-10-06 11:00:00,12.29
2018-10-06 12:00:00,12.29
2018-10-06 13:00:00,12.29
2018-10-06 14:00:00,12.29
2018-10-06 15:00:00,12.29
2018-10-06 16:00:00,15.55
2018-10-06 17:00:00,39.62
2018-10-06 18:00:00,43.56
2018-10-06 19:00:00,36.6
2018-10-06 20:00:00,38.56
2018-10-06 21:00:00,34.74
2018-10-06 22:00:00,14.34
2018-10-06 23:00:00,12.29
2018-10-07 00:00:00,12.29
2018-10-07 01:00:00,12.29
2018-10-07 02:00:00,12.29
2018-10-07 03:00:00,12.29
2018-10-07 04:00:00,12.29
2018-10-07 05:00:00,12.29
2018-10-07 06:00:00,12.29
2018-10-07 07:00:00,12.29
2018-10-07 08:00:00,12.29
2018-10-07 09:00:00,12.29
2018-10-07 10:00:00,12.29
2018-10-07 11:00:00,38.77
2018-10-07 12:00:00,33.71
2018-10-07 13:00:00,33.62
2018-10-07 14:00:00,34.71
2018-10-07 15:00:00,46.13
2018-10-07 16:00:00,35.55
2018-10-07 17:00:00,44.39
2018-10-07 18:00:00,35.36
2018-10-07 19:00:00,36.31
2018-10-07 20:00:00,39.81
2018-10-07 21:00:00,12.29
2018-10-07 22:00:00,12.29
2018-10-07 23:00:00,12.29
2018-10-08 00:00:00,12.29
2018-10-08 01:00:00,35.57
2018-10-08 02:00:00,31.42
2018-10-08 03:00:00,32.19
2018-10-08 04:00:00,29.85
2018-10-08 05:00:00,35.91
2018-10-08 06:00:00,40.28
2018-10-08 07:00:00,36.14
2018-10-08 08:00:00,40.25
2018-10-08 09:00:00,38.27
2018-10-08 10:00:00,14.04
2018-10-08 11:00:00,12.29
2018-10-08 12:00:00,12.29
2018-10-08 13:00:00,12.29
2018-10-08 14:00:00,12.29
2018-10-08 15:00:00,12.29
2018-10-08 16:00:00,12.29
2018-10-08 17:00:00,12.29
2018-10-08 18:00:00,12.29
2018-10-08 19:00:00,12.29
2018-10-08 20:00:00,12.29
2018-10-08 21:00:00,12.29
2018-10-08 22:00:00,12.29
2018-10-08 23:00:00,12.29
2018-10-09 00:00:00,12.29
2018-10-09 01:00:00,12.29
2018-10-09 02:00:00,12.29
2018-10-09 03:00:00,12.29
2018-10-09 04:00:00,12.29
2018-10-09 05:00:00,12.29
2018-10-09 06:00:00,12.29
2018-10-09 07:00:00,12.29
2018-10-09 08:00:00,12.29
2018-10-09 09:00:00,12.29
2018-10-09 10:00:00,12.29
2018-10-09 11:00:00,12.29
2018-10-09 12:00:00,12.29
2018-10-09 13:00:00,12.29
2018-10-09 14:00:00,12.29
2018-10-09 15:00:00,12.29
2018-10-09 16:00:00,39.9
2018-10-09 17:00:00,39.72
2018-10-09 18:00:00,40.4
2018-10-09 19:00:00,41.19
2018-10-09 20:00:00,41.88
2018-10-09 21:00:00,47.08
2018-10-09 22:00:00,39.82
2018-10-09 23:00:00,27.9
2018-10-10 00:00:00,12.29
2018-10-10 01:00:00,12.29
2018-10-10 02:00:00,12.29
2018-10-10 03:00:00,12.29
2018-10-10 04:00:00,12.29
2018-10-10 05:00:00,12.29
2018-10-10 06:00:00,12.29
2018-10-10 07:00:00,12.29
2018-10-10 08:00:00,12.29
2018-10-10 09:00:00,12.29
2018-10-10 10:00:00,12.29
2018-10-10 11:00:00,12.29
2018-10-10 12:00:00,12.29
2018-10-10 13:00:00,12.29
2018-10-10 14:00:00,12.29
2018-10-10 15:00:00,34.07
2018-10-10 16:00:00,39.17
2018-10-10 17:00:00,42.06
2018-10-10 18:00:00,36.46
2018-10-10 19:00:00,42.7
2018-10-10 20:00:00,41.78
2018-10-10 21:00:00,35.77
2018-10-10 22:00:00,36.43
2018-10-10 23:00:00,33.93
2018-10-11 00:00:00,30.87
2018-10-11 01:00:00,29.06
2018-10-11 02:00:00,29.84
2018-10-11 03:00:00,30.11
2018-10-11 04:00:00,34.89
2018-10-11 05:00:00,31.07
2018-10-11 06:00:00,34.81
2018-10-11 07:00:00,33.38
2018-10-11 08:00:00,42.68
2018-10-11 09:00:00,39.71
2018-10-11 10:00:00,13.89
2018-10-11 11:00:00,12.29
2018-10-11 12:00:00,12.29
2018-10-11 13:00:00,12.29
2018-10-11 14:00:00,12.29
2018-10-11 15:00:00,12.29
2018-10-11 16:00:00,12.29
2018-10-11 17:00:00,12.29
2018-10-11 18:00:00,12.29
2018-10-11 19:00:00,12.29
2018-10-11 20:00:00,12.29
2018-10-11 21:00:00,12.29
2018-10-11 22:00:00,12.29
2018-10-11 23:00:00,12.29
2018-10-12 00:00:00,12.29
2018-10-12 01:00:00,12.29
2018-10-12 02:00:00,12.29
2018-10-12 03:00:00,12.29
2018-10-12 04:00:00,12.29
2018-10-12 05:00:00,12.29
2018-10-12 06:00:00,12.29
2018-10-12 07:00:00,38.41
2018-10-12 08:00:00,40.65
2018-10-12 09:00:00,39.23
2018-10-12 10:00:00,43.74
2018-10-12 11:00:00,45.77
2018-10-12 12:00:00,43.91
2018-10-12 13:00:00,36.83
2018-10-12 14:00:00,36.17
2018-10-12 15:00:00,12.29
2018-10-12 16:00:00,12.29
2018-10-12 17:00:00,12.29
2018-10-12 18:00:00,12.29
2018-10-12 19:00:00,12.29
2018-10-12 20:00:00,12.29
2018-10-12 21:00:00,12.29
2018-10-12 22:00:00,12.29
2018-10-12 23:00:00,12.29
2018-10-13 00:00:00,12.29
2018-10-13 01:00:00,12.29
2018-10-13 02:00:00,12.29
2018-10-13 03:00:00,12.29
2018-10-13 04:00:00,12.29
2018-10-13 05:00:00,12.29
2018-10-13 06:00:00,12.29
2018-10-13 07:00:00,12.29
2018-10-13 08:00:00,14.78
2018-10-13 09:00:00,41.69
2018-10-13 10:00:00,38.54
2018-10-13 11:00:00,33.03
2018-10-13 12:00:00,32.89
2018-10-13 13:00:00,33.08
2018-10-13 14:00:00,14.56
2018-10-13 15:00:00,12.29
2018-10-13 16:00:00,12.29
2018-10-13 17:00:00,12.29
2018-10-13 18:00:00,12.29
2018-10-13 19:00:00,12.29
2018-10-13 20:00:00,12.29
2018-10-13 21:00:00,12.29
2018-10-13 22:00:00,12.29
2018-10-13 23:00:00,12.29
2018-10-14 00:00:00,12.29
2018-10-14 01:00:00,12.29
2018-10-14 02:00:00,12.29
2018-10-14 03:00:00,12.29
2018-10-14 04:00:00,12.29
2018-10-14 05:00:00,12.29
2018-10-14 06:00:00,12.29
2018-10-14 07:00:00,25.4
2018-10-14 08:00:00,25.4
2018-10-14 09:00:00,25.4
2018-10-14 10:00:00,25.4
2018-10-14 11:00:00,25.8
2018-10-14 12:00:00,25.4
2018-10-14 13:00:00,26.2
2018-10-14 14:00:00,0
2018-10-14 15:00:00,0
2018-10-14 16:00:00,0
2018-10-14 17:00:00,0
2018-10-14 18:00:00,0
2018-10-14 19:00:00,0
2018-10-14 20:00:00,0
2018-10-14 21:00:00,0
2018-10-14 22:00:00,0
2018-10-14 23:00:00,0
2018-10-15 00:00:00,12.29
2018-10-15 01:00:00,12.29
2018-10-15 02:00:00,12.29
2018-10-15 03:00:00,12.29
2018-10-15 04:00:00,12.29
2018-10-15 05:00:00,12.29
2018-10-15 06:00:00,12.29
2018-10-15 07:00:00,12.29
2018-10-15 08:00:00,12.29
2018-10-15 09:00:00,12.29
2018-10-15 10:00:00,12.29
2018-10-15 11:00:00,12.29
2018-10-15 12:00:00,12.29
2018-10-15 13:00:00,12.29
2018-10-15 14:00:00,12.29
2018-10-15 15:00:00,12.29
2018-10-15 16:00:00,12.29
2018-10-15 17:00:00,12.29
2018-10-15 18:00:00,12.29
2018-10-15 19:00:00,48
2018-10-15 20:00:00,43.06
2018-10-15 21:00:00,43.83
2018-10-15 22:00:00,39.57
2018-10-15 23:00:00,33.62
2018-10-16 00:00:00,12.29
2018-10-16 01:00:00,12.29
2018-10-16 02:00:00,12.29
2018-10-16 03:00:00,12.29
2018-10-16 04:00:00,12.29
2018-10-16 05:00:00,12.29
2018-10-16 06:00:00,12.29
2018-10-16 07:00:00,12.29
2018-10-16 08:00:00,12.29
2018-10-16 09:00:00,12.29
2018-10-16 10:00:00,12.29
2018-10-16 11:00:00,12.29
2018-10-16 12:00:00,12.29
2018-10-16 13:00:00,12.29
2018-10-16 14:00:00,12.29
2018-10-16 15:00:00,12.29
2018-10-16 16:00:00,12.29
2018-10-16 17:00:00,12.29
2018-10-16 18:00:00,12.29
2018-10-16 19:00:00,12.29
2018-10-16 20:00:00,12.29
2018-10-16 21:00:00,12.29
2018-10-16 22:00:00,12.29
2018-10-16 23:00:00,12.29
2018-10-17 00:00:00,12.29
2018-10-17 01:00:00,12.29
2018-10-17 02:00:00,12.29
2018-10-17 03:00:00,12.29
2018-10-17 04:00:00,12.29
2018-10-17 05:00:00,12.29
2018-10-17 06:00:00,12.29
2018-10-17 07:00:00,12.29
2018-10-17 08:00:00,12.29
2018-10-17 09:00:00,12.29
2018-10-17 10:00:00,12.29
2018-10-17 11:00:00,12.29
2018-10-17 12:00:00,12.29
2018-10-17 13:00:00,12.29
2018-10-17 14:00:00,12.29
2018-10-17 15:00:00,12.29
2018-10-17 16:00:00,12.29
2018-10-17 17:00:00,12.29
2018-10-17 18:00:00,12.29
2018-10-17 19:00:00,12.29
2018-10-17 20:00:00,12.29
2018-10-17 21:00:00,12.29
2018-10-17 22:00:00,12.29
2018-10-17 23:00:00,12.29
2018-10-18 00:00:00,12.29
2018-10-18 01:00:00,12.29
2018-10-18 02:00:00,12.29
2018-10-18 03:00:00,12.29
2018-10-18 04:00:00,12.29
2018-10-18 05:00:00,12.29
2018-10-18 06:00:00,12.29
2018-10-18 07:00:00,12.29
2018-10-18 08:00:00,12.29
2018-10-18 09:00:00,12.29
2018-10-18 10:00:00,12.29
2018-10-18 11:00:00,12.29
2018-10-18 12:00:00,12.29
2018-10-18 13:00:00,12.29
2018-10-18 14:00:00,12.29
2018-10-18 15:00:00,12.29
2018-10-18 16:00:00,12.29
2018-10-18 17:00:00,12.29
2018-10-18 18:00:00,12.29
2018-10-18 19:00:00,12.29
2018-10-18 20:00:00,12.29
2018-10-18 21:00:00,12.29
2018-10-18 22:00:00,12.29
2018-10-18 23:00:00,12.29
2018-10-19 00:00:00,12.29
2018-10-19 01:00:00,12.29
2018-10-19 02:00:00,12.29
2018-10-19 03:00:00,12.29
2018-10-19 04:00:00,12.29
2018-10-19 05:00:00,12.29
2018-10-19 06:00:00,12.29
2018-10-19 07:00:00,12.29
2018-10-19 08:00:00,12.29
2018-10-19 09:00:00,12.29
2018-10-19 10:00:00,12.29
2018-10-19 11:00:00,12.29
2018-10-19 12:00:00,12.29
2018-10-19 13:00:00,12.29
2018-10-19 14:00:00,12.29
2018-10-19 15:00:00,12.29
2018-10-19 16:00:00,12.29
2018-10-19 17:00:00,12.29
2018-10-19 18:00:00,12.29
2018-10-19 19:00:00,12.29
2018-10-19 20:00:00,12.29
2018-10-19 21:00:00,12.29
2018-10-19 22:00:00,12.29
2018-10-19 23:00:00,12.29
2018-10-20 00:00:00,12.29
2018-10-20 01:00:00,12.29
2018-10-20 02:00:00,12.29
2018-10-20 03:00:00,12.29
2018-10-20 04:00:00,12.29
2018-10-20 05:00:00,12.29
2018-10-20 06:00:00,12.29
2018-10-20 07:00:00,12.29
2018-10-20 08:00:00,12.29
2018-10-20 09:00:00,12.29
2018-10-20 10:00:00,12.29
2018-10-20 11:00:00,12.29
2018-10-20 12:00:00,12.29
2018-10-20 13:00:00,12.29
2018-10-20 14:00:00,12.29
2018-10-20 15:00:00,12.29
2018-10-20 16:00:00,12.29
2018-10-20 17:00:00,12.29
2018-10-20 18:00:00,12.29
2018-10-20 19:00:00,12.29
2018-10-20 20:00:00,12.29
2018-10-20 21:00:00,12.29
2018-10-20 22:00:00,12.29
2018-10-20 23:00:00,12.29
2018-10-21 00:00:00,12.29
2018-10-21 01:00:00,12.29
2018-10-21 02:00:00,12.29
2018-10-21 03:00:00,12.29
2018-10-21 04:00:00,12.29
2018-10-21 05:00:00,12.29
2018-10-21 06:00:00,12.29
2018-10-21 07:00:00,12.29
2018-10-21 08:00:00,12.29
2018-10-21 09:00:00,12.29
2018-10-21 10:00:00,12.29
2018-10-21 11:00:00,12.29
2018-10-21 12:00:00,12.29
2018-10-21 13:00:00,12.29
2018-10-21 14:00:00,12.29
2018-10-21 15:00:00,12.29
2018-10-21 16:00:00,12.29
2018-10-21 17:00:00,12.29
2018-10-21 18:00:00,12.29
2018-10-21 19:00:00,12.29
2018-10-21 20:00:00,12.29
2018-10-21 21:00:00,12.29
2018-10-21 22:00:00,12.29
2018-10-21 23:00:00,12.29
2018-10-22 00:00:00,12.29
2018-10-22 01:00:00,13.4
2018-10-22 02:00:00,13.4
2018-10-22 03:00:00,13.4
2018-10-22 04:00:00,13.4
2018-10-22 05:00:00,13.4
2018-10-22 06:00:00,13.4
2018-10-22 07:00:00,13.4
2018-10-22 08:00:00,13.4
2018-10-22 09:00:00,13.4
2018-10-22 10:00:00,13.4
2018-10-22 11:00:00,13.4
2018-10-22 12:00:00,13.4
2018-10-22 13:00:00,13.4
2018-10-22 14:00:00,13.4
2018-10-22 15:00:00,13.4
2018-10-22 16:00:00,13.4
2018-10-22 17:00:00,13.4
2018-10-22 18:00:00,13.4
2018-10-22 19:00:00,13.4
2018-10-22 20:00:00,13.4
2018-10-22 21:00:00,13.4
2018-10-22 22:00:00,13.4
2018-10-22 23:00:00,13.4
2018-10-23 00:00:00,13.4
2018-10-23 01:00:00,13.4
2018-10-23 02:00:00,13.4
2018-10-23 03:00:00,13.4
2018-10-23 04:00:00,13.4
2018-10-23 05:00:00,13.4
2018-10-23 06:00:00,13.4
2018-10-23 07:00:00,13.4
2018-10-23 08:00:00,13.4
2018-10-23 09:00:00,13.4
2018-10-23 10:00:00,13.4
2018-10-23 11:00:00,13.4
2018-10-23 12:00:00,13.4
2018-10-23 13:00:00,13.4
2018-10-23 14:00:00,13.4
2018-10-23 15:00:00,13.4
2018-10-23 16:00:00,13.4
2018-10-23 17:00:00,13.4
2018-10-23 18:00:00,13.4
2018-10-23 19:00:00,13.4
2018-10-23 20:00:00,13.4
2018-10-23 21:00:00,13.4
2018-10-23 22:00:00,13.4
2018-10-23 23:00:00,13.4
2018-10-24 00:00:00,13.4
2018-10-24 01:00:00,13.4
2018-10-24 02:00:00,13.4
2018-10-24 03:00:00,13.4
2018-10-24 04:00:00,13.4
2018-10-24 05:00:00,13.4
2018-10-24 06:00:00,13.4
2018-10-24 07:00:00,13.4
2018-10-24 08:00:00,13.4
2018-10-24 09:00:00,13.4
2018-10-24 10:00:00,13.4
2018-10-24 11:00:00,13.4
2018-10-24 12:00:00,13.4
2018-10-24 13:00:00,13.4
2018-10-24 14:00:00,13.4
2018-10-24 15:00:00,13.4
2018-10-24 16:00:00,13.4
2018-10-24 17:00:00,13.4
2018-10-24 18:00:00,13.4
2018-10-24 19:00:00,13.4
2018-10-24 20:00:00,32.71
2018-10-24 21:00:00,13.4
2018-10-24 22:00:00,13.4
2018-10-24 23:00:00,13.4
2018-10-25 00:00:00,13.4
2018-10-25 01:00:00,13.4
2018-10-25 02:00:00,13.4
2018-10-25 03:00:00,13.4
2018-10-25 04:00:00,13.4
2018-10-25 05:00:00,13.4
2018-10-25 06:00:00,13.4
2018-10-25 07:00:00,13.4
2018-10-25 08:00:00,13.4
2018-10-25 09:00:00,13.4
2018-10-25 10:00:00,13.4
2018-10-25 11:00:00,13.4
2018-10-25 12:00:00,13.4
2018-10-25 13:00:00,13.4
2018-10-25 14:00:00,13.4
2018-10-25 15:00:00,17.71
2018-10-25 16:00:00,55.94
2018-10-25 17:00:00,56.14
2018-10-25 18:00:00,54.24
2018-10-25 19:00:00,55.32
2018-10-25 20:00:00,53.34
2018-10-25 21:00:00,54.67
2018-10-25 22:00:00,13.4
2018-10-25 23:00:00,13.4
2018-10-26 00:00:00,13.4
2018-10-26 01:00:00,13.4
2018-10-26 02:00:00,13.4
2018-10-26 03:00:00,13.4
2018-10-26 04:00:00,13.4
2018-10-26 05:00:00,13.4
2018-10-26 06:00:00,13.4
2018-10-26 07:00:00,13.4
2018-10-26 08:00:00,13.4
2018-10-26 09:00:00,13.4
2018-10-26 10:00:00,13.4
2018-10-26 11:00:00,13.4
2018-10-26 12:00:00,13.4
2018-10-26 13:00:00,13.4
2018-10-26 14:00:00,13.4
2018-10-26 15:00:00,13.4
2018-10-26 16:00:00,17.75000001
2018-10-26 17:00:00,53.55
2018-10-26 18:00:00,50.55
2018-10-26 19:00:00,57.64
2018-10-26 20:00:00,54.1
2018-10-26 21:00:00,55.2
2018-10-26 22:00:00,52.98999999
2018-10-26 23:00:00,19.33
2018-10-27 00:00:00,13.4
2018-10-27 01:00:00,13.4
2018-10-27 02:00:00,13.4
2018-10-27 03:00:00,13.4
2018-10-27 04:00:00,13.4
2018-10-27 05:00:00,13.4
2018-10-27 06:00:00,13.4
2018-10-27 07:00:00,13.4
2018-10-27 08:00:00,13.4
2018-10-27 09:00:00,13.4
2018-10-27 10:00:00,13.4
2018-10-27 11:00:00,13.4
2018-10-27 12:00:00,13.4
2018-10-27 13:00:00,13.4
2018-10-27 14:00:00,13.4
2018-10-27 15:00:00,16.09
2018-10-27 16:00:00,54.96
2018-10-27 17:00:00,54.94
2018-10-27 18:00:00,50.69
2018-10-27 19:00:00,51.45
2018-10-27 20:00:00,52.05
2018-10-27 21:00:00,51.18
2018-10-27 22:00:00,54.09
2018-10-27 23:00:00,44.39
2018-10-28 00:00:00,13.4
2018-10-28 01:00:00,13.4
2018-10-28 02:00:00,13.4
2018-10-28 03:00:00,13.4
2018-10-28 04:00:00,13.4
2018-10-28 05:00:00,13.4
2018-10-28 06:00:00,13.4
2018-10-28 07:00:00,13.4
2018-10-28 08:00:00,13.4
2018-10-28 09:00:00,13.4
2018-10-28 10:00:00,13.4
2018-10-28 11:00:00,21
2018-10-28 12:00:00,53.35
2018-10-28 13:00:00,51.86
2018-10-28 14:00:00,51.51
2018-10-28 15:00:00,53.56
2018-10-28 16:00:00,54.79
2018-10-28 17:00:00,50.51
2018-10-28 18:00:00,49.36
2018-10-28 19:00:00,53.26
2018-10-28 20:00:00,55.64
2018-10-28 21:00:00,47.58
2018-10-28 22:00:00,15.2
2018-10-28 23:00:00,13.4
2018-10-29 00:00:00,13.4
2018-10-29 01:00:00,49.81
2018-10-29 02:00:00,50.95
2018-10-29 03:00:00,50.01
2018-10-29 04:00:00,48.7
2018-10-29 05:00:00,51.67
2018-10-29 06:00:00,16.67
2018-10-29 07:00:00,13.4
2018-10-29 08:00:00,13.4
2018-10-29 09:00:00,13.4
2018-10-29 10:00:00,13.4
2018-10-29 11:00:00,13.4
2018-10-29 12:00:00,13.4
2018-10-29 13:00:00,54.38
2018-10-29 14:00:00,56.69
2018-10-29 15:00:00,54.03
2018-10-29 16:00:00,53.89
2018-10-29 17:00:00,51.82
2018-10-29 18:00:00,50.4
2018-10-29 19:00:00,53.23
2018-10-29 20:00:00,52.4
2018-10-29 21:00:00,54.38
2018-10-29 22:00:00,50.17
2018-10-29 23:00:00,23.72
2018-10-30 00:00:00,13.4
2018-10-30 01:00:00,13.4
2018-10-30 02:00:00,13.4
2018-10-30 03:00:00,13.4
2018-10-30 04:00:00,13.4
2018-10-30 05:00:00,13.4
2018-10-30 06:00:00,13.4
2018-10-30 07:00:00,13.4
2018-10-30 08:00:00,13.4
2018-10-30 09:00:00,16.69
2018-10-30 10:00:00,52.27
2018-10-30 11:00:00,51.72
2018-10-30 12:00:00,51.75
2018-10-30 13:00:00,54.59
2018-10-30 14:00:00,51.23
2018-10-30 15:00:00,53.57
2018-10-30 16:00:00,54.45
2018-10-30 17:00:00,52.63
2018-10-30 18:00:00,50.85
2018-10-30 19:00:00,56.41
2018-10-30 20:00:00,54.61
2018-10-30 21:00:00,53.02
2018-10-30 22:00:00,51.49
2018-10-30 23:00:00,42.48
2018-10-31 00:00:00,13.4
2018-10-31 01:00:00,12.29
2018-10-31 02:00:00,12.29
2018-10-31 03:00:00,12.29
2018-10-31 04:00:00,12.29
2018-10-31 05:00:00,12.29
2018-10-31 06:00:00,16.51
2018-10-31 07:00:00,50.14
2018-10-31 08:00:00,51.97
2018-10-31 09:00:00,45.86
2018-10-31 10:00:00,42.14
2018-10-31 11:00:00,41.73
2018-10-31 12:00:00,45.44
2018-10-31 13:00:00,43.83
2018-10-31 14:00:00,45.63
2018-10-31 15:00:00,46.15
2018-10-31 16:00:00,46.91
2018-10-31 17:00:00,43.42
2018-10-31 18:00:00,43.2
2018-10-31 19:00:00,46.87
2018-10-31 20:00:00,43.48
2018-10-31 21:00:00,12.29
2018-10-31 22:00:00,12.29
2018-10-31 23:00:00,12.29
2018-11-01 00:00:00,12.29
2018-11-01 01:00:00,12.29
2018-11-01 02:00:00,12.29
2018-11-01 03:00:00,12.29
2018-11-01 04:00:00,12.29
2018-11-01 05:00:00,12.29
2018-11-01 06:00:00,15.49
2018-11-01 07:00:00,44.54
2018-11-01 08:00:00,44.41
2018-11-01 09:00:00,41.21
2018-11-01 10:00:00,42.56
2018-11-01 11:00:00,42.62
2018-11-01 12:00:00,37.39
2018-11-01 13:00:00,41.55
2018-11-01 14:00:00,45.67
2018-11-01 15:00:00,46.93
2018-11-01 16:00:00,40.06
2018-11-01 17:00:00,35.18
2018-11-01 18:00:00,39.07
2018-11-01 19:00:00,42.05
2018-11-01 20:00:00,44.73
2018-11-01 21:00:00,41.46
2018-11-01 22:00:00,38.93
2018-11-01 23:00:00,32.99
2018-11-02 00:00:00,15.08
2018-11-02 01:00:00,12.29
2018-11-02 02:00:00,12.29
2018-11-02 03:00:00,41.39
2018-11-02 04:00:00,35.19
2018-11-02 05:00:00,41.56
2018-11-02 06:00:00,38.96
2018-11-02 07:00:00,33.56
2018-11-02 08:00:00,32.47
2018-11-02 09:00:00,39.43
2018-11-02 10:00:00,41.74
2018-11-02 11:00:00,40.85
2018-11-02 12:00:00,42.91
2018-11-02 13:00:00,36.07
2018-11-02 14:00:00,37.59
2018-11-02 15:00:00,41.54
2018-11-02 16:00:00,43.11
2018-11-02 17:00:00,43.07
2018-11-02 18:00:00,35.21
2018-11-02 19:00:00,39.22
2018-11-02 20:00:00,38.66
2018-11-02 21:00:00,40.54
2018-11-02 22:00:00,34.7
2018-11-02 23:00:00,31.74
2018-11-03 00:00:00,12.29
2018-11-03 01:00:00,12.29
2018-11-03 02:00:00,12.29
2018-11-03 03:00:00,12.29
2018-11-03 04:00:00,12.29
2018-11-03 05:00:00,12.29
2018-11-03 06:00:00,43
2018-11-03 07:00:00,35.94
2018-11-03 08:00:00,39.67
2018-11-03 09:00:00,35.22
2018-11-03 10:00:00,35.45
2018-11-03 11:00:00,32.71
2018-11-03 12:00:00,31.76
2018-11-03 13:00:00,34.74
2018-11-03 14:00:00,35.45
2018-11-03 15:00:00,37.97
2018-11-03 16:00:00,45.18
2018-11-03 17:00:00,42.8
2018-11-03 18:00:00,37.62
2018-11-03 19:00:00,48.05
2018-11-03 20:00:00,43.61
2018-11-03 21:00:00,43.5
2018-11-03 22:00:00,43.78
2018-11-03 23:00:00,36.29
2018-11-04 00:00:00,12.29
2018-11-04 01:00:00,44.63
2018-11-04 02:00:00,43.48
2018-11-04 03:00:00,39.17
2018-11-04 04:00:00,39.24
2018-11-04 05:00:00,38.81
2018-11-04 06:00:00,45.12
2018-11-04 07:00:00,42.46
2018-11-04 08:00:00,46.53
2018-11-04 09:00:00,38.03
2018-11-04 10:00:00,38.77
2018-11-04 11:00:00,42.61
2018-11-04 12:00:00,39.62
2018-11-04 13:00:00,48.65
2018-11-04 14:00:00,41.42
2018-11-04 15:00:00,33.67
2018-11-04 16:00:00,47.88
2018-11-04 17:00:00,41.62
2018-11-04 18:00:00,12.29
2018-11-04 19:00:00,12.29
2018-11-04 20:00:00,12.29
2018-11-04 21:00:00,12.29
2018-11-04 22:00:00,12.29
2018-11-04 23:00:00,12.29
2018-11-05 00:00:00,12.29
2018-11-05 01:00:00,12.29
2018-11-05 02:00:00,12.29
2018-11-05 03:00:00,12.29
2018-11-05 04:00:00,12.29
2018-11-05 05:00:00,33.64
2018-11-05 06:00:00,38.38
2018-11-05 07:00:00,34.62
2018-11-05 08:00:00,41.56
2018-11-05 09:00:00,38.1
2018-11-05 10:00:00,42.37
2018-11-05 11:00:00,46.53
2018-11-05 12:00:00,47.12
2018-11-05 13:00:00,32.92
2018-11-05 14:00:00,42.64
2018-11-05 15:00:00,45.45
2018-11-05 16:00:00,49.33
2018-11-05 17:00:00,45.26
2018-11-05 18:00:00,43.05
2018-11-05 19:00:00,46.87
2018-11-05 20:00:00,44.11
2018-11-05 21:00:00,46.11
2018-11-05 22:00:00,35.08
2018-11-05 23:00:00,12.29
2018-11-06 00:00:00,12.29
2018-11-06 01:00:00,12.29
2018-11-06 02:00:00,12.29
2018-11-06 03:00:00,12.29
2018-11-06 04:00:00,12.29
2018-11-06 05:00:00,12.29
2018-11-06 06:00:00,31.21
2018-11-06 07:00:00,37.8
2018-11-06 08:00:00,42.26
2018-11-06 09:00:00,39.78
2018-11-06 10:00:00,43.22
2018-11-06 11:00:00,44
2018-11-06 12:00:00,52.81
2018-11-06 13:00:00,44.99
2018-11-06 14:00:00,41.55
2018-11-06 15:00:00,43.07
2018-11-06 16:00:00,50.28
2018-11-06 17:00:00,47.62
2018-11-06 18:00:00,43.44
2018-11-06 19:00:00,47.92
2018-11-06 20:00:00,45.43
2018-11-06 21:00:00,45.18
2018-11-06 22:00:00,39.08
2018-11-06 23:00:00,33.62
2018-11-07 00:00:00,12.29
2018-11-07 01:00:00,12.29
2018-11-07 02:00:00,12.29
2018-11-07 03:00:00,12.29
2018-11-07 04:00:00,12.29000001
2018-11-07 05:00:00,42.23
2018-11-07 06:00:00,45.25
2018-11-07 07:00:00,39.97
2018-11-07 08:00:00,42.17
2018-11-07 09:00:00,45.35
2018-11-07 10:00:00,48.34
2018-11-07 11:00:00,48.87
2018-11-07 12:00:00,43.57
2018-11-07 13:00:00,42.11
2018-11-07 14:00:00,48.93
2018-11-07 15:00:00,45.77
2018-11-07 16:00:00,54.04
2018-11-07 17:00:00,45.46
2018-11-07 18:00:00,47.66
2018-11-07 19:00:00,51.34
2018-11-07 20:00:00,47.54
2018-11-07 21:00:00,45.22
2018-11-07 22:00:00,12.29
2018-11-07 23:00:00,12.29
2018-11-08 00:00:00,12.29
2018-11-08 01:00:00,12.29000001
2018-11-08 02:00:00,42.92
2018-11-08 03:00:00,39.94
2018-11-08 04:00:00,37.24
2018-11-08 05:00:00,36.25
2018-11-08 06:00:00,39.73
2018-11-08 07:00:00,35.68
2018-11-08 08:00:00,40.65
2018-11-08 09:00:00,43.46
2018-11-08 10:00:00,41.62
2018-11-08 11:00:00,47.01
2018-11-08 12:00:00,46.91
2018-11-08 13:00:00,41.67
2018-11-08 14:00:00,44.1
2018-11-08 15:00:00,44.32
2018-11-08 16:00:00,50.73
2018-11-08 17:00:00,45.17
2018-11-08 18:00:00,39.24
2018-11-08 19:00:00,48.44
2018-11-08 20:00:00,45.28
2018-11-08 21:00:00,47.46
2018-11-08 22:00:00,20.17
2018-11-08 23:00:00,12.29
2018-11-09 00:00:00,12.29
2018-11-09 01:00:00,12.29
2018-11-09 02:00:00,12.29
2018-11-09 03:00:00,12.29
2018-11-09 04:00:00,12.29000001
2018-11-09 05:00:00,44.89
2018-11-09 06:00:00,44.63
2018-11-09 07:00:00,42.26
2018-11-09 08:00:00,41.11
2018-11-09 09:00:00,43.56
2018-11-09 10:00:00,41.46
2018-11-09 11:00:00,47.03
2018-11-09 12:00:00,46.55
2018-11-09 13:00:00,48.4
2018-11-09 14:00:00,49.9
2018-11-09 15:00:00,45.38
2018-11-09 16:00:00,43.3
2018-11-09 17:00:00,45.2
2018-11-09 18:00:00,49.91
2018-11-09 19:00:00,50.86
2018-11-09 20:00:00,46.71
2018-11-09 21:00:00,44.19
2018-11-09 22:00:00,44.48
2018-11-09 23:00:00,42.93
2018-11-10 00:00:00,12.29
2018-11-10 01:00:00,32.56
2018-11-10 02:00:00,39.37
2018-11-10 03:00:00,37.81
2018-11-10 04:00:00,34.95
2018-11-10 05:00:00,38.51
2018-11-10 06:00:00,43.56
2018-11-10 07:00:00,36.07
2018-11-10 08:00:00,38.22
2018-11-10 09:00:00,36.88
2018-11-10 10:00:00,37.09
2018-11-10 11:00:00,36.01
2018-11-10 12:00:00,36.92
2018-11-10 13:00:00,34.83
2018-11-10 14:00:00,37.82
2018-11-10 15:00:00,34.96
2018-11-10 16:00:00,36.47
2018-11-10 17:00:00,46.57
2018-11-10 18:00:00,36.68
2018-11-10 19:00:00,49.33
2018-11-10 20:00:00,48.71
2018-11-10 21:00:00,43.29
2018-11-10 22:00:00,12.29
2018-11-10 23:00:00,12.29
2018-11-11 00:00:00,12.29
2018-11-11 01:00:00,12.29
2018-11-11 02:00:00,12.29
2018-11-11 03:00:00,12.29
2018-11-11 04:00:00,12.29
2018-11-11 05:00:00,15.87
2018-11-11 06:00:00,48.95
2018-11-11 07:00:00,47.24
2018-11-11 08:00:00,41.91
2018-11-11 09:00:00,38.5
2018-11-11 10:00:00,39.95
2018-11-11 11:00:00,39.08
2018-11-11 12:00:00,41.42
2018-11-11 13:00:00,40.69
2018-11-11 14:00:00,47.61
2018-11-11 15:00:00,46.38
2018-11-11 16:00:00,45.04
2018-11-11 17:00:00,46.61
2018-11-11 18:00:00,32.87
2018-11-11 19:00:00,49.57
2018-11-11 20:00:00,45.17
2018-11-11 21:00:00,43.17
2018-11-11 22:00:00,43.17
2018-11-11 23:00:00,34.77
2018-11-12 00:00:00,12.29
2018-11-12 01:00:00,12.29
2018-11-12 02:00:00,12.29
2018-11-12 03:00:00,12.29
2018-11-12 04:00:00,12.29
2018-11-12 05:00:00,39.66
2018-11-12 06:00:00,40.28
2018-11-12 07:00:00,39.31
2018-11-12 08:00:00,38.81
2018-11-12 09:00:00,38.91
2018-11-12 10:00:00,37.73
2018-11-12 11:00:00,42.49
2018-11-12 12:00:00,46.07
2018-11-12 13:00:00,40.39
2018-11-12 14:00:00,46.45
2018-11-12 15:00:00,44.76
2018-11-12 16:00:00,46.4
2018-11-12 17:00:00,44.53
2018-11-12 18:00:00,41.78
2018-11-12 19:00:00,48.43
2018-11-12 20:00:00,42.65
2018-11-12 21:00:00,43.9
2018-11-12 22:00:00,18.85
2018-11-12 23:00:00,12.29
2018-11-13 00:00:00,12.29
2018-11-13 01:00:00,12.29
2018-11-13 02:00:00,12.29
2018-11-13 03:00:00,12.29
2018-11-13 04:00:00,12.29
2018-11-13 05:00:00,38.52
2018-11-13 06:00:00,46.28
2018-11-13 07:00:00,37.66
2018-11-13 08:00:00,46.33
2018-11-13 09:00:00,41.87
2018-11-13 10:00:00,43.14
2018-11-13 11:00:00,45.46
2018-11-13 12:00:00,43.84
2018-11-13 13:00:00,41.31
2018-11-13 14:00:00,45.77
2018-11-13 15:00:00,47.4
2018-11-13 16:00:00,47.67
2018-11-13 17:00:00,42.06
2018-11-13 18:00:00,43.39
2018-11-13 19:00:00,45.8
2018-11-13 20:00:00,43.44
2018-11-13 21:00:00,45.93
2018-11-13 22:00:00,48.55
2018-11-13 23:00:00,42.8
2018-11-14 00:00:00,12.29
2018-11-14 01:00:00,12.29
2018-11-14 02:00:00,12.29
2018-11-14 03:00:00,12.29
2018-11-14 04:00:00,12.29000001
2018-11-14 05:00:00,43.77
2018-11-14 06:00:00,47.59
2018-11-14 07:00:00,24.1
2018-11-14 08:00:00,24.1
2018-11-14 09:00:00,24.1
2018-11-14 10:00:00,24.1
2018-11-14 11:00:00,28.05
2018-11-14 12:00:00,28.05
2018-11-14 13:00:00,30.05
2018-11-14 14:00:00,30.05
2018-11-14 15:00:00,30.05
2018-11-14 16:00:00,30.05
2018-11-14 17:00:00,30.05
2018-11-14 18:00:00,30.1
2018-11-14 19:00:00,30.1
2018-11-14 20:00:00,30.1
2018-11-14 21:00:00,30.1
2018-11-14 22:00:00,30.1
2018-11-14 23:00:00,30.05
2018-11-15 00:00:00,12.29
2018-11-15 01:00:00,45.68
2018-11-15 02:00:00,47.19
2018-11-15 03:00:00,45.89
2018-11-15 04:00:00,42.84
2018-11-15 05:00:00,46.59
2018-11-15 06:00:00,42.9
2018-11-15 07:00:00,45.32
2018-11-15 08:00:00,44.54
2018-11-15 09:00:00,42.13
2018-11-15 10:00:00,42.91
2018-11-15 11:00:00,42.13
2018-11-15 12:00:00,45.42
2018-11-15 13:00:00,46.36
2018-11-15 14:00:00,47.26
2018-11-15 15:00:00,49
2018-11-15 16:00:00,43.18
2018-11-15 17:00:00,41.89
2018-11-15 18:00:00,36.69
2018-11-15 19:00:00,38.1
2018-11-15 20:00:00,39.09
2018-11-15 21:00:00,43.63
2018-11-15 22:00:00,39.16
2018-11-15 23:00:00,12.29
2018-11-16 00:00:00,12.29
2018-11-16 01:00:00,12.29
2018-11-16 02:00:00,12.29
2018-11-16 03:00:00,12.29
2018-11-16 04:00:00,12.29
2018-11-16 05:00:00,15.94
2018-11-16 06:00:00,47.29
2018-11-16 07:00:00,39.38
2018-11-16 08:00:00,34
2018-11-16 09:00:00,42.37
2018-11-16 10:00:00,36.45
2018-11-16 11:00:00,38.08
2018-11-16 12:00:00,39.35
2018-11-16 13:00:00,35.09
2018-11-16 14:00:00,42.89
2018-11-16 15:00:00,35.56
2018-11-16 16:00:00,41.82
2018-11-16 17:00:00,33.51
2018-11-16 18:00:00,39.92
2018-11-16 19:00:00,45.39
2018-11-16 20:00:00,47.99
2018-11-16 21:00:00,45.88
2018-11-16 22:00:00,41.22
2018-11-16 23:00:00,39.1
2018-11-17 00:00:00,12.29
2018-11-17 01:00:00,12.29
2018-11-17 02:00:00,15.64
2018-11-17 03:00:00,41.01
2018-11-17 04:00:00,35.53
2018-11-17 05:00:00,41.92
2018-11-17 06:00:00,40.57
2018-11-17 07:00:00,37.93
2018-11-17 08:00:00,42.52
2018-11-17 09:00:00,42.07
2018-11-17 10:00:00,42.47
2018-11-17 11:00:00,41.98
2018-11-17 12:00:00,47.83
2018-11-17 13:00:00,33.8
2018-11-17 14:00:00,41.41
2018-11-17 15:00:00,47.68
2018-11-17 16:00:00,47.17
2018-11-17 17:00:00,36.46
2018-11-17 18:00:00,38.79
2018-11-17 19:00:00,45.15
2018-11-17 20:00:00,39.76
2018-11-17 21:00:00,12.29
2018-11-17 22:00:00,12.29
2018-11-17 23:00:00,12.29
2018-11-18 00:00:00,15.97
2018-11-18 01:00:00,39.17
2018-11-18 02:00:00,37.21
2018-11-18 03:00:00,41.03
2018-11-18 04:00:00,34.51
2018-11-18 05:00:00,38.25
2018-11-18 06:00:00,44.57
2018-11-18 07:00:00,35.71
2018-11-18 08:00:00,33.21
2018-11-18 09:00:00,33.04
2018-11-18 10:00:00,36.72
2018-11-18 11:00:00,39
2018-11-18 12:00:00,38.7
2018-11-18 13:00:00,34.22
2018-11-18 14:00:00,37.73
2018-11-18 15:00:00,37.88
2018-11-18 16:00:00,38.28
2018-11-18 17:00:00,42.7
2018-11-18 18:00:00,15.28
2018-11-18 19:00:00,12.29
2018-11-18 20:00:00,12.29
2018-11-18 21:00:00,12.29
2018-11-18 22:00:00,12.29
2018-11-18 23:00:00,12.29
2018-11-19 00:00:00,12.29
2018-11-19 01:00:00,12.29
2018-11-19 02:00:00,12.29
2018-11-19 03:00:00,12.29
2018-11-19 04:00:00,12.29
2018-11-19 05:00:00,12.29
2018-11-19 06:00:00,40.02
2018-11-19 07:00:00,36.85
2018-11-19 08:00:00,41.18
2018-11-19 09:00:00,36.82
2018-11-19 10:00:00,39.45
2018-11-19 11:00:00,46.11
2018-11-19 12:00:00,43.4
2018-11-19 13:00:00,41.52
2018-11-19 14:00:00,43.89
2018-11-19 15:00:00,42.51
2018-11-19 16:00:00,47.96
2018-11-19 17:00:00,42.07
2018-11-19 18:00:00,45.83
2018-11-19 19:00:00,46.77
2018-11-19 20:00:00,44.2
2018-11-19 21:00:00,42.9
2018-11-19 22:00:00,12.29
2018-11-19 23:00:00,12.29
2018-11-20 00:00:00,12.29
2018-11-20 01:00:00,12.29
2018-11-20 02:00:00,12.29
2018-11-20 03:00:00,12.29
2018-11-20 04:00:00,12.29
2018-11-20 05:00:00,12.29
2018-11-20 06:00:00,12.29
2018-11-20 07:00:00,12.29
2018-11-20 08:00:00,28.37
2018-11-20 09:00:00,43.16
2018-11-20 10:00:00,46.51
2018-11-20 11:00:00,46.75
2018-11-20 12:00:00,43.63
2018-11-20 13:00:00,44.73
2018-11-20 14:00:00,41.65
2018-11-20 15:00:00,47.52
2018-11-20 16:00:00,42.72
2018-11-20 17:00:00,44.05
2018-11-20 18:00:00,42.59
2018-11-20 19:00:00,36.7
2018-11-20 20:00:00,39.82
2018-11-20 21:00:00,42.81
2018-11-20 22:00:00,39.62
2018-11-20 23:00:00,42.73
2018-11-21 00:00:00,12.29
2018-11-21 01:00:00,12.29
2018-11-21 02:00:00,12.29
2018-11-21 03:00:00,12.29
2018-11-21 04:00:00,12.29
2018-11-21 05:00:00,12.29
2018-11-21 06:00:00,16.4
2018-11-21 07:00:00,46.87
2018-11-21 08:00:00,49.63
2018-11-21 09:00:00,46.72
2018-11-21 10:00:00,43.91
2018-11-21 11:00:00,46.74
2018-11-21 12:00:00,42.51
2018-11-21 13:00:00,42.54
2018-11-21 14:00:00,44.76
2018-11-21 15:00:00,47.18
2018-11-21 16:00:00,49.74
2018-11-21 17:00:00,47.3
2018-11-21 18:00:00,37.92
2018-11-21 19:00:00,42.64
2018-11-21 20:00:00,49.96
2018-11-21 21:00:00,38.26
2018-11-21 22:00:00,39.32
2018-11-21 23:00:00,35.19
2018-11-22 00:00:00,12.29
2018-11-22 01:00:00,11.28
2018-11-22 02:00:00,11.28
2018-11-22 03:00:00,11.28
2018-11-22 04:00:00,11.28
2018-11-22 05:00:00,39.59
2018-11-22 06:00:00,42.3
2018-11-22 07:00:00,39.59
2018-11-22 08:00:00,39.64
2018-11-22 09:00:00,38.7
2018-11-22 10:00:00,40.87
2018-11-22 11:00:00,43.23
2018-11-22 12:00:00,36.01
2018-11-22 13:00:00,33.42
2018-11-22 14:00:00,41.69
2018-11-22 15:00:00,43.1
2018-11-22 16:00:00,40.18
2018-11-22 17:00:00,37.07
2018-11-22 18:00:00,37.58
2018-11-22 19:00:00,42.02
2018-11-22 20:00:00,41.39
2018-11-22 21:00:00,44.46
2018-11-22 22:00:00,38.56
2018-11-22 23:00:00,40.11
2018-11-23 00:00:00,11.28
2018-11-23 01:00:00,11.28
2018-11-23 02:00:00,11.28
2018-11-23 03:00:00,11.28
2018-11-23 04:00:00,11.28
2018-11-23 05:00:00,14.32
2018-11-23 06:00:00,38.07
2018-11-23 07:00:00,37.2
2018-11-23 08:00:00,39.48
2018-11-23 09:00:00,31.34
2018-11-23 10:00:00,42.89
2018-11-23 11:00:00,35.26
2018-11-23 12:00:00,37.54
2018-11-23 13:00:00,37.4
2018-11-23 14:00:00,43.49
2018-11-23 15:00:00,39.96
2018-11-23 16:00:00,42.77
2018-11-23 17:00:00,37.2
2018-11-23 18:00:00,39.1
2018-11-23 19:00:00,35.85
2018-11-23 20:00:00,36.68
2018-11-23 21:00:00,34.16
2018-11-23 22:00:00,39.82
2018-11-23 23:00:00,40.39
2018-11-24 00:00:00,14.58
2018-11-24 01:00:00,42.93
2018-11-24 02:00:00,38.43
2018-11-24 03:00:00,37.01
2018-11-24 04:00:00,33.31
2018-11-24 05:00:00,33.72
2018-11-24 06:00:00,37.58
2018-11-24 07:00:00,37.24
2018-11-24 08:00:00,38.25
2018-11-24 09:00:00,39.08
2018-11-24 10:00:00,33.23
2018-11-24 11:00:00,39.63
2018-11-24 12:00:00,33.1
2018-11-24 13:00:00,37.28
2018-11-24 14:00:00,33.84
2018-11-24 15:00:00,42.89
2018-11-24 16:00:00,11.28
2018-11-24 17:00:00,11.28
2018-11-24 18:00:00,18.65
2018-11-24 19:00:00,34.47
2018-11-24 20:00:00,36.16
2018-11-24 21:00:00,13.54
2018-11-24 22:00:00,11.28
2018-11-24 23:00:00,11.28
2018-11-25 00:00:00,11.28
2018-11-25 01:00:00,12.76
2018-11-25 02:00:00,41.12
2018-11-25 03:00:00,33.65
2018-11-25 04:00:00,38.78
2018-11-25 05:00:00,37.24
2018-11-25 06:00:00,36.82
2018-11-25 07:00:00,38.59
2018-11-25 08:00:00,36.27
2018-11-25 09:00:00,34.63
2018-11-25 10:00:00,39.26
2018-11-25 11:00:00,44.57
2018-11-25 12:00:00,34.17
2018-11-25 13:00:00,36.47
2018-11-25 14:00:00,35.21
2018-11-25 15:00:00,32.4
2018-11-25 16:00:00,31.27
2018-11-25 17:00:00,36.63
2018-11-25 18:00:00,34.85
2018-11-25 19:00:00,40.98
2018-11-25 20:00:00,39.72
2018-11-25 21:00:00,11.28
2018-11-25 22:00:00,11.28
2018-11-25 23:00:00,11.28
2018-11-26 00:00:00,14.78
2018-11-26 01:00:00,39.13
2018-11-26 02:00:00,35.6
2018-11-26 03:00:00,44.55
2018-11-26 04:00:00,33.42
2018-11-26 05:00:00,43.97
2018-11-26 06:00:00,48.08
2018-11-26 07:00:00,38.52
2018-11-26 08:00:00,37.87
2018-11-26 09:00:00,41.89
2018-11-26 10:00:00,33.8
2018-11-26 11:00:00,40.81
2018-11-26 12:00:00,40.38
2018-11-26 13:00:00,37.48
2018-11-26 14:00:00,39.27
2018-11-26 15:00:00,40.65
2018-11-26 16:00:00,39.01
2018-11-26 17:00:00,37.11
2018-11-26 18:00:00,39.11
2018-11-26 19:00:00,11.28
2018-11-26 20:00:00,11.28
2018-11-26 21:00:00,11.28
2018-11-26 22:00:00,11.28
2018-11-26 23:00:00,11.28
2018-11-27 00:00:00,11.28
2018-11-27 01:00:00,11.28
2018-11-27 02:00:00,11.28
2018-11-27 03:00:00,11.28
2018-11-27 04:00:00,36.54
2018-11-27 05:00:00,39.99
2018-11-27 06:00:00,49.43
2018-11-27 07:00:00,43.01
2018-11-27 08:00:00,40.9
2018-11-27 09:00:00,36.58
2018-11-27 10:00:00,37.35
2018-11-27 11:00:00,40.49
2018-11-27 12:00:00,42.31
2018-11-27 13:00:00,37.28
2018-11-27 14:00:00,41.15
2018-11-27 15:00:00,42.02
2018-11-27 16:00:00,41.56
2018-11-27 17:00:00,34.19
2018-11-27 18:00:00,41.17
2018-11-27 19:00:00,36.18
2018-11-27 20:00:00,36.06
2018-11-27 21:00:00,36.97
2018-11-27 22:00:00,34.04
2018-11-27 23:00:00,11.28
2018-11-28 00:00:00,11.28
2018-11-28 01:00:00,11.28
2018-11-28 02:00:00,13.33
2018-11-28 03:00:00,35.31
2018-11-28 04:00:00,32.75
2018-11-28 05:00:00,37.61
2018-11-28 06:00:00,48.83
2018-11-28 07:00:00,37.21
2018-11-28 08:00:00,34.74
2018-11-28 09:00:00,37.07
2018-11-28 10:00:00,34.89
2018-11-28 11:00:00,36.39
2018-11-28 12:00:00,30.39
2018-11-28 13:00:00,31.39
2018-11-28 14:00:00,38.07
2018-11-28 15:00:00,38.67
2018-11-28 16:00:00,41.27
2018-11-28 17:00:00,40.4
2018-11-28 18:00:00,38.84
2018-11-28 19:00:00,44.03
2018-11-28 20:00:00,39.26
2018-11-28 21:00:00,43.66
2018-11-28 22:00:00,39.25
2018-11-28 23:00:00,43.11
2018-11-29 00:00:00,39.21
2018-11-29 01:00:00,39.32
2018-11-29 02:00:00,34.18
2018-11-29 03:00:00,38.85
2018-11-29 04:00:00,33.39
2018-11-29 05:00:00,36.57
2018-11-29 06:00:00,36.91
2018-11-29 07:00:00,11.28
2018-11-29 08:00:00,11.28
2018-11-29 09:00:00,11.28
2018-11-29 10:00:00,41.29
2018-11-29 11:00:00,38.99
2018-11-29 12:00:00,33.84
2018-11-29 13:00:00,35.89
2018-11-29 14:00:00,44.25
2018-11-29 15:00:00,40.26
2018-11-29 16:00:00,41.61
2018-11-29 17:00:00,37.74
2018-11-29 18:00:00,41.27
2018-11-29 19:00:00,41.1
2018-11-29 20:00:00,37.75
2018-11-29 21:00:00,38.68
2018-11-29 22:00:00,38.63
2018-11-29 23:00:00,35.34
2018-11-30 00:00:00,37.19
2018-11-30 01:00:00,11.28
2018-11-30 02:00:00,11.28
2018-11-30 03:00:00,11.28
2018-11-30 04:00:00,33.46
2018-11-30 05:00:00,32.84
2018-11-30 06:00:00,41
2018-11-30 07:00:00,39.8
2018-11-30 08:00:00,42.5
2018-11-30 09:00:00,36.24
2018-11-30 10:00:00,38.27
2018-11-30 11:00:00,41.27
2018-11-30 12:00:00,35.83
2018-11-30 13:00:00,36.24
2018-11-30 14:00:00,38.13
2018-11-30 15:00:00,38.05
2018-11-30 16:00:00,32.16
2018-11-30 17:00:00,37.31
2018-11-30 18:00:00,37.07
2018-11-30 19:00:00,35.59
2018-11-30 20:00:00,35.52
2018-11-30 21:00:00,38.88
2018-11-30 22:00:00,30.47
2018-11-30 23:00:00,27.61
2018-12-01 00:00:00,14.35
2018-12-01 01:00:00,32.21
2018-12-01 02:00:00,32.63
2018-12-01 03:00:00,35.29
2018-12-01 04:00:00,41.16
2018-12-01 05:00:00,44.17
2018-12-01 06:00:00,35.47
2018-12-01 07:00:00,32.68
2018-12-01 08:00:00,35.46
2018-12-01 09:00:00,40.72
2018-12-01 10:00:00,37.77
2018-12-01 11:00:00,39.35
2018-12-01 12:00:00,38.83
2018-12-01 13:00:00,35.66
2018-12-01 14:00:00,35.38
2018-12-01 15:00:00,38.67
2018-12-01 16:00:00,42.18
2018-12-01 17:00:00,33.18
2018-12-01 18:00:00,39.72
2018-12-01 19:00:00,35.11
2018-12-01 20:00:00,33.18
2018-12-01 21:00:00,33.44
2018-12-01 22:00:00,34.19
2018-12-01 23:00:00,35.06
2018-12-02 00:00:00,33.86
2018-12-02 01:00:00,37
2018-12-02 02:00:00,33.03
2018-12-02 03:00:00,33.27
2018-12-02 04:00:00,39.39
2018-12-02 05:00:00,41.41
2018-12-02 06:00:00,35.65
2018-12-02 07:00:00,36.59
2018-12-02 08:00:00,32.96
2018-12-02 09:00:00,33.77
2018-12-02 10:00:00,34.67
2018-12-02 11:00:00,31.77
2018-12-02 12:00:00,34.16
2018-12-02 13:00:00,34.45
2018-12-02 14:00:00,32.26
2018-12-02 15:00:00,33.14
2018-12-02 16:00:00,37.38
2018-12-02 17:00:00,41.54
2018-12-02 18:00:00,37.1
2018-12-02 19:00:00,36.82
2018-12-02 20:00:00,33.62
2018-12-02 21:00:00,33.28
2018-12-02 22:00:00,32.48
2018-12-02 23:00:00,41.16
2018-12-03 00:00:00,13.57
2018-12-03 01:00:00,48.06
2018-12-03 02:00:00,45.51
2018-12-03 03:00:00,33.61
2018-12-03 04:00:00,43.64
2018-12-03 05:00:00,42.69
2018-12-03 06:00:00,40.64
2018-12-03 07:00:00,41.56
2018-12-03 08:00:00,42.81
2018-12-03 09:00:00,41.19
2018-12-03 10:00:00,37.66
2018-12-03 11:00:00,36.38
2018-12-03 12:00:00,41.21
2018-12-03 13:00:00,34.53
2018-12-03 14:00:00,39.9
2018-12-03 15:00:00,46.86
2018-12-03 16:00:00,17.21
2018-12-03 17:00:00,11.28
2018-12-03 18:00:00,11.28
2018-12-03 19:00:00,11.28
2018-12-03 20:00:00,37.41
2018-12-03 21:00:00,36.84
2018-12-03 22:00:00,31.36
2018-12-03 23:00:00,37.35
2018-12-04 00:00:00,11.28
2018-12-04 01:00:00,11.28
2018-12-04 02:00:00,11.28
2018-12-04 03:00:00,11.28
2018-12-04 04:00:00,38.4
2018-12-04 05:00:00,46.3
2018-12-04 06:00:00,41.63
2018-12-04 07:00:00,41.16
2018-12-04 08:00:00,41.08
2018-12-04 09:00:00,43.86
2018-12-04 10:00:00,42.75
2018-12-04 11:00:00,42.24
2018-12-04 12:00:00,41.71
2018-12-04 13:00:00,34.77
2018-12-04 14:00:00,40.71
2018-12-04 15:00:00,42.56
2018-12-04 16:00:00,39.83
2018-12-04 17:00:00,34.69
2018-12-04 18:00:00,35.79
2018-12-04 19:00:00,34.26
2018-12-04 20:00:00,35.75
2018-12-04 21:00:00,36.01
2018-12-04 22:00:00,34.18
2018-12-04 23:00:00,35.55
2018-12-05 00:00:00,11.28
2018-12-05 01:00:00,11.28
2018-12-05 02:00:00,38.89
2018-12-05 03:00:00,36.04
2018-12-05 04:00:00,39.48
2018-12-05 05:00:00,33.59
2018-12-05 06:00:00,38.23
2018-12-05 07:00:00,40.02
2018-12-05 08:00:00,35.37
2018-12-05 09:00:00,37.81
2018-12-05 10:00:00,31.67
2018-12-05 11:00:00,35.43
2018-12-05 12:00:00,35.28
2018-12-05 13:00:00,31.15
2018-12-05 14:00:00,37.25
2018-12-05 15:00:00,48.52
2018-12-05 16:00:00,45.48
2018-12-05 17:00:00,40.77
2018-12-05 18:00:00,41.89
2018-12-05 19:00:00,37.6
2018-12-05 20:00:00,39.51
2018-12-05 21:00:00,34.38
2018-12-05 22:00:00,37.03
2018-12-05 23:00:00,42.9
2018-12-06 00:00:00,11.28
2018-12-06 01:00:00,11.28
2018-12-06 02:00:00,11.28
2018-12-06 03:00:00,16.18
2018-12-06 04:00:00,38.04
2018-12-06 05:00:00,41.99
2018-12-06 06:00:00,36.79
2018-12-06 07:00:00,37.48
2018-12-06 08:00:00,42.79
2018-12-06 09:00:00,29.71
2018-12-06 10:00:00,33.05
2018-12-06 11:00:00,35.86
2018-12-06 12:00:00,36.42
2018-12-06 13:00:00,41.75
2018-12-06 14:00:00,43.22
2018-12-06 15:00:00,37.09
2018-12-06 16:00:00,34.58
2018-12-06 17:00:00,36.7
2018-12-06 18:00:00,36.14
2018-12-06 19:00:00,35.12
2018-12-06 20:00:00,37.79
2018-12-06 21:00:00,33.13
2018-12-06 22:00:00,33.34
2018-12-06 23:00:00,32.59
2018-12-07 00:00:00,13.63
2018-12-07 01:00:00,11.28
2018-12-07 02:00:00,11.28
2018-12-07 03:00:00,11.28
2018-12-07 04:00:00,11.28
2018-12-07 05:00:00,11.28
2018-12-07 06:00:00,11.28
2018-12-07 07:00:00,11.28
2018-12-07 08:00:00,11.28
2018-12-07 09:00:00,35.88
2018-12-07 10:00:00,34.65
2018-12-07 11:00:00,34.16
2018-12-07 12:00:00,37.5
2018-12-07 13:00:00,37.14
2018-12-07 14:00:00,47.92
2018-12-07 15:00:00,42.4
2018-12-07 16:00:00,40.85
2018-12-07 17:00:00,36.9
2018-12-07 18:00:00,30.3
2018-12-07 19:00:00,40.13
2018-12-07 20:00:00,34.25
2018-12-07 21:00:00,35.72
2018-12-07 22:00:00,31.15
2018-12-07 23:00:00,11.28
2018-12-08 00:00:00,11.28
2018-12-08 01:00:00,11.28
2018-12-08 02:00:00,11.28
2018-12-08 03:00:00,11.28
2018-12-08 04:00:00,11.28
2018-12-08 05:00:00,11.28
2018-12-08 06:00:00,11.28
2018-12-08 07:00:00,11.28
2018-12-08 08:00:00,11.28
2018-12-08 09:00:00,11.28
2018-12-08 10:00:00,11.28
2018-12-08 11:00:00,36.89
2018-12-08 12:00:00,34.89
2018-12-08 13:00:00,33.05
2018-12-08 14:00:00,40.32
2018-12-08 15:00:00,38.25
2018-12-08 16:00:00,41.72
2018-12-08 17:00:00,39.64
2018-12-08 18:00:00,32.18
2018-12-08 19:00:00,43.18
2018-12-08 20:00:00,41.73
2018-12-08 21:00:00,35.72
2018-12-08 22:00:00,38.66
2018-12-08 23:00:00,32.95
2018-12-09 00:00:00,33.68
2018-12-09 01:00:00,11.28
2018-12-09 02:00:00,11.28
2018-12-09 03:00:00,11.28
2018-12-09 04:00:00,11.28
2018-12-09 05:00:00,11.28
2018-12-09 06:00:00,14.38
2018-12-09 07:00:00,40.08
2018-12-09 08:00:00,42.22
2018-12-09 09:00:00,40.13
2018-12-09 10:00:00,35.77
2018-12-09 11:00:00,33.86
2018-12-09 12:00:00,37.73
2018-12-09 13:00:00,37.49
2018-12-09 14:00:00,36.68
2018-12-09 15:00:00,38.84
2018-12-09 16:00:00,41.38
2018-12-09 17:00:00,37.59
2018-12-09 18:00:00,11.28
2018-12-09 19:00:00,11.28
2018-12-09 20:00:00,11.28
2018-12-09 21:00:00,11.28
2018-12-09 22:00:00,11.28
2018-12-09 23:00:00,11.28
2018-12-10 00:00:00,11.28
2018-12-10 01:00:00,11.28
2018-12-10 02:00:00,11.28
2018-12-10 03:00:00,11.28
2018-12-10 04:00:00,11.28
2018-12-10 05:00:00,11.28
2018-12-10 06:00:00,11.28
2018-12-10 07:00:00,11.28
2018-12-10 08:00:00,11.28
2018-12-10 09:00:00,11.28
2018-12-10 10:00:00,11.28
2018-12-10 11:00:00,11.28
2018-12-10 12:00:00,11.28
2018-12-10 13:00:00,15.06000001
2018-12-10 14:00:00,44.11
2018-12-10 15:00:00,45.11
2018-12-10 16:00:00,41.56
2018-12-10 17:00:00,37.48
2018-12-10 18:00:00,35.89
2018-12-10 19:00:00,42.73
2018-12-10 20:00:00,34.22
2018-12-10 21:00:00,36.98
2018-12-10 22:00:00,40.03
2018-12-10 23:00:00,37.16
2018-12-11 00:00:00,11.28
2018-12-11 01:00:00,11.28
2018-12-11 02:00:00,11.28
2018-12-11 03:00:00,11.28
2018-12-11 04:00:00,11.28
2018-12-11 05:00:00,11.28
2018-12-11 06:00:00,11.28
2018-12-11 07:00:00,11.28
2018-12-11 08:00:00,11.28
2018-12-11 09:00:00,11.28
2018-12-11 10:00:00,36.36
2018-12-11 11:00:00,37.2
2018-12-11 12:00:00,38.53
2018-12-11 13:00:00,39.42
2018-12-11 14:00:00,43.45
2018-12-11 15:00:00,41.01
2018-12-11 16:00:00,43.3
2018-12-11 17:00:00,37.41
2018-12-11 18:00:00,33.96
2018-12-11 19:00:00,42.65
2018-12-11 20:00:00,41.21
2018-12-11 21:00:00,36.77
2018-12-11 22:00:00,29.19
2018-12-11 23:00:00,11.28
2018-12-12 00:00:00,11.28
2018-12-12 01:00:00,11.28
2018-12-12 02:00:00,11.28
2018-12-12 03:00:00,11.28
2018-12-12 04:00:00,11.28
2018-12-12 05:00:00,11.28
2018-12-12 06:00:00,11.28
2018-12-12 07:00:00,11.28
2018-12-12 08:00:00,11.28
2018-12-12 09:00:00,11.28
2018-12-12 10:00:00,39.45
2018-12-12 11:00:00,34.87
2018-12-12 12:00:00,41.54
2018-12-12 13:00:00,40.91
2018-12-12 14:00:00,42.35
2018-12-12 15:00:00,43.99
2018-12-12 16:00:00,40.29
2018-12-12 17:00:00,33.66
2018-12-12 18:00:00,33.2
2018-12-12 19:00:00,37.21
2018-12-12 20:00:00,14.48
2018-12-12 21:00:00,11.28
2018-12-12 22:00:00,11.28
2018-12-12 23:00:00,11.28
2018-12-13 00:00:00,11.28
2018-12-13 01:00:00,11.28
2018-12-13 02:00:00,11.28
2018-12-13 03:00:00,11.28
2018-12-13 04:00:00,11.28
2018-12-13 05:00:00,11.28
2018-12-13 06:00:00,11.28
2018-12-13 07:00:00,11.28
2018-12-13 08:00:00,11.28
2018-12-13 09:00:00,11.28
2018-12-13 10:00:00,11.28
2018-12-13 11:00:00,11.28
2018-12-13 12:00:00,13.08
2018-12-13 13:00:00,34.6
2018-12-13 14:00:00,36.77
2018-12-13 15:00:00,45.4
2018-12-13 16:00:00,43.85
2018-12-13 17:00:00,39.77
2018-12-13 18:00:00,41.23
2018-12-13 19:00:00,42.32
2018-12-13 20:00:00,47.78
2018-12-13 21:00:00,37.87
2018-12-13 22:00:00,38.81
2018-12-13 23:00:00,11.28
2018-12-14 00:00:00,11.28
2018-12-14 01:00:00,11.28
2018-12-14 02:00:00,11.28
2018-12-14 03:00:00,11.28
2018-12-14 04:00:00,11.28
2018-12-14 05:00:00,11.28
2018-12-14 06:00:00,11.28
2018-12-14 07:00:00,11.28
2018-12-14 08:00:00,11.28
2018-12-14 09:00:00,11.28
2018-12-14 10:00:00,14.77
2018-12-14 11:00:00,41.2
2018-12-14 12:00:00,41.14
2018-12-14 13:00:00,38
2018-12-14 14:00:00,40.38
2018-12-14 15:00:00,39.88
2018-12-14 16:00:00,41.61
2018-12-14 17:00:00,39.92
2018-12-14 18:00:00,31.24
2018-12-14 19:00:00,37.68
2018-12-14 20:00:00,35.94
2018-12-14 21:00:00,44.25
2018-12-14 22:00:00,37.45
2018-12-14 23:00:00,35.63
2018-12-15 00:00:00,11.28
2018-12-15 01:00:00,11.28
2018-12-15 02:00:00,11.28
2018-12-15 03:00:00,11.28
2018-12-15 04:00:00,11.28
2018-12-15 05:00:00,11.28
2018-12-15 06:00:00,11.28
2018-12-15 07:00:00,11.28
2018-12-15 08:00:00,11.28
2018-12-15 09:00:00,11.28
2018-12-15 10:00:00,11.28
2018-12-15 11:00:00,11.28
2018-12-15 12:00:00,11.28
2018-12-15 13:00:00,32.44
2018-12-15 14:00:00,31.9
2018-12-15 15:00:00,29.83
2018-12-15 16:00:00,36.75
2018-12-15 17:00:00,45.32
2018-12-15 18:00:00,36.5
2018-12-15 19:00:00,38.17
2018-12-15 20:00:00,36.87
2018-12-15 21:00:00,35.43
2018-12-15 22:00:00,35.88
2018-12-15 23:00:00,30.21
2018-12-16 00:00:00,11.28
2018-12-16 01:00:00,11.28
2018-12-16 02:00:00,11.28
2018-12-16 03:00:00,11.28
2018-12-16 04:00:00,11.28
2018-12-16 05:00:00,11.28
2018-12-16 06:00:00,11.28
2018-12-16 07:00:00,11.28
2018-12-16 08:00:00,11.28
2018-12-16 09:00:00,11.28
2018-12-16 10:00:00,35.4
2018-12-16 11:00:00,31.83
2018-12-16 12:00:00,35.13
2018-12-16 13:00:00,32.25
2018-12-16 14:00:00,36.99
2018-12-16 15:00:00,43.27
2018-12-16 16:00:00,37
2018-12-16 17:00:00,38.09
2018-12-16 18:00:00,21.88
2018-12-16 19:00:00,11.28
2018-12-16 20:00:00,11.28
2018-12-16 21:00:00,11.28
2018-12-16 22:00:00,11.28
2018-12-16 23:00:00,11.28
2018-12-17 00:00:00,11.28
2018-12-17 01:00:00,11.28
2018-12-17 02:00:00,11.28
2018-12-17 03:00:00,11.28
2018-12-17 04:00:00,11.28
2018-12-17 05:00:00,11.28
2018-12-17 06:00:00,35.44
2018-12-17 07:00:00,29.67
2018-12-17 08:00:00,39.37
2018-12-17 09:00:00,42.38
2018-12-17 10:00:00,39.5
2018-12-17 11:00:00,39.02
2018-12-17 12:00:00,41.55
2018-12-17 13:00:00,34.78
2018-12-17 14:00:00,38.84
2018-12-17 15:00:00,16.81
2018-12-17 16:00:00,11.28000001
2018-12-17 17:00:00,42.21
2018-12-17 18:00:00,14.02
2018-12-17 19:00:00,11.28
2018-12-17 20:00:00,11.28
2018-12-17 21:00:00,11.28
2018-12-17 22:00:00,11.28
2018-12-17 23:00:00,11.28
2018-12-18 00:00:00,11.28
2018-12-18 01:00:00,11.28
2018-12-18 02:00:00,11.28
2018-12-18 03:00:00,11.28
2018-12-18 04:00:00,11.28
2018-12-18 05:00:00,11.28
2018-12-18 06:00:00,11.28
2018-12-18 07:00:00,11.28
2018-12-18 08:00:00,17.03
2018-12-18 09:00:00,37.97
2018-12-18 10:00:00,35.32
2018-12-18 11:00:00,36.4
2018-12-18 12:00:00,37.52
2018-12-18 13:00:00,18.19
2018-12-18 14:00:00,11.28
2018-12-18 15:00:00,11.28
2018-12-18 16:00:00,38.8
2018-12-18 17:00:00,35.43
2018-12-18 18:00:00,41.32
2018-12-18 19:00:00,44.21
2018-12-18 20:00:00,39
2018-12-18 21:00:00,40.66
2018-12-18 22:00:00,29.79
2018-12-18 23:00:00,11.28
2018-12-19 00:00:00,11.28
2018-12-19 01:00:00,11.28
2018-12-19 02:00:00,11.28
2018-12-19 03:00:00,11.28
2018-12-19 04:00:00,11.28
2018-12-19 05:00:00,11.28
2018-12-19 06:00:00,11.28
2018-12-19 07:00:00,31.96
2018-12-19 08:00:00,43.88
2018-12-19 09:00:00,40.14
2018-12-19 10:00:00,38.87
2018-12-19 11:00:00,41.64
2018-12-19 12:00:00,40.51
2018-12-19 13:00:00,34.27
2018-12-19 14:00:00,37.16
2018-12-19 15:00:00,41.43
2018-12-19 16:00:00,39.23
2018-12-19 17:00:00,11.28
2018-12-19 18:00:00,11.28
2018-12-19 19:00:00,11.28
2018-12-19 20:00:00,11.28
2018-12-19 21:00:00,11.28
2018-12-19 22:00:00,11.28
2018-12-19 23:00:00,11.28
2018-12-20 00:00:00,11.28
2018-12-20 01:00:00,11.28
2018-12-20 02:00:00,11.28
2018-12-20 03:00:00,11.28
2018-12-20 04:00:00,11.28
2018-12-20 05:00:00,11.28
2018-12-20 06:00:00,11.28
2018-12-20 07:00:00,0
2018-12-20 08:00:00,0
2018-12-20 09:00:00,0
2018-12-20 10:00:00,0
2018-12-20 11:00:00,0
2018-12-20 12:00:00,24.2
2018-12-20 13:00:00,24.2
2018-12-20 14:00:00,24.2
2018-12-20 15:00:00,24.2
2018-12-20 16:00:00,24.2
2018-12-20 17:00:00,24.2
2018-12-20 18:00:00,24.2
2018-12-20 19:00:00,24.2
2018-12-20 20:00:00,24.2
2018-12-20 21:00:00,22.5
2018-12-20 22:00:00,0
2018-12-20 23:00:00,0
2018-12-21 00:00:00,11.28
2018-12-21 01:00:00,9.84
2018-12-21 02:00:00,9.84
2018-12-21 03:00:00,9.84
2018-12-21 04:00:00,9.84
2018-12-21 05:00:00,9.84
2018-12-21 06:00:00,9.84
2018-12-21 07:00:00,9.84
2018-12-21 08:00:00,9.84
2018-12-21 09:00:00,9.84
2018-12-21 10:00:00,9.84
2018-12-21 11:00:00,9.84
2018-12-21 12:00:00,9.84
2018-12-21 13:00:00,9.840000006
2018-12-21 14:00:00,41.43
2018-12-21 15:00:00,33.39
2018-12-21 16:00:00,35.42
2018-12-21 17:00:00,42.47
2018-12-21 18:00:00,39.53
2018-12-21 19:00:00,41.59
2018-12-21 20:00:00,34.29
2018-12-21 21:00:00,38.7
2018-12-21 22:00:00,41.22
2018-12-21 23:00:00,36.21
2018-12-22 00:00:00,9.84
2018-12-22 01:00:00,35.35
2018-12-22 02:00:00,35.33
2018-12-22 03:00:00,39.43
2018-12-22 04:00:00,39.74
2018-12-22 05:00:00,38
2018-12-22 06:00:00,35.12
2018-12-22 07:00:00,31.72
2018-12-22 08:00:00,28.88
2018-12-22 09:00:00,32.89
2018-12-22 10:00:00,34.28
2018-12-22 11:00:00,36.32
2018-12-22 12:00:00,32.59
2018-12-22 13:00:00,11.66
2018-12-22 14:00:00,9.84
2018-12-22 15:00:00,9.84
2018-12-22 16:00:00,9.84
2018-12-22 17:00:00,9.84
2018-12-22 18:00:00,9.84
2018-12-22 19:00:00,9.84
2018-12-22 20:00:00,9.84
2018-12-22 21:00:00,9.84
2018-12-22 22:00:00,9.84
2018-12-22 23:00:00,9.84
2018-12-23 00:00:00,9.84
2018-12-23 01:00:00,9.840000005
2018-12-23 02:00:00,38.18
2018-12-23 03:00:00,30.52
2018-12-23 04:00:00,35.97
2018-12-23 05:00:00,38.96
2018-12-23 06:00:00,43.05
2018-12-23 07:00:00,24.6
2018-12-23 08:00:00,24.6
2018-12-23 09:00:00,24.6
2018-12-23 10:00:00,24.6
2018-12-23 11:00:00,26.8
2018-12-23 12:00:00,0
2018-12-23 13:00:00,0
2018-12-23 14:00:00,0
2018-12-23 15:00:00,0
2018-12-23 16:00:00,0
2018-12-23 17:00:00,0
2018-12-23 18:00:00,0
2018-12-23 19:00:00,0
2018-12-23 20:00:00,0
2018-12-23 21:00:00,0
2018-12-23 22:00:00,0
2018-12-23 23:00:00,0
2018-12-24 00:00:00,9.84
2018-12-24 01:00:00,9.84
2018-12-24 02:00:00,9.84
2018-12-24 03:00:00,9.84
2018-12-24 04:00:00,9.84
2018-12-24 05:00:00,9.84
2018-12-24 06:00:00,9.84
2018-12-24 07:00:00,9.84
2018-12-24 08:00:00,9.84
2018-12-24 09:00:00,9.84
2018-12-24 10:00:00,40.7
2018-12-24 11:00:00,38.97
2018-12-24 12:00:00,43.73
2018-12-24 13:00:00,35.51
2018-12-24 14:00:00,34.93
2018-12-24 15:00:00,35.84
2018-12-24 16:00:00,30.75
2018-12-24 17:00:00,44.93
2018-12-24 18:00:00,40.47
2018-12-24 19:00:00,9.84
2018-12-24 20:00:00,9.84
2018-12-24 21:00:00,9.84
2018-12-24 22:00:00,9.84
2018-12-24 23:00:00,9.84
2018-12-25 00:00:00,9.84
2018-12-25 01:00:00,9.84
2018-12-25 02:00:00,9.84
2018-12-25 03:00:00,9.84
2018-12-25 04:00:00,9.84
2018-12-25 05:00:00,9.84
2018-12-25 06:00:00,9.84
2018-12-25 07:00:00,9.84
2018-12-25 08:00:00,9.84
2018-12-25 09:00:00,9.84
2018-12-25 10:00:00,9.84
2018-12-25 11:00:00,9.84
2018-12-25 12:00:00,9.84
2018-12-25 13:00:00,9.84
2018-12-25 14:00:00,9.84
2018-12-25 15:00:00,9.84
2018-12-25 16:00:00,9.84
2018-12-25 17:00:00,9.84
2018-12-25 18:00:00,9.84
2018-12-25 19:00:00,9.84
2018-12-25 20:00:00,9.84
2018-12-25 21:00:00,9.84
2018-12-25 22:00:00,9.84
2018-12-25 23:00:00,9.84
2018-12-26 00:00:00,9.84
2018-12-26 01:00:00,9.84
2018-12-26 02:00:00,9.84
2018-12-26 03:00:00,9.84
2018-12-26 04:00:00,9.84
2018-12-26 05:00:00,9.84
2018-12-26 06:00:00,9.84
2018-12-26 07:00:00,9.84
2018-12-26 08:00:00,9.84
2018-12-26 09:00:00,9.84
2018-12-26 10:00:00,12.59000001
2018-12-26 11:00:00,43.67
2018-12-26 12:00:00,34.39
2018-12-26 13:00:00,38
2018-12-26 14:00:00,38.98
2018-12-26 15:00:00,41.88
2018-12-26 16:00:00,43.62
2018-12-26 17:00:00,44.69
2018-12-26 18:00:00,37.57
2018-12-26 19:00:00,48.36999999
2018-12-26 20:00:00,14.45
2018-12-26 21:00:00,9.84
2018-12-26 22:00:00,9.84
2018-12-26 23:00:00,9.84
2018-12-27 00:00:00,11.94
2018-12-27 01:00:00,39.68
2018-12-27 02:00:00,32.5
2018-12-27 03:00:00,31.2
2018-12-27 04:00:00,35.6
2018-12-27 05:00:00,35.41
2018-12-27 06:00:00,35.03
2018-12-27 07:00:00,35.76
2018-12-27 08:00:00,36.15
2018-12-27 09:00:00,28.76
2018-12-27 10:00:00,30.84
2018-12-27 11:00:00,35.06
2018-12-27 12:00:00,37.41
2018-12-27 13:00:00,35.09
2018-12-27 14:00:00,35.08
2018-12-27 15:00:00,39.71
2018-12-27 16:00:00,44.96
2018-12-27 17:00:00,42.56
2018-12-27 18:00:00,11.62
2018-12-27 19:00:00,9.84
2018-12-27 20:00:00,9.84
2018-12-27 21:00:00,9.84
2018-12-27 22:00:00,9.84
2018-12-27 23:00:00,9.84
2018-12-28 00:00:00,9.84
2018-12-28 01:00:00,36.02
2018-12-28 02:00:00,31.41
2018-12-28 03:00:00,36.2
2018-12-28 04:00:00,34.46
2018-12-28 05:00:00,38.35
2018-12-28 06:00:00,39.2
2018-12-28 07:00:00,26.2
2018-12-28 08:00:00,26.2
2018-12-28 09:00:00,26.2
2018-12-28 10:00:00,25.6
2018-12-28 11:00:00,25.6
2018-12-28 12:00:00,25.6
2018-12-28 13:00:00,25.6
2018-12-28 14:00:00,25.6
2018-12-28 15:00:00,25.6
2018-12-28 16:00:00,25.6
2018-12-28 17:00:00,25.6
2018-12-28 18:00:00,25.6
2018-12-28 19:00:00,0
2018-12-28 20:00:00,0
2018-12-28 21:00:00,0
2018-12-28 22:00:00,4.33E-09
2018-12-28 23:00:00,24.8
2018-12-29 00:00:00,9.84
2018-12-29 01:00:00,35.17
2018-12-29 02:00:00,34.72
2018-12-29 03:00:00,31.3
2018-12-29 04:00:00,40.35
2018-12-29 05:00:00,45.16
2018-12-29 06:00:00,43.29
2018-12-29 07:00:00,42.38
2018-12-29 08:00:00,34.83
2018-12-29 09:00:00,30.08
2018-12-29 10:00:00,32.88
2018-12-29 11:00:00,43.84
2018-12-29 12:00:00,32.83
2018-12-29 13:00:00,34.57
2018-12-29 14:00:00,39.1
2018-12-29 15:00:00,15.79
2018-12-29 16:00:00,9.84
2018-12-29 17:00:00,9.84
2018-12-29 18:00:00,9.84
2018-12-29 19:00:00,9.84
2018-12-29 20:00:00,9.84
2018-12-29 21:00:00,9.84
2018-12-29 22:00:00,9.84
2018-12-29 23:00:00,9.84
2018-12-30 00:00:00,9.84
2018-12-30 01:00:00,9.84
2018-12-30 02:00:00,9.84
2018-12-30 03:00:00,9.84
2018-12-30 04:00:00,9.84
2018-12-30 05:00:00,9.84
2018-12-30 06:00:00,9.84
2018-12-30 07:00:00,8.73E-10
2018-12-30 08:00:00,5
2018-12-30 09:00:00,26.9
2018-12-30 10:00:00,28.85
2018-12-30 11:00:00,24.85
2018-12-30 12:00:00,22.8
2018-12-30 13:00:00,22.8
2018-12-30 14:00:00,28.85
2018-12-30 15:00:00,28.85
2018-12-30 16:00:00,0
2018-12-30 17:00:00,0
2018-12-30 18:00:00,0
2018-12-30 19:00:00,0
2018-12-30 20:00:00,0
2018-12-30 21:00:00,0
2018-12-30 22:00:00,0
2018-12-30 23:00:00,0
2018-12-31 00:00:00,9.84
2018-12-31 01:00:00,9.84
2018-12-31 02:00:00,9.84
2018-12-31 03:00:00,9.84
2018-12-31 04:00:00,9.84
2018-12-31 05:00:00,9.84
2018-12-31 06:00:00,9.84
2018-12-31 07:00:00,9.84
2018-12-31 08:00:00,9.84
2018-12-31 09:00:00,9.84
2018-12-31 10:00:00,9.84
2018-12-31 11:00:00,9.84
2018-12-31 12:00:00,9.84
2018-12-31 13:00:00,9.84
2018-12-31 14:00:00,9.84
2018-12-31 15:00:00,9.84
2018-12-31 16:00:00,9.84
2018-12-31 17:00:00,9.84
2018-12-31 18:00:00,11.49
2018-12-31 19:00:00,37.89
2018-12-31 20:00:00,33.44
2018-12-31 21:00:00,35.3
2018-12-31 22:00:00,35.56
2018-12-31 23:00:00,33.48
2019-01-01 00:00:00,31.24
2019-01-01 01:00:00,9.84
2019-01-01 02:00:00,9.84
2019-01-01 03:00:00,9.84
2019-01-01 04:00:00,9.84
2019-01-01 05:00:00,9.84
2019-01-01 06:00:00,9.84
2019-01-01 07:00:00,9.84
2019-01-01 08:00:00,9.84
2019-01-01 09:00:00,9.84
2019-01-01 10:00:00,9.84
2019-01-01 11:00:00,9.84
2019-01-01 12:00:00,9.84
2019-01-01 13:00:00,9.84
2019-01-01 14:00:00,9.84
2019-01-01 15:00:00,9.84
2019-01-01 16:00:00,9.840000001
2019-01-01 17:00:00,13.4
2019-01-01 18:00:00,37.4
2019-01-01 19:00:00,34.43
2019-01-01 20:00:00,32.28
2019-01-01 21:00:00,37.1
2019-01-01 22:00:00,32.73
2019-01-01 23:00:00,13.38
2019-01-02 00:00:00,9.84
2019-01-02 01:00:00,40.49
2019-01-02 02:00:00,32.53
2019-01-02 03:00:00,32.36
2019-01-02 04:00:00,34.27
2019-01-02 05:00:00,32.85
2019-01-02 06:00:00,37.29
2019-01-02 07:00:00,36.46
2019-01-02 08:00:00,40.04
2019-01-02 09:00:00,32.67
2019-01-02 10:00:00,37.9
2019-01-02 11:00:00,34.43
2019-01-02 12:00:00,39.4
2019-01-02 13:00:00,34.78
2019-01-02 14:00:00,36.71
2019-01-02 15:00:00,40.86
2019-01-02 16:00:00,45.16
2019-01-02 17:00:00,43.62
2019-01-02 18:00:00,39.61
2019-01-02 19:00:00,40.41999999
2019-01-02 20:00:00,9.84
2019-01-02 21:00:00,9.84
2019-01-02 22:00:00,9.84
2019-01-02 23:00:00,9.84
2019-01-03 00:00:00,9.84
2019-01-03 01:00:00,9.84
2019-01-03 02:00:00,9.84
2019-01-03 03:00:00,9.84
2019-01-03 04:00:00,9.840000005
2019-01-03 05:00:00,38.6
2019-01-03 06:00:00,31.45
2019-01-03 07:00:00,36.57
2019-01-03 08:00:00,40.89
2019-01-03 09:00:00,40.92
2019-01-03 10:00:00,36.36
2019-01-03 11:00:00,37.09
2019-01-03 12:00:00,42.6
2019-01-03 13:00:00,38.92
2019-01-03 14:00:00,40.85
2019-01-03 15:00:00,38.05
2019-01-03 16:00:00,41.23
2019-01-03 17:00:00,35.54
2019-01-03 18:00:00,38.07
2019-01-03 19:00:00,37.6
2019-01-03 20:00:00,37.81
2019-01-03 21:00:00,9.84
2019-01-03 22:00:00,9.84
2019-01-03 23:00:00,9.84
2019-01-04 00:00:00,9.84
2019-01-04 01:00:00,9.84
2019-01-04 02:00:00,9.84
2019-01-04 03:00:00,9.84
2019-01-04 04:00:00,9.84
2019-01-04 05:00:00,9.84
2019-01-04 06:00:00,9.84
2019-01-04 07:00:00,9.84
2019-01-04 08:00:00,11.93
2019-01-04 09:00:00,42.22
2019-01-04 10:00:00,34.22
2019-01-04 11:00:00,33.9
2019-01-04 12:00:00,36.94
2019-01-04 13:00:00,35.79
2019-01-04 14:00:00,38.28
2019-01-04 15:00:00,36.06
2019-01-04 16:00:00,35.95
2019-01-04 17:00:00,33.09
2019-01-04 18:00:00,29.82
2019-01-04 19:00:00,43.33
2019-01-04 20:00:00,16.74
2019-01-04 21:00:00,9.84
2019-01-04 22:00:00,9.84
2019-01-04 23:00:00,9.84
2019-01-05 00:00:00,9.84
2019-01-05 01:00:00,9.84
2019-01-05 02:00:00,9.84
2019-01-05 03:00:00,9.84
2019-01-05 04:00:00,9.84
2019-01-05 05:00:00,9.84
2019-01-05 06:00:00,9.84
2019-01-05 07:00:00,12.55
2019-01-05 08:00:00,30.62
2019-01-05 09:00:00,38.28
2019-01-05 10:00:00,42.8
2019-01-05 11:00:00,42.74
2019-01-05 12:00:00,45.25
2019-01-05 13:00:00,34.81
2019-01-05 14:00:00,32.96
2019-01-05 15:00:00,41.02
2019-01-05 16:00:00,48.38
2019-01-05 17:00:00,36.86
2019-01-05 18:00:00,9.84
2019-01-05 19:00:00,9.84
2019-01-05 20:00:00,9.84
2019-01-05 21:00:00,9.84
2019-01-05 22:00:00,9.84
2019-01-05 23:00:00,9.84
2019-01-06 00:00:00,9.84
2019-01-06 01:00:00,35.35
2019-01-06 02:00:00,35.33
2019-01-06 03:00:00,39.43
2019-01-06 04:00:00,39.74
2019-01-06 05:00:00,38
2019-01-06 06:00:00,35.12
2019-01-06 07:00:00,20.78
2019-01-06 08:00:00,28.44
2019-01-06 09:00:00,32.96
2019-01-06 10:00:00,32.9
2019-01-06 11:00:00,35.41
2019-01-06 12:00:00,24.97
2019-01-06 13:00:00,0
2019-01-06 14:00:00,0
2019-01-06 15:00:00,0
2019-01-06 16:00:00,0
2019-01-06 17:00:00,0
2019-01-06 18:00:00,0
2019-01-06 19:00:00,0
2019-01-06 20:00:00,0
2019-01-06 21:00:00,0
2019-01-06 22:00:00,0
2019-01-06 23:00:00,0
2019-01-07 00:00:00,9.84
2019-01-07 01:00:00,9.840000005
2019-01-07 02:00:00,38.18
2019-01-07 03:00:00,30.52
2019-01-07 04:00:00,35.97
2019-01-07 05:00:00,38.96
2019-01-07 06:00:00,43.05
2019-01-07 07:00:00,33.48
2019-01-07 08:00:00,40.16
2019-01-07 09:00:00,39.6
2019-01-07 10:00:00,39.04
2019-01-07 11:00:00,39.93
2019-01-07 12:00:00,9.84
2019-01-07 13:00:00,9.84
2019-01-07 14:00:00,9.84
2019-01-07 15:00:00,9.84
2019-01-07 16:00:00,9.84
2019-01-07 17:00:00,9.84
2019-01-07 18:00:00,9.84
2019-01-07 19:00:00,9.84
2019-01-07 20:00:00,9.84
2019-01-07 21:00:00,9.84
2019-01-07 22:00:00,9.84
2019-01-07 23:00:00,9.84
2019-01-08 00:00:00,9.84
2019-01-08 01:00:00,33.58
2019-01-08 02:00:00,39.77
2019-01-08 03:00:00,38.68
2019-01-08 04:00:00,36.25
2019-01-08 05:00:00,30.71
2019-01-08 06:00:00,36.3
2019-01-08 07:00:00,37.53
2019-01-08 08:00:00,33.7
2019-01-08 09:00:00,9.84
2019-01-08 10:00:00,9.84
2019-01-08 11:00:00,9.84
2019-01-08 12:00:00,9.84
2019-01-08 13:00:00,9.84
2019-01-08 14:00:00,9.84
2019-01-08 15:00:00,9.84
2019-01-08 16:00:00,9.84
2019-01-08 17:00:00,9.84
2019-01-08 18:00:00,9.84
2019-01-08 19:00:00,9.84
2019-01-08 20:00:00,9.84
2019-01-08 21:00:00,9.84
2019-01-08 22:00:00,9.84
2019-01-08 23:00:00,9.84
2019-01-09 00:00:00,9.84
2019-01-09 01:00:00,9.84
2019-01-09 02:00:00,9.84
2019-01-09 03:00:00,9.84
2019-01-09 04:00:00,9.84
2019-01-09 05:00:00,9.84
2019-01-09 06:00:00,9.84
2019-01-09 07:00:00,13.23
2019-01-09 08:00:00,41.42
2019-01-09 09:00:00,35.85
2019-01-09 10:00:00,33.85
2019-01-09 11:00:00,32.82
2019-01-09 12:00:00,41.51
2019-01-09 13:00:00,36.13
2019-01-09 14:00:00,47.43
2019-01-09 15:00:00,47.33
2019-01-09 16:00:00,45.09999999
2019-01-09 17:00:00,9.84
2019-01-09 18:00:00,9.84
2019-01-09 19:00:00,9.84
2019-01-09 20:00:00,9.84
2019-01-09 21:00:00,9.84
2019-01-09 22:00:00,9.84
2019-01-09 23:00:00,9.84
2019-01-10 00:00:00,9.84
2019-01-10 01:00:00,9.84
2019-01-10 02:00:00,9.84
2019-01-10 03:00:00,13.19
2019-01-10 04:00:00,34.78
2019-01-10 05:00:00,37.63
2019-01-10 06:00:00,41.93
2019-01-10 07:00:00,34.96
2019-01-10 08:00:00,33.32
2019-01-10 09:00:00,35.57
2019-01-10 10:00:00,34.1
2019-01-10 11:00:00,38.82
2019-01-10 12:00:00,14.55
2019-01-10 13:00:00,9.84
2019-01-10 14:00:00,9.84
2019-01-10 15:00:00,9.84
2019-01-10 16:00:00,9.84
2019-01-10 17:00:00,9.84
2019-01-10 18:00:00,9.84
2019-01-10 19:00:00,9.84
2019-01-10 20:00:00,9.84
2019-01-10 21:00:00,9.84
2019-01-10 22:00:00,9.84
2019-01-10 23:00:00,9.84
2019-01-11 00:00:00,9.84
2019-01-11 01:00:00,9.84
2019-01-11 02:00:00,9.84
2019-01-11 03:00:00,9.84
2019-01-11 04:00:00,9.84
2019-01-11 05:00:00,9.84
2019-01-11 06:00:00,9.84
2019-01-11 07:00:00,9.84
2019-01-11 08:00:00,9.84
2019-01-11 09:00:00,9.84
2019-01-11 10:00:00,9.84
2019-01-11 11:00:00,9.84
2019-01-11 12:00:00,9.84
2019-01-11 13:00:00,9.84
2019-01-11 14:00:00,9.84
2019-01-11 15:00:00,41.26
2019-01-11 16:00:00,43.74
2019-01-11 17:00:00,36.34
2019-01-11 18:00:00,33.99
2019-01-11 19:00:00,38.5
2019-01-11 20:00:00,32.96
2019-01-11 21:00:00,31.7
2019-01-11 22:00:00,33.68
2019-01-11 23:00:00,31.66
2019-01-12 00:00:00,9.84
2019-01-12 01:00:00,13.17000001
2019-01-12 02:00:00,46.54
2019-01-12 03:00:00,29.6
2019-01-12 04:00:00,33.23
2019-01-12 05:00:00,37.17
2019-01-12 06:00:00,32.19
2019-01-12 07:00:00,37.64
2019-01-12 08:00:00,34.29
2019-01-12 09:00:00,33.11
2019-01-12 10:00:00,34.2
2019-01-12 11:00:00,32.19
2019-01-12 12:00:00,30.63
2019-01-12 13:00:00,29.3
2019-01-12 14:00:00,32.75
2019-01-12 15:00:00,40.08
2019-01-12 16:00:00,15.34
2019-01-12 17:00:00,9.84
2019-01-12 18:00:00,9.84
2019-01-12 19:00:00,9.84
2019-01-12 20:00:00,9.84
2019-01-12 21:00:00,9.84
2019-01-12 22:00:00,9.84
2019-01-12 23:00:00,9.84
2019-01-13 00:00:00,13.14
2019-01-13 01:00:00,31.85
2019-01-13 02:00:00,33.52
2019-01-13 03:00:00,36.49
2019-01-13 04:00:00,12.37
2019-01-13 05:00:00,9.84
2019-01-13 06:00:00,9.84
2019-01-13 07:00:00,9.84
2019-01-13 08:00:00,9.84
2019-01-13 09:00:00,9.84
2019-01-13 10:00:00,9.84
2019-01-13 11:00:00,9.84
2019-01-13 12:00:00,9.84
2019-01-13 13:00:00,13.29
2019-01-13 14:00:00,30.37
2019-01-13 15:00:00,41.53
2019-01-13 16:00:00,38.64
2019-01-13 17:00:00,40.92
2019-01-13 18:00:00,37.56
2019-01-13 19:00:00,9.84
2019-01-13 20:00:00,9.84
2019-01-13 21:00:00,9.84
2019-01-13 22:00:00,9.84
2019-01-13 23:00:00,9.84
2019-01-14 00:00:00,9.84
2019-01-14 01:00:00,9.84
2019-01-14 02:00:00,9.84
2019-01-14 03:00:00,31.12
2019-01-14 04:00:00,31.88
2019-01-14 05:00:00,35.83
2019-01-14 06:00:00,39.54
2019-01-14 07:00:00,33.28
2019-01-14 08:00:00,39.38
2019-01-14 09:00:00,41.3
2019-01-14 10:00:00,35.07
2019-01-14 11:00:00,42.58
2019-01-14 12:00:00,9.84
2019-01-14 13:00:00,9.84
2019-01-14 14:00:00,9.84
2019-01-14 15:00:00,9.84
2019-01-14 16:00:00,9.84
2019-01-14 17:00:00,9.84
2019-01-14 18:00:00,9.84
2019-01-14 19:00:00,9.84
2019-01-14 20:00:00,9.84
2019-01-14 21:00:00,9.84
2019-01-14 22:00:00,9.84
2019-01-14 23:00:00,9.84
2019-01-15 00:00:00,9.84
2019-01-15 01:00:00,9.84
2019-01-15 02:00:00,9.84
2019-01-15 03:00:00,9.84
2019-01-15 04:00:00,9.84
2019-01-15 05:00:00,9.84
2019-01-15 06:00:00,9.84
2019-01-15 07:00:00,9.84
2019-01-15 08:00:00,9.84
2019-01-15 09:00:00,9.84
2019-01-15 10:00:00,9.84
2019-01-15 11:00:00,9.84
2019-01-15 12:00:00,9.84
2019-01-15 13:00:00,9.840000006
2019-01-15 14:00:00,41.74
2019-01-15 15:00:00,31.01
2019-01-15 16:00:00,38.67
2019-01-15 17:00:00,32.85
2019-01-15 18:00:00,37.42
2019-01-15 19:00:00,46.82999999
2019-01-15 20:00:00,13.28
2019-01-15 21:00:00,9.84
2019-01-15 22:00:00,9.84
2019-01-15 23:00:00,9.84
2019-01-16 00:00:00,9.84
2019-01-16 01:00:00,9.84
2019-01-16 02:00:00,9.84
2019-01-16 03:00:00,9.84
2019-01-16 04:00:00,9.84
2019-01-16 05:00:00,9.84
2019-01-16 06:00:00,9.84
2019-01-16 07:00:00,9.84
2019-01-16 08:00:00,11.74
2019-01-16 09:00:00,37.95
2019-01-16 10:00:00,35.79
2019-01-16 11:00:00,37.11
2019-01-16 12:00:00,37.63
2019-01-16 13:00:00,34.87
2019-01-16 14:00:00,33.89
2019-01-16 15:00:00,11.79
2019-01-16 16:00:00,9.84
2019-01-16 17:00:00,9.84
2019-01-16 18:00:00,9.84
2019-01-16 19:00:00,9.84
2019-01-16 20:00:00,9.84
2019-01-16 21:00:00,9.84
2019-01-16 22:00:00,9.84
2019-01-16 23:00:00,9.84
2019-01-17 00:00:00,9.84
2019-01-17 01:00:00,9.84
2019-01-17 02:00:00,9.84
2019-01-17 03:00:00,9.84
2019-01-17 04:00:00,9.84
2019-01-17 05:00:00,9.84
2019-01-17 06:00:00,9.84
2019-01-17 07:00:00,9.84
2019-01-17 08:00:00,9.84
2019-01-17 09:00:00,9.84
2019-01-17 10:00:00,9.84
2019-01-17 11:00:00,9.84
2019-01-17 12:00:00,9.84
2019-01-17 13:00:00,9.84
2019-01-17 14:00:00,9.84
2019-01-17 15:00:00,45.55
2019-01-17 16:00:00,43.55
2019-01-17 17:00:00,36.85
2019-01-17 18:00:00,32.36
2019-01-17 19:00:00,47.29
2019-01-17 20:00:00,42.75
2019-01-17 21:00:00,13.94
2019-01-17 22:00:00,9.84
2019-01-17 23:00:00,9.84
2019-01-18 00:00:00,9.84
2019-01-18 01:00:00,9.84
2019-01-18 02:00:00,9.84
2019-01-18 03:00:00,9.84
2019-01-18 04:00:00,9.84
2019-01-18 05:00:00,9.84
2019-01-18 06:00:00,9.84
2019-01-18 07:00:00,9.84
2019-01-18 08:00:00,9.84
2019-01-18 09:00:00,9.84
2019-01-18 10:00:00,9.84
2019-01-18 11:00:00,9.84
2019-01-18 12:00:00,9.84
2019-01-18 13:00:00,9.840000003
2019-01-18 14:00:00,26.24
2019-01-18 15:00:00,41.21
2019-01-18 16:00:00,47.46
2019-01-18 17:00:00,42.15
2019-01-18 18:00:00,44.21
2019-01-18 19:00:00,44.33
2019-01-18 20:00:00,43.5
2019-01-18 21:00:00,43.85
2019-01-18 22:00:00,43.27999999
2019-01-18 23:00:00,9.84
2019-01-19 00:00:00,9.84
2019-01-19 01:00:00,9.84
2019-01-19 02:00:00,9.84
2019-01-19 03:00:00,9.84
2019-01-19 04:00:00,9.84
2019-01-19 05:00:00,9.84
2019-01-19 06:00:00,9.84
2019-01-19 07:00:00,9.84
2019-01-19 08:00:00,9.84
2019-01-19 09:00:00,9.84
2019-01-19 10:00:00,9.84
2019-01-19 11:00:00,9.84
2019-01-19 12:00:00,9.84
2019-01-19 13:00:00,9.84
2019-01-19 14:00:00,12.66
2019-01-19 15:00:00,40.07
2019-01-19 16:00:00,33.07
2019-01-19 17:00:00,39.74
2019-01-19 18:00:00,33.76
2019-01-19 19:00:00,42.56
2019-01-19 20:00:00,40.15
2019-01-19 21:00:00,38.58
2019-01-19 22:00:00,36.25
2019-01-19 23:00:00,36.97
2019-01-20 00:00:00,40.22
2019-01-20 01:00:00,40
2019-01-20 02:00:00,11.43
2019-01-20 03:00:00,9.84
2019-01-20 04:00:00,9.84
2019-01-20 05:00:00,9.84
2019-01-20 06:00:00,9.84
2019-01-20 07:00:00,9.84
2019-01-20 08:00:00,9.84
2019-01-20 09:00:00,9.84
2019-01-20 10:00:00,9.84
2019-01-20 11:00:00,9.84
2019-01-20 12:00:00,9.84
2019-01-20 13:00:00,9.84
2019-01-20 14:00:00,9.84
2019-01-20 15:00:00,9.84
2019-01-20 16:00:00,39.94
2019-01-20 17:00:00,44.42
2019-01-20 18:00:00,38.51
2019-01-20 19:00:00,39.63
2019-01-20 20:00:00,33.02
2019-01-20 21:00:00,36.21
2019-01-20 22:00:00,33.81
2019-01-20 23:00:00,9.84
2019-01-21 00:00:00,9.84
2019-01-21 01:00:00,28.16
2019-01-21 02:00:00,41.38
2019-01-21 03:00:00,38.28
2019-01-21 04:00:00,31.45
2019-01-21 05:00:00,14.76
2019-01-21 06:00:00,9.84
2019-01-21 07:00:00,9.84
2019-01-21 08:00:00,9.84
2019-01-21 09:00:00,9.84
2019-01-21 10:00:00,9.84
2019-01-21 11:00:00,9.84
2019-01-21 12:00:00,9.84
2019-01-21 13:00:00,9.84
2019-01-21 14:00:00,9.84
2019-01-21 15:00:00,40.33
2019-01-21 16:00:00,40.83
2019-01-21 17:00:00,36.77
2019-01-21 18:00:00,32.87
2019-01-21 19:00:00,41.09999999
2019-01-21 20:00:00,9.84
2019-01-21 21:00:00,9.84
2019-01-21 22:00:00,9.84
2019-01-21 23:00:00,9.84
2019-01-22 00:00:00,9.84
2019-01-22 01:00:00,9.84
2019-01-22 02:00:00,9.84
2019-01-22 03:00:00,9.84
2019-01-22 04:00:00,9.84
2019-01-22 05:00:00,9.84
2019-01-22 06:00:00,9.84
2019-01-22 07:00:00,9.840000004
2019-01-22 08:00:00,31.35
2019-01-22 09:00:00,34.63
2019-01-22 10:00:00,32.24
2019-01-22 11:00:00,36.51
2019-01-22 12:00:00,33.65
2019-01-22 13:00:00,36.14
2019-01-22 14:00:00,12.74
2019-01-22 15:00:00,9.84
2019-01-22 16:00:00,9.84
2019-01-22 17:00:00,9.84
2019-01-22 18:00:00,9.84
2019-01-22 19:00:00,9.84
2019-01-22 20:00:00,9.84
2019-01-22 21:00:00,9.84
2019-01-22 22:00:00,9.84
2019-01-22 23:00:00,9.84
2019-01-23 00:00:00,12.62
2019-01-23 01:00:00,39.22
2019-01-23 02:00:00,40.53
2019-01-23 03:00:00,33.52
2019-01-23 04:00:00,33.23
2019-01-23 05:00:00,34.58
2019-01-23 06:00:00,40.74
2019-01-23 07:00:00,9.84
2019-01-23 08:00:00,9.84
2019-01-23 09:00:00,9.84
2019-01-23 10:00:00,9.84
2019-01-23 11:00:00,9.84
2019-01-23 12:00:00,9.84
2019-01-23 13:00:00,9.84
2019-01-23 14:00:00,9.84
2019-01-23 15:00:00,9.84
2019-01-23 16:00:00,9.84
2019-01-23 17:00:00,9.84
2019-01-23 18:00:00,9.84
2019-01-23 19:00:00,9.84
2019-01-23 20:00:00,9.84
2019-01-23 21:00:00,9.84
2019-01-23 22:00:00,9.84
2019-01-23 23:00:00,9.84
2019-01-24 00:00:00,9.84
2019-01-24 01:00:00,9.84
2019-01-24 02:00:00,9.84
2019-01-24 03:00:00,9.84
2019-01-24 04:00:00,9.84
2019-01-24 05:00:00,9.84
2019-01-24 06:00:00,9.84
2019-01-24 07:00:00,13.06
2019-01-24 08:00:00,40.95
2019-01-24 09:00:00,42.7
2019-01-24 10:00:00,36.6
2019-01-24 11:00:00,36.23
2019-01-24 12:00:00,34.13
2019-01-24 13:00:00,36.83
2019-01-24 14:00:00,38.49
2019-01-24 15:00:00,41.86
2019-01-24 16:00:00,12.05
2019-01-24 17:00:00,9.84
2019-01-24 18:00:00,9.84
2019-01-24 19:00:00,9.84
2019-01-24 20:00:00,9.84
2019-01-24 21:00:00,9.84
2019-01-24 22:00:00,9.84
2019-01-24 23:00:00,9.84
2019-01-25 00:00:00,9.84
2019-01-25 01:00:00,9.84
2019-01-25 02:00:00,9.84
2019-01-25 03:00:00,9.84
2019-01-25 04:00:00,9.84
2019-01-25 05:00:00,9.84
2019-01-25 06:00:00,9.84
2019-01-25 07:00:00,41.68
2019-01-25 08:00:00,39.95
2019-01-25 09:00:00,33.37
2019-01-25 10:00:00,37.01
2019-01-25 11:00:00,36.83
2019-01-25 12:00:00,32.48
2019-01-25 13:00:00,34.16
2019-01-25 14:00:00,38.82
2019-01-25 15:00:00,38.31
2019-01-25 16:00:00,15.98
2019-01-25 17:00:00,9.84
2019-01-25 18:00:00,9.84
2019-01-25 19:00:00,9.84
2019-01-25 20:00:00,9.84
2019-01-25 21:00:00,9.84
2019-01-25 22:00:00,9.84
2019-01-25 23:00:00,9.84
2019-01-26 00:00:00,9.84
2019-01-26 01:00:00,9.84
2019-01-26 02:00:00,9.84
2019-01-26 03:00:00,9.84
2019-01-26 04:00:00,9.84
2019-01-26 05:00:00,9.84
2019-01-26 06:00:00,9.84
2019-01-26 07:00:00,9.84
2019-01-26 08:00:00,9.84
2019-01-26 09:00:00,9.84
2019-01-26 10:00:00,9.84
2019-01-26 11:00:00,9.84
2019-01-26 12:00:00,9.84
2019-01-26 13:00:00,13.44
2019-01-26 14:00:00,34.24
2019-01-26 15:00:00,41.32
2019-01-26 16:00:00,39.61
2019-01-26 17:00:00,47.1
2019-01-26 18:00:00,31
2019-01-26 19:00:00,44.09
2019-01-26 20:00:00,38.28
2019-01-26 21:00:00,41.06
2019-01-26 22:00:00,37.57
2019-01-26 23:00:00,9.84
2019-01-27 00:00:00,13.1
2019-01-27 01:00:00,35.57
2019-01-27 02:00:00,32.88
2019-01-27 03:00:00,32.04
2019-01-27 04:00:00,35.83
2019-01-27 05:00:00,33.5
2019-01-27 06:00:00,34.61
2019-01-27 07:00:00,35.37
2019-01-27 08:00:00,33.17
2019-01-27 09:00:00,35.25
2019-01-27 10:00:00,11.72
2019-01-27 11:00:00,8.71
2019-01-27 12:00:00,8.71
2019-01-27 13:00:00,8.71
2019-01-27 14:00:00,8.71
2019-01-27 15:00:00,8.71
2019-01-27 16:00:00,8.71
2019-01-27 17:00:00,8.71
2019-01-27 18:00:00,8.71
2019-01-27 19:00:00,8.71
2019-01-27 20:00:00,8.71
2019-01-27 21:00:00,8.71
2019-01-27 22:00:00,8.71
2019-01-27 23:00:00,8.71
2019-01-28 00:00:00,8.71
2019-01-28 01:00:00,8.71
2019-01-28 02:00:00,8.71
2019-01-28 03:00:00,8.71
2019-01-28 04:00:00,8.71
2019-01-28 05:00:00,8.71
2019-01-28 06:00:00,8.71
2019-01-28 07:00:00,8.71
2019-01-28 08:00:00,8.71
2019-01-28 09:00:00,8.71
2019-01-28 10:00:00,8.71
2019-01-28 11:00:00,8.71
2019-01-28 12:00:00,33.9
2019-01-28 13:00:00,29.05
2019-01-28 14:00:00,36.86
2019-01-28 15:00:00,31.93
2019-01-28 16:00:00,38.49
2019-01-28 17:00:00,36.43
2019-01-28 18:00:00,36.55
2019-01-28 19:00:00,40.28
2019-01-28 20:00:00,37.65
2019-01-28 21:00:00,39.71
2019-01-28 22:00:00,8.71
2019-01-28 23:00:00,8.71
2019-01-29 00:00:00,8.71
2019-01-29 01:00:00,8.71
2019-01-29 02:00:00,8.71
2019-01-29 03:00:00,8.71
2019-01-29 04:00:00,8.71
2019-01-29 05:00:00,8.71
2019-01-29 06:00:00,8.71
2019-01-29 07:00:00,8.71
2019-01-29 08:00:00,8.71
2019-01-29 09:00:00,8.71
2019-01-29 10:00:00,8.710000005
2019-01-29 11:00:00,39.3
2019-01-29 12:00:00,45.08
2019-01-29 13:00:00,33.29
2019-01-29 14:00:00,39.6
2019-01-29 15:00:00,39.74
2019-01-29 16:00:00,44.38
2019-01-29 17:00:00,37.61
2019-01-29 18:00:00,32.13
2019-01-29 19:00:00,43.2
2019-01-29 20:00:00,39.81
2019-01-29 21:00:00,9.96
2019-01-29 22:00:00,8.71
2019-01-29 23:00:00,8.71
2019-01-30 00:00:00,8.71
2019-01-30 01:00:00,8.71
2019-01-30 02:00:00,8.71
2019-01-30 03:00:00,8.71
2019-01-30 04:00:00,8.710000006
2019-01-30 05:00:00,40.87
2019-01-30 06:00:00,47.43
2019-01-30 07:00:00,32.82
2019-01-30 08:00:00,39.32
2019-01-30 09:00:00,43.48
2019-01-30 10:00:00,40.89
2019-01-30 11:00:00,35.48
2019-01-30 12:00:00,36.53
2019-01-30 13:00:00,37.52999999
2019-01-30 14:00:00,8.71
2019-01-30 15:00:00,8.71
2019-01-30 16:00:00,8.71
2019-01-30 17:00:00,8.71
2019-01-30 18:00:00,8.71
2019-01-30 19:00:00,8.71
2019-01-30 20:00:00,8.71
2019-01-30 21:00:00,8.71
2019-01-30 22:00:00,8.71
2019-01-30 23:00:00,8.71
2019-01-31 00:00:00,8.71
2019-01-31 01:00:00,8.71
2019-01-31 02:00:00,8.71
2019-01-31 03:00:00,8.71
2019-01-31 04:00:00,8.71
2019-01-31 05:00:00,8.71
2019-01-31 06:00:00,8.71
2019-01-31 07:00:00,8.71
2019-01-31 08:00:00,8.71
2019-01-31 09:00:00,8.71
2019-01-31 10:00:00,8.71
2019-01-31 11:00:00,8.71
2019-01-31 12:00:00,8.71
2019-01-31 13:00:00,8.710000001
2019-01-31 14:00:00,12.43
2019-01-31 15:00:00,43.18
2019-01-31 16:00:00,39.65
2019-01-31 17:00:00,41.02
2019-01-31 18:00:00,34.34
2019-01-31 19:00:00,38.98
2019-01-31 20:00:00,39.44
2019-01-31 21:00:00,41.82
2019-01-31 22:00:00,36.58
2019-01-31 23:00:00,36.72
2019-02-01 00:00:00,8.71
2019-02-01 01:00:00,8.71
2019-02-01 02:00:00,8.71
2019-02-01 03:00:00,8.71
2019-02-01 04:00:00,8.71
2019-02-01 05:00:00,8.71
2019-02-01 06:00:00,8.71
2019-02-01 07:00:00,0
2019-02-01 08:00:00,0
2019-02-01 09:00:00,0
2019-02-01 10:00:00,0
2019-02-01 11:00:00,0
2019-02-01 12:00:00,0
2019-02-01 13:00:00,0
2019-02-01 14:00:00,0
2019-02-01 15:00:00,1.36
2019-02-01 16:00:00,30.84
2019-02-01 17:00:00,31.15
2019-02-01 18:00:00,31.44
2019-02-01 19:00:00,31.73
2019-02-01 20:00:00,31.74
2019-02-01 21:00:00,31.45
2019-02-01 22:00:00,31.45
2019-02-01 23:00:00,30.55
2019-02-02 00:00:00,37.36
2019-02-02 01:00:00,29.55
2019-02-02 02:00:00,8.71
2019-02-02 03:00:00,8.71
2019-02-02 04:00:00,8.71
2019-02-02 05:00:00,8.71
2019-02-02 06:00:00,8.71
2019-02-02 07:00:00,8.71
2019-02-02 08:00:00,8.71
2019-02-02 09:00:00,8.71
2019-02-02 10:00:00,8.71
2019-02-02 11:00:00,8.71
2019-02-02 12:00:00,8.71
2019-02-02 13:00:00,8.71
2019-02-02 14:00:00,8.71
2019-02-02 15:00:00,8.71
2019-02-02 16:00:00,45.88
2019-02-02 17:00:00,45.45
2019-02-02 18:00:00,42.18
2019-02-02 19:00:00,42.73
2019-02-02 20:00:00,37.87
2019-02-02 21:00:00,46
2019-02-02 22:00:00,44.55
2019-02-02 23:00:00,43.34
2019-02-03 00:00:00,8.71
2019-02-03 01:00:00,8.71
2019-02-03 02:00:00,8.71
2019-02-03 03:00:00,8.71
2019-02-03 04:00:00,8.71
2019-02-03 05:00:00,8.71
2019-02-03 06:00:00,8.71
2019-02-03 07:00:00,8.71
2019-02-03 08:00:00,8.71
2019-02-03 09:00:00,8.71
2019-02-03 10:00:00,8.71
2019-02-03 11:00:00,8.71
2019-02-03 12:00:00,29.17
2019-02-03 13:00:00,36.26
2019-02-03 14:00:00,40.08
2019-02-03 15:00:00,38.3
2019-02-03 16:00:00,41.67
2019-02-03 17:00:00,44.79
2019-02-03 18:00:00,33.6
2019-02-03 19:00:00,40.37
2019-02-03 20:00:00,34.69
2019-02-03 21:00:00,37.48
2019-02-03 22:00:00,8.71
2019-02-03 23:00:00,8.71
2019-02-04 00:00:00,8.71
2019-02-04 01:00:00,8.71
2019-02-04 02:00:00,8.71
2019-02-04 03:00:00,8.71
2019-02-04 04:00:00,8.71
2019-02-04 05:00:00,8.71
2019-02-04 06:00:00,8.71
2019-02-04 07:00:00,8.71
2019-02-04 08:00:00,8.71
2019-02-04 09:00:00,8.71
2019-02-04 10:00:00,8.71
2019-02-04 11:00:00,8.71
2019-02-04 12:00:00,8.71
2019-02-04 13:00:00,10.25000001
2019-02-04 14:00:00,45.43
2019-02-04 15:00:00,43.83
2019-02-04 16:00:00,46.07
2019-02-04 17:00:00,42.55
2019-02-04 18:00:00,38.3
2019-02-04 19:00:00,44.94
2019-02-04 20:00:00,42.24
2019-02-04 21:00:00,43.23
2019-02-04 22:00:00,40.70999999
2019-02-04 23:00:00,9.98
2019-02-05 00:00:00,8.71
2019-02-05 01:00:00,8.71
2019-02-05 02:00:00,8.71
2019-02-05 03:00:00,8.71
2019-02-05 04:00:00,8.71
2019-02-05 05:00:00,8.71
2019-02-05 06:00:00,8.71
2019-02-05 07:00:00,0
2019-02-05 08:00:00,0
2019-02-05 09:00:00,0
2019-02-05 10:00:00,0
2019-02-05 11:00:00,0
2019-02-05 12:00:00,0
2019-02-05 13:00:00,0
2019-02-05 14:00:00,0
2019-02-05 15:00:00,25.4
2019-02-05 16:00:00,25.4
2019-02-05 17:00:00,25.4
2019-02-05 18:00:00,21.8
2019-02-05 19:00:00,28.8
2019-02-05 20:00:00,28.8
2019-02-05 21:00:00,28.6
2019-02-05 22:00:00,25.4
2019-02-05 23:00:00,25.4
2019-02-06 00:00:00,41.96
2019-02-06 01:00:00,8.71
2019-02-06 02:00:00,8.71
2019-02-06 03:00:00,8.71
2019-02-06 04:00:00,8.71
2019-02-06 05:00:00,8.71
2019-02-06 06:00:00,8.71
2019-02-06 07:00:00,12.37
2019-02-06 08:00:00,37.91
2019-02-06 09:00:00,39.56
2019-02-06 10:00:00,38.86
2019-02-06 11:00:00,39.08
2019-02-06 12:00:00,44.36
2019-02-06 13:00:00,41.91
2019-02-06 14:00:00,41.15
2019-02-06 15:00:00,45.94
2019-02-06 16:00:00,49.24
2019-02-06 17:00:00,46.98
2019-02-06 18:00:00,10.54
2019-02-06 19:00:00,8.71
2019-02-06 20:00:00,8.71
2019-02-06 21:00:00,8.71
2019-02-06 22:00:00,8.71
2019-02-06 23:00:00,8.71
2019-02-07 00:00:00,8.71
2019-02-07 01:00:00,8.71
2019-02-07 02:00:00,8.71
2019-02-07 03:00:00,8.71
2019-02-07 04:00:00,8.71
2019-02-07 05:00:00,8.71
2019-02-07 06:00:00,8.71
2019-02-07 07:00:00,8.71
2019-02-07 08:00:00,8.71
2019-02-07 09:00:00,8.71
2019-02-07 10:00:00,8.71
2019-02-07 11:00:00,10.99
2019-02-07 12:00:00,42.36
2019-02-07 13:00:00,38.04
2019-02-07 14:00:00,45.92
2019-02-07 15:00:00,45.57
2019-02-07 16:00:00,45.11
2019-02-07 17:00:00,38.37
2019-02-07 18:00:00,36.3
2019-02-07 19:00:00,41.46
2019-02-07 20:00:00,41.99
2019-02-07 21:00:00,42
2019-02-07 22:00:00,8.71
2019-02-07 23:00:00,8.71
2019-02-08 00:00:00,8.71
2019-02-08 01:00:00,8.71
2019-02-08 02:00:00,8.71
2019-02-08 03:00:00,8.71
2019-02-08 04:00:00,8.71
2019-02-08 05:00:00,8.71
2019-02-08 06:00:00,8.71
2019-02-08 07:00:00,8.71
2019-02-08 08:00:00,8.71
2019-02-08 09:00:00,8.71
2019-02-08 10:00:00,8.71
2019-02-08 11:00:00,8.71
2019-02-08 12:00:00,37.97
2019-02-08 13:00:00,39.28
2019-02-08 14:00:00,42.7
2019-02-08 15:00:00,42.01
2019-02-08 16:00:00,43.2
2019-02-08 17:00:00,42.73
2019-02-08 18:00:00,39.35
2019-02-08 19:00:00,45.73
2019-02-08 20:00:00,41.36
2019-02-08 21:00:00,8.71
2019-02-08 22:00:00,8.71
2019-02-08 23:00:00,8.71
2019-02-09 00:00:00,8.71
2019-02-09 01:00:00,8.71
2019-02-09 02:00:00,8.71
2019-02-09 03:00:00,8.71
2019-02-09 04:00:00,8.71
2019-02-09 05:00:00,8.71
2019-02-09 06:00:00,8.71
2019-02-09 07:00:00,8.710000001
2019-02-09 08:00:00,11.81
2019-02-09 09:00:00,36.2
2019-02-09 10:00:00,39.02
2019-02-09 11:00:00,41.7
2019-02-09 12:00:00,36.17
2019-02-09 13:00:00,34.66
2019-02-09 14:00:00,41.02
2019-02-09 15:00:00,44.21
2019-02-09 16:00:00,39.94
2019-02-09 17:00:00,43.91
2019-02-09 18:00:00,8.71
2019-02-09 19:00:00,8.71
2019-02-09 20:00:00,8.71
2019-02-09 21:00:00,8.71
2019-02-09 22:00:00,8.71
2019-02-09 23:00:00,8.71
2019-02-10 00:00:00,8.71
2019-02-10 01:00:00,8.71
2019-02-10 02:00:00,8.71
2019-02-10 03:00:00,8.71
2019-02-10 04:00:00,8.71
2019-02-10 05:00:00,8.71
2019-02-10 06:00:00,8.71
2019-02-10 07:00:00,8.71
2019-02-10 08:00:00,8.71
2019-02-10 09:00:00,8.71
2019-02-10 10:00:00,8.710000001
2019-02-10 11:00:00,12.21
2019-02-10 12:00:00,40.91
2019-02-10 13:00:00,36.23
2019-02-10 14:00:00,35.78
2019-02-10 15:00:00,37.02
2019-02-10 16:00:00,36.92
2019-02-10 17:00:00,42.97
2019-02-10 18:00:00,37.11
2019-02-10 19:00:00,43.07
2019-02-10 20:00:00,45.77
2019-02-10 21:00:00,40.09
2019-02-10 22:00:00,8.71
2019-02-10 23:00:00,8.71
2019-02-11 00:00:00,8.71
2019-02-11 01:00:00,8.71
2019-02-11 02:00:00,8.71
2019-02-11 03:00:00,8.71
2019-02-11 04:00:00,8.71
2019-02-11 05:00:00,8.71
2019-02-11 06:00:00,8.71
2019-02-11 07:00:00,8.71
2019-02-11 08:00:00,8.71
2019-02-11 09:00:00,8.71
2019-02-11 10:00:00,8.71
2019-02-11 11:00:00,8.71
2019-02-11 12:00:00,8.71
2019-02-11 13:00:00,12.43000001
2019-02-11 14:00:00,46.34
2019-02-11 15:00:00,45.54
2019-02-11 16:00:00,46.21
2019-02-11 17:00:00,44.14
2019-02-11 18:00:00,33.83
2019-02-11 19:00:00,36.34
2019-02-11 20:00:00,42.55
2019-02-11 21:00:00,46.52
2019-02-11 22:00:00,43.86
2019-02-11 23:00:00,41.1
2019-02-12 00:00:00,8.71
2019-02-12 01:00:00,8.71
2019-02-12 02:00:00,8.71
2019-02-12 03:00:00,8.71
2019-02-12 04:00:00,8.71
2019-02-12 05:00:00,8.71
2019-02-12 06:00:00,8.71
2019-02-12 07:00:00,8.71
2019-02-12 08:00:00,8.71
2019-02-12 09:00:00,8.71
2019-02-12 10:00:00,8.71
2019-02-12 11:00:00,11.51
2019-02-12 12:00:00,44.14
2019-02-12 13:00:00,43.73
2019-02-12 14:00:00,43.53
2019-02-12 15:00:00,46.13
2019-02-12 16:00:00,48.13
2019-02-12 17:00:00,43.19
2019-02-12 18:00:00,37.61
2019-02-12 19:00:00,44.25
2019-02-12 20:00:00,42.05
2019-02-12 21:00:00,40.74
2019-02-12 22:00:00,34.73
2019-02-12 23:00:00,39.05
2019-02-13 00:00:00,8.71
2019-02-13 01:00:00,8.71
2019-02-13 02:00:00,8.71
2019-02-13 03:00:00,8.71
2019-02-13 04:00:00,8.71
2019-02-13 05:00:00,8.71
2019-02-13 06:00:00,8.71
2019-02-13 07:00:00,8.71
2019-02-13 08:00:00,8.71
2019-02-13 09:00:00,8.71
2019-02-13 10:00:00,8.71
2019-02-13 11:00:00,11.51
2019-02-13 12:00:00,44.14
2019-02-13 13:00:00,43.73
2019-02-13 14:00:00,43.53
2019-02-13 15:00:00,46.13
2019-02-13 16:00:00,48.13
2019-02-13 17:00:00,43.19
2019-02-13 18:00:00,37.61
2019-02-13 19:00:00,44.25
2019-02-13 20:00:00,42.05
2019-02-13 21:00:00,40.74
2019-02-13 22:00:00,34.73
2019-02-13 23:00:00,39.05
2019-02-14 00:00:00,8.71
2019-02-14 01:00:00,8.71
2019-02-14 02:00:00,8.71
2019-02-14 03:00:00,8.71
2019-02-14 04:00:00,8.71
2019-02-14 05:00:00,8.71
2019-02-14 06:00:00,8.71
2019-02-14 07:00:00,8.71
2019-02-14 08:00:00,8.71
2019-02-14 09:00:00,8.71
2019-02-14 10:00:00,8.71
2019-02-14 11:00:00,8.71
2019-02-14 12:00:00,8.71
2019-02-14 13:00:00,32.52
2019-02-14 14:00:00,42.3
2019-02-14 15:00:00,43.48
2019-02-14 16:00:00,39.97
2019-02-14 17:00:00,40.73
2019-02-14 18:00:00,41.78
2019-02-14 19:00:00,44.66
2019-02-14 20:00:00,40.42
2019-02-14 21:00:00,39.71
2019-02-14 22:00:00,8.71
2019-02-14 23:00:00,8.71
2019-02-15 00:00:00,8.71
2019-02-15 01:00:00,8.71
2019-02-15 02:00:00,8.71
2019-02-15 03:00:00,8.71
2019-02-15 04:00:00,8.71
2019-02-15 05:00:00,8.71
2019-02-15 06:00:00,41.96
2019-02-15 07:00:00,38.18
2019-02-15 08:00:00,41.94
2019-02-15 09:00:00,41.5
2019-02-15 10:00:00,43.87
2019-02-15 11:00:00,42.56
2019-02-15 12:00:00,43.16
2019-02-15 13:00:00,42.06
2019-02-15 14:00:00,42.79
2019-02-15 15:00:00,8.71
2019-02-15 16:00:00,8.71
2019-02-15 17:00:00,8.71
2019-02-15 18:00:00,8.71
2019-02-15 19:00:00,8.71
2019-02-15 20:00:00,8.71
2019-02-15 21:00:00,8.71
2019-02-15 22:00:00,8.71
2019-02-15 23:00:00,8.71
2019-02-16 00:00:00,8.71
2019-02-16 01:00:00,8.71
2019-02-16 02:00:00,8.71
2019-02-16 03:00:00,8.71
2019-02-16 04:00:00,8.71
2019-02-16 05:00:00,8.71
2019-02-16 06:00:00,8.71
2019-02-16 07:00:00,8.710000006
2019-02-16 08:00:00,42.84
2019-02-16 09:00:00,41.73
2019-02-16 10:00:00,44.24
2019-02-16 11:00:00,46.95
2019-02-16 12:00:00,40.72
2019-02-16 13:00:00,41.14
2019-02-16 14:00:00,44.26
2019-02-16 15:00:00,43.53
2019-02-16 16:00:00,45.25
2019-02-16 17:00:00,45.97
2019-02-16 18:00:00,44.46
2019-02-16 19:00:00,42.1
2019-02-16 20:00:00,40.48
2019-02-16 21:00:00,43.86
2019-02-16 22:00:00,42.28
2019-02-16 23:00:00,36.53
2019-02-17 00:00:00,8.71
2019-02-17 01:00:00,8.71
2019-02-17 02:00:00,8.71
2019-02-17 03:00:00,8.71
2019-02-17 04:00:00,8.71
2019-02-17 05:00:00,8.71
2019-02-17 06:00:00,8.71
2019-02-17 07:00:00,8.71
2019-02-17 08:00:00,8.71
2019-02-17 09:00:00,8.71
2019-02-17 10:00:00,8.71
2019-02-17 11:00:00,8.71
2019-02-17 12:00:00,8.71
2019-02-17 13:00:00,8.71
2019-02-17 14:00:00,8.71
2019-02-17 15:00:00,8.71
2019-02-17 16:00:00,39.06
2019-02-17 17:00:00,46.11
2019-02-17 18:00:00,39.54
2019-02-17 19:00:00,44.81
2019-02-17 20:00:00,44.91
2019-02-17 21:00:00,42.46
2019-02-17 22:00:00,41.55
2019-02-17 23:00:00,41.28
2019-02-18 00:00:00,8.71
2019-02-18 01:00:00,8.71
2019-02-18 02:00:00,8.71
2019-02-18 03:00:00,8.71
2019-02-18 04:00:00,8.71
2019-02-18 05:00:00,8.71
2019-02-18 06:00:00,8.71
2019-02-18 07:00:00,8.71
2019-02-18 08:00:00,8.71
2019-02-18 09:00:00,8.71
2019-02-18 10:00:00,12.53000001
2019-02-18 11:00:00,44.82
2019-02-18 12:00:00,46.73
2019-02-18 13:00:00,43.28
2019-02-18 14:00:00,48.14
2019-02-18 15:00:00,47
2019-02-18 16:00:00,47.6
2019-02-18 17:00:00,47.85
2019-02-18 18:00:00,45.29
2019-02-18 19:00:00,45.78
2019-02-18 20:00:00,42.52
2019-02-18 21:00:00,41.76
2019-02-18 22:00:00,35
2019-02-18 23:00:00,36.45
2019-02-19 00:00:00,23.04
2019-02-19 01:00:00,8.71
2019-02-19 02:00:00,8.71
2019-02-19 03:00:00,8.71
2019-02-19 04:00:00,8.71
2019-02-19 05:00:00,8.71
2019-02-19 06:00:00,8.71
2019-02-19 07:00:00,8.71
2019-02-19 08:00:00,8.71
2019-02-19 09:00:00,8.71
2019-02-19 10:00:00,8.71
2019-02-19 11:00:00,8.71
2019-02-19 12:00:00,8.71
2019-02-19 13:00:00,39.49
2019-02-19 14:00:00,45.88
2019-02-19 15:00:00,44.41
2019-02-19 16:00:00,40.87
2019-02-19 17:00:00,41.56
2019-02-19 18:00:00,37.02
2019-02-19 19:00:00,41.69
2019-02-19 20:00:00,44.05
2019-02-19 21:00:00,45.16
2019-02-19 22:00:00,44.09999999
2019-02-19 23:00:00,10.53
2019-02-20 00:00:00,8.71
2019-02-20 01:00:00,8.71
2019-02-20 02:00:00,8.71
2019-02-20 03:00:00,8.71
2019-02-20 04:00:00,8.71
2019-02-20 05:00:00,8.71
2019-02-20 06:00:00,8.71
2019-02-20 07:00:00,8.71
2019-02-20 08:00:00,8.71
2019-02-20 09:00:00,8.71
2019-02-20 10:00:00,8.71
2019-02-20 11:00:00,8.71
2019-02-20 12:00:00,8.71
2019-02-20 13:00:00,8.710000006
2019-02-20 14:00:00,42.46
2019-02-20 15:00:00,36.45
2019-02-20 16:00:00,39.06
2019-02-20 17:00:00,42.75
2019-02-20 18:00:00,39.26
2019-02-20 19:00:00,42.68
2019-02-20 20:00:00,44.09
2019-02-20 21:00:00,44.16
2019-02-20 22:00:00,41.96999999
2019-02-20 23:00:00,8.71
2019-02-21 00:00:00,8.71
2019-02-21 01:00:00,8.71
2019-02-21 02:00:00,8.71
2019-02-21 03:00:00,8.71
2019-02-21 04:00:00,8.71
2019-02-21 05:00:00,8.71
2019-02-21 06:00:00,8.71
2019-02-21 07:00:00,8.71
2019-02-21 08:00:00,8.71
2019-02-21 09:00:00,8.71
2019-02-21 10:00:00,8.71
2019-02-21 11:00:00,8.71
2019-02-21 12:00:00,8.71
2019-02-21 13:00:00,8.710000007
2019-02-21 14:00:00,46.26
2019-02-21 15:00:00,45.99
2019-02-21 16:00:00,44.91
2019-02-21 17:00:00,48.22
2019-02-21 18:00:00,40.98
2019-02-21 19:00:00,46.77
2019-02-21 20:00:00,44.95
2019-02-21 21:00:00,44.6
2019-02-21 22:00:00,37.41999999
2019-02-21 23:00:00,8.71
2019-02-22 00:00:00,8.71
2019-02-22 01:00:00,8.71
2019-02-22 02:00:00,8.71
2019-02-22 03:00:00,8.71
2019-02-22 04:00:00,8.71
2019-02-22 05:00:00,8.71
2019-02-22 06:00:00,8.71
2019-02-22 07:00:00,8.71
2019-02-22 08:00:00,8.71
2019-02-22 09:00:00,8.71
2019-02-22 10:00:00,8.71
2019-02-22 11:00:00,8.71
2019-02-22 12:00:00,8.71
2019-02-22 13:00:00,8.710000006
2019-02-22 14:00:00,42.86
2019-02-22 15:00:00,38.33
2019-02-22 16:00:00,37.89
2019-02-22 17:00:00,42.26
2019-02-22 18:00:00,42.44
2019-02-22 19:00:00,43.46
2019-02-22 20:00:00,39.92
2019-02-22 21:00:00,40.01
2019-02-22 22:00:00,44.49999999
2019-02-22 23:00:00,8.71
2019-02-23 00:00:00,8.71
2019-02-23 01:00:00,8.71
2019-02-23 02:00:00,8.71
2019-02-23 03:00:00,8.71
2019-02-23 04:00:00,8.71
2019-02-23 05:00:00,8.71
2019-02-23 06:00:00,8.71
2019-02-23 07:00:00,8.71
2019-02-23 08:00:00,8.71
2019-02-23 09:00:00,8.71
2019-02-23 10:00:00,35.92
2019-02-23 11:00:00,33.35
2019-02-23 12:00:00,28.97
2019-02-23 13:00:00,36.49
2019-02-23 14:00:00,37.48
2019-02-23 15:00:00,37.43
2019-02-23 16:00:00,29.58
2019-02-23 17:00:00,36.93
2019-02-23 18:00:00,36.32
2019-02-23 19:00:00,38.42999999
2019-02-23 20:00:00,8.71
2019-02-23 21:00:00,8.71
2019-02-23 22:00:00,8.71
2019-02-23 23:00:00,8.71
2019-02-24 00:00:00,8.71
2019-02-24 01:00:00,8.710000004
2019-02-24 02:00:00,33.48
2019-02-24 03:00:00,35.22
2019-02-24 04:00:00,29.83
2019-02-24 05:00:00,30.51
2019-02-24 06:00:00,41.37
2019-02-24 07:00:00,30.2
2019-02-24 08:00:00,30.59
2019-02-24 09:00:00,38.09
2019-02-24 10:00:00,31.8
2019-02-24 11:00:00,34.62
2019-02-24 12:00:00,29.42
2019-02-24 13:00:00,28.08
2019-02-24 14:00:00,38.51
2019-02-24 15:00:00,42.73
2019-02-24 16:00:00,37.95
2019-02-24 17:00:00,41.46
2019-02-24 18:00:00,32.38
2019-02-24 19:00:00,10.84
2019-02-24 20:00:00,8.71
2019-02-24 21:00:00,8.71
2019-02-24 22:00:00,8.71
2019-02-24 23:00:00,8.71
2019-02-25 00:00:00,8.71
2019-02-25 01:00:00,8.71
2019-02-25 02:00:00,8.71
2019-02-25 03:00:00,8.71
2019-02-25 04:00:00,8.71
2019-02-25 05:00:00,8.71
2019-02-25 06:00:00,8.71
2019-02-25 07:00:00,8.71
2019-02-25 08:00:00,8.71
2019-02-25 09:00:00,8.71
2019-02-25 10:00:00,8.71
2019-02-25 11:00:00,8.71
2019-02-25 12:00:00,8.71
2019-02-25 13:00:00,8.71
2019-02-25 14:00:00,8.71
2019-02-25 15:00:00,40
2019-02-25 16:00:00,43.95
2019-02-25 17:00:00,38.46
2019-02-25 18:00:00,37.25
2019-02-25 19:00:00,42.22
2019-02-25 20:00:00,40.18
2019-02-25 21:00:00,42.99
2019-02-25 22:00:00,41.67
2019-02-25 23:00:00,39.22
2019-02-26 00:00:00,8.71
2019-02-26 01:00:00,8.71
2019-02-26 02:00:00,8.71
2019-02-26 03:00:00,8.71
2019-02-26 04:00:00,8.71
2019-02-26 05:00:00,8.71
2019-02-26 06:00:00,8.71
2019-02-26 07:00:00,8.71
2019-02-26 08:00:00,8.71
2019-02-26 09:00:00,8.71
2019-02-26 10:00:00,8.710000004
2019-02-26 11:00:00,32.75
2019-02-26 12:00:00,40.2
2019-02-26 13:00:00,33.93
2019-02-26 14:00:00,37.54
2019-02-26 15:00:00,38.85
2019-02-26 16:00:00,45.48
2019-02-26 17:00:00,41.8
2019-02-26 18:00:00,32.15
2019-02-26 19:00:00,41.85
2019-02-26 20:00:00,39.87
2019-02-26 21:00:00,8.71
2019-02-26 22:00:00,8.71
2019-02-26 23:00:00,8.71
2019-02-27 00:00:00,8.71
2019-02-27 01:00:00,8.71
2019-02-27 02:00:00,8.71
2019-02-27 03:00:00,8.71
2019-02-27 04:00:00,8.71
2019-02-27 05:00:00,8.71
2019-02-27 06:00:00,8.71
2019-02-27 07:00:00,8.71
2019-02-27 08:00:00,8.71
2019-02-27 09:00:00,8.71
2019-02-27 10:00:00,8.71
2019-02-27 11:00:00,8.71
2019-02-27 12:00:00,8.71
2019-02-27 13:00:00,36.4
2019-02-27 14:00:00,36.58
2019-02-27 15:00:00,42.12
2019-02-27 16:00:00,39.13
2019-02-27 17:00:00,36.47
2019-02-27 18:00:00,37.65
2019-02-27 19:00:00,38.62
2019-02-27 20:00:00,42.77
2019-02-27 21:00:00,38.6
2019-02-27 22:00:00,37.85
2019-02-27 23:00:00,15.59
2019-02-28 00:00:00,8.71
2019-02-28 01:00:00,43.37
2019-02-28 02:00:00,39.76
2019-02-28 03:00:00,33.59
2019-02-28 04:00:00,34.02
2019-02-28 05:00:00,34.94
2019-02-28 06:00:00,40.73
2019-02-28 07:00:00,34.3
2019-02-28 08:00:00,13.97
2019-02-28 09:00:00,8.71
2019-02-28 10:00:00,8.71
2019-02-28 11:00:00,8.71
2019-02-28 12:00:00,8.71
2019-02-28 13:00:00,8.71
2019-02-28 14:00:00,8.71
2019-02-28 15:00:00,8.71
2019-02-28 16:00:00,8.71
2019-02-28 17:00:00,8.71
2019-02-28 18:00:00,8.71
2019-02-28 19:00:00,37.62
2019-02-28 20:00:00,39.2
2019-02-28 21:00:00,40.27
2019-02-28 22:00:00,12.14
2019-02-28 23:00:00,8.71
2019-03-01 00:00:00,8.71
2019-03-01 01:00:00,8.71
2019-03-01 02:00:00,8.71
2019-03-01 03:00:00,8.71
2019-03-01 04:00:00,8.71
2019-03-01 05:00:00,8.71
2019-03-01 06:00:00,8.71
2019-03-01 07:00:00,8.71
2019-03-01 08:00:00,8.71
2019-03-01 09:00:00,8.71
2019-03-01 10:00:00,8.71
2019-03-01 11:00:00,8.71
2019-03-01 12:00:00,31.19
2019-03-01 13:00:00,29.89
2019-03-01 14:00:00,36.01
2019-03-01 15:00:00,35.96
2019-03-01 16:00:00,34.41
2019-03-01 17:00:00,35.61
2019-03-01 18:00:00,29.79
2019-03-01 19:00:00,37.44
2019-03-01 20:00:00,43.2
2019-03-01 21:00:00,41.28
2019-03-01 22:00:00,8.71
2019-03-01 23:00:00,8.71
2019-03-02 00:00:00,8.71
2019-03-02 01:00:00,37.04
2019-03-02 02:00:00,33.41
2019-03-02 03:00:00,32.78
2019-03-02 04:00:00,32.46
2019-03-02 05:00:00,34.4
2019-03-02 06:00:00,33
2019-03-02 07:00:00,29.2
2019-03-02 08:00:00,39.7
2019-03-02 09:00:00,29.59
2019-03-02 10:00:00,8.71
2019-03-02 11:00:00,8.71
2019-03-02 12:00:00,8.71
2019-03-02 13:00:00,8.71
2019-03-02 14:00:00,8.71
2019-03-02 15:00:00,8.71
2019-03-02 16:00:00,8.71
2019-03-02 17:00:00,8.71
2019-03-02 18:00:00,8.71
2019-03-02 19:00:00,8.71
2019-03-02 20:00:00,8.71
2019-03-02 21:00:00,8.71
2019-03-02 22:00:00,8.71
2019-03-02 23:00:00,8.71
2019-03-03 00:00:00,8.71
2019-03-03 01:00:00,7.580000005
2019-03-03 02:00:00,36.48
2019-03-03 03:00:00,34.8
2019-03-03 04:00:00,36.4
2019-03-03 05:00:00,37.95
2019-03-03 06:00:00,35.19
2019-03-03 07:00:00,36.44
2019-03-03 08:00:00,32.64
2019-03-03 09:00:00,28.62
2019-03-03 10:00:00,33.67
2019-03-03 11:00:00,34.57
2019-03-03 12:00:00,22.02
2019-03-03 13:00:00,7.58
2019-03-03 14:00:00,7.58
2019-03-03 15:00:00,7.58
2019-03-03 16:00:00,7.58
2019-03-03 17:00:00,7.58
2019-03-03 18:00:00,7.58
2019-03-03 19:00:00,7.58
2019-03-03 20:00:00,7.58
2019-03-03 21:00:00,7.58
2019-03-03 22:00:00,7.58
2019-03-03 23:00:00,7.58
2019-03-04 00:00:00,9.67
2019-03-04 01:00:00,32.3
2019-03-04 02:00:00,35.53
2019-03-04 03:00:00,28.09
2019-03-04 04:00:00,28.37
2019-03-04 05:00:00,33.9
2019-03-04 06:00:00,42.7
2019-03-04 07:00:00,32.1
2019-03-04 08:00:00,39.55
2019-03-04 09:00:00,38.67
2019-03-04 10:00:00,30.43
2019-03-04 11:00:00,36
2019-03-04 12:00:00,33.29
2019-03-04 13:00:00,34.68
2019-03-04 14:00:00,10.7
2019-03-04 15:00:00,7.58
2019-03-04 16:00:00,7.58
2019-03-04 17:00:00,7.58
2019-03-04 18:00:00,10.51
2019-03-04 19:00:00,39.81
2019-03-04 20:00:00,37.91
2019-03-04 21:00:00,7.58
2019-03-04 22:00:00,7.58
2019-03-04 23:00:00,7.58
2019-03-05 00:00:00,7.58
2019-03-05 01:00:00,7.58
2019-03-05 02:00:00,7.58
2019-03-05 03:00:00,7.58
2019-03-05 04:00:00,7.58
2019-03-05 05:00:00,7.58
2019-03-05 06:00:00,7.58
2019-03-05 07:00:00,7.58
2019-03-05 08:00:00,9.16
2019-03-05 09:00:00,43.22
2019-03-05 10:00:00,44.99
2019-03-05 11:00:00,38.66
2019-03-05 12:00:00,42.77
2019-03-05 13:00:00,37.03
2019-03-05 14:00:00,41.55
2019-03-05 15:00:00,41.15
2019-03-05 16:00:00,45.75
2019-03-05 17:00:00,39.91
2019-03-05 18:00:00,35.01
2019-03-05 19:00:00,42.47
2019-03-05 20:00:00,39.68
2019-03-05 21:00:00,41.06
2019-03-05 22:00:00,40.64
2019-03-05 23:00:00,31.36
2019-03-06 00:00:00,7.58
2019-03-06 01:00:00,7.58
2019-03-06 02:00:00,7.58
2019-03-06 03:00:00,7.58
2019-03-06 04:00:00,31.23
2019-03-06 05:00:00,31.26
2019-03-06 06:00:00,39.24
2019-03-06 07:00:00,32.75
2019-03-06 08:00:00,36.88
2019-03-06 09:00:00,37.29
2019-03-06 10:00:00,32.93
2019-03-06 11:00:00,41.08
2019-03-06 12:00:00,40.54
2019-03-06 13:00:00,36.68
2019-03-06 14:00:00,41.58
2019-03-06 15:00:00,41.86
2019-03-06 16:00:00,44.77
2019-03-06 17:00:00,42.05
2019-03-06 18:00:00,36.56
2019-03-06 19:00:00,37.62
2019-03-06 20:00:00,39.3
2019-03-06 21:00:00,37.59
2019-03-06 22:00:00,7.58
2019-03-06 23:00:00,7.58
2019-03-07 00:00:00,7.58
2019-03-07 01:00:00,33.23
2019-03-07 02:00:00,43.61
2019-03-07 03:00:00,38.1
2019-03-07 04:00:00,36.46
2019-03-07 05:00:00,34.32
2019-03-07 06:00:00,36.03
2019-03-07 07:00:00,29.69
2019-03-07 08:00:00,33.69
2019-03-07 09:00:00,38.51
2019-03-07 10:00:00,30.8
2019-03-07 11:00:00,36
2019-03-07 12:00:00,33.42
2019-03-07 13:00:00,31.33
2019-03-07 14:00:00,40.27
2019-03-07 15:00:00,43.77
2019-03-07 16:00:00,42.12999999
2019-03-07 17:00:00,9.41
2019-03-07 18:00:00,7.58
2019-03-07 19:00:00,7.58
2019-03-07 20:00:00,7.58
2019-03-07 21:00:00,7.58
2019-03-07 22:00:00,7.58
2019-03-07 23:00:00,7.58
2019-03-08 00:00:00,7.58
2019-03-08 01:00:00,7.580000004
2019-03-08 02:00:00,31.4
2019-03-08 03:00:00,30.21
2019-03-08 04:00:00,29.84
2019-03-08 05:00:00,33.14
2019-03-08 06:00:00,35.06
2019-03-08 07:00:00,34.31
2019-03-08 08:00:00,33.88
2019-03-08 09:00:00,36.75
2019-03-08 10:00:00,33.78
2019-03-08 11:00:00,33.89
2019-03-08 12:00:00,33.5
2019-03-08 13:00:00,30.88
2019-03-08 14:00:00,36.88
2019-03-08 15:00:00,39.02
2019-03-08 16:00:00,11.84
2019-03-08 17:00:00,7.58
2019-03-08 18:00:00,7.58
2019-03-08 19:00:00,7.58
2019-03-08 20:00:00,7.58
2019-03-08 21:00:00,7.58
2019-03-08 22:00:00,7.58
2019-03-08 23:00:00,7.58
2019-03-09 00:00:00,7.58
2019-03-09 01:00:00,35.07
2019-03-09 02:00:00,31.83
2019-03-09 03:00:00,31.13
2019-03-09 04:00:00,30.65
2019-03-09 05:00:00,29.63
2019-03-09 06:00:00,33.15
2019-03-09 07:00:00,29.31
2019-03-09 08:00:00,31.68
2019-03-09 09:00:00,33.37
2019-03-09 10:00:00,30.27
2019-03-09 11:00:00,27.58
2019-03-09 12:00:00,27.57
2019-03-09 13:00:00,29.34
2019-03-09 14:00:00,28.25
2019-03-09 15:00:00,9.02
2019-03-09 16:00:00,7.58
2019-03-09 17:00:00,7.58
2019-03-09 18:00:00,7.58
2019-03-09 19:00:00,7.58
2019-03-09 20:00:00,7.58
2019-03-09 21:00:00,7.58
2019-03-09 22:00:00,7.58
2019-03-09 23:00:00,7.58
2019-03-10 00:00:00,7.58
2019-03-10 01:00:00,7.58
2019-03-10 02:00:00,7.58
2019-03-10 03:00:00,7.58
2019-03-10 04:00:00,7.58
2019-03-10 05:00:00,7.58
2019-03-10 06:00:00,7.58
2019-03-10 07:00:00,7.58
2019-03-10 08:00:00,7.58
2019-03-10 09:00:00,11.12
2019-03-10 10:00:00,32.41
2019-03-10 11:00:00,28.7
2019-03-10 12:00:00,31.46
2019-03-10 13:00:00,33.37
2019-03-10 14:00:00,36.18
2019-03-10 15:00:00,39.98
2019-03-10 16:00:00,43.47
2019-03-10 17:00:00,39.87
2019-03-10 18:00:00,32.74
2019-03-10 19:00:00,36.79
2019-03-10 20:00:00,40.06
2019-03-10 21:00:00,40.99
2019-03-10 22:00:00,30.99
2019-03-10 23:00:00,30.29
2019-03-11 00:00:00,10.42
2019-03-11 01:00:00,7.58
2019-03-11 02:00:00,7.58
2019-03-11 03:00:00,7.58
2019-03-11 04:00:00,7.58
2019-03-11 05:00:00,7.58
2019-03-11 06:00:00,7.58
2019-03-11 07:00:00,5.24E-10
2019-03-11 08:00:00,3
2019-03-11 09:00:00,24.83
2019-03-11 10:00:00,21.12
2019-03-11 11:00:00,23.88
2019-03-11 12:00:00,25.79
2019-03-11 13:00:00,28.6
2019-03-11 14:00:00,32.4
2019-03-11 15:00:00,35.89
2019-03-11 16:00:00,32.29
2019-03-11 17:00:00,25.16
2019-03-11 18:00:00,29.21
2019-03-11 19:00:00,32.48
2019-03-11 20:00:00,33.41
2019-03-11 21:00:00,23.41
2019-03-11 22:00:00,22.71
2019-03-11 23:00:00,0
2019-03-12 00:00:00,10.65
2019-03-12 01:00:00,28.51
2019-03-12 02:00:00,35
2019-03-12 03:00:00,30.42
2019-03-12 04:00:00,33.12
2019-03-12 05:00:00,38.86
2019-03-12 06:00:00,41.29
2019-03-12 07:00:00,35.92
2019-03-12 08:00:00,32.06
2019-03-12 09:00:00,38.9
2019-03-12 10:00:00,35.22
2019-03-12 11:00:00,39.42
2019-03-12 12:00:00,36.98
2019-03-12 13:00:00,34.17
2019-03-12 14:00:00,36.59
2019-03-12 15:00:00,7.58
2019-03-12 16:00:00,7.58
2019-03-12 17:00:00,7.58
2019-03-12 18:00:00,7.58
2019-03-12 19:00:00,7.58
2019-03-12 20:00:00,7.58
2019-03-12 21:00:00,7.58
2019-03-12 22:00:00,7.58
2019-03-12 23:00:00,7.58
2019-03-13 00:00:00,7.58
2019-03-13 01:00:00,7.58
2019-03-13 02:00:00,7.58
2019-03-13 03:00:00,7.58
2019-03-13 04:00:00,7.58
2019-03-13 05:00:00,7.58
2019-03-13 06:00:00,7.58
2019-03-13 07:00:00,7.580000001
2019-03-13 08:00:00,10.78
2019-03-13 09:00:00,10.98
2019-03-13 10:00:00,40.38
2019-03-13 11:00:00,39.99
2019-03-13 12:00:00,35.55
2019-03-13 13:00:00,32.37
2019-03-13 14:00:00,29.66
2019-03-13 15:00:00,35.84
2019-03-13 16:00:00,38.74
2019-03-13 17:00:00,36.3
2019-03-13 18:00:00,28.47
2019-03-13 19:00:00,39.02
2019-03-13 20:00:00,38.18
2019-03-13 21:00:00,38.47
2019-03-13 22:00:00,36.83
2019-03-13 23:00:00,35.2
2019-03-14 00:00:00,9.27
2019-03-14 01:00:00,7.58
2019-03-14 02:00:00,7.58
2019-03-14 03:00:00,7.58
2019-03-14 04:00:00,7.58
2019-03-14 05:00:00,7.58
2019-03-14 06:00:00,41.23
2019-03-14 07:00:00,30.1
2019-03-14 08:00:00,35.2
2019-03-14 09:00:00,38.31
2019-03-14 10:00:00,33.07
2019-03-14 11:00:00,31
2019-03-14 12:00:00,38.35
2019-03-14 13:00:00,34.59
2019-03-14 14:00:00,35.99
2019-03-14 15:00:00,38.07
2019-03-14 16:00:00,34.47
2019-03-14 17:00:00,36.41
2019-03-14 18:00:00,29.8
2019-03-14 19:00:00,36.69
2019-03-14 20:00:00,40.06
2019-03-14 21:00:00,37.04
2019-03-14 22:00:00,38.61999999
2019-03-14 23:00:00,7.58
2019-03-15 00:00:00,7.58
2019-03-15 01:00:00,7.58
2019-03-15 02:00:00,7.58
2019-03-15 03:00:00,7.58
2019-03-15 04:00:00,7.58
2019-03-15 05:00:00,7.58
2019-03-15 06:00:00,7.58
2019-03-15 07:00:00,7.580000004
2019-03-15 08:00:00,32.17
2019-03-15 09:00:00,38.79
2019-03-15 10:00:00,41.11
2019-03-15 11:00:00,36.02
2019-03-15 12:00:00,37.75
2019-03-15 13:00:00,40.08
2019-03-15 14:00:00,43.29
2019-03-15 15:00:00,41.99
2019-03-15 16:00:00,35.33
2019-03-15 17:00:00,34.35
2019-03-15 18:00:00,36.02
2019-03-15 19:00:00,38.24
2019-03-15 20:00:00,38.65
2019-03-15 21:00:00,35.71
2019-03-15 22:00:00,35.97
2019-03-15 23:00:00,35.91
2019-03-16 00:00:00,9.13
2019-03-16 01:00:00,7.58
2019-03-16 02:00:00,7.58
2019-03-16 03:00:00,7.58
2019-03-16 04:00:00,7.58
2019-03-16 05:00:00,7.58
2019-03-16 06:00:00,7.58
2019-03-16 07:00:00,10.09
2019-03-16 08:00:00,33.4
2019-03-16 09:00:00,32.78
2019-03-16 10:00:00,35.67
2019-03-16 11:00:00,34.02
2019-03-16 12:00:00,32.15
2019-03-16 13:00:00,31.63
2019-03-16 14:00:00,38.34
2019-03-16 15:00:00,32.13
2019-03-16 16:00:00,40.01
2019-03-16 17:00:00,45.32
2019-03-16 18:00:00,28.82
2019-03-16 19:00:00,36.45
2019-03-16 20:00:00,38.89
2019-03-16 21:00:00,41.86
2019-03-16 22:00:00,38.86
2019-03-16 23:00:00,39.04
2019-03-17 00:00:00,7.58
2019-03-17 01:00:00,11.16
2019-03-17 02:00:00,33.96
2019-03-17 03:00:00,32.31
2019-03-17 04:00:00,36.59
2019-03-17 05:00:00,33.96
2019-03-17 06:00:00,36.34
2019-03-17 07:00:00,28.32
2019-03-17 08:00:00,30.41
2019-03-17 09:00:00,28.9
2019-03-17 10:00:00,25.73
2019-03-17 11:00:00,29.61
2019-03-17 12:00:00,30.73
2019-03-17 13:00:00,32.77
2019-03-17 14:00:00,34.93
2019-03-17 15:00:00,40.62
2019-03-17 16:00:00,37.07
2019-03-17 17:00:00,37.48
2019-03-17 18:00:00,35.36
2019-03-17 19:00:00,11.72
2019-03-17 20:00:00,7.58
2019-03-17 21:00:00,7.58
2019-03-17 22:00:00,7.58
2019-03-17 23:00:00,7.58
2019-03-18 00:00:00,7.58
2019-03-18 01:00:00,7.58
2019-03-18 02:00:00,7.58
2019-03-18 03:00:00,7.58
2019-03-18 04:00:00,7.58
2019-03-18 05:00:00,7.58
2019-03-18 06:00:00,7.58
2019-03-18 07:00:00,26.4
2019-03-18 08:00:00,26.4
2019-03-18 09:00:00,26.4
2019-03-18 10:00:00,26.4
2019-03-18 11:00:00,26.4
2019-03-18 12:00:00,26.4
2019-03-18 13:00:00,26.4
2019-03-18 14:00:00,26.4
2019-03-18 15:00:00,26.4
2019-03-18 16:00:00,26
2019-03-18 17:00:00,26.4
2019-03-18 18:00:00,26.4
2019-03-18 19:00:00,26.4
2019-03-18 20:00:00,26.4
2019-03-18 21:00:00,26.4
2019-03-18 22:00:00,26.4
2019-03-18 23:00:00,26.4
2019-03-19 00:00:00,7.58
2019-03-19 01:00:00,7.58
2019-03-19 02:00:00,7.58
2019-03-19 03:00:00,7.58
2019-03-19 04:00:00,7.58
2019-03-19 05:00:00,7.58
2019-03-19 06:00:00,34.55
2019-03-19 07:00:00,36.67
2019-03-19 08:00:00,37.16
2019-03-19 09:00:00,34.38
2019-03-19 10:00:00,33.6
2019-03-19 11:00:00,36.79
2019-03-19 12:00:00,37.93
2019-03-19 13:00:00,36.3
2019-03-19 14:00:00,35.38
2019-03-19 15:00:00,37.09
2019-03-19 16:00:00,37.88
2019-03-19 17:00:00,39.15
2019-03-19 18:00:00,36.48
2019-03-19 19:00:00,37.84
2019-03-19 20:00:00,38.38
2019-03-19 21:00:00,39.79
2019-03-19 22:00:00,37.50999999
2019-03-19 23:00:00,7.58
2019-03-20 00:00:00,7.58
2019-03-20 01:00:00,7.58
2019-03-20 02:00:00,7.58
2019-03-20 03:00:00,7.58
2019-03-20 04:00:00,10.57
2019-03-20 05:00:00,38.31
2019-03-20 06:00:00,32.13
2019-03-20 07:00:00,34.61
2019-03-20 08:00:00,35.94
2019-03-20 09:00:00,38.02
2019-03-20 10:00:00,35.68
2019-03-20 11:00:00,38.12
2019-03-20 12:00:00,38.11
2019-03-20 13:00:00,34.78
2019-03-20 14:00:00,38.02
2019-03-20 15:00:00,37.08
2019-03-20 16:00:00,40.15
2019-03-20 17:00:00,38.24
2019-03-20 18:00:00,29.96
2019-03-20 19:00:00,38.01
2019-03-20 20:00:00,34.95
2019-03-20 21:00:00,37.67
2019-03-20 22:00:00,30.95
2019-03-20 23:00:00,7.58
2019-03-21 00:00:00,7.58
2019-03-21 01:00:00,7.58
2019-03-21 02:00:00,7.58
2019-03-21 03:00:00,7.58
2019-03-21 04:00:00,7.58
2019-03-21 05:00:00,7.58
2019-03-21 06:00:00,11.48
2019-03-21 07:00:00,33.34
2019-03-21 08:00:00,37.03
2019-03-21 09:00:00,35.42
2019-03-21 10:00:00,37.1
2019-03-21 11:00:00,34.85
2019-03-21 12:00:00,38.29
2019-03-21 13:00:00,35.85
2019-03-21 14:00:00,38.96
2019-03-21 15:00:00,38.46
2019-03-21 16:00:00,36.64
2019-03-21 17:00:00,39.28
2019-03-21 18:00:00,31.16
2019-03-21 19:00:00,37.58
2019-03-21 20:00:00,37.62
2019-03-21 21:00:00,37.44
2019-03-21 22:00:00,28.86
2019-03-21 23:00:00,34.22
2019-03-22 00:00:00,10.46
2019-03-22 01:00:00,7.58
2019-03-22 02:00:00,7.58
2019-03-22 03:00:00,7.58
2019-03-22 04:00:00,7.58
2019-03-22 05:00:00,7.58
2019-03-22 06:00:00,7.58
2019-03-22 07:00:00,25.76
2019-03-22 08:00:00,29.45
2019-03-22 09:00:00,27.84
2019-03-22 10:00:00,29.52
2019-03-22 11:00:00,27.27
2019-03-22 12:00:00,30.71
2019-03-22 13:00:00,28.27
2019-03-22 14:00:00,31.38
2019-03-22 15:00:00,30.88
2019-03-22 16:00:00,29.06
2019-03-22 17:00:00,31.7
2019-03-22 18:00:00,23.58
2019-03-22 19:00:00,30
2019-03-22 20:00:00,30.04
2019-03-22 21:00:00,29.86
2019-03-22 22:00:00,21.28
2019-03-22 23:00:00,26.64
2019-03-23 00:00:00,7.58
2019-03-23 01:00:00,7.58
2019-03-23 02:00:00,7.58
2019-03-23 03:00:00,29.42
2019-03-23 04:00:00,33.44
2019-03-23 05:00:00,35.07
2019-03-23 06:00:00,28.45
2019-03-23 07:00:00,34.14
2019-03-23 08:00:00,28.41
2019-03-23 09:00:00,32.58
2019-03-23 10:00:00,31.64
2019-03-23 11:00:00,32.49
2019-03-23 12:00:00,32.73
2019-03-23 13:00:00,27.59
2019-03-23 14:00:00,35.55
2019-03-23 15:00:00,37.23
2019-03-23 16:00:00,37.66
2019-03-23 17:00:00,37.09
2019-03-23 18:00:00,32.06
2019-03-23 19:00:00,37
2019-03-23 20:00:00,28.82
2019-03-23 21:00:00,7.58
2019-03-23 22:00:00,7.58
2019-03-23 23:00:00,7.58
2019-03-24 00:00:00,7.58
2019-03-24 01:00:00,35.82
2019-03-24 02:00:00,28.39
2019-03-24 03:00:00,28.64
2019-03-24 04:00:00,28.62
2019-03-24 05:00:00,28.69
2019-03-24 06:00:00,31.69
2019-03-24 07:00:00,30.53
2019-03-24 08:00:00,33.54
2019-03-24 09:00:00,29.84
2019-03-24 10:00:00,36.24
2019-03-24 11:00:00,27.76
2019-03-24 12:00:00,26.85
2019-03-24 13:00:00,29.59
2019-03-24 14:00:00,31.82
2019-03-24 15:00:00,31.62
2019-03-24 16:00:00,36.19
2019-03-24 17:00:00,36.33
2019-03-24 18:00:00,32.29
2019-03-24 19:00:00,16.44
2019-03-24 20:00:00,7.58
2019-03-24 21:00:00,7.58
2019-03-24 22:00:00,7.58
2019-03-24 23:00:00,7.58
2019-03-25 00:00:00,7.58
2019-03-25 01:00:00,7.58
2019-03-25 02:00:00,7.58
2019-03-25 03:00:00,7.58
2019-03-25 04:00:00,7.58
2019-03-25 05:00:00,7.58
2019-03-25 06:00:00,38.55
2019-03-25 07:00:00,39.39
2019-03-25 08:00:00,37.63
2019-03-25 09:00:00,37.02
2019-03-25 10:00:00,31.31
2019-03-25 11:00:00,39.32
2019-03-25 12:00:00,37.75
2019-03-25 13:00:00,39.47
2019-03-25 14:00:00,39.99
2019-03-25 15:00:00,42.61
2019-03-25 16:00:00,40.92
2019-03-25 17:00:00,37.08
2019-03-25 18:00:00,36
2019-03-25 19:00:00,40.78
2019-03-25 20:00:00,38.2
2019-03-25 21:00:00,37.83
2019-03-25 22:00:00,37.14
2019-03-25 23:00:00,37.29
2019-03-26 00:00:00,9.31
2019-03-26 01:00:00,2.840000005
2019-03-26 02:00:00,32.94
2019-03-26 03:00:00,25.23
2019-03-26 04:00:00,26.87
2019-03-26 05:00:00,24.32
2019-03-26 06:00:00,29.62
2019-03-26 07:00:00,29.2
2019-03-26 08:00:00,32.83
2019-03-26 09:00:00,30.8
2019-03-26 10:00:00,27.81
2019-03-26 11:00:00,31.95
2019-03-26 12:00:00,30.35
2019-03-26 13:00:00,26.34
2019-03-26 14:00:00,31.17
2019-03-26 15:00:00,34.2
2019-03-26 16:00:00,37.17
2019-03-26 17:00:00,32.81
2019-03-26 18:00:00,27.51
2019-03-26 19:00:00,31.15
2019-03-26 20:00:00,33.01
2019-03-26 21:00:00,32.25
2019-03-26 22:00:00,25.23
2019-03-26 23:00:00,2.84
2019-03-27 00:00:00,2.84
2019-03-27 01:00:00,2.840000005
2019-03-27 02:00:00,29.65
2019-03-27 03:00:00,28.61
2019-03-27 04:00:00,29.72
2019-03-27 05:00:00,31.9
2019-03-27 06:00:00,31.55
2019-03-27 07:00:00,29.53
2019-03-27 08:00:00,22.75
2019-03-27 09:00:00,28.84
2019-03-27 10:00:00,33.85
2019-03-27 11:00:00,28.46
2019-03-27 12:00:00,30.51
2019-03-27 13:00:00,30.09
2019-03-27 14:00:00,34.22
2019-03-27 15:00:00,32.91
2019-03-27 16:00:00,31.52
2019-03-27 17:00:00,31.33
2019-03-27 18:00:00,27.9
2019-03-27 19:00:00,32.41
2019-03-27 20:00:00,31.41
2019-03-27 21:00:00,31.86
2019-03-27 22:00:00,29.66
2019-03-27 23:00:00,2.84
2019-03-28 00:00:00,2.84
2019-03-28 01:00:00,2.84
2019-03-28 02:00:00,2.84
2019-03-28 03:00:00,2.84
2019-03-28 04:00:00,29.79
2019-03-28 05:00:00,29.7
2019-03-28 06:00:00,29.71
2019-03-28 07:00:00,28.19
2019-03-28 08:00:00,27.91
2019-03-28 09:00:00,25.2
2019-03-28 10:00:00,29.78
2019-03-28 11:00:00,25.7
2019-03-28 12:00:00,30.75
2019-03-28 13:00:00,30.52
2019-03-28 14:00:00,36.65
2019-03-28 15:00:00,32.9
2019-03-28 16:00:00,34.15
2019-03-28 17:00:00,35.27
2019-03-28 18:00:00,29.18
2019-03-28 19:00:00,34.49
2019-03-28 20:00:00,28.25
2019-03-28 21:00:00,33.04
2019-03-28 22:00:00,30.65
2019-03-28 23:00:00,2.84
2019-03-29 00:00:00,2.84
2019-03-29 01:00:00,2.84
2019-03-29 02:00:00,31.7
2019-03-29 03:00:00,23.72
2019-03-29 04:00:00,26.9
2019-03-29 05:00:00,25.72
2019-03-29 06:00:00,27.67
2019-03-29 07:00:00,28.92
2019-03-29 08:00:00,32.55
2019-03-29 09:00:00,28.79
2019-03-29 10:00:00,28.24
2019-03-29 11:00:00,28.28
2019-03-29 12:00:00,28.36
2019-03-29 13:00:00,28.48
2019-03-29 14:00:00,32.87
2019-03-29 15:00:00,34.57
2019-03-29 16:00:00,31.4
2019-03-29 17:00:00,28.76
2019-03-29 18:00:00,29.32
2019-03-29 19:00:00,32.41
2019-03-29 20:00:00,33.65
2019-03-29 21:00:00,31.64
2019-03-29 22:00:00,26.07
2019-03-29 23:00:00,2.84
2019-03-30 00:00:00,2.84
2019-03-30 01:00:00,2.84
2019-03-30 02:00:00,27.03
2019-03-30 03:00:00,23.5
2019-03-30 04:00:00,27.13
2019-03-30 05:00:00,29.23
2019-03-30 06:00:00,28.09
2019-03-30 07:00:00,24.92
2019-03-30 08:00:00,25.89
2019-03-30 09:00:00,27.04
2019-03-30 10:00:00,24.03
2019-03-30 11:00:00,23.37
2019-03-30 12:00:00,29.77
2019-03-30 13:00:00,26.17
2019-03-30 14:00:00,27.17
2019-03-30 15:00:00,33.5
2019-03-30 16:00:00,33.13
2019-03-30 17:00:00,34.59
2019-03-30 18:00:00,31.9
2019-03-30 19:00:00,34.43
2019-03-30 20:00:00,33.37
2019-03-30 21:00:00,32.2
2019-03-30 22:00:00,28.55
2019-03-30 23:00:00,2.84
2019-03-31 00:00:00,2.84
2019-03-31 01:00:00,2.84
2019-03-31 02:00:00,2.84
2019-03-31 03:00:00,5.44
2019-03-31 04:00:00,31.05
2019-03-31 05:00:00,30.44
2019-03-31 06:00:00,27.38
2019-03-31 07:00:00,31.24
2019-03-31 08:00:00,25.48
2019-03-31 09:00:00,36.61
2019-03-31 10:00:00,35.08
2019-03-31 11:00:00,32.64
2019-03-31 12:00:00,28.36
2019-03-31 13:00:00,29.63
2019-03-31 14:00:00,32.45
2019-03-31 15:00:00,36.32
2019-03-31 16:00:00,36.36
2019-03-31 17:00:00,37.58
2019-03-31 18:00:00,26.21
2019-03-31 19:00:00,29.56
2019-03-31 20:00:00,33.04
2019-03-31 21:00:00,33.51
2019-03-31 22:00:00,33.93
2019-03-31 23:00:00,2.84
2019-04-01 00:00:00,2.84
2019-04-01 01:00:00,2.84
2019-04-01 02:00:00,2.84
2019-04-01 03:00:00,6.17
2019-04-01 04:00:00,26.11
2019-04-01 05:00:00,31.95
2019-04-01 06:00:00,33.01
2019-04-01 07:00:00,30.88
2019-04-01 08:00:00,31.12
2019-04-01 09:00:00,34.28
2019-04-01 10:00:00,32.43
2019-04-01 11:00:00,35.07
2019-04-01 12:00:00,27.42
2019-04-01 13:00:00,26.6
2019-04-01 14:00:00,36.85
2019-04-01 15:00:00,36.46
2019-04-01 16:00:00,36.23
2019-04-01 17:00:00,33.28
2019-04-01 18:00:00,33.69
2019-04-01 19:00:00,36.59
2019-04-01 20:00:00,36.15
2019-04-01 21:00:00,33.84
2019-04-01 22:00:00,33.11
2019-04-01 23:00:00,28.71
2019-04-02 00:00:00,4.2
2019-04-02 01:00:00,4.56
2019-04-02 02:00:00,5.05
2019-04-02 03:00:00,4.76
2019-04-02 04:00:00,23.68
2019-04-02 05:00:00,28.18
2019-04-02 06:00:00,31.51
2019-04-02 07:00:00,34.86
2019-04-02 08:00:00,35.53
2019-04-02 09:00:00,33.34
2019-04-02 10:00:00,34.71
2019-04-02 11:00:00,32.26
2019-04-02 12:00:00,33.12
2019-04-02 13:00:00,31.58
2019-04-02 14:00:00,33.45
2019-04-02 15:00:00,35.64
2019-04-02 16:00:00,37.98
2019-04-02 17:00:00,36.39
2019-04-02 18:00:00,35.63
2019-04-02 19:00:00,24.18
2019-04-02 20:00:00,33.87
2019-04-02 21:00:00,32.83
2019-04-02 22:00:00,31.96
2019-04-02 23:00:00,28.16
2019-04-03 00:00:00,2.84
2019-04-03 01:00:00,2.84
2019-04-03 02:00:00,2.84
2019-04-03 03:00:00,2.84
2019-04-03 04:00:00,28.78
2019-04-03 05:00:00,32.28
2019-04-03 06:00:00,34.5
2019-04-03 07:00:00,33.22
2019-04-03 08:00:00,38.16
2019-04-03 09:00:00,32.57
2019-04-03 10:00:00,29.09
2019-04-03 11:00:00,33.19
2019-04-03 12:00:00,36.12
2019-04-03 13:00:00,28.99
2019-04-03 14:00:00,33.73
2019-04-03 15:00:00,37.63
2019-04-03 16:00:00,37.34
2019-04-03 17:00:00,35.98
2019-04-03 18:00:00,34.57
2019-04-03 19:00:00,34.24
2019-04-03 20:00:00,34.22
2019-04-03 21:00:00,33.66
2019-04-03 22:00:00,36.91
2019-04-03 23:00:00,31.1
2019-04-04 00:00:00,2.84
2019-04-04 01:00:00,6.18
2019-04-04 02:00:00,32.46
2019-04-04 03:00:00,26.67
2019-04-04 04:00:00,29.24
2019-04-04 05:00:00,29.41
2019-04-04 06:00:00,33.6
2019-04-04 07:00:00,25.08
2019-04-04 08:00:00,35.12
2019-04-04 09:00:00,31.81
2019-04-04 10:00:00,35.37
2019-04-04 11:00:00,34.06
2019-04-04 12:00:00,32.07
2019-04-04 13:00:00,29.45
2019-04-04 14:00:00,34.53
2019-04-04 15:00:00,32.38
2019-04-04 16:00:00,38.98
2019-04-04 17:00:00,34.6
2019-04-04 18:00:00,29.2
2019-04-04 19:00:00,33.32
2019-04-04 20:00:00,32.6
2019-04-04 21:00:00,34.61
2019-04-04 22:00:00,30.06
2019-04-04 23:00:00,2.84
2019-04-05 00:00:00,2.84
2019-04-05 01:00:00,2.84
2019-04-05 02:00:00,2.84
2019-04-05 03:00:00,33.02
2019-04-05 04:00:00,28.5
2019-04-05 05:00:00,33.78
2019-04-05 06:00:00,31.6
2019-04-05 07:00:00,30.92
2019-04-05 08:00:00,37.04
2019-04-05 09:00:00,32.9
2019-04-05 10:00:00,31.04
2019-04-05 11:00:00,29.82
2019-04-05 12:00:00,24.91
2019-04-05 13:00:00,27.98
2019-04-05 14:00:00,38.32
2019-04-05 15:00:00,29.35
2019-04-05 16:00:00,30.66
2019-04-05 17:00:00,28.61
2019-04-05 18:00:00,34.33
2019-04-05 19:00:00,33.11
2019-04-05 20:00:00,32.86
2019-04-05 21:00:00,30.72
2019-04-05 22:00:00,29.91
2019-04-05 23:00:00,29.12
2019-04-06 00:00:00,2.84
2019-04-06 01:00:00,2.84
2019-04-06 02:00:00,2.84
2019-04-06 03:00:00,27.21
2019-04-06 04:00:00,25.22
2019-04-06 05:00:00,33.09
2019-04-06 06:00:00,26
2019-04-06 07:00:00,34.26
2019-04-06 08:00:00,35.32
2019-04-06 09:00:00,29.63
2019-04-06 10:00:00,31.86
2019-04-06 11:00:00,32.04
2019-04-06 12:00:00,36.51
2019-04-06 13:00:00,36.18
2019-04-06 14:00:00,30.93
2019-04-06 15:00:00,33.27
2019-04-06 16:00:00,35.31
2019-04-06 17:00:00,36.33
2019-04-06 18:00:00,33.59
2019-04-06 19:00:00,35.29
2019-04-06 20:00:00,33.27
2019-04-06 21:00:00,32.51
2019-04-06 22:00:00,31.78
2019-04-06 23:00:00,29.93
2019-04-07 00:00:00,2.84
2019-04-07 01:00:00,2.84
2019-04-07 02:00:00,29.02
2019-04-07 03:00:00,30.81
2019-04-07 04:00:00,29.23
2019-04-07 05:00:00,27.96
2019-04-07 06:00:00,28.37
2019-04-07 07:00:00,24.13
2019-04-07 08:00:00,23.99
2019-04-07 09:00:00,26.42
2019-04-07 10:00:00,23.94
2019-04-07 11:00:00,28.28
2019-04-07 12:00:00,31.74
2019-04-07 13:00:00,28.02
2019-04-07 14:00:00,27.79
2019-04-07 15:00:00,33.14
2019-04-07 16:00:00,30.52
2019-04-07 17:00:00,30.69
2019-04-07 18:00:00,28.21
2019-04-07 19:00:00,32.46
2019-04-07 20:00:00,35.45
2019-04-07 21:00:00,37.2
2019-04-07 22:00:00,33.26
2019-04-07 23:00:00,28.7
2019-04-08 00:00:00,2.84
2019-04-08 01:00:00,36.31
2019-04-08 02:00:00,29.97
2019-04-08 03:00:00,27.93
2019-04-08 04:00:00,29.02
2019-04-08 05:00:00,31.5
2019-04-08 06:00:00,35.2
2019-04-08 07:00:00,33.3
2019-04-08 08:00:00,38.04
2019-04-08 09:00:00,35.75
2019-04-08 10:00:00,29.81
2019-04-08 11:00:00,32
2019-04-08 12:00:00,32.82
2019-04-08 13:00:00,31.98
2019-04-08 14:00:00,32.83
2019-04-08 15:00:00,31.42
2019-04-08 16:00:00,33.28
2019-04-08 17:00:00,31.14
2019-04-08 18:00:00,34.49
2019-04-08 19:00:00,33.66
2019-04-08 20:00:00,32.65
2019-04-08 21:00:00,36.33
2019-04-08 22:00:00,31.89
2019-04-08 23:00:00,37.4
2019-04-09 00:00:00,30.26
2019-04-09 01:00:00,31.23
2019-04-09 02:00:00,30.72
2019-04-09 03:00:00,29.66
2019-04-09 04:00:00,33.41
2019-04-09 05:00:00,32.35
2019-04-09 06:00:00,34.25
2019-04-09 07:00:00,33.66
2019-04-09 08:00:00,35.97
2019-04-09 09:00:00,32.26
2019-04-09 10:00:00,29.66
2019-04-09 11:00:00,33.35
2019-04-09 12:00:00,30.93
2019-04-09 13:00:00,33.78
2019-04-09 14:00:00,29.61
2019-04-09 15:00:00,37.12
2019-04-09 16:00:00,33.01
2019-04-09 17:00:00,34.32
2019-04-09 18:00:00,27.94
2019-04-09 19:00:00,33.32
2019-04-09 20:00:00,32.27
2019-04-09 21:00:00,37.67
2019-04-09 22:00:00,30.25
2019-04-09 23:00:00,27.74
2019-04-10 00:00:00,31.26
2019-04-10 01:00:00,29.21
2019-04-10 02:00:00,27.17
2019-04-10 03:00:00,28.68
2019-04-10 04:00:00,25.72
2019-04-10 05:00:00,23.87
2019-04-10 06:00:00,30.94
2019-04-10 07:00:00,34.16
2019-04-10 08:00:00,33.44
2019-04-10 09:00:00,29.23
2019-04-10 10:00:00,26.18
2019-04-10 11:00:00,29.47
2019-04-10 12:00:00,28.18
2019-04-10 13:00:00,30.72
2019-04-10 14:00:00,32.94
2019-04-10 15:00:00,30.85
2019-04-10 16:00:00,31.31
2019-04-10 17:00:00,31.35
2019-04-10 18:00:00,30.78
2019-04-10 19:00:00,33.54
2019-04-10 20:00:00,35.1
2019-04-10 21:00:00,34.82
2019-04-10 22:00:00,31.75
2019-04-10 23:00:00,26.19
2019-04-11 00:00:00,33.18
2019-04-11 01:00:00,27.33
2019-04-11 02:00:00,27.41
2019-04-11 03:00:00,25.04
2019-04-11 04:00:00,25.41
2019-04-11 05:00:00,25.05
2019-04-11 06:00:00,31.53
2019-04-11 07:00:00,33.16
2019-04-11 08:00:00,29.39
2019-04-11 09:00:00,26.49
2019-04-11 10:00:00,33.4
2019-04-11 11:00:00,29.46
2019-04-11 12:00:00,32.11
2019-04-11 13:00:00,27.99
2019-04-11 14:00:00,32.6
2019-04-11 15:00:00,35.48
2019-04-11 16:00:00,30.51
2019-04-11 17:00:00,30.97
2019-04-11 18:00:00,37.99
2019-04-11 19:00:00,37.6
2019-04-11 20:00:00,33.51
2019-04-11 21:00:00,29.98
2019-04-11 22:00:00,30.39
2019-04-11 23:00:00,29.3
2019-04-12 00:00:00,31.37
2019-04-12 01:00:00,30.46
2019-04-12 02:00:00,28.79
2019-04-12 03:00:00,29.11
2019-04-12 04:00:00,30.11
2019-04-12 05:00:00,28.47
2019-04-12 06:00:00,28.11
2019-04-12 07:00:00,29.7
2019-04-12 08:00:00,32.69
2019-04-12 09:00:00,33.63
2019-04-12 10:00:00,33.58
2019-04-12 11:00:00,30.09
2019-04-12 12:00:00,31.52
2019-04-12 13:00:00,28.12
2019-04-12 14:00:00,31.52
2019-04-12 15:00:00,32.16
2019-04-12 16:00:00,32.48
2019-04-12 17:00:00,32.4
2019-04-12 18:00:00,32.22
2019-04-12 19:00:00,30.1
2019-04-12 20:00:00,35.84
2019-04-12 21:00:00,32.97
2019-04-12 22:00:00,32.64
2019-04-12 23:00:00,28.17
2019-04-13 00:00:00,25.47
2019-04-13 01:00:00,25.6
2019-04-13 02:00:00,25.54
2019-04-13 03:00:00,28.67
2019-04-13 04:00:00,27.96
2019-04-13 05:00:00,24.34
2019-04-13 06:00:00,22.92
2019-04-13 07:00:00,25.23
2019-04-13 08:00:00,30.5
2019-04-13 09:00:00,32.08
2019-04-13 10:00:00,29.07
2019-04-13 11:00:00,29.1
2019-04-13 12:00:00,28.84
2019-04-13 13:00:00,26.58
2019-04-13 14:00:00,29.91
2019-04-13 15:00:00,32.15
2019-04-13 16:00:00,32.38
2019-04-13 17:00:00,34.52
2019-04-13 18:00:00,29.72
2019-04-13 19:00:00,26.7
2019-04-13 20:00:00,32
2019-04-13 21:00:00,35.9
2019-04-13 22:00:00,34.58
2019-04-13 23:00:00,32.44
2019-04-14 00:00:00,27.87
2019-04-14 01:00:00,28.88
2019-04-14 02:00:00,29.12
2019-04-14 03:00:00,29.64
2019-04-14 04:00:00,24.86
2019-04-14 05:00:00,24.81
2019-04-14 06:00:00,24.94
2019-04-14 07:00:00,26.73
2019-04-14 08:00:00,24.48
2019-04-14 09:00:00,25.78
2019-04-14 10:00:00,25.33
2019-04-14 11:00:00,25.34
2019-04-14 12:00:00,26.22
2019-04-14 13:00:00,28.04
2019-04-14 14:00:00,28.2
2019-04-14 15:00:00,26.7
2019-04-14 16:00:00,31.67
2019-04-14 17:00:00,29.16
2019-04-14 18:00:00,25.41
2019-04-14 19:00:00,30.68
2019-04-14 20:00:00,31.26
2019-04-14 21:00:00,33.49
2019-04-14 22:00:00,25.67
2019-04-14 23:00:00,34.24
2019-04-15 00:00:00,31.8
2019-04-15 01:00:00,28.28
2019-04-15 02:00:00,25.67
2019-04-15 03:00:00,28.4
2019-04-15 04:00:00,33.27
2019-04-15 05:00:00,27.83
2019-04-15 06:00:00,25.97
2019-04-15 07:00:00,27.86
2019-04-15 08:00:00,30.8
2019-04-15 09:00:00,31.24
2019-04-15 10:00:00,25.43
2019-04-15 11:00:00,27.15
2019-04-15 12:00:00,29.45
2019-04-15 13:00:00,25.14
2019-04-15 14:00:00,27.56
2019-04-15 15:00:00,31.14
2019-04-15 16:00:00,29.82
2019-04-15 17:00:00,36.74
2019-04-15 18:00:00,29.44
2019-04-15 19:00:00,35.49
2019-04-15 20:00:00,31.59
2019-04-15 21:00:00,32.75
2019-04-15 22:00:00,30.92
2019-04-15 23:00:00,30.13
2019-04-16 00:00:00,31.59
2019-04-16 01:00:00,30.56
2019-04-16 02:00:00,27.95
2019-04-16 03:00:00,26.79
2019-04-16 04:00:00,24
2019-04-16 05:00:00,27.76
2019-04-16 06:00:00,29.78
2019-04-16 07:00:00,29.27
2019-04-16 08:00:00,29.16
2019-04-16 09:00:00,32.38
2019-04-16 10:00:00,30.72
2019-04-16 11:00:00,26.62
2019-04-16 12:00:00,25.86
2019-04-16 13:00:00,29.13
2019-04-16 14:00:00,30.18
2019-04-16 15:00:00,31.8
2019-04-16 16:00:00,36.53
2019-04-16 17:00:00,35.98
2019-04-16 18:00:00,25.46
2019-04-16 19:00:00,30.72
2019-04-16 20:00:00,33.17
2019-04-16 21:00:00,36.38
2019-04-16 22:00:00,35.23
2019-04-16 23:00:00,34.31
2019-04-17 00:00:00,29.78
2019-04-17 01:00:00,32.43
2019-04-17 02:00:00,30.08
2019-04-17 03:00:00,29.03
2019-04-17 04:00:00,30.36
2019-04-17 05:00:00,30.49
2019-04-17 06:00:00,28.1
2019-04-17 07:00:00,32.92
2019-04-17 08:00:00,23.7
2019-04-17 09:00:00,26.38
2019-04-17 10:00:00,25.93
2019-04-17 11:00:00,26.35
2019-04-17 12:00:00,24.46
2019-04-17 13:00:00,25.39
2019-04-17 14:00:00,28.33
2019-04-17 15:00:00,36.59
2019-04-17 16:00:00,29.13
2019-04-17 17:00:00,27.49
2019-04-17 18:00:00,26.35
2019-04-17 19:00:00,35.15
2019-04-17 20:00:00,31.97
2019-04-17 21:00:00,33.71
2019-04-17 22:00:00,32.9
2019-04-17 23:00:00,25.27
2019-04-18 00:00:00,30.01
2019-04-18 01:00:00,26.15
2019-04-18 02:00:00,30.33
2019-04-18 03:00:00,27.5
2019-04-18 04:00:00,29.54
2019-04-18 05:00:00,27.7
2019-04-18 06:00:00,27.45
2019-04-18 07:00:00,31.95
2019-04-18 08:00:00,29.95
2019-04-18 09:00:00,27.65
2019-04-18 10:00:00,25.68
2019-04-18 11:00:00,24.68
2019-04-18 12:00:00,32.93
2019-04-18 13:00:00,27.04
2019-04-18 14:00:00,28.94
2019-04-18 15:00:00,32.07
2019-04-18 16:00:00,31.61
2019-04-18 17:00:00,27.72
2019-04-18 18:00:00,24.14
2019-04-18 19:00:00,29.1
2019-04-18 20:00:00,28.68
2019-04-18 21:00:00,26.66
2019-04-18 22:00:00,26
2019-04-18 23:00:00,26.3
2019-04-19 00:00:00,26.41
2019-04-19 01:00:00,24.46
2019-04-19 02:00:00,27.26
2019-04-19 03:00:00,31.05
2019-04-19 04:00:00,29.43
2019-04-19 05:00:00,28.93
2019-04-19 06:00:00,21.44
2019-04-19 07:00:00,23.69
2019-04-19 08:00:00,27.02
2019-04-19 09:00:00,24.37
2019-04-19 10:00:00,21.08
2019-04-19 11:00:00,25.6
2019-04-19 12:00:00,31.4
2019-04-19 13:00:00,35.93
2019-04-19 14:00:00,35.68
2019-04-19 15:00:00,29.38
2019-04-19 16:00:00,31.64
2019-04-19 17:00:00,29.16
2019-04-19 18:00:00,28.41
2019-04-19 19:00:00,30.09
2019-04-19 20:00:00,29.07
2019-04-19 21:00:00,33.64
2019-04-19 22:00:00,33.27
2019-04-19 23:00:00,32.53
2019-04-20 00:00:00,29.79
2019-04-20 01:00:00,32.64
2019-04-20 02:00:00,37.1
2019-04-20 03:00:00,25.97
2019-04-20 04:00:00,31.18
2019-04-20 05:00:00,28.44
2019-04-20 06:00:00,23.66
2019-04-20 07:00:00,25.05
2019-04-20 08:00:00,24.27
2019-04-20 09:00:00,22.25
2019-04-20 10:00:00,20.53
2019-04-20 11:00:00,21.49
2019-04-20 12:00:00,22.12
2019-04-20 13:00:00,37.04
2019-04-20 14:00:00,28.5
2019-04-20 15:00:00,29.72
2019-04-20 16:00:00,39.25
2019-04-20 17:00:00,31.44
2019-04-20 18:00:00,25.7
2019-04-20 19:00:00,29.81
2019-04-20 20:00:00,29.65
2019-04-20 21:00:00,28.23
2019-04-20 22:00:00,24.88
2019-04-20 23:00:00,26.09
2019-04-21 00:00:00,28.18
2019-04-21 01:00:00,23.71
2019-04-21 02:00:00,29.85
2019-04-21 03:00:00,29.68
2019-04-21 04:00:00,25.11
2019-04-21 05:00:00,30.01
2019-04-21 06:00:00,25.12
2019-04-21 07:00:00,26.17
2019-04-21 08:00:00,23.66
2019-04-21 09:00:00,7.29
2019-04-21 10:00:00,27.06
2019-04-21 11:00:00,37.96
2019-04-21 12:00:00,35.61
2019-04-21 13:00:00,31.85
2019-04-21 14:00:00,30.44
2019-04-21 15:00:00,35.57
2019-04-21 16:00:00,33.29
2019-04-21 17:00:00,34.18
2019-04-21 18:00:00,28.39
2019-04-21 19:00:00,29.51
2019-04-21 20:00:00,31.2
2019-04-21 21:00:00,27.69
2019-04-21 22:00:00,28.12
2019-04-21 23:00:00,25.37
2019-04-22 00:00:00,30.25
2019-04-22 01:00:00,2.42
2019-04-22 02:00:00,2.42
2019-04-22 03:00:00,2.42
2019-04-22 04:00:00,2.42
2019-04-22 05:00:00,2.42
2019-04-22 06:00:00,27.51
2019-04-22 07:00:00,43.45
2019-04-22 08:00:00,43.72
2019-04-22 09:00:00,43.68
2019-04-22 10:00:00,43.71
2019-04-22 11:00:00,44.17
2019-04-22 12:00:00,43.18
2019-04-22 13:00:00,43.73
2019-04-22 14:00:00,43.66
2019-04-22 15:00:00,43.65
2019-04-22 16:00:00,43.88
2019-04-22 17:00:00,44.54
2019-04-22 18:00:00,42.73
2019-04-22 19:00:00,43.51
2019-04-22 20:00:00,44.63
2019-04-22 21:00:00,42.78
2019-04-22 22:00:00,43.4
2019-04-22 23:00:00,42.31
2019-04-23 00:00:00,2.42
2019-04-23 01:00:00,2.42
2019-04-23 02:00:00,2.42
2019-04-23 03:00:00,2.42
2019-04-23 04:00:00,2.42
2019-04-23 05:00:00,37.59
2019-04-23 06:00:00,42.01
2019-04-23 07:00:00,43.95
2019-04-23 08:00:00,44.82
2019-04-23 09:00:00,43.34
2019-04-23 10:00:00,44.15
2019-04-23 11:00:00,44.14
2019-04-23 12:00:00,44.22
2019-04-23 13:00:00,44.09
2019-04-23 14:00:00,44.11
2019-04-23 15:00:00,44.12
2019-04-23 16:00:00,44.16
2019-04-23 17:00:00,44.44
2019-04-23 18:00:00,44.16
2019-04-23 19:00:00,44.1
2019-04-23 20:00:00,44.4
2019-04-23 21:00:00,43.94
2019-04-23 22:00:00,44.11
2019-04-23 23:00:00,44.2
2019-04-24 00:00:00,4.43
2019-04-24 01:00:00,2.42
2019-04-24 02:00:00,2.42
2019-04-24 03:00:00,2.42
2019-04-24 04:00:00,2.42
2019-04-24 05:00:00,2.42
2019-04-24 06:00:00,2.42
2019-04-24 07:00:00,2.42
2019-04-24 08:00:00,16.4
2019-04-24 09:00:00,42.89
2019-04-24 10:00:00,42.75
2019-04-24 11:00:00,42.77
2019-04-24 12:00:00,42.74
2019-04-24 13:00:00,42.79
2019-04-24 14:00:00,42.75
2019-04-24 15:00:00,42.75
2019-04-24 16:00:00,42.72
2019-04-24 17:00:00,43.4
2019-04-24 18:00:00,44.22
2019-04-24 19:00:00,44.04
2019-04-24 20:00:00,44.18
2019-04-24 21:00:00,44.21
2019-04-24 22:00:00,44.76
2019-04-24 23:00:00,43.38
2019-04-25 00:00:00,42.73
2019-04-25 01:00:00,2.42
2019-04-25 02:00:00,2.42
2019-04-25 03:00:00,2.42
2019-04-25 04:00:00,2.42
2019-04-25 05:00:00,43.33
2019-04-25 06:00:00,43.49
2019-04-25 07:00:00,43.27
2019-04-25 08:00:00,43.47
2019-04-25 09:00:00,43.6
2019-04-25 10:00:00,43.57
2019-04-25 11:00:00,43.62
2019-04-25 12:00:00,43.55
2019-04-25 13:00:00,43.62
2019-04-25 14:00:00,43.58
2019-04-25 15:00:00,43.63
2019-04-25 16:00:00,43.64
2019-04-25 17:00:00,43.64
2019-04-25 18:00:00,43.82
2019-04-25 19:00:00,43.81
2019-04-25 20:00:00,43.77
2019-04-25 21:00:00,43.97
2019-04-25 22:00:00,44.02
2019-04-25 23:00:00,40.8
2019-04-26 00:00:00,2.42
2019-04-26 01:00:00,2.42
2019-04-26 02:00:00,2.42
2019-04-26 03:00:00,5.37
2019-04-26 04:00:00,24.45
2019-04-26 05:00:00,20.42
2019-04-26 06:00:00,41.29
2019-04-26 07:00:00,43.49
2019-04-26 08:00:00,43.69
2019-04-26 09:00:00,43.69
2019-04-26 10:00:00,43.65
2019-04-26 11:00:00,43.65
2019-04-26 12:00:00,43.99
2019-04-26 13:00:00,43.93
2019-04-26 14:00:00,44.27
2019-04-26 15:00:00,43.41
2019-04-26 16:00:00,43.91
2019-04-26 17:00:00,43.72
2019-04-26 18:00:00,43.89
2019-04-26 19:00:00,44.22
2019-04-26 20:00:00,43.52
2019-04-26 21:00:00,44.26
2019-04-26 22:00:00,43.67
2019-04-26 23:00:00,43.48
2019-04-27 00:00:00,4.16
2019-04-27 01:00:00,2.42
2019-04-27 02:00:00,2.42
2019-04-27 03:00:00,2.42
2019-04-27 04:00:00,6.57
2019-04-27 05:00:00,43.29
2019-04-27 06:00:00,43.71
2019-04-27 07:00:00,43.95
2019-04-27 08:00:00,44
2019-04-27 09:00:00,44.17
2019-04-27 10:00:00,44.19
2019-04-27 11:00:00,44.19
2019-04-27 12:00:00,44.18
2019-04-27 13:00:00,44.18
2019-04-27 14:00:00,44.18
2019-04-27 15:00:00,44.53
2019-04-27 16:00:00,43.87
2019-04-27 17:00:00,44.25
2019-04-27 18:00:00,44.22
2019-04-27 19:00:00,44.57
2019-04-27 20:00:00,43.82
2019-04-27 21:00:00,44.53
2019-04-27 22:00:00,43.79
2019-04-27 23:00:00,44.08
2019-04-28 00:00:00,2.42
2019-04-28 01:00:00,38.37
2019-04-28 02:00:00,30.8
2019-04-28 03:00:00,31
2019-04-28 04:00:00,4.14
2019-04-28 05:00:00,2.42
2019-04-28 06:00:00,2.42
2019-04-28 07:00:00,39.36
2019-04-28 08:00:00,43.98
2019-04-28 09:00:00,6.63
2019-04-28 10:00:00,43.17
2019-04-28 11:00:00,43.32
2019-04-28 12:00:00,44.11
2019-04-28 13:00:00,44.12
2019-04-28 14:00:00,44.01
2019-04-28 15:00:00,44.16
2019-04-28 16:00:00,44.05
2019-04-28 17:00:00,43.96
2019-04-28 18:00:00,44.47
2019-04-28 19:00:00,44.46
2019-04-28 20:00:00,44.05
2019-04-28 21:00:00,44.07
2019-04-28 22:00:00,44.25
2019-04-28 23:00:00,44.12
2019-04-29 00:00:00,29.18
2019-04-29 01:00:00,2.42
2019-04-29 02:00:00,2.42
2019-04-29 03:00:00,2.42
2019-04-29 04:00:00,19.97
2019-04-29 05:00:00,28.27
2019-04-29 06:00:00,44.09
2019-04-29 07:00:00,44.41
2019-04-29 08:00:00,44.41
2019-04-29 09:00:00,44.31
2019-04-29 10:00:00,36.67
2019-04-29 11:00:00,36.52
2019-04-29 12:00:00,36.67
2019-04-29 13:00:00,36.6
2019-04-29 14:00:00,36.71
2019-04-29 15:00:00,36.55
2019-04-29 16:00:00,36.61
2019-04-29 17:00:00,36.65
2019-04-29 18:00:00,36.62
2019-04-29 19:00:00,36.46
2019-04-29 20:00:00,36.9
2019-04-29 21:00:00,36.3
2019-04-29 22:00:00,36.86
2019-04-29 23:00:00,36.34
2019-04-30 00:00:00,5.95
2019-04-30 01:00:00,34.76
2019-04-30 02:00:00,35.28
2019-04-30 03:00:00,35.4
2019-04-30 04:00:00,35.4
2019-04-30 05:00:00,35.56
2019-04-30 06:00:00,35.42
2019-04-30 07:00:00,35.74
2019-04-30 08:00:00,35.34
2019-04-30 09:00:00,35.67
2019-04-30 10:00:00,36.26
2019-04-30 11:00:00,36.25
2019-04-30 12:00:00,35.91
2019-04-30 13:00:00,36.08
2019-04-30 14:00:00,35.78
2019-04-30 15:00:00,36
2019-04-30 16:00:00,36.1
2019-04-30 17:00:00,35.69
2019-04-30 18:00:00,35.93
2019-04-30 19:00:00,35.62
2019-04-30 20:00:00,36.27
2019-04-30 21:00:00,35.83
2019-04-30 22:00:00,35.45
2019-04-30 23:00:00,36.69
2019-05-01 00:00:00,35.69
2019-05-01 01:00:00,35.96
2019-05-01 02:00:00,35.67
2019-05-01 03:00:00,35.96
2019-05-01 04:00:00,35.81
2019-05-01 05:00:00,35.97
2019-05-01 06:00:00,35.85
2019-05-01 07:00:00,35.87
2019-05-01 08:00:00,35.92
2019-05-01 09:00:00,35.99
2019-05-01 10:00:00,36.03
2019-05-01 11:00:00,35.6
2019-05-01 12:00:00,35.99
2019-05-01 13:00:00,35.78
2019-05-01 14:00:00,35.98
2019-05-01 15:00:00,35.96
2019-05-01 16:00:00,36.5
2019-05-01 17:00:00,35.44
2019-05-01 18:00:00,35.63
2019-05-01 19:00:00,35.91
2019-05-01 20:00:00,35.94
2019-05-01 21:00:00,35.68
2019-05-01 22:00:00,35.91
2019-05-01 23:00:00,36.1
2019-05-02 00:00:00,35.63
2019-05-02 01:00:00,35.86
2019-05-02 02:00:00,35.52
2019-05-02 03:00:00,35.7
2019-05-02 04:00:00,35.89
2019-05-02 05:00:00,35.89
2019-05-02 06:00:00,35.89
2019-05-02 07:00:00,35.83
2019-05-02 08:00:00,35.86
2019-05-02 09:00:00,35.87
2019-05-02 10:00:00,36.31
2019-05-02 11:00:00,35.34
2019-05-02 12:00:00,36.59
2019-05-02 13:00:00,35.52
2019-05-02 14:00:00,35.52
2019-05-02 15:00:00,35.77
2019-05-02 16:00:00,36.52
2019-05-02 17:00:00,35.47
2019-05-02 18:00:00,35.78
2019-05-02 19:00:00,35.51
2019-05-02 20:00:00,35.8
2019-05-02 21:00:00,35.93
2019-05-02 22:00:00,35.76
2019-05-02 23:00:00,35.77
2019-05-03 00:00:00,35.74
2019-05-03 01:00:00,35.89
2019-05-03 02:00:00,36.12
2019-05-03 03:00:00,35.43
2019-05-03 04:00:00,35.7
2019-05-03 05:00:00,35.71
2019-05-03 06:00:00,35.76
2019-05-03 07:00:00,35.83
2019-05-03 08:00:00,35.77
2019-05-03 09:00:00,35.69
2019-05-03 10:00:00,35.8
2019-05-03 11:00:00,35.76
2019-05-03 12:00:00,35.77
2019-05-03 13:00:00,35.77
2019-05-03 14:00:00,35.81
2019-05-03 15:00:00,35.82
2019-05-03 16:00:00,36.25
2019-05-03 17:00:00,35.46
2019-05-03 18:00:00,35.71
2019-05-03 19:00:00,35.67
2019-05-03 20:00:00,35.68
2019-05-03 21:00:00,35.83
2019-05-03 22:00:00,35.76
2019-05-03 23:00:00,35.86
2019-05-04 00:00:00,35.47
2019-05-04 01:00:00,1.78
2019-05-04 02:00:00,1.78
2019-05-04 03:00:00,1.78
2019-05-04 04:00:00,1.78
2019-05-04 05:00:00,1.78
2019-05-04 06:00:00,1.78
2019-05-04 07:00:00,1.78
2019-05-04 08:00:00,1.78
2019-05-04 09:00:00,1.78
2019-05-04 10:00:00,1.78
2019-05-04 11:00:00,1.78
2019-05-04 12:00:00,1.78
2019-05-04 13:00:00,1.78
2019-05-04 14:00:00,1.78
2019-05-04 15:00:00,1.78
2019-05-04 16:00:00,1.78
2019-05-04 17:00:00,1.78
2019-05-04 18:00:00,1.78
2019-05-04 19:00:00,1.78
2019-05-04 20:00:00,1.78
2019-05-04 21:00:00,1.78
2019-05-04 22:00:00,1.78
2019-05-04 23:00:00,1.78
2019-05-05 00:00:00,1.78
2019-05-05 01:00:00,1.78
2019-05-05 02:00:00,1.78
2019-05-05 03:00:00,1.78
2019-05-05 04:00:00,1.78
2019-05-05 05:00:00,1.78
2019-05-05 06:00:00,1.78
2019-05-05 07:00:00,1.78
2019-05-05 08:00:00,1.78
2019-05-05 09:00:00,1.78
2019-05-05 10:00:00,1.78
2019-05-05 11:00:00,1.78
2019-05-05 12:00:00,1.78
2019-05-05 13:00:00,1.78
2019-05-05 14:00:00,1.78
2019-05-05 15:00:00,1.78
2019-05-05 16:00:00,1.78
2019-05-05 17:00:00,1.78
2019-05-05 18:00:00,1.78
2019-05-05 19:00:00,1.78
2019-05-05 20:00:00,1.78
2019-05-05 21:00:00,1.78
2019-05-05 22:00:00,1.78
2019-05-05 23:00:00,1.78
2019-05-06 00:00:00,1.78
2019-05-06 01:00:00,1.78
2019-05-06 02:00:00,1.78
2019-05-06 03:00:00,1.78
2019-05-06 04:00:00,1.78
2019-05-06 05:00:00,1.78
2019-05-06 06:00:00,1.78
2019-05-06 07:00:00,1.78
2019-05-06 08:00:00,1.78
2019-05-06 09:00:00,1.78
2019-05-06 10:00:00,1.78
2019-05-06 11:00:00,1.78
2019-05-06 12:00:00,1.78
2019-05-06 13:00:00,1.78
2019-05-06 14:00:00,1.78
2019-05-06 15:00:00,1.78
2019-05-06 16:00:00,1.78
2019-05-06 17:00:00,1.78
2019-05-06 18:00:00,1.78
2019-05-06 19:00:00,1.78
2019-05-06 20:00:00,1.78
2019-05-06 21:00:00,1.78
2019-05-06 22:00:00,1.78
2019-05-06 23:00:00,1.78
2019-05-07 00:00:00,1.78
2019-05-07 01:00:00,1.78
2019-05-07 02:00:00,1.78
2019-05-07 03:00:00,1.78
2019-05-07 04:00:00,1.78
2019-05-07 05:00:00,1.78
2019-05-07 06:00:00,1.78
2019-05-07 07:00:00,1.78
2019-05-07 08:00:00,1.78
2019-05-07 09:00:00,1.78
2019-05-07 10:00:00,1.78
2019-05-07 11:00:00,1.78
2019-05-07 12:00:00,1.78
2019-05-07 13:00:00,1.78
2019-05-07 14:00:00,1.78
2019-05-07 15:00:00,1.78
2019-05-07 16:00:00,1.78
2019-05-07 17:00:00,1.78
2019-05-07 18:00:00,1.78
2019-05-07 19:00:00,1.78
2019-05-07 20:00:00,1.78
2019-05-07 21:00:00,1.78
2019-05-07 22:00:00,1.78
2019-05-07 23:00:00,1.78
2019-05-08 00:00:00,1.78
2019-05-08 01:00:00,1.78
2019-05-08 02:00:00,1.78
2019-05-08 03:00:00,1.78
2019-05-08 04:00:00,1.78
2019-05-08 05:00:00,1.78
2019-05-08 06:00:00,1.78
2019-05-08 07:00:00,1.78
2019-05-08 08:00:00,1.78
2019-05-08 09:00:00,1.78
2019-05-08 10:00:00,1.78
2019-05-08 11:00:00,1.78
2019-05-08 12:00:00,1.78
2019-05-08 13:00:00,1.78
2019-05-08 14:00:00,1.78
2019-05-08 15:00:00,1.78
2019-05-08 16:00:00,1.78
2019-05-08 17:00:00,1.78
2019-05-08 18:00:00,1.78
2019-05-08 19:00:00,1.78
2019-05-08 20:00:00,1.78
2019-05-08 21:00:00,1.78
2019-05-08 22:00:00,1.78
2019-05-08 23:00:00,1.78
2019-05-09 00:00:00,1.78
2019-05-09 01:00:00,1.78
2019-05-09 02:00:00,1.78
2019-05-09 03:00:00,1.78
2019-05-09 04:00:00,1.78
2019-05-09 05:00:00,1.78
2019-05-09 06:00:00,1.78
2019-05-09 07:00:00,1.78
2019-05-09 08:00:00,1.78
2019-05-09 09:00:00,1.78
2019-05-09 10:00:00,1.78
2019-05-09 11:00:00,1.78
2019-05-09 12:00:00,1.78
2019-05-09 13:00:00,1.78
2019-05-09 14:00:00,1.78
2019-05-09 15:00:00,1.78
2019-05-09 16:00:00,1.78
2019-05-09 17:00:00,1.78
2019-05-09 18:00:00,1.78
2019-05-09 19:00:00,1.78
2019-05-09 20:00:00,1.78
2019-05-09 21:00:00,1.78
2019-05-09 22:00:00,1.78
2019-05-09 23:00:00,1.78
2019-05-10 00:00:00,1.78
2019-05-10 01:00:00,1.78
2019-05-10 02:00:00,1.78
2019-05-10 03:00:00,1.78
2019-05-10 04:00:00,1.78
2019-05-10 05:00:00,1.78
2019-05-10 06:00:00,1.78
2019-05-10 07:00:00,1.78
2019-05-10 08:00:00,1.78
2019-05-10 09:00:00,1.78
2019-05-10 10:00:00,1.78
2019-05-10 11:00:00,1.78
2019-05-10 12:00:00,1.78
2019-05-10 13:00:00,1.78
2019-05-10 14:00:00,1.78
2019-05-10 15:00:00,1.78
2019-05-10 16:00:00,1.78
2019-05-10 17:00:00,1.78
2019-05-10 18:00:00,1.78
2019-05-10 19:00:00,1.78
2019-05-10 20:00:00,1.78
2019-05-10 21:00:00,1.78
2019-05-10 22:00:00,1.78
2019-05-10 23:00:00,1.78
2019-05-11 00:00:00,1.78
2019-05-11 01:00:00,1.78
2019-05-11 02:00:00,1.78
2019-05-11 03:00:00,1.78
2019-05-11 04:00:00,1.78
2019-05-11 05:00:00,1.78
2019-05-11 06:00:00,1.78
2019-05-11 07:00:00,1.78
2019-05-11 08:00:00,1.78
2019-05-11 09:00:00,1.78
2019-05-11 10:00:00,1.78
2019-05-11 11:00:00,1.78
2019-05-11 12:00:00,1.78
2019-05-11 13:00:00,1.78
2019-05-11 14:00:00,1.78
2019-05-11 15:00:00,1.78
2019-05-11 16:00:00,1.78
2019-05-11 17:00:00,1.78
2019-05-11 18:00:00,1.78
2019-05-11 19:00:00,1.78
2019-05-11 20:00:00,1.78
2019-05-11 21:00:00,1.78
2019-05-11 22:00:00,1.78
2019-05-11 23:00:00,1.78
2019-05-12 00:00:00,1.78
2019-05-12 01:00:00,1.78
2019-05-12 02:00:00,1.78
2019-05-12 03:00:00,1.78
2019-05-12 04:00:00,1.78
2019-05-12 05:00:00,1.78
2019-05-12 06:00:00,1.78
2019-05-12 07:00:00,1.78
2019-05-12 08:00:00,1.78
2019-05-12 09:00:00,1.78
2019-05-12 10:00:00,1.78
2019-05-12 11:00:00,1.78
2019-05-12 12:00:00,1.78
2019-05-12 13:00:00,1.78
2019-05-12 14:00:00,1.78
2019-05-12 15:00:00,1.78
2019-05-12 16:00:00,1.78
2019-05-12 17:00:00,1.78
2019-05-12 18:00:00,1.78
2019-05-12 19:00:00,1.78
2019-05-12 20:00:00,1.78
2019-05-12 21:00:00,1.78
2019-05-12 22:00:00,1.78
2019-05-12 23:00:00,1.78
2019-05-13 00:00:00,1.78
2019-05-13 01:00:00,1.78
2019-05-13 02:00:00,1.78
2019-05-13 03:00:00,1.78
2019-05-13 04:00:00,1.78
2019-05-13 05:00:00,1.78
2019-05-13 06:00:00,1.78
2019-05-13 07:00:00,1.78
2019-05-13 08:00:00,1.78
2019-05-13 09:00:00,1.78
2019-05-13 10:00:00,1.78
2019-05-13 11:00:00,1.78
2019-05-13 12:00:00,1.78
2019-05-13 13:00:00,1.78
2019-05-13 14:00:00,1.78
2019-05-13 15:00:00,1.78
2019-05-13 16:00:00,1.78
2019-05-13 17:00:00,1.78
2019-05-13 18:00:00,1.78
2019-05-13 19:00:00,1.78
2019-05-13 20:00:00,1.78
2019-05-13 21:00:00,1.78
2019-05-13 22:00:00,1.78
2019-05-13 23:00:00,1.78
2019-05-14 00:00:00,1.78
2019-05-14 01:00:00,1.78
2019-05-14 02:00:00,1.78
2019-05-14 03:00:00,1.78
2019-05-14 04:00:00,1.78
2019-05-14 05:00:00,1.78
2019-05-14 06:00:00,1.78
2019-05-14 07:00:00,1.78
2019-05-14 08:00:00,1.78
2019-05-14 09:00:00,1.78
2019-05-14 10:00:00,1.78
2019-05-14 11:00:00,1.78
2019-05-14 12:00:00,1.78
2019-05-14 13:00:00,1.78
2019-05-14 14:00:00,1.78
2019-05-14 15:00:00,1.78
2019-05-14 16:00:00,1.78
2019-05-14 17:00:00,1.78
2019-05-14 18:00:00,1.78
2019-05-14 19:00:00,1.78
2019-05-14 20:00:00,1.78
2019-05-14 21:00:00,1.78
2019-05-14 22:00:00,1.78
2019-05-14 23:00:00,1.78
2019-05-15 00:00:00,1.78
2019-05-15 01:00:00,1.78
2019-05-15 02:00:00,1.78
2019-05-15 03:00:00,1.78
2019-05-15 04:00:00,1.78
2019-05-15 05:00:00,1.78
2019-05-15 06:00:00,1.78
2019-05-15 07:00:00,1.78
2019-05-15 08:00:00,1.78
2019-05-15 09:00:00,1.78
2019-05-15 10:00:00,1.78
2019-05-15 11:00:00,1.78
2019-05-15 12:00:00,1.78
2019-05-15 13:00:00,1.78
2019-05-15 14:00:00,1.78
2019-05-15 15:00:00,1.78
2019-05-15 16:00:00,1.78
2019-05-15 17:00:00,1.78
2019-05-15 18:00:00,1.78
2019-05-15 19:00:00,1.78
2019-05-15 20:00:00,1.78
2019-05-15 21:00:00,1.78
2019-05-15 22:00:00,1.78
2019-05-15 23:00:00,1.78
2019-05-16 00:00:00,1.78
2019-05-16 01:00:00,1.78
2019-05-16 02:00:00,1.78
2019-05-16 03:00:00,1.78
2019-05-16 04:00:00,1.78
2019-05-16 05:00:00,1.78
2019-05-16 06:00:00,1.78
2019-05-16 07:00:00,1.78
2019-05-16 08:00:00,1.78
2019-05-16 09:00:00,1.78
2019-05-16 10:00:00,1.78
2019-05-16 11:00:00,1.78
2019-05-16 12:00:00,1.78
2019-05-16 13:00:00,1.78
2019-05-16 14:00:00,1.78
2019-05-16 15:00:00,1.78
2019-05-16 16:00:00,1.78
2019-05-16 17:00:00,1.78
2019-05-16 18:00:00,1.78
2019-05-16 19:00:00,1.78
2019-05-16 20:00:00,1.78
2019-05-16 21:00:00,1.78
2019-05-16 22:00:00,1.78
2019-05-16 23:00:00,1.78
2019-05-17 00:00:00,1.78
2019-05-17 01:00:00,1.78
2019-05-17 02:00:00,1.78
2019-05-17 03:00:00,1.78
2019-05-17 04:00:00,1.78
2019-05-17 05:00:00,1.78
2019-05-17 06:00:00,1.78
2019-05-17 07:00:00,1.78
2019-05-17 08:00:00,1.78
2019-05-17 09:00:00,1.78
2019-05-17 10:00:00,1.78
2019-05-17 11:00:00,1.78
2019-05-17 12:00:00,1.78
2019-05-17 13:00:00,1.78
2019-05-17 14:00:00,1.78
2019-05-17 15:00:00,1.78
2019-05-17 16:00:00,1.78
2019-05-17 17:00:00,1.78
2019-05-17 18:00:00,1.78
2019-05-17 19:00:00,1.78
2019-05-17 20:00:00,1.78
2019-05-17 21:00:00,1.78
2019-05-17 22:00:00,1.78
2019-05-17 23:00:00,1.78
2019-05-18 00:00:00,1.78
2019-05-18 01:00:00,1.78
2019-05-18 02:00:00,1.78
2019-05-18 03:00:00,1.78
2019-05-18 04:00:00,1.78
2019-05-18 05:00:00,1.78
2019-05-18 06:00:00,1.78
2019-05-18 07:00:00,1.78
2019-05-18 08:00:00,1.78
2019-05-18 09:00:00,1.78
2019-05-18 10:00:00,1.78
2019-05-18 11:00:00,1.78
2019-05-18 12:00:00,1.78
2019-05-18 13:00:00,1.78
2019-05-18 14:00:00,1.78
2019-05-18 15:00:00,1.78
2019-05-18 16:00:00,1.78
2019-05-18 17:00:00,1.78
2019-05-18 18:00:00,1.78
2019-05-18 19:00:00,1.78
2019-05-18 20:00:00,1.78
2019-05-18 21:00:00,1.78
2019-05-18 22:00:00,1.78
2019-05-18 23:00:00,1.78
2019-05-19 00:00:00,1.78
2019-05-19 01:00:00,1.78
2019-05-19 02:00:00,1.78
2019-05-19 03:00:00,1.78
2019-05-19 04:00:00,1.78
2019-05-19 05:00:00,1.78
2019-05-19 06:00:00,1.78
2019-05-19 07:00:00,1.78
2019-05-19 08:00:00,1.78
2019-05-19 09:00:00,1.78
2019-05-19 10:00:00,1.78
2019-05-19 11:00:00,1.78
2019-05-19 12:00:00,1.78
2019-05-19 13:00:00,1.78
2019-05-19 14:00:00,1.78
2019-05-19 15:00:00,1.78
2019-05-19 16:00:00,1.78
2019-05-19 17:00:00,1.78
2019-05-19 18:00:00,1.78
2019-05-19 19:00:00,1.78
2019-05-19 20:00:00,1.78
2019-05-19 21:00:00,1.78
2019-05-19 22:00:00,1.78
2019-05-19 23:00:00,1.78
2019-05-20 00:00:00,1.78
2019-05-20 01:00:00,1.78
2019-05-20 02:00:00,1.78
2019-05-20 03:00:00,1.78
2019-05-20 04:00:00,1.78
2019-05-20 05:00:00,1.78
2019-05-20 06:00:00,1.78
2019-05-20 07:00:00,1.78
2019-05-20 08:00:00,1.78
2019-05-20 09:00:00,1.78
2019-05-20 10:00:00,1.78
2019-05-20 11:00:00,1.78
2019-05-20 12:00:00,1.78
2019-05-20 13:00:00,1.78
2019-05-20 14:00:00,1.78
2019-05-20 15:00:00,1.78
2019-05-20 16:00:00,1.78
2019-05-20 17:00:00,1.78
2019-05-20 18:00:00,1.78
2019-05-20 19:00:00,1.78
2019-05-20 20:00:00,1.78
2019-05-20 21:00:00,1.78
2019-05-20 22:00:00,1.78
2019-05-20 23:00:00,1.78
2019-05-21 00:00:00,1.78
2019-05-21 01:00:00,1.78
2019-05-21 02:00:00,1.78
2019-05-21 03:00:00,1.78
2019-05-21 04:00:00,1.78
2019-05-21 05:00:00,1.78
2019-05-21 06:00:00,1.78
2019-05-21 07:00:00,1.78
2019-05-21 08:00:00,1.78
2019-05-21 09:00:00,1.78
2019-05-21 10:00:00,1.78
2019-05-21 11:00:00,1.78
2019-05-21 12:00:00,1.78
2019-05-21 13:00:00,1.78
2019-05-21 14:00:00,1.78
2019-05-21 15:00:00,1.78
2019-05-21 16:00:00,1.78
2019-05-21 17:00:00,1.78
2019-05-21 18:00:00,1.78
2019-05-21 19:00:00,1.78
2019-05-21 20:00:00,1.78
2019-05-21 21:00:00,1.78
2019-05-21 22:00:00,1.78
2019-05-21 23:00:00,1.78
2019-05-22 00:00:00,1.78
2019-05-22 01:00:00,1.78
2019-05-22 02:00:00,1.78
2019-05-22 03:00:00,1.78
2019-05-22 04:00:00,1.78
2019-05-22 05:00:00,1.78
2019-05-22 06:00:00,1.78
2019-05-22 07:00:00,1.78
2019-05-22 08:00:00,1.78
2019-05-22 09:00:00,1.78
2019-05-22 10:00:00,1.78
2019-05-22 11:00:00,1.78
2019-05-22 12:00:00,1.78
2019-05-22 13:00:00,1.78
2019-05-22 14:00:00,1.78
2019-05-22 15:00:00,1.78
2019-05-22 16:00:00,1.78
2019-05-22 17:00:00,1.78
2019-05-22 18:00:00,1.78
2019-05-22 19:00:00,1.78
2019-05-22 20:00:00,1.78
2019-05-22 21:00:00,1.78
2019-05-22 22:00:00,1.78
2019-05-22 23:00:00,1.78
2019-05-23 00:00:00,1.78
2019-05-23 01:00:00,1.78
2019-05-23 02:00:00,1.78
2019-05-23 03:00:00,1.78
2019-05-23 04:00:00,1.78
2019-05-23 05:00:00,1.78
2019-05-23 06:00:00,1.78
2019-05-23 07:00:00,1.78
2019-05-23 08:00:00,1.78
2019-05-23 09:00:00,1.78
2019-05-23 10:00:00,1.78
2019-05-23 11:00:00,1.78
2019-05-23 12:00:00,1.78
2019-05-23 13:00:00,1.78
2019-05-23 14:00:00,1.78
2019-05-23 15:00:00,1.78
2019-05-23 16:00:00,1.78
2019-05-23 17:00:00,1.78
2019-05-23 18:00:00,1.78
2019-05-23 19:00:00,1.78
2019-05-23 20:00:00,1.78
2019-05-23 21:00:00,1.78
2019-05-23 22:00:00,1.78
2019-05-23 23:00:00,1.78
2019-05-24 00:00:00,1.78
2019-05-24 01:00:00,1.78
2019-05-24 02:00:00,1.78
2019-05-24 03:00:00,1.78
2019-05-24 04:00:00,1.78
2019-05-24 05:00:00,1.78
2019-05-24 06:00:00,1.78
2019-05-24 07:00:00,1.78
2019-05-24 08:00:00,1.78
2019-05-24 09:00:00,1.78
2019-05-24 10:00:00,1.78
2019-05-24 11:00:00,1.78
2019-05-24 12:00:00,1.78
2019-05-24 13:00:00,1.78
2019-05-24 14:00:00,1.78
2019-05-24 15:00:00,1.78
2019-05-24 16:00:00,1.78
2019-05-24 17:00:00,1.78
2019-05-24 18:00:00,1.78
2019-05-24 19:00:00,1.78
2019-05-24 20:00:00,1.78
2019-05-24 21:00:00,1.78
2019-05-24 22:00:00,1.78
2019-05-24 23:00:00,13.69
2019-05-25 00:00:00,17.93
2019-05-25 01:00:00,1.78
2019-05-25 02:00:00,1.78
2019-05-25 03:00:00,1.78
2019-05-25 04:00:00,1.78
2019-05-25 05:00:00,1.78
2019-05-25 06:00:00,1.78
2019-05-25 07:00:00,1.78
2019-05-25 08:00:00,1.78
2019-05-25 09:00:00,1.78
2019-05-25 10:00:00,1.78
2019-05-25 11:00:00,1.78
2019-05-25 12:00:00,1.78
2019-05-25 13:00:00,1.78
2019-05-25 14:00:00,1.78
2019-05-25 15:00:00,1.78
2019-05-25 16:00:00,1.78
2019-05-25 17:00:00,1.78
2019-05-25 18:00:00,19.96
2019-05-25 19:00:00,33.11
2019-05-25 20:00:00,35.72
2019-05-25 21:00:00,33.03
2019-05-25 22:00:00,31.82
2019-05-25 23:00:00,1.78
2019-05-26 00:00:00,1.78
2019-05-26 01:00:00,1.78
2019-05-26 02:00:00,1.78
2019-05-26 03:00:00,1.78
2019-05-26 04:00:00,1.78
2019-05-26 05:00:00,1.78
2019-05-26 06:00:00,1.78
2019-05-26 07:00:00,1.78
2019-05-26 08:00:00,1.78
2019-05-26 09:00:00,1.78
2019-05-26 10:00:00,1.78
2019-05-26 11:00:00,1.78
2019-05-26 12:00:00,1.78
2019-05-26 13:00:00,1.78
2019-05-26 14:00:00,1.78
2019-05-26 15:00:00,1.78
2019-05-26 16:00:00,1.78
2019-05-26 17:00:00,1.78
2019-05-26 18:00:00,4.48
2019-05-26 19:00:00,33.17
2019-05-26 20:00:00,35.68
2019-05-26 21:00:00,33.16
2019-05-26 22:00:00,33.49
2019-05-26 23:00:00,18.61
2019-05-27 00:00:00,1.78
2019-05-27 01:00:00,1.78
2019-05-27 02:00:00,1.78
2019-05-27 03:00:00,1.78
2019-05-27 04:00:00,1.78
2019-05-27 05:00:00,1.78
2019-05-27 06:00:00,1.78
2019-05-27 07:00:00,1.78
2019-05-27 08:00:00,1.78
2019-05-27 09:00:00,32.47
2019-05-27 10:00:00,21.56
2019-05-27 11:00:00,24.58
2019-05-27 12:00:00,19.16
2019-05-27 13:00:00,19.31
2019-05-27 14:00:00,19.58
2019-05-27 15:00:00,19.11
2019-05-27 16:00:00,19.24
2019-05-27 17:00:00,19.18
2019-05-27 18:00:00,19.57
2019-05-27 19:00:00,35.47
2019-05-27 20:00:00,35.73
2019-05-27 21:00:00,35.43
2019-05-27 22:00:00,31.88
2019-05-27 23:00:00,1.78
2019-05-28 00:00:00,1.78
2019-05-28 01:00:00,1.78
2019-05-28 02:00:00,1.78
2019-05-28 03:00:00,1.78
2019-05-28 04:00:00,1.78
2019-05-28 05:00:00,1.78
2019-05-28 06:00:00,1.78
2019-05-28 07:00:00,1.78
2019-05-28 08:00:00,1.78
2019-05-28 09:00:00,1.78
2019-05-28 10:00:00,1.78
2019-05-28 11:00:00,1.78
2019-05-28 12:00:00,1.78
2019-05-28 13:00:00,29.67
2019-05-28 14:00:00,35.04
2019-05-28 15:00:00,35.22
2019-05-28 16:00:00,35.44
2019-05-28 17:00:00,33.03
2019-05-28 18:00:00,19.42
2019-05-28 19:00:00,34.87
2019-05-28 20:00:00,35.35
2019-05-28 21:00:00,35.61
2019-05-28 22:00:00,34.25
2019-05-28 23:00:00,1.78
2019-05-29 00:00:00,1.78
2019-05-29 01:00:00,1.78
2019-05-29 02:00:00,1.78
2019-05-29 03:00:00,1.78
2019-05-29 04:00:00,1.78
2019-05-29 05:00:00,1.78
2019-05-29 06:00:00,1.78
2019-05-29 07:00:00,1.78
2019-05-29 08:00:00,1.78
2019-05-29 09:00:00,1.78
2019-05-29 10:00:00,1.78
2019-05-29 11:00:00,1.78
2019-05-29 12:00:00,1.78
2019-05-29 13:00:00,20.15
2019-05-29 14:00:00,34.05
2019-05-29 15:00:00,35.01
2019-05-29 16:00:00,35.99
2019-05-29 17:00:00,35.69
2019-05-29 18:00:00,32.75
2019-05-29 19:00:00,34.95
2019-05-29 20:00:00,35.39
2019-05-29 21:00:00,35.63
2019-05-29 22:00:00,35.33
2019-05-29 23:00:00,1.78
2019-05-30 00:00:00,1.78
2019-05-30 01:00:00,1.78
2019-05-30 02:00:00,1.78
2019-05-30 03:00:00,1.78
2019-05-30 04:00:00,1.78
2019-05-30 05:00:00,1.78
2019-05-30 06:00:00,1.78
2019-05-30 07:00:00,1.78
2019-05-30 08:00:00,1.78
2019-05-30 09:00:00,1.78
2019-05-30 10:00:00,1.78
2019-05-30 11:00:00,9.88
2019-05-30 12:00:00,32.92
2019-05-30 13:00:00,30.71
2019-05-30 14:00:00,31.09
2019-05-30 15:00:00,35.97
2019-05-30 16:00:00,35.87
2019-05-30 17:00:00,36.05
2019-05-30 18:00:00,30.32
2019-05-30 19:00:00,34.99
2019-05-30 20:00:00,35.64
2019-05-30 21:00:00,35.47
2019-05-30 22:00:00,3.33
2019-05-30 23:00:00,1.78
2019-05-31 00:00:00,1.78
2019-05-31 01:00:00,1.78
2019-05-31 02:00:00,1.78
2019-05-31 03:00:00,1.78
2019-05-31 04:00:00,1.78
2019-05-31 05:00:00,1.78
2019-05-31 06:00:00,1.78
2019-05-31 07:00:00,1.78
2019-05-31 08:00:00,1.78
2019-05-31 09:00:00,1.78
2019-05-31 10:00:00,1.78
2019-05-31 11:00:00,1.78
2019-05-31 12:00:00,30.03
2019-05-31 13:00:00,30
2019-05-31 14:00:00,30.38
2019-05-31 15:00:00,33.39
2019-05-31 16:00:00,33.45
2019-05-31 17:00:00,30.55
2019-05-31 18:00:00,30.3
2019-05-31 19:00:00,34.83
2019-05-31 20:00:00,35.52
2019-05-31 21:00:00,34.86
2019-05-31 22:00:00,34.08
2019-05-31 23:00:00,1.78
2019-06-01 00:00:00,1.78
2019-06-01 01:00:00,1.78
2019-06-01 02:00:00,1.78
2019-06-01 03:00:00,1.78
2019-06-01 04:00:00,1.78
2019-06-01 05:00:00,1.78
2019-06-01 06:00:00,5.77
2019-06-01 07:00:00,35.38
2019-06-01 08:00:00,35.55
2019-06-01 09:00:00,30.91
2019-06-01 10:00:00,35.98
2019-06-01 11:00:00,36.32
2019-06-01 12:00:00,34.59
2019-06-01 13:00:00,1.78
2019-06-01 14:00:00,1.78
2019-06-01 15:00:00,1.78
2019-06-01 16:00:00,1.78
2019-06-01 17:00:00,1.78
2019-06-01 18:00:00,1.78
2019-06-01 19:00:00,35.63
2019-06-01 20:00:00,34.81
2019-06-01 21:00:00,35.14
2019-06-01 22:00:00,34.39
2019-06-01 23:00:00,1.78
2019-06-02 00:00:00,1.78
2019-06-02 01:00:00,1.78
2019-06-02 02:00:00,1.78
2019-06-02 03:00:00,1.78
2019-06-02 04:00:00,1.78
2019-06-02 05:00:00,1.78
2019-06-02 06:00:00,1.78
2019-06-02 07:00:00,1.78
2019-06-02 08:00:00,1.78
2019-06-02 09:00:00,1.78
2019-06-02 10:00:00,5.57
2019-06-02 11:00:00,30.85
2019-06-02 12:00:00,32.59
2019-06-02 13:00:00,3.69
2019-06-02 14:00:00,1.78
2019-06-02 15:00:00,4.1
2019-06-02 16:00:00,33.49
2019-06-02 17:00:00,29.92
2019-06-02 18:00:00,29.36
2019-06-02 19:00:00,35.62
2019-06-02 20:00:00,35.47
2019-06-02 21:00:00,35.49
2019-06-02 22:00:00,33.05
2019-06-02 23:00:00,32.41
2019-06-03 00:00:00,1.78
2019-06-03 01:00:00,1.78
2019-06-03 02:00:00,1.78
2019-06-03 03:00:00,1.78
2019-06-03 04:00:00,1.78
2019-06-03 05:00:00,1.78
2019-06-03 06:00:00,1.78
2019-06-03 07:00:00,1.78
2019-06-03 08:00:00,1.78
2019-06-03 09:00:00,1.78
2019-06-03 10:00:00,1.78
2019-06-03 11:00:00,1.78
2019-06-03 12:00:00,1.78
2019-06-03 13:00:00,1.78
2019-06-03 14:00:00,24.64
2019-06-03 15:00:00,1.78
2019-06-03 16:00:00,1.78
2019-06-03 17:00:00,1.78
2019-06-03 18:00:00,1.78
2019-06-03 19:00:00,1.78
2019-06-03 20:00:00,1.78
2019-06-03 21:00:00,1.78
2019-06-03 22:00:00,1.78
2019-06-03 23:00:00,1.78
2019-06-04 00:00:00,1.78
2019-06-04 01:00:00,1.78
2019-06-04 02:00:00,1.78
2019-06-04 03:00:00,1.78
2019-06-04 04:00:00,1.78
2019-06-04 05:00:00,1.78
2019-06-04 06:00:00,1.78
2019-06-04 07:00:00,1.78
2019-06-04 08:00:00,1.78
2019-06-04 09:00:00,1.78
2019-06-04 10:00:00,1.78
2019-06-04 11:00:00,1.78
2019-06-04 12:00:00,1.78
2019-06-04 13:00:00,1.78
2019-06-04 14:00:00,1.78
2019-06-04 15:00:00,1.78
2019-06-04 16:00:00,1.78
2019-06-04 17:00:00,1.78
2019-06-04 18:00:00,1.78
2019-06-04 19:00:00,1.78
2019-06-04 20:00:00,1.78
2019-06-04 21:00:00,1.78
2019-06-04 22:00:00,1.78
2019-06-04 23:00:00,1.78
2019-06-05 00:00:00,1.78
2019-06-05 01:00:00,1.78
2019-06-05 02:00:00,1.78
2019-06-05 03:00:00,1.78
2019-06-05 04:00:00,1.78
2019-06-05 05:00:00,1.78
2019-06-05 06:00:00,1.78
2019-06-05 07:00:00,1.78
2019-06-05 08:00:00,1.78
2019-06-05 09:00:00,1.78
2019-06-05 10:00:00,1.78
2019-06-05 11:00:00,1.78
2019-06-05 12:00:00,1.78
2019-06-05 13:00:00,1.78
2019-06-05 14:00:00,1.78
2019-06-05 15:00:00,1.78
2019-06-05 16:00:00,1.78
2019-06-05 17:00:00,1.78
2019-06-05 18:00:00,1.78
2019-06-05 19:00:00,1.78
2019-06-05 20:00:00,1.78
2019-06-05 21:00:00,1.78
2019-06-05 22:00:00,1.78
2019-06-05 23:00:00,1.78
2019-06-06 00:00:00,1.78
2019-06-06 01:00:00,1.78
2019-06-06 02:00:00,1.78
2019-06-06 03:00:00,1.78
2019-06-06 04:00:00,1.78
2019-06-06 05:00:00,1.78
2019-06-06 06:00:00,1.78
2019-06-06 07:00:00,1.78
2019-06-06 08:00:00,1.78
2019-06-06 09:00:00,1.78
2019-06-06 10:00:00,1.78
2019-06-06 11:00:00,1.78
2019-06-06 12:00:00,1.78
2019-06-06 13:00:00,1.78
2019-06-06 14:00:00,1.78
2019-06-06 15:00:00,1.78
2019-06-06 16:00:00,1.78
2019-06-06 17:00:00,1.78
2019-06-06 18:00:00,1.78
2019-06-06 19:00:00,1.78
2019-06-06 20:00:00,1.78
2019-06-06 21:00:00,1.78
2019-06-06 22:00:00,1.78
2019-06-06 23:00:00,1.78
2019-06-07 00:00:00,1.78
2019-06-07 01:00:00,1.78
2019-06-07 02:00:00,1.78
2019-06-07 03:00:00,1.78
2019-06-07 04:00:00,1.78
2019-06-07 05:00:00,1.78
2019-06-07 06:00:00,1.78
2019-06-07 07:00:00,1.78
2019-06-07 08:00:00,1.78
2019-06-07 09:00:00,1.78
2019-06-07 10:00:00,1.78
2019-06-07 11:00:00,1.78
2019-06-07 12:00:00,1.78
2019-06-07 13:00:00,1.78
2019-06-07 14:00:00,1.78
2019-06-07 15:00:00,1.78
2019-06-07 16:00:00,1.78
2019-06-07 17:00:00,1.78
2019-06-07 18:00:00,1.78
2019-06-07 19:00:00,1.78
2019-06-07 20:00:00,1.78
2019-06-07 21:00:00,1.78
2019-06-07 22:00:00,1.78
2019-06-07 23:00:00,1.78
2019-06-08 00:00:00,1.78
2019-06-08 01:00:00,1.78
2019-06-08 02:00:00,1.78
2019-06-08 03:00:00,1.78
2019-06-08 04:00:00,1.78
2019-06-08 05:00:00,1.78
2019-06-08 06:00:00,1.78
2019-06-08 07:00:00,1.78
2019-06-08 08:00:00,1.78
2019-06-08 09:00:00,1.78
2019-06-08 10:00:00,1.78
2019-06-08 11:00:00,1.78
2019-06-08 12:00:00,1.78
2019-06-08 13:00:00,1.78
2019-06-08 14:00:00,1.78
2019-06-08 15:00:00,1.78
2019-06-08 16:00:00,1.78
2019-06-08 17:00:00,1.78
2019-06-08 18:00:00,1.78
2019-06-08 19:00:00,1.78
2019-06-08 20:00:00,1.78
2019-06-08 21:00:00,1.78
2019-06-08 22:00:00,1.78
2019-06-08 23:00:00,1.78
2019-06-09 00:00:00,1.78
2019-06-09 01:00:00,1.78
2019-06-09 02:00:00,1.78
2019-06-09 03:00:00,1.78
2019-06-09 04:00:00,1.78
2019-06-09 05:00:00,1.78
2019-06-09 06:00:00,1.78
2019-06-09 07:00:00,1.78
2019-06-09 08:00:00,1.78
2019-06-09 09:00:00,1.78
2019-06-09 10:00:00,1.78
2019-06-09 11:00:00,1.78
2019-06-09 12:00:00,1.78
2019-06-09 13:00:00,1.78
2019-06-09 14:00:00,1.78
2019-06-09 15:00:00,1.78
2019-06-09 16:00:00,1.78
2019-06-09 17:00:00,1.78
2019-06-09 18:00:00,1.78
2019-06-09 19:00:00,1.78
2019-06-09 20:00:00,1.78
2019-06-09 21:00:00,1.78
2019-06-09 22:00:00,1.78
2019-06-09 23:00:00,1.78
2019-06-10 00:00:00,1.78
2019-06-10 01:00:00,1.78
2019-06-10 02:00:00,1.78
2019-06-10 03:00:00,1.78
2019-06-10 04:00:00,1.78
2019-06-10 05:00:00,1.78
2019-06-10 06:00:00,1.78
2019-06-10 07:00:00,1.78
2019-06-10 08:00:00,1.78
2019-06-10 09:00:00,1.78
2019-06-10 10:00:00,1.78
2019-06-10 11:00:00,1.78
2019-06-10 12:00:00,1.78
2019-06-10 13:00:00,1.78
2019-06-10 14:00:00,1.78
2019-06-10 15:00:00,1.78
2019-06-10 16:00:00,1.78
2019-06-10 17:00:00,1.78
2019-06-10 18:00:00,1.78
2019-06-10 19:00:00,1.78
2019-06-10 20:00:00,21.85
2019-06-10 21:00:00,13.51
2019-06-10 22:00:00,1.78
2019-06-10 23:00:00,1.78
2019-06-11 00:00:00,1.78
2019-06-11 01:00:00,1.78
2019-06-11 02:00:00,1.78
2019-06-11 03:00:00,1.78
2019-06-11 04:00:00,1.78
2019-06-11 05:00:00,1.78
2019-06-11 06:00:00,1.78
2019-06-11 07:00:00,1.78
2019-06-11 08:00:00,1.78
2019-06-11 09:00:00,1.78
2019-06-11 10:00:00,1.78
2019-06-11 11:00:00,1.78
2019-06-11 12:00:00,1.78
2019-06-11 13:00:00,1.78
2019-06-11 14:00:00,1.78
2019-06-11 15:00:00,1.78
2019-06-11 16:00:00,1.78
2019-06-11 17:00:00,1.78
2019-06-11 18:00:00,1.78
2019-06-11 19:00:00,1.78
2019-06-11 20:00:00,1.78
2019-06-11 21:00:00,1.78
2019-06-11 22:00:00,1.78
2019-06-11 23:00:00,1.78
2019-06-12 00:00:00,1.78
2019-06-12 01:00:00,1.78
2019-06-12 02:00:00,1.78
2019-06-12 03:00:00,1.78
2019-06-12 04:00:00,1.78
2019-06-12 05:00:00,1.78
2019-06-12 06:00:00,1.78
2019-06-12 07:00:00,1.78
2019-06-12 08:00:00,1.78
2019-06-12 09:00:00,1.78
2019-06-12 10:00:00,1.78
2019-06-12 11:00:00,1.78
2019-06-12 12:00:00,1.78
2019-06-12 13:00:00,1.78
2019-06-12 14:00:00,1.78
2019-06-12 15:00:00,1.78
2019-06-12 16:00:00,34.51
2019-06-12 17:00:00,25.16
2019-06-12 18:00:00,35.58
2019-06-12 19:00:00,35.72
2019-06-12 20:00:00,34.5
2019-06-12 21:00:00,1.78
2019-06-12 22:00:00,1.78
2019-06-12 23:00:00,1.78
2019-06-13 00:00:00,1.78
2019-06-13 01:00:00,1.78
2019-06-13 02:00:00,1.78
2019-06-13 03:00:00,1.78
2019-06-13 04:00:00,1.78
2019-06-13 05:00:00,1.78
2019-06-13 06:00:00,1.78
2019-06-13 07:00:00,1.78
2019-06-13 08:00:00,1.78
2019-06-13 09:00:00,1.78
2019-06-13 10:00:00,1.78
2019-06-13 11:00:00,1.78
2019-06-13 12:00:00,35.57
2019-06-13 13:00:00,24.45
2019-06-13 14:00:00,34.96
2019-06-13 15:00:00,34.63
2019-06-13 16:00:00,34.23
2019-06-13 17:00:00,1.78
2019-06-13 18:00:00,1.78
2019-06-13 19:00:00,1.78
2019-06-13 20:00:00,1.78
2019-06-13 21:00:00,1.78
2019-06-13 22:00:00,1.78
2019-06-13 23:00:00,1.78
2019-06-14 00:00:00,1.78
2019-06-14 01:00:00,1.78
2019-06-14 02:00:00,1.78
2019-06-14 03:00:00,1.78
2019-06-14 04:00:00,1.78
2019-06-14 05:00:00,1.78
2019-06-14 06:00:00,1.78
2019-06-14 07:00:00,1.78
2019-06-14 08:00:00,1.78
2019-06-14 09:00:00,1.78
2019-06-14 10:00:00,1.78
2019-06-14 11:00:00,1.78
2019-06-14 12:00:00,1.78
2019-06-14 13:00:00,1.78
2019-06-14 14:00:00,1.78
2019-06-14 15:00:00,1.78
2019-06-14 16:00:00,18.59
2019-06-14 17:00:00,22.16
2019-06-14 18:00:00,20.6
2019-06-14 19:00:00,35.27
2019-06-14 20:00:00,34.57
2019-06-14 21:00:00,1.78
2019-06-14 22:00:00,1.78
2019-06-14 23:00:00,1.78
2019-06-15 00:00:00,1.78
2019-06-15 01:00:00,2.42
2019-06-15 02:00:00,2.42
2019-06-15 03:00:00,2.42
2019-06-15 04:00:00,2.42
2019-06-15 05:00:00,2.42
2019-06-15 06:00:00,2.42
2019-06-15 07:00:00,2.42
2019-06-15 08:00:00,2.42
2019-06-15 09:00:00,2.42
2019-06-15 10:00:00,2.42
2019-06-15 11:00:00,2.42
2019-06-15 12:00:00,2.42
2019-06-15 13:00:00,2.42
2019-06-15 14:00:00,2.42
2019-06-15 15:00:00,2.42
2019-06-15 16:00:00,2.42
2019-06-15 17:00:00,2.42
2019-06-15 18:00:00,2.42
2019-06-15 19:00:00,2.42
2019-06-15 20:00:00,2.42
2019-06-15 21:00:00,2.42
2019-06-15 22:00:00,2.42
2019-06-15 23:00:00,2.42
2019-06-16 00:00:00,2.42
2019-06-16 01:00:00,2.42
2019-06-16 02:00:00,2.42
2019-06-16 03:00:00,2.42
2019-06-16 04:00:00,2.42
2019-06-16 05:00:00,2.42
2019-06-16 06:00:00,2.42
2019-06-16 07:00:00,2.42
2019-06-16 08:00:00,2.42
2019-06-16 09:00:00,2.42
2019-06-16 10:00:00,2.42
2019-06-16 11:00:00,2.42
2019-06-16 12:00:00,2.42
2019-06-16 13:00:00,2.42
2019-06-16 14:00:00,2.42
2019-06-16 15:00:00,2.42
2019-06-16 16:00:00,2.42
2019-06-16 17:00:00,2.42
2019-06-16 18:00:00,2.42
2019-06-16 19:00:00,2.42
2019-06-16 20:00:00,2.42
2019-06-16 21:00:00,2.42
2019-06-16 22:00:00,2.42
2019-06-16 23:00:00,2.42
2019-06-17 00:00:00,2.42
2019-06-17 01:00:00,2.42
2019-06-17 02:00:00,2.42
2019-06-17 03:00:00,2.42
2019-06-17 04:00:00,2.42
2019-06-17 05:00:00,2.42
2019-06-17 06:00:00,2.42
2019-06-17 07:00:00,2.42
2019-06-17 08:00:00,2.42
2019-06-17 09:00:00,2.42
2019-06-17 10:00:00,2.42
2019-06-17 11:00:00,2.42
2019-06-17 12:00:00,2.42
2019-06-17 13:00:00,2.42
2019-06-17 14:00:00,2.42
2019-06-17 15:00:00,2.42
2019-06-17 16:00:00,2.42
2019-06-17 17:00:00,2.42
2019-06-17 18:00:00,2.42
2019-06-17 19:00:00,2.42
2019-06-17 20:00:00,2.42
2019-06-17 21:00:00,2.42
2019-06-17 22:00:00,2.42
2019-06-17 23:00:00,2.42
2019-06-18 00:00:00,2.42
2019-06-18 01:00:00,2.42
2019-06-18 02:00:00,2.42
2019-06-18 03:00:00,2.42
2019-06-18 04:00:00,2.42
2019-06-18 05:00:00,2.42
2019-06-18 06:00:00,2.42
2019-06-18 07:00:00,2.42
2019-06-18 08:00:00,2.42
2019-06-18 09:00:00,2.42
2019-06-18 10:00:00,2.42
2019-06-18 11:00:00,2.42
2019-06-18 12:00:00,2.42
2019-06-18 13:00:00,2.42
2019-06-18 14:00:00,2.42
2019-06-18 15:00:00,2.42
2019-06-18 16:00:00,2.42
2019-06-18 17:00:00,2.42
2019-06-18 18:00:00,2.42
2019-06-18 19:00:00,41.05
2019-06-18 20:00:00,38.82
2019-06-18 21:00:00,38.74
2019-06-18 22:00:00,29.95
2019-06-18 23:00:00,2.42
2019-06-19 00:00:00,2.42
2019-06-19 01:00:00,2.42
2019-06-19 02:00:00,2.42
2019-06-19 03:00:00,2.42
2019-06-19 04:00:00,2.42
2019-06-19 05:00:00,2.42
2019-06-19 06:00:00,2.42
2019-06-19 07:00:00,2.42
2019-06-19 08:00:00,2.42
2019-06-19 09:00:00,2.42
2019-06-19 10:00:00,2.42
2019-06-19 11:00:00,2.42
2019-06-19 12:00:00,2.42
2019-06-19 13:00:00,2.42
2019-06-19 14:00:00,2.42
2019-06-19 15:00:00,2.42
2019-06-19 16:00:00,2.42
2019-06-19 17:00:00,2.42
2019-06-19 18:00:00,3.93
2019-06-19 19:00:00,43.74
2019-06-19 20:00:00,44.02
2019-06-19 21:00:00,44.43
2019-06-19 22:00:00,41.5
2019-06-19 23:00:00,2.42
2019-06-20 00:00:00,2.42
2019-06-20 01:00:00,2.42
2019-06-20 02:00:00,2.42
2019-06-20 03:00:00,2.42
2019-06-20 04:00:00,2.42
2019-06-20 05:00:00,2.42
2019-06-20 06:00:00,2.42
2019-06-20 07:00:00,2.42
2019-06-20 08:00:00,2.42
2019-06-20 09:00:00,2.42
2019-06-20 10:00:00,2.42
2019-06-20 11:00:00,2.42
2019-06-20 12:00:00,2.42
2019-06-20 13:00:00,2.42
2019-06-20 14:00:00,2.42
2019-06-20 15:00:00,2.42
2019-06-20 16:00:00,2.42
2019-06-20 17:00:00,2.42
2019-06-20 18:00:00,2.42
2019-06-20 19:00:00,27.92
2019-06-20 20:00:00,41.31
2019-06-20 21:00:00,38.41
2019-06-20 22:00:00,41.45
2019-06-20 23:00:00,30.12
2019-06-21 00:00:00,2.42
2019-06-21 01:00:00,2.42
2019-06-21 02:00:00,2.42
2019-06-21 03:00:00,2.42
2019-06-21 04:00:00,2.42
2019-06-21 05:00:00,2.42
2019-06-21 06:00:00,2.42
2019-06-21 07:00:00,2.42
2019-06-21 08:00:00,2.42
2019-06-21 09:00:00,2.42
2019-06-21 10:00:00,2.42
2019-06-21 11:00:00,2.42
2019-06-21 12:00:00,2.42
2019-06-21 13:00:00,2.42
2019-06-21 14:00:00,2.42
2019-06-21 15:00:00,2.42
2019-06-21 16:00:00,2.42
2019-06-21 17:00:00,2.42
2019-06-21 18:00:00,2.42
2019-06-21 19:00:00,36.15
2019-06-21 20:00:00,41.1
2019-06-21 21:00:00,41.38
2019-06-21 22:00:00,41.02
2019-06-21 23:00:00,29.82
2019-06-22 00:00:00,2.42
2019-06-22 01:00:00,2.42
2019-06-22 02:00:00,2.42
2019-06-22 03:00:00,2.42
2019-06-22 04:00:00,2.42
2019-06-22 05:00:00,2.42
2019-06-22 06:00:00,2.42
2019-06-22 07:00:00,2.42
2019-06-22 08:00:00,2.42
2019-06-22 09:00:00,2.42
2019-06-22 10:00:00,2.42
2019-06-22 11:00:00,2.42
2019-06-22 12:00:00,2.42
2019-06-22 13:00:00,2.42
2019-06-22 14:00:00,2.42
2019-06-22 15:00:00,2.42
2019-06-22 16:00:00,2.42
2019-06-22 17:00:00,2.42
2019-06-22 18:00:00,2.42
2019-06-22 19:00:00,2.42
2019-06-22 20:00:00,2.42
2019-06-22 21:00:00,2.42
2019-06-22 22:00:00,2.42
2019-06-22 23:00:00,2.42
2019-06-23 00:00:00,2.42
2019-06-23 01:00:00,2.42
2019-06-23 02:00:00,2.42
2019-06-23 03:00:00,2.42
2019-06-23 04:00:00,2.42
2019-06-23 05:00:00,2.42
2019-06-23 06:00:00,2.42
2019-06-23 07:00:00,2.42
2019-06-23 08:00:00,2.42
2019-06-23 09:00:00,2.42
2019-06-23 10:00:00,2.42
2019-06-23 11:00:00,2.42
2019-06-23 12:00:00,2.42
2019-06-23 13:00:00,2.42
2019-06-23 14:00:00,2.42
2019-06-23 15:00:00,2.42
2019-06-23 16:00:00,2.42
2019-06-23 17:00:00,2.42
2019-06-23 18:00:00,2.42
2019-06-23 19:00:00,2.42
2019-06-23 20:00:00,2.42
2019-06-23 21:00:00,2.42
2019-06-23 22:00:00,2.42
2019-06-23 23:00:00,2.42
2019-06-24 00:00:00,2.42
2019-06-24 01:00:00,2.42
2019-06-24 02:00:00,2.42
2019-06-24 03:00:00,2.42
2019-06-24 04:00:00,2.42
2019-06-24 05:00:00,2.42
2019-06-24 06:00:00,2.42
2019-06-24 07:00:00,2.42
2019-06-24 08:00:00,2.42
2019-06-24 09:00:00,2.42
2019-06-24 10:00:00,2.42
2019-06-24 11:00:00,2.42
2019-06-24 12:00:00,2.42
2019-06-24 13:00:00,2.42
2019-06-24 14:00:00,2.42
2019-06-24 15:00:00,2.42
2019-06-24 16:00:00,2.42
2019-06-24 17:00:00,2.42
2019-06-24 18:00:00,2.42
2019-06-24 19:00:00,2.42
2019-06-24 20:00:00,2.42
2019-06-24 21:00:00,5.84
2019-06-24 22:00:00,38.79
2019-06-24 23:00:00,2.42
2019-06-25 00:00:00,2.42
2019-06-25 01:00:00,2.42
2019-06-25 02:00:00,2.42
2019-06-25 03:00:00,2.42
2019-06-25 04:00:00,2.42
2019-06-25 05:00:00,2.42
2019-06-25 06:00:00,2.42
2019-06-25 07:00:00,2.42
2019-06-25 08:00:00,2.42
2019-06-25 09:00:00,2.42
2019-06-25 10:00:00,2.42
2019-06-25 11:00:00,2.42
2019-06-25 12:00:00,2.42
2019-06-25 13:00:00,2.42
2019-06-25 14:00:00,2.42
2019-06-25 15:00:00,2.42
2019-06-25 16:00:00,2.42
2019-06-25 17:00:00,2.42
2019-06-25 18:00:00,2.42
2019-06-25 19:00:00,38.39
2019-06-25 20:00:00,38.46
2019-06-25 21:00:00,27.94
2019-06-25 22:00:00,2.42
2019-06-25 23:00:00,2.42
2019-06-26 00:00:00,2.42
2019-06-26 01:00:00,2.42
2019-06-26 02:00:00,2.42
2019-06-26 03:00:00,2.42
2019-06-26 04:00:00,2.42
2019-06-26 05:00:00,2.42
2019-06-26 06:00:00,2.42
2019-06-26 07:00:00,2.42
2019-06-26 08:00:00,2.42
2019-06-26 09:00:00,2.42
2019-06-26 10:00:00,2.42
2019-06-26 11:00:00,2.42
2019-06-26 12:00:00,2.42
2019-06-26 13:00:00,2.42
2019-06-26 14:00:00,2.42
2019-06-26 15:00:00,2.42
2019-06-26 16:00:00,2.42
2019-06-26 17:00:00,2.42
2019-06-26 18:00:00,2.42
2019-06-26 19:00:00,40.72
2019-06-26 20:00:00,40.5
2019-06-26 21:00:00,24.4
2019-06-26 22:00:00,4.59
2019-06-26 23:00:00,2.42
2019-06-27 00:00:00,2.42
2019-06-27 01:00:00,2.42
2019-06-27 02:00:00,2.42
2019-06-27 03:00:00,2.42
2019-06-27 04:00:00,2.42
2019-06-27 05:00:00,2.42
2019-06-27 06:00:00,2.42
2019-06-27 07:00:00,2.42
2019-06-27 08:00:00,2.42
2019-06-27 09:00:00,2.42
2019-06-27 10:00:00,2.42
2019-06-27 11:00:00,2.42
2019-06-27 12:00:00,2.42
2019-06-27 13:00:00,2.42
2019-06-27 14:00:00,2.42
2019-06-27 15:00:00,2.42
2019-06-27 16:00:00,2.42
2019-06-27 17:00:00,2.42
2019-06-27 18:00:00,2.42
2019-06-27 19:00:00,5.46
2019-06-27 20:00:00,33.48
2019-06-27 21:00:00,33.53
2019-06-27 22:00:00,34.45
2019-06-27 23:00:00,2.42
2019-06-28 00:00:00,2.42
2019-06-28 01:00:00,2.42
2019-06-28 02:00:00,2.42
2019-06-28 03:00:00,2.42
2019-06-28 04:00:00,2.42
2019-06-28 05:00:00,2.42
2019-06-28 06:00:00,2.42
2019-06-28 07:00:00,2.42
2019-06-28 08:00:00,2.42
2019-06-28 09:00:00,2.42
2019-06-28 10:00:00,2.42
2019-06-28 11:00:00,2.42
2019-06-28 12:00:00,2.42
2019-06-28 13:00:00,2.42
2019-06-28 14:00:00,2.42
2019-06-28 15:00:00,2.42
2019-06-28 16:00:00,2.42
2019-06-28 17:00:00,2.42
2019-06-28 18:00:00,2.42
2019-06-28 19:00:00,33.48
2019-06-28 20:00:00,33.14
2019-06-28 21:00:00,32.61
2019-06-28 22:00:00,2.42
2019-06-28 23:00:00,2.42
2019-06-29 00:00:00,2.42
2019-06-29 01:00:00,2.42
2019-06-29 02:00:00,2.42
2019-06-29 03:00:00,2.42
2019-06-29 04:00:00,2.42
2019-06-29 05:00:00,2.42
2019-06-29 06:00:00,2.42
2019-06-29 07:00:00,2.42
2019-06-29 08:00:00,2.42
2019-06-29 09:00:00,2.42
2019-06-29 10:00:00,2.42
2019-06-29 11:00:00,2.42
2019-06-29 12:00:00,2.42
2019-06-29 13:00:00,2.42
2019-06-29 14:00:00,2.42
2019-06-29 15:00:00,2.42
2019-06-29 16:00:00,2.42
2019-06-29 17:00:00,2.42
2019-06-29 18:00:00,2.42
2019-06-29 19:00:00,2.42
2019-06-29 20:00:00,2.42
2019-06-29 21:00:00,2.42
2019-06-29 22:00:00,2.42
2019-06-29 23:00:00,2.42
2019-06-30 00:00:00,2.42
2019-06-30 01:00:00,2.42
2019-06-30 02:00:00,2.42
2019-06-30 03:00:00,2.42
2019-06-30 04:00:00,2.42
2019-06-30 05:00:00,2.42
2019-06-30 06:00:00,2.42
2019-06-30 07:00:00,2.42
2019-06-30 08:00:00,2.42
2019-06-30 09:00:00,2.42
2019-06-30 10:00:00,2.42
2019-06-30 11:00:00,2.42
2019-06-30 12:00:00,2.42
2019-06-30 13:00:00,2.42
2019-06-30 14:00:00,2.42
2019-06-30 15:00:00,2.42
2019-06-30 16:00:00,2.42
2019-06-30 17:00:00,2.42
2019-06-30 18:00:00,2.42
2019-06-30 19:00:00,2.42
2019-06-30 20:00:00,2.42
2019-06-30 21:00:00,2.42
2019-06-30 22:00:00,2.42
2019-06-30 23:00:00,2.42
2019-07-01 00:00:00,2.42
2019-07-01 01:00:00,2.42
2019-07-01 02:00:00,2.42
2019-07-01 03:00:00,2.42
2019-07-01 04:00:00,2.42
2019-07-01 05:00:00,2.42
2019-07-01 06:00:00,2.42
2019-07-01 07:00:00,2.42
2019-07-01 08:00:00,27.73
2019-07-01 09:00:00,28.08
2019-07-01 10:00:00,30.51
2019-07-01 11:00:00,27.84
2019-07-01 12:00:00,2.42
2019-07-01 13:00:00,2.42
2019-07-01 14:00:00,2.42
2019-07-01 15:00:00,2.42
2019-07-01 16:00:00,2.42
2019-07-01 17:00:00,2.42
2019-07-01 18:00:00,2.42
2019-07-01 19:00:00,2.42
2019-07-01 20:00:00,2.42
2019-07-01 21:00:00,2.42
2019-07-01 22:00:00,2.42
2019-07-01 23:00:00,2.42
2019-07-02 00:00:00,2.42
2019-07-02 01:00:00,2.42
2019-07-02 02:00:00,2.42
2019-07-02 03:00:00,2.42
2019-07-02 04:00:00,2.42
2019-07-02 05:00:00,2.42
2019-07-02 06:00:00,2.42
2019-07-02 07:00:00,2.42
2019-07-02 08:00:00,2.42
2019-07-02 09:00:00,2.42
2019-07-02 10:00:00,2.42
2019-07-02 11:00:00,2.42
2019-07-02 12:00:00,2.42
2019-07-02 13:00:00,2.42
2019-07-02 14:00:00,2.42
2019-07-02 15:00:00,2.42
2019-07-02 16:00:00,2.42
2019-07-02 17:00:00,2.42
2019-07-02 18:00:00,5.48
2019-07-02 19:00:00,33.25
2019-07-02 20:00:00,38.17
2019-07-02 21:00:00,35.48
2019-07-02 22:00:00,33.69
2019-07-02 23:00:00,2.42
2019-07-03 00:00:00,2.42
2019-07-03 01:00:00,2.42
2019-07-03 02:00:00,2.42
2019-07-03 03:00:00,2.42
2019-07-03 04:00:00,2.42
2019-07-03 05:00:00,2.42
2019-07-03 06:00:00,2.42
2019-07-03 07:00:00,2.42
2019-07-03 08:00:00,2.42
2019-07-03 09:00:00,2.42
2019-07-03 10:00:00,2.42
2019-07-03 11:00:00,2.42
2019-07-03 12:00:00,2.42
2019-07-03 13:00:00,2.42
2019-07-03 14:00:00,2.42
2019-07-03 15:00:00,2.42
2019-07-03 16:00:00,2.42
2019-07-03 17:00:00,2.42
2019-07-03 18:00:00,4.95
2019-07-03 19:00:00,34.59
2019-07-03 20:00:00,37.16
2019-07-03 21:00:00,36.02
2019-07-03 22:00:00,35.37
2019-07-03 23:00:00,2.42
2019-07-04 00:00:00,2.42
2019-07-04 01:00:00,2.42
2019-07-04 02:00:00,2.42
2019-07-04 03:00:00,2.42
2019-07-04 04:00:00,2.42
2019-07-04 05:00:00,2.42
2019-07-04 06:00:00,2.42
2019-07-04 07:00:00,2.42
2019-07-04 08:00:00,2.42
2019-07-04 09:00:00,2.42
2019-07-04 10:00:00,2.42
2019-07-04 11:00:00,2.42
2019-07-04 12:00:00,2.42
2019-07-04 13:00:00,2.42
2019-07-04 14:00:00,2.42
2019-07-04 15:00:00,2.42
2019-07-04 16:00:00,2.42
2019-07-04 17:00:00,2.42
2019-07-04 18:00:00,2.42
2019-07-04 19:00:00,2.42
2019-07-04 20:00:00,34.75
2019-07-04 21:00:00,33.91
2019-07-04 22:00:00,36.12
2019-07-04 23:00:00,8.55
2019-07-05 00:00:00,2.42
2019-07-05 01:00:00,2.42
2019-07-05 02:00:00,2.42
2019-07-05 03:00:00,2.42
2019-07-05 04:00:00,2.42
2019-07-05 05:00:00,2.42
2019-07-05 06:00:00,2.42
2019-07-05 07:00:00,2.42
2019-07-05 08:00:00,2.42
2019-07-05 09:00:00,2.42
2019-07-05 10:00:00,2.42
2019-07-05 11:00:00,2.42
2019-07-05 12:00:00,2.42
2019-07-05 13:00:00,2.42
2019-07-05 14:00:00,2.42
2019-07-05 15:00:00,2.42
2019-07-05 16:00:00,2.42
2019-07-05 17:00:00,2.42
2019-07-05 18:00:00,2.42
2019-07-05 19:00:00,33.34
2019-07-05 20:00:00,35.33
2019-07-05 21:00:00,31.73
2019-07-05 22:00:00,2.42
2019-07-05 23:00:00,2.42
2019-07-06 00:00:00,2.42
2019-07-06 01:00:00,2.42
2019-07-06 02:00:00,2.42
2019-07-06 03:00:00,2.42
2019-07-06 04:00:00,2.42
2019-07-06 05:00:00,2.42
2019-07-06 06:00:00,2.42
2019-07-06 07:00:00,2.42
2019-07-06 08:00:00,2.42
2019-07-06 09:00:00,2.42
2019-07-06 10:00:00,2.42
2019-07-06 11:00:00,2.42
2019-07-06 12:00:00,2.42
2019-07-06 13:00:00,2.42
2019-07-06 14:00:00,2.42
2019-07-06 15:00:00,2.42
2019-07-06 16:00:00,2.42
2019-07-06 17:00:00,2.42
2019-07-06 18:00:00,2.42
2019-07-06 19:00:00,2.42
2019-07-06 20:00:00,2.42
2019-07-06 21:00:00,2.42
2019-07-06 22:00:00,2.42
2019-07-06 23:00:00,2.42
2019-07-07 00:00:00,2.42
2019-07-07 01:00:00,2.42
2019-07-07 02:00:00,2.42
2019-07-07 03:00:00,2.42
2019-07-07 04:00:00,2.42
2019-07-07 05:00:00,2.42
2019-07-07 06:00:00,2.42
2019-07-07 07:00:00,2.42
2019-07-07 08:00:00,2.42
2019-07-07 09:00:00,2.42
2019-07-07 10:00:00,2.42
2019-07-07 11:00:00,2.42
2019-07-07 12:00:00,2.42
2019-07-07 13:00:00,2.42
2019-07-07 14:00:00,2.42
2019-07-07 15:00:00,2.42
2019-07-07 16:00:00,2.42
2019-07-07 17:00:00,2.42
2019-07-07 18:00:00,2.42
2019-07-07 19:00:00,2.42
2019-07-07 20:00:00,2.42
2019-07-07 21:00:00,2.42
2019-07-07 22:00:00,2.42
2019-07-07 23:00:00,2.42
2019-07-08 00:00:00,2.42
2019-07-08 01:00:00,2.42
2019-07-08 02:00:00,2.42
2019-07-08 03:00:00,2.42
2019-07-08 04:00:00,2.42
2019-07-08 05:00:00,2.42
2019-07-08 06:00:00,2.42
2019-07-08 07:00:00,2.42
2019-07-08 08:00:00,2.42
2019-07-08 09:00:00,2.42
2019-07-08 10:00:00,2.42
2019-07-08 11:00:00,2.42
2019-07-08 12:00:00,2.42
2019-07-08 13:00:00,2.42
2019-07-08 14:00:00,2.42
2019-07-08 15:00:00,2.42
2019-07-08 16:00:00,2.42
2019-07-08 17:00:00,2.42
2019-07-08 18:00:00,2.42
2019-07-08 19:00:00,14.04
2019-07-08 20:00:00,43.73
2019-07-08 21:00:00,38.17
2019-07-08 22:00:00,30.02
2019-07-08 23:00:00,2.42
2019-07-09 00:00:00,2.42
2019-07-09 01:00:00,2.42
2019-07-09 02:00:00,2.42
2019-07-09 03:00:00,2.42
2019-07-09 04:00:00,2.42
2019-07-09 05:00:00,2.42
2019-07-09 06:00:00,2.42
2019-07-09 07:00:00,2.42
2019-07-09 08:00:00,2.42
2019-07-09 09:00:00,2.42
2019-07-09 10:00:00,2.42
2019-07-09 11:00:00,2.42
2019-07-09 12:00:00,2.42
2019-07-09 13:00:00,2.42
2019-07-09 14:00:00,2.42
2019-07-09 15:00:00,2.42
2019-07-09 16:00:00,2.42
2019-07-09 17:00:00,2.42
2019-07-09 18:00:00,5.25
2019-07-09 19:00:00,33.72
2019-07-09 20:00:00,43.47
2019-07-09 21:00:00,38.51
2019-07-09 22:00:00,6.4
2019-07-09 23:00:00,2.42
2019-07-10 00:00:00,2.42
2019-07-10 01:00:00,2.42
2019-07-10 02:00:00,2.42
2019-07-10 03:00:00,2.42
2019-07-10 04:00:00,2.42
2019-07-10 05:00:00,2.42
2019-07-10 06:00:00,2.42
2019-07-10 07:00:00,2.42
2019-07-10 08:00:00,2.42
2019-07-10 09:00:00,2.42
2019-07-10 10:00:00,2.42
2019-07-10 11:00:00,2.42
2019-07-10 12:00:00,2.42
2019-07-10 13:00:00,2.42
2019-07-10 14:00:00,2.42
2019-07-10 15:00:00,2.42
2019-07-10 16:00:00,2.42
2019-07-10 17:00:00,2.42
2019-07-10 18:00:00,2.42
2019-07-10 19:00:00,30.12
2019-07-10 20:00:00,41.03
2019-07-10 21:00:00,40.13
2019-07-10 22:00:00,2.42
2019-07-10 23:00:00,2.42
2019-07-11 00:00:00,2.42
2019-07-11 01:00:00,2.42
2019-07-11 02:00:00,2.42
2019-07-11 03:00:00,2.42
2019-07-11 04:00:00,2.42
2019-07-11 05:00:00,2.42
2019-07-11 06:00:00,2.42
2019-07-11 07:00:00,2.42
2019-07-11 08:00:00,2.42
2019-07-11 09:00:00,2.42
2019-07-11 10:00:00,2.42
2019-07-11 11:00:00,2.42
2019-07-11 12:00:00,2.42
2019-07-11 13:00:00,2.42
2019-07-11 14:00:00,2.42
2019-07-11 15:00:00,2.42
2019-07-11 16:00:00,2.42
2019-07-11 17:00:00,2.42
2019-07-11 18:00:00,4.23
2019-07-11 19:00:00,38.41
2019-07-11 20:00:00,35.85
2019-07-11 21:00:00,33.9
2019-07-11 22:00:00,2.42
2019-07-11 23:00:00,2.42
2019-07-12 00:00:00,2.42
2019-07-12 01:00:00,2.42
2019-07-12 02:00:00,2.42
2019-07-12 03:00:00,2.42
2019-07-12 04:00:00,2.42
2019-07-12 05:00:00,2.42
2019-07-12 06:00:00,2.42
2019-07-12 07:00:00,2.42
2019-07-12 08:00:00,2.42
2019-07-12 09:00:00,2.42
2019-07-12 10:00:00,2.42
2019-07-12 11:00:00,2.42
2019-07-12 12:00:00,2.42
2019-07-12 13:00:00,2.42
2019-07-12 14:00:00,2.42
2019-07-12 15:00:00,2.42
2019-07-12 16:00:00,2.42
2019-07-12 17:00:00,2.42
2019-07-12 18:00:00,5.25
2019-07-12 19:00:00,34.32
2019-07-12 20:00:00,40.71
2019-07-12 21:00:00,37.87
2019-07-12 22:00:00,5.01
2019-07-12 23:00:00,2.42
2019-07-13 00:00:00,2.42
2019-07-13 01:00:00,2.42
2019-07-13 02:00:00,2.42
2019-07-13 03:00:00,2.42
2019-07-13 04:00:00,2.42
2019-07-13 05:00:00,2.42
2019-07-13 06:00:00,2.42
2019-07-13 07:00:00,2.42
2019-07-13 08:00:00,2.42
2019-07-13 09:00:00,2.42
2019-07-13 10:00:00,2.42
2019-07-13 11:00:00,2.42
2019-07-13 12:00:00,2.42
2019-07-13 13:00:00,2.42
2019-07-13 14:00:00,2.42
2019-07-13 15:00:00,2.42
2019-07-13 16:00:00,2.42
2019-07-13 17:00:00,2.42
2019-07-13 18:00:00,2.42
2019-07-13 19:00:00,2.42
2019-07-13 20:00:00,2.42
2019-07-13 21:00:00,2.42
2019-07-13 22:00:00,2.42
2019-07-13 23:00:00,2.42
2019-07-14 00:00:00,2.42
2019-07-14 01:00:00,2.42
2019-07-14 02:00:00,2.42
2019-07-14 03:00:00,2.42
2019-07-14 04:00:00,2.42
2019-07-14 05:00:00,2.42
2019-07-14 06:00:00,2.42
2019-07-14 07:00:00,2.42
2019-07-14 08:00:00,2.42
2019-07-14 09:00:00,2.42
2019-07-14 10:00:00,2.42
2019-07-14 11:00:00,2.42
2019-07-14 12:00:00,2.42
2019-07-14 13:00:00,2.42
2019-07-14 14:00:00,2.42
2019-07-14 15:00:00,2.42
2019-07-14 16:00:00,2.42
2019-07-14 17:00:00,2.42
2019-07-14 18:00:00,2.42
2019-07-14 19:00:00,2.42
2019-07-14 20:00:00,2.42
2019-07-14 21:00:00,2.42
2019-07-14 22:00:00,2.42
2019-07-14 23:00:00,2.42
2019-07-15 00:00:00,2.42
2019-07-15 01:00:00,2.42
2019-07-15 02:00:00,2.42
2019-07-15 03:00:00,2.42
2019-07-15 04:00:00,2.42
2019-07-15 05:00:00,2.42
2019-07-15 06:00:00,2.42
2019-07-15 07:00:00,2.42
2019-07-15 08:00:00,2.42
2019-07-15 09:00:00,2.42
2019-07-15 10:00:00,2.42
2019-07-15 11:00:00,2.42
2019-07-15 12:00:00,2.42
2019-07-15 13:00:00,2.42
2019-07-15 14:00:00,2.42
2019-07-15 15:00:00,2.42
2019-07-15 16:00:00,2.42
2019-07-15 17:00:00,2.42
2019-07-15 18:00:00,2.42
2019-07-15 19:00:00,2.42
2019-07-15 20:00:00,32.38
2019-07-15 21:00:00,34.54
2019-07-15 22:00:00,28.92
2019-07-15 23:00:00,2.42
2019-07-16 00:00:00,2.42
2019-07-16 01:00:00,2.42
2019-07-16 02:00:00,2.42
2019-07-16 03:00:00,2.42
2019-07-16 04:00:00,2.42
2019-07-16 05:00:00,2.42
2019-07-16 06:00:00,2.42
2019-07-16 07:00:00,2.42
2019-07-16 08:00:00,2.42
2019-07-16 09:00:00,2.42
2019-07-16 10:00:00,2.42
2019-07-16 11:00:00,2.42
2019-07-16 12:00:00,2.42
2019-07-16 13:00:00,2.42
2019-07-16 14:00:00,2.42
2019-07-16 15:00:00,2.42
2019-07-16 16:00:00,2.42
2019-07-16 17:00:00,2.42
2019-07-16 18:00:00,2.42
2019-07-16 19:00:00,35.33
2019-07-16 20:00:00,36.46
2019-07-16 21:00:00,32.65
2019-07-16 22:00:00,2.42
2019-07-16 23:00:00,2.42
2019-07-17 00:00:00,2.42
2019-07-17 01:00:00,2.42
2019-07-17 02:00:00,2.42
2019-07-17 03:00:00,2.42
2019-07-17 04:00:00,2.42
2019-07-17 05:00:00,2.42
2019-07-17 06:00:00,2.42
2019-07-17 07:00:00,2.42
2019-07-17 08:00:00,2.42
2019-07-17 09:00:00,2.42
2019-07-17 10:00:00,2.42
2019-07-17 11:00:00,2.42
2019-07-17 12:00:00,2.42
2019-07-17 13:00:00,2.42
2019-07-17 14:00:00,2.42
2019-07-17 15:00:00,2.42
2019-07-17 16:00:00,2.42
2019-07-17 17:00:00,2.42
2019-07-17 18:00:00,2.42
2019-07-17 19:00:00,38.7
2019-07-17 20:00:00,32.52
2019-07-17 21:00:00,29.91
2019-07-17 22:00:00,2.42
2019-07-17 23:00:00,2.42
2019-07-18 00:00:00,2.42
2019-07-18 01:00:00,2.42
2019-07-18 02:00:00,2.42
2019-07-18 03:00:00,2.42
2019-07-18 04:00:00,2.42
2019-07-18 05:00:00,2.42
2019-07-18 06:00:00,2.42
2019-07-18 07:00:00,2.42
2019-07-18 08:00:00,2.42
2019-07-18 09:00:00,2.42
2019-07-18 10:00:00,2.42
2019-07-18 11:00:00,2.42
2019-07-18 12:00:00,2.42
2019-07-18 13:00:00,2.42
2019-07-18 14:00:00,2.42
2019-07-18 15:00:00,2.42
2019-07-18 16:00:00,2.42
2019-07-18 17:00:00,2.42
2019-07-18 18:00:00,4.08
2019-07-18 19:00:00,35.7
2019-07-18 20:00:00,38.21
2019-07-18 21:00:00,36.32
2019-07-18 22:00:00,5.74
2019-07-18 23:00:00,2.42
2019-07-19 00:00:00,2.42
2019-07-19 01:00:00,2.42
2019-07-19 02:00:00,2.42
2019-07-19 03:00:00,2.42
2019-07-19 04:00:00,2.42
2019-07-19 05:00:00,2.42
2019-07-19 06:00:00,2.42
2019-07-19 07:00:00,2.42
2019-07-19 08:00:00,2.42
2019-07-19 09:00:00,2.42
2019-07-19 10:00:00,2.42
2019-07-19 11:00:00,2.42
2019-07-19 12:00:00,2.42
2019-07-19 13:00:00,2.42
2019-07-19 14:00:00,2.42
2019-07-19 15:00:00,2.42
2019-07-19 16:00:00,2.42
2019-07-19 17:00:00,2.42
2019-07-19 18:00:00,2.42
2019-07-19 19:00:00,36.81
2019-07-19 20:00:00,36.2
2019-07-19 21:00:00,35.31
2019-07-19 22:00:00,37.62
2019-07-19 23:00:00,2.42
2019-07-20 00:00:00,2.42
2019-07-20 01:00:00,2.42
2019-07-20 02:00:00,2.42
2019-07-20 03:00:00,2.42
2019-07-20 04:00:00,2.42
2019-07-20 05:00:00,2.42
2019-07-20 06:00:00,2.42
2019-07-20 07:00:00,2.42
2019-07-20 08:00:00,2.42
2019-07-20 09:00:00,2.42
2019-07-20 10:00:00,2.42
2019-07-20 11:00:00,2.42
2019-07-20 12:00:00,2.42
2019-07-20 13:00:00,2.42
2019-07-20 14:00:00,2.42
2019-07-20 15:00:00,2.42
2019-07-20 16:00:00,2.42
2019-07-20 17:00:00,2.42
2019-07-20 18:00:00,2.42
2019-07-20 19:00:00,2.42
2019-07-20 20:00:00,2.42
2019-07-20 21:00:00,2.42
2019-07-20 22:00:00,2.42
2019-07-20 23:00:00,2.42
2019-07-21 00:00:00,2.42
2019-07-21 01:00:00,2.42
2019-07-21 02:00:00,2.42
2019-07-21 03:00:00,2.42
2019-07-21 04:00:00,2.42
2019-07-21 05:00:00,2.42
2019-07-21 06:00:00,2.42
2019-07-21 07:00:00,2.42
2019-07-21 08:00:00,2.42
2019-07-21 09:00:00,2.42
2019-07-21 10:00:00,2.42
2019-07-21 11:00:00,2.42
2019-07-21 12:00:00,2.42
2019-07-21 13:00:00,2.42
2019-07-21 14:00:00,2.42
2019-07-21 15:00:00,2.42
2019-07-21 16:00:00,2.42
2019-07-21 17:00:00,2.42
2019-07-21 18:00:00,2.42
2019-07-21 19:00:00,2.42
2019-07-21 20:00:00,2.42
2019-07-21 21:00:00,2.42
2019-07-21 22:00:00,2.42
2019-07-21 23:00:00,2.42
2019-07-22 00:00:00,2.42
2019-07-22 01:00:00,2.42
2019-07-22 02:00:00,2.42
2019-07-22 03:00:00,2.42
2019-07-22 04:00:00,2.42
2019-07-22 05:00:00,2.42
2019-07-22 06:00:00,2.42
2019-07-22 07:00:00,2.42
2019-07-22 08:00:00,2.42
2019-07-22 09:00:00,2.42
2019-07-22 10:00:00,2.42
2019-07-22 11:00:00,2.42
2019-07-22 12:00:00,2.42
2019-07-22 13:00:00,2.42
2019-07-22 14:00:00,2.42
2019-07-22 15:00:00,2.42
2019-07-22 16:00:00,2.42
2019-07-22 17:00:00,2.42
2019-07-22 18:00:00,2.42
2019-07-22 19:00:00,31.67
2019-07-22 20:00:00,34.19
2019-07-22 21:00:00,35.6
2019-07-22 22:00:00,36.62
2019-07-22 23:00:00,2.42
2019-07-23 00:00:00,2.42
2019-07-23 01:00:00,2.42
2019-07-23 02:00:00,2.42
2019-07-23 03:00:00,2.42
2019-07-23 04:00:00,2.42
2019-07-23 05:00:00,2.42
2019-07-23 06:00:00,2.42
2019-07-23 07:00:00,2.42
2019-07-23 08:00:00,2.42
2019-07-23 09:00:00,2.42
2019-07-23 10:00:00,2.42
2019-07-23 11:00:00,2.42
2019-07-23 12:00:00,2.42
2019-07-23 13:00:00,2.42
2019-07-23 14:00:00,2.42
2019-07-23 15:00:00,2.42
2019-07-23 16:00:00,2.42
2019-07-23 17:00:00,2.42
2019-07-23 18:00:00,5.77
2019-07-23 19:00:00,35.33
2019-07-23 20:00:00,38.19
2019-07-23 21:00:00,35.56
2019-07-23 22:00:00,30.91
2019-07-23 23:00:00,6.18
2019-07-24 00:00:00,2.42
2019-07-24 01:00:00,2.42
2019-07-24 02:00:00,2.42
2019-07-24 03:00:00,2.42
2019-07-24 04:00:00,2.42
2019-07-24 05:00:00,2.42
2019-07-24 06:00:00,2.42
2019-07-24 07:00:00,2.42
2019-07-24 08:00:00,2.42
2019-07-24 09:00:00,2.42
2019-07-24 10:00:00,2.42
2019-07-24 11:00:00,2.42
2019-07-24 12:00:00,2.42
2019-07-24 13:00:00,2.42
2019-07-24 14:00:00,2.42
2019-07-24 15:00:00,2.42
2019-07-24 16:00:00,2.42
2019-07-24 17:00:00,2.42
2019-07-24 18:00:00,2.42
2019-07-24 19:00:00,35.52
2019-07-24 20:00:00,36.12
2019-07-24 21:00:00,35.26
2019-07-24 22:00:00,34.49
2019-07-24 23:00:00,3.91
2019-07-25 00:00:00,2.42
2019-07-25 01:00:00,2.42
2019-07-25 02:00:00,2.42
2019-07-25 03:00:00,2.42
2019-07-25 04:00:00,2.42
2019-07-25 05:00:00,2.42
2019-07-25 06:00:00,2.42
2019-07-25 07:00:00,2.42
2019-07-25 08:00:00,2.42
2019-07-25 09:00:00,2.42
2019-07-25 10:00:00,2.42
2019-07-25 11:00:00,2.42
2019-07-25 12:00:00,2.42
2019-07-25 13:00:00,2.42
2019-07-25 14:00:00,2.42
2019-07-25 15:00:00,2.42
2019-07-25 16:00:00,2.42
2019-07-25 17:00:00,2.42
2019-07-25 18:00:00,2.42
2019-07-25 19:00:00,26.29
2019-07-25 20:00:00,28.31
2019-07-25 21:00:00,35.54
2019-07-25 22:00:00,36.07
2019-07-25 23:00:00,2.42
2019-07-26 00:00:00,2.42
2019-07-26 01:00:00,2.42
2019-07-26 02:00:00,2.42
2019-07-26 03:00:00,2.42
2019-07-26 04:00:00,2.42
2019-07-26 05:00:00,2.42
2019-07-26 06:00:00,2.42
2019-07-26 07:00:00,2.42
2019-07-26 08:00:00,2.42
2019-07-26 09:00:00,2.42
2019-07-26 10:00:00,2.42
2019-07-26 11:00:00,2.42
2019-07-26 12:00:00,2.42
2019-07-26 13:00:00,2.42
2019-07-26 14:00:00,2.42
2019-07-26 15:00:00,2.42
2019-07-26 16:00:00,2.42
2019-07-26 17:00:00,2.42
2019-07-26 18:00:00,32.88
2019-07-26 19:00:00,39.91
2019-07-26 20:00:00,37.11
2019-07-26 21:00:00,34.7
2019-07-26 22:00:00,33.93
2019-07-26 23:00:00,34.17
2019-07-27 00:00:00,2.42
2019-07-27 01:00:00,2.42
2019-07-27 02:00:00,2.42
2019-07-27 03:00:00,2.42
2019-07-27 04:00:00,2.42
2019-07-27 05:00:00,2.42
2019-07-27 06:00:00,2.42
2019-07-27 07:00:00,2.42
2019-07-27 08:00:00,2.42
2019-07-27 09:00:00,2.42
2019-07-27 10:00:00,2.42
2019-07-27 11:00:00,2.42
2019-07-27 12:00:00,2.42
2019-07-27 13:00:00,2.42
2019-07-27 14:00:00,2.42
2019-07-27 15:00:00,2.42
2019-07-27 16:00:00,2.42
2019-07-27 17:00:00,2.42
2019-07-27 18:00:00,2.42
2019-07-27 19:00:00,2.42
2019-07-27 20:00:00,2.42
2019-07-27 21:00:00,2.42
2019-07-27 22:00:00,2.42
2019-07-27 23:00:00,2.42
2019-07-28 00:00:00,2.42
2019-07-28 01:00:00,2.42
2019-07-28 02:00:00,2.42
2019-07-28 03:00:00,2.42
2019-07-28 04:00:00,2.42
2019-07-28 05:00:00,2.42
2019-07-28 06:00:00,2.42
2019-07-28 07:00:00,2.42
2019-07-28 08:00:00,2.42
2019-07-28 09:00:00,2.42
2019-07-28 10:00:00,2.42
2019-07-28 11:00:00,2.42
2019-07-28 12:00:00,2.42
2019-07-28 13:00:00,2.42
2019-07-28 14:00:00,2.42
2019-07-28 15:00:00,2.42
2019-07-28 16:00:00,2.42
2019-07-28 17:00:00,2.42
2019-07-28 18:00:00,2.42
2019-07-28 19:00:00,2.42
2019-07-28 20:00:00,2.42
2019-07-28 21:00:00,2.42
2019-07-28 22:00:00,2.42
2019-07-28 23:00:00,2.42
2019-07-29 00:00:00,2.42
2019-07-29 01:00:00,2.42
2019-07-29 02:00:00,2.42
2019-07-29 03:00:00,2.42
2019-07-29 04:00:00,2.42
2019-07-29 05:00:00,2.42
2019-07-29 06:00:00,2.42
2019-07-29 07:00:00,2.42
2019-07-29 08:00:00,2.42
2019-07-29 09:00:00,2.42
2019-07-29 10:00:00,2.42
2019-07-29 11:00:00,2.42
2019-07-29 12:00:00,2.42
2019-07-29 13:00:00,2.42
2019-07-29 14:00:00,2.42
2019-07-29 15:00:00,2.42
2019-07-29 16:00:00,2.42
2019-07-29 17:00:00,2.42
2019-07-29 18:00:00,2.42
2019-07-29 19:00:00,35.86
2019-07-29 20:00:00,35.06
2019-07-29 21:00:00,36.52
2019-07-29 22:00:00,33.5
2019-07-29 23:00:00,2.42
2019-07-30 00:00:00,2.42
2019-07-30 01:00:00,2.42
2019-07-30 02:00:00,2.42
2019-07-30 03:00:00,2.42
2019-07-30 04:00:00,2.42
2019-07-30 05:00:00,2.42
2019-07-30 06:00:00,27.92
2019-07-30 07:00:00,2.42
2019-07-30 08:00:00,2.42
2019-07-30 09:00:00,2.42
2019-07-30 10:00:00,2.42
2019-07-30 11:00:00,2.42
2019-07-30 12:00:00,2.42
2019-07-30 13:00:00,2.42
2019-07-30 14:00:00,2.42
2019-07-30 15:00:00,2.42
2019-07-30 16:00:00,2.42
2019-07-30 17:00:00,2.42
2019-07-30 18:00:00,2.42
2019-07-30 19:00:00,10.06
2019-07-30 20:00:00,36.63
2019-07-30 21:00:00,34.34
2019-07-30 22:00:00,29.16
2019-07-30 23:00:00,2.42
2019-07-31 00:00:00,2.42
2019-07-31 01:00:00,2.42
2019-07-31 02:00:00,2.42
2019-07-31 03:00:00,2.42
2019-07-31 04:00:00,2.42
2019-07-31 05:00:00,2.42
2019-07-31 06:00:00,2.42
2019-07-31 07:00:00,2.42
2019-07-31 08:00:00,2.42
2019-07-31 09:00:00,2.42
2019-07-31 10:00:00,2.42
2019-07-31 11:00:00,2.42
2019-07-31 12:00:00,2.42
2019-07-31 13:00:00,2.42
2019-07-31 14:00:00,2.42
2019-07-31 15:00:00,2.42
2019-07-31 16:00:00,2.42
2019-07-31 17:00:00,2.42
2019-07-31 18:00:00,4.77
2019-07-31 19:00:00,37.81
2019-07-31 20:00:00,37.42
2019-07-31 21:00:00,35.36
2019-07-31 22:00:00,35.72
2019-07-31 23:00:00,2.42
2019-08-01 00:00:00,2.42
2019-08-01 01:00:00,2.42
2019-08-01 02:00:00,2.42
2019-08-01 03:00:00,2.42
2019-08-01 04:00:00,2.42
2019-08-01 05:00:00,2.42
2019-08-01 06:00:00,2.42
2019-08-01 07:00:00,2.42
2019-08-01 08:00:00,2.42
2019-08-01 09:00:00,2.42
2019-08-01 10:00:00,2.42
2019-08-01 11:00:00,2.42
2019-08-01 12:00:00,2.42
2019-08-01 13:00:00,2.42
2019-08-01 14:00:00,2.42
2019-08-01 15:00:00,2.42
2019-08-01 16:00:00,2.42
2019-08-01 17:00:00,2.42
2019-08-01 18:00:00,4.34
2019-08-01 19:00:00,35.81
2019-08-01 20:00:00,36.3
2019-08-01 21:00:00,34.03
2019-08-01 22:00:00,36.21
2019-08-01 23:00:00,2.42
2019-08-02 00:00:00,2.42
2019-08-02 01:00:00,2.42
2019-08-02 02:00:00,2.42
2019-08-02 03:00:00,2.42
2019-08-02 04:00:00,2.42
2019-08-02 05:00:00,2.42
2019-08-02 06:00:00,2.42
2019-08-02 07:00:00,2.42
2019-08-02 08:00:00,2.42
2019-08-02 09:00:00,2.42
2019-08-02 10:00:00,2.42
2019-08-02 11:00:00,34.33
2019-08-02 12:00:00,29.59
2019-08-02 13:00:00,38.77
2019-08-02 14:00:00,38.64
2019-08-02 15:00:00,2.42
2019-08-02 16:00:00,2.42
2019-08-02 17:00:00,2.42
2019-08-02 18:00:00,2.42
2019-08-02 19:00:00,2.42
2019-08-02 20:00:00,2.42
2019-08-02 21:00:00,2.42
2019-08-02 22:00:00,2.42
2019-08-02 23:00:00,2.42
2019-08-03 00:00:00,2.42
2019-08-03 01:00:00,2.42
2019-08-03 02:00:00,2.42
2019-08-03 03:00:00,2.42
2019-08-03 04:00:00,2.42
2019-08-03 05:00:00,2.42
2019-08-03 06:00:00,2.42
2019-08-03 07:00:00,2.42
2019-08-03 08:00:00,2.42
2019-08-03 09:00:00,2.42
2019-08-03 10:00:00,2.42
2019-08-03 11:00:00,2.42
2019-08-03 12:00:00,2.42
2019-08-03 13:00:00,2.42
2019-08-03 14:00:00,2.42
2019-08-03 15:00:00,2.42
2019-08-03 16:00:00,2.42
2019-08-03 17:00:00,2.42
2019-08-03 18:00:00,2.42
2019-08-03 19:00:00,37.33
2019-08-03 20:00:00,35.14
2019-08-03 21:00:00,37.01
2019-08-03 22:00:00,36.93
2019-08-03 23:00:00,2.42
2019-08-04 00:00:00,2.42
2019-08-04 01:00:00,2.42
2019-08-04 02:00:00,2.42
2019-08-04 03:00:00,2.42
2019-08-04 04:00:00,2.42
2019-08-04 05:00:00,2.42
2019-08-04 06:00:00,2.42
2019-08-04 07:00:00,2.42
2019-08-04 08:00:00,2.42
2019-08-04 09:00:00,2.42
2019-08-04 10:00:00,2.42
2019-08-04 11:00:00,2.42
2019-08-04 12:00:00,2.42
2019-08-04 13:00:00,2.42
2019-08-04 14:00:00,2.42
2019-08-04 15:00:00,2.42
2019-08-04 16:00:00,2.42
2019-08-04 17:00:00,2.42
2019-08-04 18:00:00,2.42
2019-08-04 19:00:00,2.42
2019-08-04 20:00:00,2.42
2019-08-04 21:00:00,2.42
2019-08-04 22:00:00,2.42
2019-08-04 23:00:00,2.42
2019-08-05 00:00:00,2.42
2019-08-05 01:00:00,2.42
2019-08-05 02:00:00,2.42
2019-08-05 03:00:00,2.42
2019-08-05 04:00:00,2.42
2019-08-05 05:00:00,2.42
2019-08-05 06:00:00,2.42
2019-08-05 07:00:00,2.42
2019-08-05 08:00:00,2.42
2019-08-05 09:00:00,2.42
2019-08-05 10:00:00,2.42
2019-08-05 11:00:00,2.42
2019-08-05 12:00:00,2.42
2019-08-05 13:00:00,2.42
2019-08-05 14:00:00,2.42
2019-08-05 15:00:00,2.42
2019-08-05 16:00:00,2.42
2019-08-05 17:00:00,2.42
2019-08-05 18:00:00,2.42
2019-08-05 19:00:00,2.42
2019-08-05 20:00:00,2.42
2019-08-05 21:00:00,2.42
2019-08-05 22:00:00,2.42
2019-08-05 23:00:00,2.42
2019-08-06 00:00:00,2.42
2019-08-06 01:00:00,2.42
2019-08-06 02:00:00,2.42
2019-08-06 03:00:00,2.42
2019-08-06 04:00:00,2.42
2019-08-06 05:00:00,2.42
2019-08-06 06:00:00,2.42
2019-08-06 07:00:00,2.42
2019-08-06 08:00:00,2.42
2019-08-06 09:00:00,2.42
2019-08-06 10:00:00,2.42
2019-08-06 11:00:00,2.42
2019-08-06 12:00:00,2.42
2019-08-06 13:00:00,2.42
2019-08-06 14:00:00,2.42
2019-08-06 15:00:00,2.42
2019-08-06 16:00:00,2.42
2019-08-06 17:00:00,2.42
2019-08-06 18:00:00,2.42
2019-08-06 19:00:00,2.42
2019-08-06 20:00:00,2.42
2019-08-06 21:00:00,2.42
2019-08-06 22:00:00,2.42
2019-08-06 23:00:00,2.42
2019-08-07 00:00:00,2.42
2019-08-07 01:00:00,2.42
2019-08-07 02:00:00,2.42
2019-08-07 03:00:00,2.42
2019-08-07 04:00:00,2.42
2019-08-07 05:00:00,2.42
2019-08-07 06:00:00,2.42
2019-08-07 07:00:00,2.42
2019-08-07 08:00:00,2.42
2019-08-07 09:00:00,2.42
2019-08-07 10:00:00,2.42
2019-08-07 11:00:00,2.42
2019-08-07 12:00:00,2.42
2019-08-07 13:00:00,2.42
2019-08-07 14:00:00,2.42
2019-08-07 15:00:00,2.42
2019-08-07 16:00:00,2.42
2019-08-07 17:00:00,2.42
2019-08-07 18:00:00,27.23
2019-08-07 19:00:00,30.68
2019-08-07 20:00:00,28.17
2019-08-07 21:00:00,2.42
2019-08-07 22:00:00,2.42
2019-08-07 23:00:00,2.42
2019-08-08 00:00:00,2.42
2019-08-08 01:00:00,23.65
2019-08-08 02:00:00,24.94
2019-08-08 03:00:00,26.89
2019-08-08 04:00:00,30.2
2019-08-08 05:00:00,3.84
2019-08-08 06:00:00,2.42
2019-08-08 07:00:00,2.42
2019-08-08 08:00:00,2.42
2019-08-08 09:00:00,2.42
2019-08-08 10:00:00,2.42
2019-08-08 11:00:00,2.42
2019-08-08 12:00:00,2.42
2019-08-08 13:00:00,2.42
2019-08-08 14:00:00,2.42
2019-08-08 15:00:00,2.42
2019-08-08 16:00:00,2.42
2019-08-08 17:00:00,2.42
2019-08-08 18:00:00,2.42
2019-08-08 19:00:00,2.42
2019-08-08 20:00:00,2.42
2019-08-08 21:00:00,2.42
2019-08-08 22:00:00,2.42
2019-08-08 23:00:00,2.42
2019-08-09 00:00:00,2.42
2019-08-09 01:00:00,2.42
2019-08-09 02:00:00,27.02
2019-08-09 03:00:00,26.41
2019-08-09 04:00:00,37.95
2019-08-09 05:00:00,40.59
2019-08-09 06:00:00,2.42
2019-08-09 07:00:00,2.42
2019-08-09 08:00:00,2.42
2019-08-09 09:00:00,2.42
2019-08-09 10:00:00,2.42
2019-08-09 11:00:00,2.42
2019-08-09 12:00:00,2.42
2019-08-09 13:00:00,2.42
2019-08-09 14:00:00,2.42
2019-08-09 15:00:00,2.42
2019-08-09 16:00:00,2.42
2019-08-09 17:00:00,2.42
2019-08-09 18:00:00,2.42
2019-08-09 19:00:00,2.42
2019-08-09 20:00:00,2.42
2019-08-09 21:00:00,2.42
2019-08-09 22:00:00,2.42
2019-08-09 23:00:00,2.42
2019-08-10 00:00:00,2.42
2019-08-10 01:00:00,2.42
2019-08-10 02:00:00,2.42
2019-08-10 03:00:00,2.42
2019-08-10 04:00:00,2.42
2019-08-10 05:00:00,2.42
2019-08-10 06:00:00,2.42
2019-08-10 07:00:00,2.42
2019-08-10 08:00:00,2.42
2019-08-10 09:00:00,2.42
2019-08-10 10:00:00,2.42
2019-08-10 11:00:00,2.42
2019-08-10 12:00:00,2.42
2019-08-10 13:00:00,2.42
2019-08-10 14:00:00,2.42
2019-08-10 15:00:00,2.42
2019-08-10 16:00:00,2.42
2019-08-10 17:00:00,2.42
2019-08-10 18:00:00,2.42
2019-08-10 19:00:00,2.42
2019-08-10 20:00:00,2.42
2019-08-10 21:00:00,2.42
2019-08-10 22:00:00,2.42
2019-08-10 23:00:00,2.42
2019-08-11 00:00:00,2.42
2019-08-11 01:00:00,2.42
2019-08-11 02:00:00,2.42
2019-08-11 03:00:00,2.42
2019-08-11 04:00:00,2.42
2019-08-11 05:00:00,2.42
2019-08-11 06:00:00,2.42
2019-08-11 07:00:00,2.42
2019-08-11 08:00:00,2.42
2019-08-11 09:00:00,2.42
2019-08-11 10:00:00,2.42
2019-08-11 11:00:00,2.42
2019-08-11 12:00:00,2.42
2019-08-11 13:00:00,2.42
2019-08-11 14:00:00,2.42
2019-08-11 15:00:00,2.42
2019-08-11 16:00:00,2.42
2019-08-11 17:00:00,2.42
2019-08-11 18:00:00,2.42
2019-08-11 19:00:00,2.42
2019-08-11 20:00:00,2.42
2019-08-11 21:00:00,2.42
2019-08-11 22:00:00,2.42
2019-08-11 23:00:00,2.42
2019-08-12 00:00:00,2.42
2019-08-12 01:00:00,2.42
2019-08-12 02:00:00,2.42
2019-08-12 03:00:00,2.42
2019-08-12 04:00:00,2.42
2019-08-12 05:00:00,2.42
2019-08-12 06:00:00,2.42
2019-08-12 07:00:00,2.42
2019-08-12 08:00:00,2.42
2019-08-12 09:00:00,2.42
2019-08-12 10:00:00,2.42
2019-08-12 11:00:00,2.42
2019-08-12 12:00:00,2.42
2019-08-12 13:00:00,2.42
2019-08-12 14:00:00,2.42
2019-08-12 15:00:00,2.42
2019-08-12 16:00:00,2.42
2019-08-12 17:00:00,2.42
2019-08-12 18:00:00,2.42
2019-08-12 19:00:00,6.6
2019-08-12 20:00:00,39.27
2019-08-12 21:00:00,37.62
2019-08-12 22:00:00,35.37
2019-08-12 23:00:00,34.88
2019-08-13 00:00:00,2.42
2019-08-13 01:00:00,2.42
2019-08-13 02:00:00,2.42
2019-08-13 03:00:00,2.42
2019-08-13 04:00:00,2.42
2019-08-13 05:00:00,2.42
2019-08-13 06:00:00,2.42
2019-08-13 07:00:00,2.42
2019-08-13 08:00:00,2.42
2019-08-13 09:00:00,2.42
2019-08-13 10:00:00,2.42
2019-08-13 11:00:00,2.42
2019-08-13 12:00:00,2.42
2019-08-13 13:00:00,2.42
2019-08-13 14:00:00,2.42
2019-08-13 15:00:00,2.42
2019-08-13 16:00:00,2.42
2019-08-13 17:00:00,2.42
2019-08-13 18:00:00,4.77
2019-08-13 19:00:00,33.53
2019-08-13 20:00:00,35.09
2019-08-13 21:00:00,34.89
2019-08-13 22:00:00,33.9
2019-08-13 23:00:00,2.42
2019-08-14 00:00:00,2.42
2019-08-14 01:00:00,2.42
2019-08-14 02:00:00,2.42
2019-08-14 03:00:00,2.42
2019-08-14 04:00:00,2.42
2019-08-14 05:00:00,2.42
2019-08-14 06:00:00,2.42
2019-08-14 07:00:00,28.43
2019-08-14 08:00:00,29.37
2019-08-14 09:00:00,34.6
2019-08-14 10:00:00,33.18
2019-08-14 11:00:00,4.54
2019-08-14 12:00:00,2.42
2019-08-14 13:00:00,2.42
2019-08-14 14:00:00,2.42
2019-08-14 15:00:00,2.42
2019-08-14 16:00:00,2.42
2019-08-14 17:00:00,2.42
2019-08-14 18:00:00,2.42
2019-08-14 19:00:00,2.42
2019-08-14 20:00:00,2.42
2019-08-14 21:00:00,2.42
2019-08-14 22:00:00,2.42
2019-08-14 23:00:00,2.42
2019-08-15 00:00:00,2.42
2019-08-15 01:00:00,2.42
2019-08-15 02:00:00,2.42
2019-08-15 03:00:00,2.42
2019-08-15 04:00:00,2.42
2019-08-15 05:00:00,2.42
2019-08-15 06:00:00,2.42
2019-08-15 07:00:00,2.42
2019-08-15 08:00:00,2.42
2019-08-15 09:00:00,2.42
2019-08-15 10:00:00,2.42
2019-08-15 11:00:00,2.42
2019-08-15 12:00:00,2.42
2019-08-15 13:00:00,2.42
2019-08-15 14:00:00,2.42
2019-08-15 15:00:00,2.42
2019-08-15 16:00:00,2.42
2019-08-15 17:00:00,2.42
2019-08-15 18:00:00,2.42
2019-08-15 19:00:00,2.42
2019-08-15 20:00:00,32.37
2019-08-15 21:00:00,32.24
2019-08-15 22:00:00,30.41
2019-08-15 23:00:00,29.31
2019-08-16 00:00:00,2.42
2019-08-16 01:00:00,2.42
2019-08-16 02:00:00,2.42
2019-08-16 03:00:00,2.42
2019-08-16 04:00:00,2.42
2019-08-16 05:00:00,2.42
2019-08-16 06:00:00,2.42
2019-08-16 07:00:00,2.42
2019-08-16 08:00:00,2.42
2019-08-16 09:00:00,2.42
2019-08-16 10:00:00,2.42
2019-08-16 11:00:00,2.42
2019-08-16 12:00:00,2.42
2019-08-16 13:00:00,2.42
2019-08-16 14:00:00,2.42
2019-08-16 15:00:00,2.42
2019-08-16 16:00:00,2.42
2019-08-16 17:00:00,2.42
2019-08-16 18:00:00,2.42
2019-08-16 19:00:00,2.42
2019-08-16 20:00:00,6.77
2019-08-16 21:00:00,34.99
2019-08-16 22:00:00,34.25
2019-08-16 23:00:00,25.71
2019-08-17 00:00:00,2.42
2019-08-17 01:00:00,2.42
2019-08-17 02:00:00,2.42
2019-08-17 03:00:00,2.42
2019-08-17 04:00:00,2.42
2019-08-17 05:00:00,2.42
2019-08-17 06:00:00,2.42
2019-08-17 07:00:00,2.42
2019-08-17 08:00:00,2.42
2019-08-17 09:00:00,2.42
2019-08-17 10:00:00,2.42
2019-08-17 11:00:00,2.42
2019-08-17 12:00:00,2.42
2019-08-17 13:00:00,2.42
2019-08-17 14:00:00,2.42
2019-08-17 15:00:00,2.42
2019-08-17 16:00:00,2.42
2019-08-17 17:00:00,2.42
2019-08-17 18:00:00,2.42
2019-08-17 19:00:00,2.42
2019-08-17 20:00:00,2.42
2019-08-17 21:00:00,2.42
2019-08-17 22:00:00,2.42
2019-08-17 23:00:00,2.42
2019-08-18 00:00:00,2.42
2019-08-18 01:00:00,2.42
2019-08-18 02:00:00,2.42
2019-08-18 03:00:00,2.42
2019-08-18 04:00:00,2.42
2019-08-18 05:00:00,2.42
2019-08-18 06:00:00,2.42
2019-08-18 07:00:00,2.42
2019-08-18 08:00:00,2.42
2019-08-18 09:00:00,2.42
2019-08-18 10:00:00,2.42
2019-08-18 11:00:00,2.42
2019-08-18 12:00:00,2.42
2019-08-18 13:00:00,2.42
2019-08-18 14:00:00,2.42
2019-08-18 15:00:00,2.42
2019-08-18 16:00:00,2.42
2019-08-18 17:00:00,2.42
2019-08-18 18:00:00,2.42
2019-08-18 19:00:00,6.89
2019-08-18 20:00:00,2.42
2019-08-18 21:00:00,2.42
2019-08-18 22:00:00,2.42
2019-08-18 23:00:00,2.42
2019-08-19 00:00:00,2.42
2019-08-19 01:00:00,2.42
2019-08-19 02:00:00,2.42
2019-08-19 03:00:00,2.42
2019-08-19 04:00:00,2.42
2019-08-19 05:00:00,2.42
2019-08-19 06:00:00,2.42
2019-08-19 07:00:00,2.42
2019-08-19 08:00:00,2.42
2019-08-19 09:00:00,2.42
2019-08-19 10:00:00,2.42
2019-08-19 11:00:00,2.42
2019-08-19 12:00:00,2.42
2019-08-19 13:00:00,2.42
2019-08-19 14:00:00,2.42
2019-08-19 15:00:00,2.42
2019-08-19 16:00:00,2.42
2019-08-19 17:00:00,2.42
2019-08-19 18:00:00,2.42
2019-08-19 19:00:00,2.42
2019-08-19 20:00:00,35.25
2019-08-19 21:00:00,35.91
2019-08-19 22:00:00,30.77
2019-08-19 23:00:00,2.42
2019-08-20 00:00:00,2.42
2019-08-20 01:00:00,2.42
2019-08-20 02:00:00,2.42
2019-08-20 03:00:00,2.42
2019-08-20 04:00:00,2.42
2019-08-20 05:00:00,2.42
2019-08-20 06:00:00,2.42
2019-08-20 07:00:00,2.42
2019-08-20 08:00:00,2.42
2019-08-20 09:00:00,2.42
2019-08-20 10:00:00,2.42
2019-08-20 11:00:00,2.42
2019-08-20 12:00:00,2.42
2019-08-20 13:00:00,2.42
2019-08-20 14:00:00,2.42
2019-08-20 15:00:00,2.42
2019-08-20 16:00:00,2.42
2019-08-20 17:00:00,2.42
2019-08-20 18:00:00,2.42
2019-08-20 19:00:00,37.5
2019-08-20 20:00:00,33.61
2019-08-20 21:00:00,35.1
2019-08-20 22:00:00,9.66
2019-08-20 23:00:00,2.42
2019-08-21 00:00:00,2.42
2019-08-21 01:00:00,2.42
2019-08-21 02:00:00,2.42
2019-08-21 03:00:00,2.42
2019-08-21 04:00:00,2.42
2019-08-21 05:00:00,2.42
2019-08-21 06:00:00,2.42
2019-08-21 07:00:00,2.42
2019-08-21 08:00:00,2.42
2019-08-21 09:00:00,2.42
2019-08-21 10:00:00,2.42
2019-08-21 11:00:00,2.42
2019-08-21 12:00:00,2.42
2019-08-21 13:00:00,2.42
2019-08-21 14:00:00,2.42
2019-08-21 15:00:00,2.42
2019-08-21 16:00:00,2.42
2019-08-21 17:00:00,2.42
2019-08-21 18:00:00,2.42
2019-08-21 19:00:00,2.42
2019-08-21 20:00:00,27.88
2019-08-21 21:00:00,32.52
2019-08-21 22:00:00,31.02
2019-08-21 23:00:00,2.42
2019-08-22 00:00:00,2.42
2019-08-22 01:00:00,2.42
2019-08-22 02:00:00,2.42
2019-08-22 03:00:00,2.42
2019-08-22 04:00:00,2.42
2019-08-22 05:00:00,2.42
2019-08-22 06:00:00,2.42
2019-08-22 07:00:00,2.42
2019-08-22 08:00:00,2.42
2019-08-22 09:00:00,2.42
2019-08-22 10:00:00,2.42
2019-08-22 11:00:00,2.42
2019-08-22 12:00:00,2.42
2019-08-22 13:00:00,2.42
2019-08-22 14:00:00,2.42
2019-08-22 15:00:00,2.42
2019-08-22 16:00:00,2.42
2019-08-22 17:00:00,2.42
2019-08-22 18:00:00,2.42
2019-08-22 19:00:00,6.2
2019-08-22 20:00:00,34.53
2019-08-22 21:00:00,36.68
2019-08-22 22:00:00,35.73
2019-08-22 23:00:00,28.65
2019-08-23 00:00:00,2.42
2019-08-23 01:00:00,2.42
2019-08-23 02:00:00,2.42
2019-08-23 03:00:00,2.42
2019-08-23 04:00:00,2.42
2019-08-23 05:00:00,2.42
2019-08-23 06:00:00,2.42
2019-08-23 07:00:00,2.42
2019-08-23 08:00:00,2.42
2019-08-23 09:00:00,2.42
2019-08-23 10:00:00,2.42
2019-08-23 11:00:00,2.42
2019-08-23 12:00:00,2.42
2019-08-23 13:00:00,2.42
2019-08-23 14:00:00,2.42
2019-08-23 15:00:00,2.42
2019-08-23 16:00:00,2.42
2019-08-23 17:00:00,2.42
2019-08-23 18:00:00,2.42
2019-08-23 19:00:00,35.25
2019-08-23 20:00:00,33.64
2019-08-23 21:00:00,33.34
2019-08-23 22:00:00,30.21
2019-08-23 23:00:00,2.42
2019-08-24 00:00:00,2.42
2019-08-24 01:00:00,2.42
2019-08-24 02:00:00,2.42
2019-08-24 03:00:00,2.42
2019-08-24 04:00:00,2.42
2019-08-24 05:00:00,2.42
2019-08-24 06:00:00,2.42
2019-08-24 07:00:00,2.42
2019-08-24 08:00:00,2.42
2019-08-24 09:00:00,2.42
2019-08-24 10:00:00,2.42
2019-08-24 11:00:00,2.42
2019-08-24 12:00:00,2.42
2019-08-24 13:00:00,2.42
2019-08-24 14:00:00,2.42
2019-08-24 15:00:00,2.42
2019-08-24 16:00:00,2.42
2019-08-24 17:00:00,2.42
2019-08-24 18:00:00,2.42
2019-08-24 19:00:00,2.42
2019-08-24 20:00:00,2.42
2019-08-24 21:00:00,2.42
2019-08-24 22:00:00,2.42
2019-08-24 23:00:00,2.42
2019-08-25 00:00:00,2.42
2019-08-25 01:00:00,2.42
2019-08-25 02:00:00,2.42
2019-08-25 03:00:00,2.42
2019-08-25 04:00:00,2.42
2019-08-25 05:00:00,2.42
2019-08-25 06:00:00,2.42
2019-08-25 07:00:00,2.42
2019-08-25 08:00:00,2.42
2019-08-25 09:00:00,2.42
2019-08-25 10:00:00,2.42
2019-08-25 11:00:00,2.42
2019-08-25 12:00:00,2.42
2019-08-25 13:00:00,2.42
2019-08-25 14:00:00,2.42
2019-08-25 15:00:00,2.42
2019-08-25 16:00:00,2.42
2019-08-25 17:00:00,2.42
2019-08-25 18:00:00,2.42
2019-08-25 19:00:00,2.42
2019-08-25 20:00:00,2.42
2019-08-25 21:00:00,2.42
2019-08-25 22:00:00,2.42
2019-08-25 23:00:00,2.42
2019-08-26 00:00:00,2.42
2019-08-26 01:00:00,2.42
2019-08-26 02:00:00,2.42
2019-08-26 03:00:00,2.42
2019-08-26 04:00:00,2.42
2019-08-26 05:00:00,2.42
2019-08-26 06:00:00,2.42
2019-08-26 07:00:00,2.42
2019-08-26 08:00:00,2.42
2019-08-26 09:00:00,2.42
2019-08-26 10:00:00,2.42
2019-08-26 11:00:00,2.42
2019-08-26 12:00:00,2.42
2019-08-26 13:00:00,2.42
2019-08-26 14:00:00,2.42
2019-08-26 15:00:00,2.42
2019-08-26 16:00:00,2.42
2019-08-26 17:00:00,2.42
2019-08-26 18:00:00,2.42
2019-08-26 19:00:00,37.58
2019-08-26 20:00:00,37.52
2019-08-26 21:00:00,36.54
2019-08-26 22:00:00,33.23
2019-08-26 23:00:00,2.42
2019-08-27 00:00:00,2.42
2019-08-27 01:00:00,2.42
2019-08-27 02:00:00,2.42
2019-08-27 03:00:00,2.42
2019-08-27 04:00:00,2.42
2019-08-27 05:00:00,2.42
2019-08-27 06:00:00,2.42
2019-08-27 07:00:00,2.42
2019-08-27 08:00:00,2.42
2019-08-27 09:00:00,2.42
2019-08-27 10:00:00,2.42
2019-08-27 11:00:00,2.42
2019-08-27 12:00:00,2.42
2019-08-27 13:00:00,2.42
2019-08-27 14:00:00,2.42
2019-08-27 15:00:00,2.42
2019-08-27 16:00:00,2.42
2019-08-27 17:00:00,2.42
2019-08-27 18:00:00,2.42
2019-08-27 19:00:00,36.14
2019-08-27 20:00:00,36.37
2019-08-27 21:00:00,35.88
2019-08-27 22:00:00,31.73
2019-08-27 23:00:00,2.42
2019-08-28 00:00:00,2.42
2019-08-28 01:00:00,2.42
2019-08-28 02:00:00,2.42
2019-08-28 03:00:00,2.42
2019-08-28 04:00:00,2.42
2019-08-28 05:00:00,2.42
2019-08-28 06:00:00,2.42
2019-08-28 07:00:00,2.42
2019-08-28 08:00:00,2.42
2019-08-28 09:00:00,2.42
2019-08-28 10:00:00,2.42
2019-08-28 11:00:00,2.42
2019-08-28 12:00:00,2.42
2019-08-28 13:00:00,2.42
2019-08-28 14:00:00,2.42
2019-08-28 15:00:00,2.42
2019-08-28 16:00:00,2.42
2019-08-28 17:00:00,2.42
2019-08-28 18:00:00,2.42
2019-08-28 19:00:00,35.12
2019-08-28 20:00:00,34.39
2019-08-28 21:00:00,31.69
2019-08-28 22:00:00,36.32
2019-08-28 23:00:00,2.42
2019-08-29 00:00:00,2.42
2019-08-29 01:00:00,2.42
2019-08-29 02:00:00,2.42
2019-08-29 03:00:00,2.42
2019-08-29 04:00:00,2.42
2019-08-29 05:00:00,2.42
2019-08-29 06:00:00,2.42
2019-08-29 07:00:00,2.42
2019-08-29 08:00:00,2.42
2019-08-29 09:00:00,2.42
2019-08-29 10:00:00,2.42
2019-08-29 11:00:00,2.42
2019-08-29 12:00:00,2.42
2019-08-29 13:00:00,2.42
2019-08-29 14:00:00,2.42
2019-08-29 15:00:00,2.42
2019-08-29 16:00:00,2.42
2019-08-29 17:00:00,2.42
2019-08-29 18:00:00,2.42
2019-08-29 19:00:00,2.42
2019-08-29 20:00:00,13.02
2019-08-29 21:00:00,31.74
2019-08-29 22:00:00,35.77
2019-08-29 23:00:00,5.79
2019-08-30 00:00:00,2.42
2019-08-30 01:00:00,2.42
2019-08-30 02:00:00,2.42
2019-08-30 03:00:00,2.42
2019-08-30 04:00:00,2.42
2019-08-30 05:00:00,2.42
2019-08-30 06:00:00,2.42
2019-08-30 07:00:00,2.42
2019-08-30 08:00:00,2.42
2019-08-30 09:00:00,2.42
2019-08-30 10:00:00,2.42
2019-08-30 11:00:00,2.42
2019-08-30 12:00:00,2.42
2019-08-30 13:00:00,2.42
2019-08-30 14:00:00,2.42
2019-08-30 15:00:00,2.42
2019-08-30 16:00:00,2.42
2019-08-30 17:00:00,2.42
2019-08-30 18:00:00,4.54
2019-08-30 19:00:00,35.08
2019-08-30 20:00:00,36.86
2019-08-30 21:00:00,34.22
2019-08-30 22:00:00,37.1
2019-08-30 23:00:00,4.32
2019-08-31 00:00:00,2.42
2019-08-31 01:00:00,2.42
2019-08-31 02:00:00,2.42
2019-08-31 03:00:00,2.42
2019-08-31 04:00:00,2.42
2019-08-31 05:00:00,2.42
2019-08-31 06:00:00,2.42
2019-08-31 07:00:00,2.42
2019-08-31 08:00:00,2.42
2019-08-31 09:00:00,2.42
2019-08-31 10:00:00,2.42
2019-08-31 11:00:00,2.42
2019-08-31 12:00:00,2.42
2019-08-31 13:00:00,2.42
2019-08-31 14:00:00,2.42
2019-08-31 15:00:00,2.42
2019-08-31 16:00:00,2.42
2019-08-31 17:00:00,2.42
2019-08-31 18:00:00,2.42
2019-08-31 19:00:00,2.42
2019-08-31 20:00:00,2.42
2019-08-31 21:00:00,2.42
2019-08-31 22:00:00,2.42
2019-08-31 23:00:00,2.42
2019-09-01 00:00:00,2.42
2019-09-01 01:00:00,2.42
2019-09-01 02:00:00,2.42
2019-09-01 03:00:00,2.42
2019-09-01 04:00:00,2.42
2019-09-01 05:00:00,2.42
2019-09-01 06:00:00,2.42
2019-09-01 07:00:00,2.42
2019-09-01 08:00:00,2.42
2019-09-01 09:00:00,2.42
2019-09-01 10:00:00,2.42
2019-09-01 11:00:00,2.42
2019-09-01 12:00:00,2.42
2019-09-01 13:00:00,2.42
2019-09-01 14:00:00,2.42
2019-09-01 15:00:00,2.42
2019-09-01 16:00:00,2.42
2019-09-01 17:00:00,2.42
2019-09-01 18:00:00,2.42
2019-09-01 19:00:00,2.42
2019-09-01 20:00:00,2.42
2019-09-01 21:00:00,2.42
2019-09-01 22:00:00,2.42
2019-09-01 23:00:00,2.42
2019-09-02 00:00:00,2.42
2019-09-02 01:00:00,2.42
2019-09-02 02:00:00,2.42
2019-09-02 03:00:00,2.42
2019-09-02 04:00:00,2.42
2019-09-02 05:00:00,2.42
2019-09-02 06:00:00,2.42
2019-09-02 07:00:00,2.42
2019-09-02 08:00:00,2.42
2019-09-02 09:00:00,2.42
2019-09-02 10:00:00,2.42
2019-09-02 11:00:00,2.42
2019-09-02 12:00:00,2.42
2019-09-02 13:00:00,2.42
2019-09-02 14:00:00,2.42
2019-09-02 15:00:00,2.42
2019-09-02 16:00:00,2.42
2019-09-02 17:00:00,2.42
2019-09-02 18:00:00,5.55
2019-09-02 19:00:00,35.58
2019-09-02 20:00:00,33.8
2019-09-02 21:00:00,33.45
2019-09-02 22:00:00,26.31
2019-09-02 23:00:00,2.42
2019-09-03 00:00:00,2.42
2019-09-03 01:00:00,2.42
2019-09-03 02:00:00,2.42
2019-09-03 03:00:00,2.42
2019-09-03 04:00:00,2.42
2019-09-03 05:00:00,2.42
2019-09-03 06:00:00,2.42
2019-09-03 07:00:00,2.42
2019-09-03 08:00:00,2.42
2019-09-03 09:00:00,2.42
2019-09-03 10:00:00,2.42
2019-09-03 11:00:00,2.42
2019-09-03 12:00:00,2.42
2019-09-03 13:00:00,2.42
2019-09-03 14:00:00,2.42
2019-09-03 15:00:00,2.42
2019-09-03 16:00:00,2.42
2019-09-03 17:00:00,2.42
2019-09-03 18:00:00,2.42
2019-09-03 19:00:00,34.93
2019-09-03 20:00:00,36.25
2019-09-03 21:00:00,33.61
2019-09-03 22:00:00,7.07
2019-09-03 23:00:00,2.42
2019-09-04 00:00:00,2.42
2019-09-04 01:00:00,2.84
2019-09-04 02:00:00,2.84
2019-09-04 03:00:00,2.84
2019-09-04 04:00:00,2.84
2019-09-04 05:00:00,2.84
2019-09-04 06:00:00,2.84
2019-09-04 07:00:00,2.84
2019-09-04 08:00:00,2.84
2019-09-04 09:00:00,2.84
2019-09-04 10:00:00,2.84
2019-09-04 11:00:00,2.84
2019-09-04 12:00:00,2.84
2019-09-04 13:00:00,2.84
2019-09-04 14:00:00,2.84
2019-09-04 15:00:00,2.84
2019-09-04 16:00:00,2.84
2019-09-04 17:00:00,2.84
2019-09-04 18:00:00,6.27
2019-09-04 19:00:00,38.68
2019-09-04 20:00:00,34.09
2019-09-04 21:00:00,33.85
2019-09-04 22:00:00,2.84
2019-09-04 23:00:00,2.84
2019-09-05 00:00:00,2.84
2019-09-05 01:00:00,2.84
2019-09-05 02:00:00,2.84
2019-09-05 03:00:00,2.84
2019-09-05 04:00:00,2.84
2019-09-05 05:00:00,2.84
2019-09-05 06:00:00,2.84
2019-09-05 07:00:00,2.84
2019-09-05 08:00:00,2.84
2019-09-05 09:00:00,2.84
2019-09-05 10:00:00,2.84
2019-09-05 11:00:00,2.84
2019-09-05 12:00:00,2.84
2019-09-05 13:00:00,2.84
2019-09-05 14:00:00,2.84
2019-09-05 15:00:00,2.84
2019-09-05 16:00:00,2.84
2019-09-05 17:00:00,2.84
2019-09-05 18:00:00,5.11
2019-09-05 19:00:00,38.08
2019-09-05 20:00:00,35.41
2019-09-05 21:00:00,32.43
2019-09-05 22:00:00,2.84
2019-09-05 23:00:00,2.84
2019-09-06 00:00:00,2.84
2019-09-06 01:00:00,2.84
2019-09-06 02:00:00,2.84
2019-09-06 03:00:00,2.84
2019-09-06 04:00:00,2.84
2019-09-06 05:00:00,2.84
2019-09-06 06:00:00,2.84
2019-09-06 07:00:00,2.84
2019-09-06 08:00:00,2.84
2019-09-06 09:00:00,2.84
2019-09-06 10:00:00,2.84
2019-09-06 11:00:00,2.84
2019-09-06 12:00:00,2.84
2019-09-06 13:00:00,2.84
2019-09-06 14:00:00,2.84
2019-09-06 15:00:00,2.84
2019-09-06 16:00:00,2.84
2019-09-06 17:00:00,2.84
2019-09-06 18:00:00,2.84
2019-09-06 19:00:00,34.1
2019-09-06 20:00:00,33.37
2019-09-06 21:00:00,31.07
2019-09-06 22:00:00,31.4
2019-09-06 23:00:00,4.28
2019-09-07 00:00:00,2.84
2019-09-07 01:00:00,2.84
2019-09-07 02:00:00,2.84
2019-09-07 03:00:00,2.84
2019-09-07 04:00:00,2.84
2019-09-07 05:00:00,2.84
2019-09-07 06:00:00,2.84
2019-09-07 07:00:00,2.84
2019-09-07 08:00:00,2.84
2019-09-07 09:00:00,2.84
2019-09-07 10:00:00,2.84
2019-09-07 11:00:00,2.84
2019-09-07 12:00:00,2.84
2019-09-07 13:00:00,2.84
2019-09-07 14:00:00,2.84
2019-09-07 15:00:00,2.84
2019-09-07 16:00:00,2.84
2019-09-07 17:00:00,2.84
2019-09-07 18:00:00,2.84
2019-09-07 19:00:00,2.84
2019-09-07 20:00:00,2.84
2019-09-07 21:00:00,2.84
2019-09-07 22:00:00,2.84
2019-09-07 23:00:00,2.84
2019-09-08 00:00:00,2.84
2019-09-08 01:00:00,2.84
2019-09-08 02:00:00,2.84
2019-09-08 03:00:00,2.84
2019-09-08 04:00:00,2.84
2019-09-08 05:00:00,2.84
2019-09-08 06:00:00,2.84
2019-09-08 07:00:00,2.84
2019-09-08 08:00:00,2.84
2019-09-08 09:00:00,2.84
2019-09-08 10:00:00,2.84
2019-09-08 11:00:00,2.84
2019-09-08 12:00:00,2.84
2019-09-08 13:00:00,2.84
2019-09-08 14:00:00,2.84
2019-09-08 15:00:00,2.84
2019-09-08 16:00:00,2.84
2019-09-08 17:00:00,2.84
2019-09-08 18:00:00,2.84
2019-09-08 19:00:00,2.84
2019-09-08 20:00:00,2.84
2019-09-08 21:00:00,2.84
2019-09-08 22:00:00,2.84
2019-09-08 23:00:00,2.84
2019-09-09 00:00:00,2.84
2019-09-09 01:00:00,2.84
2019-09-09 02:00:00,2.84
2019-09-09 03:00:00,2.84
2019-09-09 04:00:00,2.84
2019-09-09 05:00:00,2.84
2019-09-09 06:00:00,2.84
2019-09-09 07:00:00,2.84
2019-09-09 08:00:00,2.84
2019-09-09 09:00:00,2.84
2019-09-09 10:00:00,2.84
2019-09-09 11:00:00,2.84
2019-09-09 12:00:00,2.84
2019-09-09 13:00:00,2.84
2019-09-09 14:00:00,2.84
2019-09-09 15:00:00,2.84
2019-09-09 16:00:00,2.84
2019-09-09 17:00:00,2.84
2019-09-09 18:00:00,2.84
2019-09-09 19:00:00,36.02
2019-09-09 20:00:00,32.15
2019-09-09 21:00:00,33.66
2019-09-09 22:00:00,32.59
2019-09-09 23:00:00,2.84
2019-09-10 00:00:00,2.84
2019-09-10 01:00:00,2.84
2019-09-10 02:00:00,2.84
2019-09-10 03:00:00,2.84
2019-09-10 04:00:00,2.84
2019-09-10 05:00:00,2.84
2019-09-10 06:00:00,2.84
2019-09-10 07:00:00,2.84
2019-09-10 08:00:00,2.84
2019-09-10 09:00:00,2.84
2019-09-10 10:00:00,2.84
2019-09-10 11:00:00,2.84
2019-09-10 12:00:00,2.84
2019-09-10 13:00:00,2.84
2019-09-10 14:00:00,2.84
2019-09-10 15:00:00,2.84
2019-09-10 16:00:00,2.84
2019-09-10 17:00:00,2.84
2019-09-10 18:00:00,2.84
2019-09-10 19:00:00,36.33
2019-09-10 20:00:00,33.54
2019-09-10 21:00:00,33.83
2019-09-10 22:00:00,29.46
2019-09-10 23:00:00,2.84
2019-09-11 00:00:00,2.84
2019-09-11 01:00:00,2.84
2019-09-11 02:00:00,2.84
2019-09-11 03:00:00,2.84
2019-09-11 04:00:00,2.84
2019-09-11 05:00:00,2.84
2019-09-11 06:00:00,2.84
2019-09-11 07:00:00,2.84
2019-09-11 08:00:00,2.84
2019-09-11 09:00:00,2.84
2019-09-11 10:00:00,2.84
2019-09-11 11:00:00,2.84
2019-09-11 12:00:00,2.84
2019-09-11 13:00:00,2.84
2019-09-11 14:00:00,2.84
2019-09-11 15:00:00,2.84
2019-09-11 16:00:00,2.84
2019-09-11 17:00:00,2.84
2019-09-11 18:00:00,2.84
2019-09-11 19:00:00,35.68
2019-09-11 20:00:00,36.3
2019-09-11 21:00:00,36.14
2019-09-11 22:00:00,31.19
2019-09-11 23:00:00,2.84
2019-09-12 00:00:00,4.68
2019-09-12 01:00:00,26.72
2019-09-12 02:00:00,28.25
2019-09-12 03:00:00,27.05
2019-09-12 04:00:00,30.8
2019-09-12 05:00:00,33.04
2019-09-12 06:00:00,4.43
2019-09-12 07:00:00,2.84
2019-09-12 08:00:00,2.84
2019-09-12 09:00:00,2.84
2019-09-12 10:00:00,2.84
2019-09-12 11:00:00,2.84
2019-09-12 12:00:00,2.84
2019-09-12 13:00:00,2.84
2019-09-12 14:00:00,2.84
2019-09-12 15:00:00,2.84
2019-09-12 16:00:00,2.84
2019-09-12 17:00:00,2.84
2019-09-12 18:00:00,2.84
2019-09-12 19:00:00,2.84
2019-09-12 20:00:00,2.84
2019-09-12 21:00:00,2.84
2019-09-12 22:00:00,2.84
2019-09-12 23:00:00,2.84
2019-09-13 00:00:00,2.84
2019-09-13 01:00:00,2.84
2019-09-13 02:00:00,2.84
2019-09-13 03:00:00,2.84
2019-09-13 04:00:00,2.84
2019-09-13 05:00:00,2.84
2019-09-13 06:00:00,2.84
2019-09-13 07:00:00,2.84
2019-09-13 08:00:00,2.84
2019-09-13 09:00:00,2.84
2019-09-13 10:00:00,2.84
2019-09-13 11:00:00,2.84
2019-09-13 12:00:00,2.84
2019-09-13 13:00:00,2.84
2019-09-13 14:00:00,2.84
2019-09-13 15:00:00,2.84
2019-09-13 16:00:00,2.84
2019-09-13 17:00:00,2.84
2019-09-13 18:00:00,2.84
2019-09-13 19:00:00,32.01
2019-09-13 20:00:00,32.8
2019-09-13 21:00:00,34.88
2019-09-13 22:00:00,23.33
2019-09-13 23:00:00,2.84
2019-09-14 00:00:00,2.84
2019-09-14 01:00:00,2.84
2019-09-14 02:00:00,2.84
2019-09-14 03:00:00,2.84
2019-09-14 04:00:00,2.84
2019-09-14 05:00:00,2.84
2019-09-14 06:00:00,2.84
2019-09-14 07:00:00,2.84
2019-09-14 08:00:00,2.84
2019-09-14 09:00:00,2.84
2019-09-14 10:00:00,2.84
2019-09-14 11:00:00,2.84
2019-09-14 12:00:00,2.84
2019-09-14 13:00:00,2.84
2019-09-14 14:00:00,2.84
2019-09-14 15:00:00,2.84
2019-09-14 16:00:00,2.84
2019-09-14 17:00:00,2.84
2019-09-14 18:00:00,2.84
2019-09-14 19:00:00,2.84
2019-09-14 20:00:00,2.84
2019-09-14 21:00:00,2.84
2019-09-14 22:00:00,2.84
2019-09-14 23:00:00,2.84
2019-09-15 00:00:00,2.84
2019-09-15 01:00:00,2.84
2019-09-15 02:00:00,2.84
2019-09-15 03:00:00,2.84
2019-09-15 04:00:00,2.84
2019-09-15 05:00:00,2.84
2019-09-15 06:00:00,2.84
2019-09-15 07:00:00,2.84
2019-09-15 08:00:00,2.84
2019-09-15 09:00:00,2.84
2019-09-15 10:00:00,2.84
2019-09-15 11:00:00,2.84
2019-09-15 12:00:00,2.84
2019-09-15 13:00:00,2.84
2019-09-15 14:00:00,2.84
2019-09-15 15:00:00,2.84
2019-09-15 16:00:00,2.84
2019-09-15 17:00:00,2.84
2019-09-15 18:00:00,2.84
2019-09-15 19:00:00,2.84
2019-09-15 20:00:00,2.84
2019-09-15 21:00:00,2.84
2019-09-15 22:00:00,2.84
2019-09-15 23:00:00,2.84
2019-09-16 00:00:00,2.84
2019-09-16 01:00:00,2.84
2019-09-16 02:00:00,2.84
2019-09-16 03:00:00,2.84
2019-09-16 04:00:00,2.84
2019-09-16 05:00:00,2.84
2019-09-16 06:00:00,2.84
2019-09-16 07:00:00,2.84
2019-09-16 08:00:00,2.84
2019-09-16 09:00:00,2.84
2019-09-16 10:00:00,2.84
2019-09-16 11:00:00,2.84
2019-09-16 12:00:00,2.84
2019-09-16 13:00:00,2.84
2019-09-16 14:00:00,2.84
2019-09-16 15:00:00,2.84
2019-09-16 16:00:00,2.84
2019-09-16 17:00:00,2.84
2019-09-16 18:00:00,27.44
2019-09-16 19:00:00,36.8
2019-09-16 20:00:00,32.61
2019-09-16 21:00:00,2.84
2019-09-16 22:00:00,2.84
2019-09-16 23:00:00,2.84
2019-09-17 00:00:00,2.84
2019-09-17 01:00:00,2.84
2019-09-17 02:00:00,2.84
2019-09-17 03:00:00,2.84
2019-09-17 04:00:00,2.84
2019-09-17 05:00:00,2.84
2019-09-17 06:00:00,2.84
2019-09-17 07:00:00,2.84
2019-09-17 08:00:00,2.84
2019-09-17 09:00:00,2.84
2019-09-17 10:00:00,2.84
2019-09-17 11:00:00,2.84
2019-09-17 12:00:00,2.84
2019-09-17 13:00:00,2.84
2019-09-17 14:00:00,2.84
2019-09-17 15:00:00,2.84
2019-09-17 16:00:00,2.84
2019-09-17 17:00:00,2.84
2019-09-17 18:00:00,2.84
2019-09-17 19:00:00,29.13
2019-09-17 20:00:00,31.57
2019-09-17 21:00:00,31.73
2019-09-17 22:00:00,2.84
2019-09-17 23:00:00,2.84
2019-09-18 00:00:00,2.84
2019-09-18 01:00:00,2.84
2019-09-18 02:00:00,2.84
2019-09-18 03:00:00,2.84
2019-09-18 04:00:00,2.84
2019-09-18 05:00:00,31.25
2019-09-18 06:00:00,33.8
2019-09-18 07:00:00,22.23
2019-09-18 08:00:00,2.84
2019-09-18 09:00:00,2.84
2019-09-18 10:00:00,2.84
2019-09-18 11:00:00,2.84
2019-09-18 12:00:00,2.84
2019-09-18 13:00:00,2.84
2019-09-18 14:00:00,2.84
2019-09-18 15:00:00,2.84
2019-09-18 16:00:00,2.84
2019-09-18 17:00:00,2.84
2019-09-18 18:00:00,2.84
2019-09-18 19:00:00,36.73
2019-09-18 20:00:00,33.78
2019-09-18 21:00:00,27.92
2019-09-18 22:00:00,29.28
2019-09-18 23:00:00,2.84
2019-09-19 00:00:00,2.84
2019-09-19 01:00:00,2.84
2019-09-19 02:00:00,2.84
2019-09-19 03:00:00,2.84
2019-09-19 04:00:00,2.84
2019-09-19 05:00:00,2.84
2019-09-19 06:00:00,2.84
2019-09-19 07:00:00,2.84
2019-09-19 08:00:00,2.84
2019-09-19 09:00:00,2.84
2019-09-19 10:00:00,2.84
2019-09-19 11:00:00,2.84
2019-09-19 12:00:00,2.84
2019-09-19 13:00:00,2.84
2019-09-19 14:00:00,2.84
2019-09-19 15:00:00,2.84
2019-09-19 16:00:00,2.84
2019-09-19 17:00:00,2.84
2019-09-19 18:00:00,2.84
2019-09-19 19:00:00,34.54
2019-09-19 20:00:00,35.43
2019-09-19 21:00:00,35.74
2019-09-19 22:00:00,5.39
2019-09-19 23:00:00,2.84
2019-09-20 00:00:00,2.84
2019-09-20 01:00:00,2.84
2019-09-20 02:00:00,2.84
2019-09-20 03:00:00,2.84
2019-09-20 04:00:00,2.84
2019-09-20 05:00:00,2.84
2019-09-20 06:00:00,2.84
2019-09-20 07:00:00,2.84
2019-09-20 08:00:00,2.84
2019-09-20 09:00:00,2.84
2019-09-20 10:00:00,2.84
2019-09-20 11:00:00,2.84
2019-09-20 12:00:00,2.84
2019-09-20 13:00:00,2.84
2019-09-20 14:00:00,2.84
2019-09-20 15:00:00,2.84
2019-09-20 16:00:00,2.84
2019-09-20 17:00:00,2.84
2019-09-20 18:00:00,2.84
2019-09-20 19:00:00,34.31
2019-09-20 20:00:00,30.63
2019-09-20 21:00:00,31.38
2019-09-20 22:00:00,2.84
2019-09-20 23:00:00,2.84
2019-09-21 00:00:00,2.84
2019-09-21 01:00:00,2.84
2019-09-21 02:00:00,2.84
2019-09-21 03:00:00,2.84
2019-09-21 04:00:00,2.84
2019-09-21 05:00:00,2.84
2019-09-21 06:00:00,2.84
2019-09-21 07:00:00,2.84
2019-09-21 08:00:00,2.84
2019-09-21 09:00:00,2.84
2019-09-21 10:00:00,2.84
2019-09-21 11:00:00,2.84
2019-09-21 12:00:00,2.84
2019-09-21 13:00:00,2.84
2019-09-21 14:00:00,2.84
2019-09-21 15:00:00,2.84
2019-09-21 16:00:00,2.84
2019-09-21 17:00:00,2.84
2019-09-21 18:00:00,2.84
2019-09-21 19:00:00,2.84
2019-09-21 20:00:00,2.84
2019-09-21 21:00:00,2.84
2019-09-21 22:00:00,2.84
2019-09-21 23:00:00,2.84
2019-09-22 00:00:00,2.84
2019-09-22 01:00:00,2.84
2019-09-22 02:00:00,2.84
2019-09-22 03:00:00,2.84
2019-09-22 04:00:00,2.84
2019-09-22 05:00:00,2.84
2019-09-22 06:00:00,2.84
2019-09-22 07:00:00,2.84
2019-09-22 08:00:00,2.84
2019-09-22 09:00:00,2.84
2019-09-22 10:00:00,2.84
2019-09-22 11:00:00,2.84
2019-09-22 12:00:00,2.84
2019-09-22 13:00:00,2.84
2019-09-22 14:00:00,2.84
2019-09-22 15:00:00,2.84
2019-09-22 16:00:00,2.84
2019-09-22 17:00:00,2.84
2019-09-22 18:00:00,2.84
2019-09-22 19:00:00,2.84
2019-09-22 20:00:00,2.84
2019-09-22 21:00:00,2.84
2019-09-22 22:00:00,2.84
2019-09-22 23:00:00,2.84
2019-09-23 00:00:00,2.84
2019-09-23 01:00:00,2.84
2019-09-23 02:00:00,2.84
2019-09-23 03:00:00,2.84
2019-09-23 04:00:00,2.84
2019-09-23 05:00:00,2.84
2019-09-23 06:00:00,2.84
2019-09-23 07:00:00,2.84
2019-09-23 08:00:00,2.84
2019-09-23 09:00:00,2.84
2019-09-23 10:00:00,2.84
2019-09-23 11:00:00,2.84
2019-09-23 12:00:00,2.84
2019-09-23 13:00:00,2.84
2019-09-23 14:00:00,2.84
2019-09-23 15:00:00,2.84
2019-09-23 16:00:00,2.84
2019-09-23 17:00:00,2.84
2019-09-23 18:00:00,5.05
2019-09-23 19:00:00,33.92
2019-09-23 20:00:00,34.96
2019-09-23 21:00:00,33.45
2019-09-23 22:00:00,2.84
2019-09-23 23:00:00,2.84
2019-09-24 00:00:00,2.84
2019-09-24 01:00:00,2.84
2019-09-24 02:00:00,2.84
2019-09-24 03:00:00,2.84
2019-09-24 04:00:00,2.84
2019-09-24 05:00:00,2.84
2019-09-24 06:00:00,2.84
2019-09-24 07:00:00,2.84
2019-09-24 08:00:00,2.84
2019-09-24 09:00:00,2.84
2019-09-24 10:00:00,2.84
2019-09-24 11:00:00,2.84
2019-09-24 12:00:00,2.84
2019-09-24 13:00:00,2.84
2019-09-24 14:00:00,2.84
2019-09-24 15:00:00,2.84
2019-09-24 16:00:00,2.84
2019-09-24 17:00:00,2.84
2019-09-24 18:00:00,6.4
2019-09-24 19:00:00,36.47
2019-09-24 20:00:00,34.96
2019-09-24 21:00:00,34.61
2019-09-24 22:00:00,2.84
2019-09-24 23:00:00,2.84
2019-09-25 00:00:00,2.84
2019-09-25 01:00:00,2.84
2019-09-25 02:00:00,2.84
2019-09-25 03:00:00,2.84
2019-09-25 04:00:00,2.84
2019-09-25 05:00:00,2.84
2019-09-25 06:00:00,2.84
2019-09-25 07:00:00,2.84
2019-09-25 08:00:00,2.84
2019-09-25 09:00:00,2.84
2019-09-25 10:00:00,2.84
2019-09-25 11:00:00,2.84
2019-09-25 12:00:00,2.84
2019-09-25 13:00:00,2.84
2019-09-25 14:00:00,2.84
2019-09-25 15:00:00,2.84
2019-09-25 16:00:00,2.84
2019-09-25 17:00:00,2.84
2019-09-25 18:00:00,2.84
2019-09-25 19:00:00,32.59
2019-09-25 20:00:00,33.71
2019-09-25 21:00:00,32.19
2019-09-25 22:00:00,2.84
2019-09-25 23:00:00,2.84
2019-09-26 00:00:00,2.84
2019-09-26 01:00:00,7.58
2019-09-26 02:00:00,7.58
2019-09-26 03:00:00,7.58
2019-09-26 04:00:00,7.58
2019-09-26 05:00:00,7.58
2019-09-26 06:00:00,7.58
2019-09-26 07:00:00,7.58
2019-09-26 08:00:00,7.58
2019-09-26 09:00:00,7.58
2019-09-26 10:00:00,7.58
2019-09-26 11:00:00,7.58
2019-09-26 12:00:00,7.58
2019-09-26 13:00:00,7.58
2019-09-26 14:00:00,7.58
2019-09-26 15:00:00,7.58
2019-09-26 16:00:00,7.58
2019-09-26 17:00:00,7.58
2019-09-26 18:00:00,7.58
2019-09-26 19:00:00,35.5
2019-09-26 20:00:00,37.32
2019-09-26 21:00:00,36.44
2019-09-26 22:00:00,7.58
2019-09-26 23:00:00,7.58
2019-09-27 00:00:00,7.58
2019-09-27 01:00:00,7.58
2019-09-27 02:00:00,7.58
2019-09-27 03:00:00,7.58
2019-09-27 04:00:00,7.58
2019-09-27 05:00:00,7.58
2019-09-27 06:00:00,7.58
2019-09-27 07:00:00,7.58
2019-09-27 08:00:00,7.58
2019-09-27 09:00:00,7.58
2019-09-27 10:00:00,7.58
2019-09-27 11:00:00,7.58
2019-09-27 12:00:00,7.58
2019-09-27 13:00:00,7.58
2019-09-27 14:00:00,7.58
2019-09-27 15:00:00,7.58
2019-09-27 16:00:00,7.58
2019-09-27 17:00:00,7.58
2019-09-27 18:00:00,7.58
2019-09-27 19:00:00,35.93
2019-09-27 20:00:00,37.67
2019-09-27 21:00:00,31.01
2019-09-27 22:00:00,7.58
2019-09-27 23:00:00,7.58
2019-09-28 00:00:00,7.58
2019-09-28 01:00:00,7.58
2019-09-28 02:00:00,7.58
2019-09-28 03:00:00,7.58
2019-09-28 04:00:00,7.58
2019-09-28 05:00:00,7.58
2019-09-28 06:00:00,7.58
2019-09-28 07:00:00,7.58
2019-09-28 08:00:00,7.58
2019-09-28 09:00:00,7.58
2019-09-28 10:00:00,7.58
2019-09-28 11:00:00,7.58
2019-09-28 12:00:00,7.58
2019-09-28 13:00:00,7.58
2019-09-28 14:00:00,7.58
2019-09-28 15:00:00,7.58
2019-09-28 16:00:00,7.58
2019-09-28 17:00:00,7.58
2019-09-28 18:00:00,7.58
2019-09-28 19:00:00,7.58
2019-09-28 20:00:00,7.58
2019-09-28 21:00:00,7.58
2019-09-28 22:00:00,7.58
2019-09-28 23:00:00,7.58
2019-09-29 00:00:00,7.58
2019-09-29 01:00:00,7.58
2019-09-29 02:00:00,7.58
2019-09-29 03:00:00,7.58
2019-09-29 04:00:00,7.58
2019-09-29 05:00:00,7.58
2019-09-29 06:00:00,7.58
2019-09-29 07:00:00,7.58
2019-09-29 08:00:00,7.58
2019-09-29 09:00:00,7.58
2019-09-29 10:00:00,7.58
2019-09-29 11:00:00,7.58
2019-09-29 12:00:00,7.58
2019-09-29 13:00:00,7.58
2019-09-29 14:00:00,7.58
2019-09-29 15:00:00,7.58
2019-09-29 16:00:00,7.58
2019-09-29 17:00:00,7.58
2019-09-29 18:00:00,7.58
2019-09-29 19:00:00,7.58
2019-09-29 20:00:00,7.58
2019-09-29 21:00:00,7.58
2019-09-29 22:00:00,7.58
2019-09-29 23:00:00,7.58
2019-09-30 00:00:00,7.58
2019-09-30 01:00:00,7.58
2019-09-30 02:00:00,7.58
2019-09-30 03:00:00,7.58
2019-09-30 04:00:00,7.58
2019-09-30 05:00:00,7.58
2019-09-30 06:00:00,7.58
2019-09-30 07:00:00,7.58
2019-09-30 08:00:00,7.58
2019-09-30 09:00:00,7.58
2019-09-30 10:00:00,7.58
2019-09-30 11:00:00,7.58
2019-09-30 12:00:00,7.58
2019-09-30 13:00:00,7.58
2019-09-30 14:00:00,7.58
2019-09-30 15:00:00,7.58
2019-09-30 16:00:00,7.58
2019-09-30 17:00:00,7.58
2019-09-30 18:00:00,7.58
2019-09-30 19:00:00,38.91
2019-09-30 20:00:00,39.74
2019-09-30 21:00:00,30.96
2019-09-30 22:00:00,7.58
2019-09-30 23:00:00,7.58
2019-10-01 00:00:00,7.58
2019-10-01 01:00:00,7.58
2019-10-01 02:00:00,7.58
2019-10-01 03:00:00,7.58
2019-10-01 04:00:00,7.58
2019-10-01 05:00:00,7.58
2019-10-01 06:00:00,7.58
2019-10-01 07:00:00,7.58
2019-10-01 08:00:00,7.58
2019-10-01 09:00:00,7.58
2019-10-01 10:00:00,7.58
2019-10-01 11:00:00,7.58
2019-10-01 12:00:00,7.58
2019-10-01 13:00:00,7.58
2019-10-01 14:00:00,7.58
2019-10-01 15:00:00,7.58
2019-10-01 16:00:00,7.58
2019-10-01 17:00:00,7.58
2019-10-01 18:00:00,7.58
2019-10-01 19:00:00,7.58
2019-10-01 20:00:00,7.58
2019-10-01 21:00:00,7.58
2019-10-01 22:00:00,7.58
2019-10-01 23:00:00,7.58
2019-10-02 00:00:00,7.58
2019-10-02 01:00:00,7.58
2019-10-02 02:00:00,7.58
2019-10-02 03:00:00,7.58
2019-10-02 04:00:00,7.58
2019-10-02 05:00:00,7.58
2019-10-02 06:00:00,7.58
2019-10-02 07:00:00,7.58
2019-10-02 08:00:00,7.58
2019-10-02 09:00:00,7.58
2019-10-02 10:00:00,7.58
2019-10-02 11:00:00,7.58
2019-10-02 12:00:00,7.58
2019-10-02 13:00:00,7.58
2019-10-02 14:00:00,7.58
2019-10-02 15:00:00,7.58
2019-10-02 16:00:00,7.58
2019-10-02 17:00:00,7.58
2019-10-02 18:00:00,7.58
2019-10-02 19:00:00,7.58
2019-10-02 20:00:00,7.58
2019-10-02 21:00:00,7.58
2019-10-02 22:00:00,7.58
2019-10-02 23:00:00,7.58
2019-10-03 00:00:00,7.58
2019-10-03 01:00:00,7.58
2019-10-03 02:00:00,7.58
2019-10-03 03:00:00,7.58
2019-10-03 04:00:00,7.58
2019-10-03 05:00:00,7.58
2019-10-03 06:00:00,7.58
2019-10-03 07:00:00,7.58
2019-10-03 08:00:00,7.58
2019-10-03 09:00:00,7.58
2019-10-03 10:00:00,7.58
2019-10-03 11:00:00,7.58
2019-10-03 12:00:00,7.58
2019-10-03 13:00:00,7.58
2019-10-03 14:00:00,7.58
2019-10-03 15:00:00,7.58
2019-10-03 16:00:00,7.58
2019-10-03 17:00:00,7.58
2019-10-03 18:00:00,7.58
2019-10-03 19:00:00,7.58
2019-10-03 20:00:00,7.58
2019-10-03 21:00:00,7.58
2019-10-03 22:00:00,7.58
2019-10-03 23:00:00,7.58
2019-10-04 00:00:00,7.58
2019-10-04 01:00:00,7.58
2019-10-04 02:00:00,7.58
2019-10-04 03:00:00,7.58
2019-10-04 04:00:00,7.58
2019-10-04 05:00:00,7.58
2019-10-04 06:00:00,7.58
2019-10-04 07:00:00,7.58
2019-10-04 08:00:00,7.58
2019-10-04 09:00:00,7.58
2019-10-04 10:00:00,7.58
2019-10-04 11:00:00,8.71
2019-10-04 12:00:00,8.71
2019-10-04 13:00:00,8.71
2019-10-04 14:00:00,8.71
2019-10-04 15:00:00,8.71
2019-10-04 16:00:00,8.71
2019-10-04 17:00:00,8.71
2019-10-04 18:00:00,8.71
2019-10-04 19:00:00,8.71
2019-10-04 20:00:00,8.71
2019-10-04 21:00:00,8.71
2019-10-04 22:00:00,8.71
2019-10-04 23:00:00,8.71
2019-10-05 00:00:00,8.71
2019-10-05 01:00:00,8.71
2019-10-05 02:00:00,8.71
2019-10-05 03:00:00,8.71
2019-10-05 04:00:00,8.71
2019-10-05 05:00:00,8.71
2019-10-05 06:00:00,8.71
2019-10-05 07:00:00,8.71
2019-10-05 08:00:00,8.71
2019-10-05 09:00:00,8.71
2019-10-05 10:00:00,8.71
2019-10-05 11:00:00,8.71
2019-10-05 12:00:00,8.71
2019-10-05 13:00:00,8.71
2019-10-05 14:00:00,8.71
2019-10-05 15:00:00,8.71
2019-10-05 16:00:00,8.71
2019-10-05 17:00:00,8.71
2019-10-05 18:00:00,8.71
2019-10-05 19:00:00,8.71
2019-10-05 20:00:00,8.71
2019-10-05 21:00:00,8.71
2019-10-05 22:00:00,8.71
2019-10-05 23:00:00,8.71
2019-10-06 00:00:00,8.71
2019-10-06 01:00:00,8.71
2019-10-06 02:00:00,8.71
2019-10-06 03:00:00,8.71
2019-10-06 04:00:00,8.71
2019-10-06 05:00:00,8.71
2019-10-06 06:00:00,8.71
2019-10-06 07:00:00,8.71
2019-10-06 08:00:00,8.71
2019-10-06 09:00:00,8.71
2019-10-06 10:00:00,8.71
2019-10-06 11:00:00,8.71
2019-10-06 12:00:00,8.71
2019-10-06 13:00:00,8.71
2019-10-06 14:00:00,8.71
2019-10-06 15:00:00,8.71
2019-10-06 16:00:00,8.71
2019-10-06 17:00:00,8.71
2019-10-06 18:00:00,8.71
2019-10-06 19:00:00,8.71
2019-10-06 20:00:00,8.71
2019-10-06 21:00:00,8.71
2019-10-06 22:00:00,8.71
2019-10-06 23:00:00,8.71
2019-10-07 00:00:00,8.71
2019-10-07 01:00:00,8.71
2019-10-07 02:00:00,8.71
2019-10-07 03:00:00,8.71
2019-10-07 04:00:00,8.71
2019-10-07 05:00:00,8.71
2019-10-07 06:00:00,8.71
2019-10-07 07:00:00,8.71
2019-10-07 08:00:00,8.71
2019-10-07 09:00:00,8.71
2019-10-07 10:00:00,8.71
2019-10-07 11:00:00,8.71
2019-10-07 12:00:00,8.71
2019-10-07 13:00:00,8.71
2019-10-07 14:00:00,8.71
2019-10-07 15:00:00,8.71
2019-10-07 16:00:00,8.71
2019-10-07 17:00:00,8.71
2019-10-07 18:00:00,8.71
2019-10-07 19:00:00,8.71
2019-10-07 20:00:00,8.71
2019-10-07 21:00:00,8.71
2019-10-07 22:00:00,8.71
2019-10-07 23:00:00,8.71
2019-10-08 00:00:00,8.71
2019-10-08 01:00:00,8.71
2019-10-08 02:00:00,8.71
2019-10-08 03:00:00,8.71
2019-10-08 04:00:00,8.71
2019-10-08 05:00:00,8.71
2019-10-08 06:00:00,8.71
2019-10-08 07:00:00,8.71
2019-10-08 08:00:00,8.71
2019-10-08 09:00:00,8.71
2019-10-08 10:00:00,8.71
2019-10-08 11:00:00,8.71
2019-10-08 12:00:00,8.71
2019-10-08 13:00:00,8.71
2019-10-08 14:00:00,8.71
2019-10-08 15:00:00,8.71
2019-10-08 16:00:00,8.71
2019-10-08 17:00:00,8.71
2019-10-08 18:00:00,8.71
2019-10-08 19:00:00,8.71
2019-10-08 20:00:00,8.71
2019-10-08 21:00:00,8.71
2019-10-08 22:00:00,8.71
2019-10-08 23:00:00,8.71
2019-10-09 00:00:00,8.71
2019-10-09 01:00:00,8.71
2019-10-09 02:00:00,8.71
2019-10-09 03:00:00,8.71
2019-10-09 04:00:00,8.71
2019-10-09 05:00:00,8.71
2019-10-09 06:00:00,8.71
2019-10-09 07:00:00,8.71
2019-10-09 08:00:00,8.71
2019-10-09 09:00:00,8.71
2019-10-09 10:00:00,8.71
2019-10-09 11:00:00,8.71
2019-10-09 12:00:00,8.71
2019-10-09 13:00:00,8.71
2019-10-09 14:00:00,8.71
2019-10-09 15:00:00,8.71
2019-10-09 16:00:00,8.71
2019-10-09 17:00:00,8.71
2019-10-09 18:00:00,8.71
2019-10-09 19:00:00,8.71
2019-10-09 20:00:00,8.71
2019-10-09 21:00:00,8.71
2019-10-09 22:00:00,8.71
2019-10-09 23:00:00,8.71
2019-10-10 00:00:00,8.71
2019-10-10 01:00:00,8.71
2019-10-10 02:00:00,8.71
2019-10-10 03:00:00,8.71
2019-10-10 04:00:00,8.71
2019-10-10 05:00:00,8.71
2019-10-10 06:00:00,8.71
2019-10-10 07:00:00,8.71
2019-10-10 08:00:00,8.71
2019-10-10 09:00:00,8.71
2019-10-10 10:00:00,8.71
2019-10-10 11:00:00,8.71
2019-10-10 12:00:00,8.71
2019-10-10 13:00:00,8.71
2019-10-10 14:00:00,8.71
2019-10-10 15:00:00,8.71
2019-10-10 16:00:00,8.71
2019-10-10 17:00:00,8.71
2019-10-10 18:00:00,8.71
2019-10-10 19:00:00,8.71
2019-10-10 20:00:00,8.71
2019-10-10 21:00:00,8.71
2019-10-10 22:00:00,8.71
2019-10-10 23:00:00,8.71
2019-10-11 00:00:00,8.71
2019-10-11 01:00:00,8.71
2019-10-11 02:00:00,8.71
2019-10-11 03:00:00,8.71
2019-10-11 04:00:00,8.71
2019-10-11 05:00:00,8.71
2019-10-11 06:00:00,8.71
2019-10-11 07:00:00,8.71
2019-10-11 08:00:00,8.71
2019-10-11 09:00:00,8.71
2019-10-11 10:00:00,8.71
2019-10-11 11:00:00,8.71
2019-10-11 12:00:00,8.71
2019-10-11 13:00:00,8.71
2019-10-11 14:00:00,8.71
2019-10-11 15:00:00,8.71
2019-10-11 16:00:00,8.71
2019-10-11 17:00:00,8.71
2019-10-11 18:00:00,8.71
2019-10-11 19:00:00,8.71
2019-10-11 20:00:00,8.71
2019-10-11 21:00:00,8.71
2019-10-11 22:00:00,8.71
2019-10-11 23:00:00,8.71
2019-10-12 00:00:00,8.71
2019-10-12 01:00:00,8.71
2019-10-12 02:00:00,8.71
2019-10-12 03:00:00,8.71
2019-10-12 04:00:00,8.71
2019-10-12 05:00:00,8.71
2019-10-12 06:00:00,8.71
2019-10-12 07:00:00,8.71
2019-10-12 08:00:00,8.71
2019-10-12 09:00:00,8.71
2019-10-12 10:00:00,8.71
2019-10-12 11:00:00,8.71
2019-10-12 12:00:00,8.71
2019-10-12 13:00:00,8.71
2019-10-12 14:00:00,8.71
2019-10-12 15:00:00,8.71
2019-10-12 16:00:00,8.71
2019-10-12 17:00:00,8.71
2019-10-12 18:00:00,8.71
2019-10-12 19:00:00,8.71
2019-10-12 20:00:00,8.71
2019-10-12 21:00:00,8.71
2019-10-12 22:00:00,8.71
2019-10-12 23:00:00,8.71
2019-10-13 00:00:00,8.71
2019-10-13 01:00:00,8.71
2019-10-13 02:00:00,8.71
2019-10-13 03:00:00,8.71
2019-10-13 04:00:00,8.71
2019-10-13 05:00:00,8.71
2019-10-13 06:00:00,8.71
2019-10-13 07:00:00,8.71
2019-10-13 08:00:00,8.71
2019-10-13 09:00:00,8.71
2019-10-13 10:00:00,8.71
2019-10-13 11:00:00,8.71
2019-10-13 12:00:00,8.71
2019-10-13 13:00:00,8.71
2019-10-13 14:00:00,8.71
2019-10-13 15:00:00,8.71
2019-10-13 16:00:00,8.71
2019-10-13 17:00:00,8.71
2019-10-13 18:00:00,8.71
2019-10-13 19:00:00,8.71
2019-10-13 20:00:00,8.71
2019-10-13 21:00:00,8.71
2019-10-13 22:00:00,8.71
2019-10-13 23:00:00,8.71
2019-10-14 00:00:00,8.71
2019-10-14 01:00:00,8.71
2019-10-14 02:00:00,8.71
2019-10-14 03:00:00,8.71
2019-10-14 04:00:00,8.71
2019-10-14 05:00:00,8.71
2019-10-14 06:00:00,8.71
2019-10-14 07:00:00,8.71
2019-10-14 08:00:00,8.71
2019-10-14 09:00:00,8.71
2019-10-14 10:00:00,8.71
2019-10-14 11:00:00,8.71
2019-10-14 12:00:00,39.79
2019-10-14 13:00:00,46.44
2019-10-14 14:00:00,39.13
2019-10-14 15:00:00,8.71
2019-10-14 16:00:00,8.71
2019-10-14 17:00:00,8.71
2019-10-14 18:00:00,8.71
2019-10-14 19:00:00,8.71
2019-10-14 20:00:00,8.71
2019-10-14 21:00:00,8.71
2019-10-14 22:00:00,8.71
2019-10-14 23:00:00,8.71
2019-10-15 00:00:00,8.71
2019-10-15 01:00:00,9.84
2019-10-15 02:00:00,9.84
2019-10-15 03:00:00,9.84
2019-10-15 04:00:00,9.84
2019-10-15 05:00:00,9.84
2019-10-15 06:00:00,9.84
2019-10-15 07:00:00,9.84
2019-10-15 08:00:00,9.84
2019-10-15 09:00:00,9.84
2019-10-15 10:00:00,9.84
2019-10-15 11:00:00,9.84
2019-10-15 12:00:00,9.84
2019-10-15 13:00:00,9.84
2019-10-15 14:00:00,9.84
2019-10-15 15:00:00,9.84
2019-10-15 16:00:00,9.84
2019-10-15 17:00:00,9.84
2019-10-15 18:00:00,9.84
2019-10-15 19:00:00,9.84
2019-10-15 20:00:00,9.84
2019-10-15 21:00:00,9.84
2019-10-15 22:00:00,9.84
2019-10-15 23:00:00,9.84
2019-10-16 00:00:00,9.84
2019-10-16 01:00:00,9.84
2019-10-16 02:00:00,9.84
2019-10-16 03:00:00,9.84
2019-10-16 04:00:00,9.84
2019-10-16 05:00:00,9.84
2019-10-16 06:00:00,9.84
2019-10-16 07:00:00,9.84
2019-10-16 08:00:00,9.84
2019-10-16 09:00:00,9.84
2019-10-16 10:00:00,9.84
2019-10-16 11:00:00,9.84
2019-10-16 12:00:00,9.84
2019-10-16 13:00:00,9.84
2019-10-16 14:00:00,9.84
2019-10-16 15:00:00,9.84
2019-10-16 16:00:00,9.84
2019-10-16 17:00:00,9.84
2019-10-16 18:00:00,9.84
2019-10-16 19:00:00,9.84
2019-10-16 20:00:00,9.84
2019-10-16 21:00:00,9.84
2019-10-16 22:00:00,9.84
2019-10-16 23:00:00,9.84
2019-10-17 00:00:00,9.84
2019-10-17 01:00:00,9.84
2019-10-17 02:00:00,9.84
2019-10-17 03:00:00,9.84
2019-10-17 04:00:00,9.84
2019-10-17 05:00:00,9.84
2019-10-17 06:00:00,9.84
2019-10-17 07:00:00,9.84
2019-10-17 08:00:00,9.84
2019-10-17 09:00:00,9.84
2019-10-17 10:00:00,9.84
2019-10-17 11:00:00,9.84
2019-10-17 12:00:00,9.84
2019-10-17 13:00:00,9.84
2019-10-17 14:00:00,9.84
2019-10-17 15:00:00,9.84
2019-10-17 16:00:00,9.84
2019-10-17 17:00:00,9.84
2019-10-17 18:00:00,9.84
2019-10-17 19:00:00,9.84
2019-10-17 20:00:00,9.84
2019-10-17 21:00:00,9.84
2019-10-17 22:00:00,9.84
2019-10-17 23:00:00,9.84
2019-10-18 00:00:00,9.84
2019-10-18 01:00:00,9.84
2019-10-18 02:00:00,9.84
2019-10-18 03:00:00,9.84
2019-10-18 04:00:00,9.84
2019-10-18 05:00:00,9.84
2019-10-18 06:00:00,9.84
2019-10-18 07:00:00,9.84
2019-10-18 08:00:00,9.84
2019-10-18 09:00:00,9.84
2019-10-18 10:00:00,9.84
2019-10-18 11:00:00,9.84
2019-10-18 12:00:00,9.84
2019-10-18 13:00:00,9.84
2019-10-18 14:00:00,9.84
2019-10-18 15:00:00,9.84
2019-10-18 16:00:00,9.84
2019-10-18 17:00:00,9.84
2019-10-18 18:00:00,9.84
2019-10-18 19:00:00,9.84
2019-10-18 20:00:00,9.84
2019-10-18 21:00:00,9.84
2019-10-18 22:00:00,9.84
2019-10-18 23:00:00,9.84
2019-10-19 00:00:00,9.84
2019-10-19 01:00:00,9.84
2019-10-19 02:00:00,9.84
2019-10-19 03:00:00,9.84
2019-10-19 04:00:00,9.84
2019-10-19 05:00:00,9.84
2019-10-19 06:00:00,9.84
2019-10-19 07:00:00,9.84
2019-10-19 08:00:00,9.84
2019-10-19 09:00:00,9.84
2019-10-19 10:00:00,9.84
2019-10-19 11:00:00,9.84
2019-10-19 12:00:00,9.84
2019-10-19 13:00:00,9.84
2019-10-19 14:00:00,9.84
2019-10-19 15:00:00,9.84
2019-10-19 16:00:00,9.84
2019-10-19 17:00:00,9.84
2019-10-19 18:00:00,9.84
2019-10-19 19:00:00,9.84
2019-10-19 20:00:00,9.84
2019-10-19 21:00:00,9.84
2019-10-19 22:00:00,9.84
2019-10-19 23:00:00,9.84
2019-10-20 00:00:00,9.84
2019-10-20 01:00:00,9.84
2019-10-20 02:00:00,9.84
2019-10-20 03:00:00,9.84
2019-10-20 04:00:00,9.84
2019-10-20 05:00:00,9.84
2019-10-20 06:00:00,9.84
2019-10-20 07:00:00,9.84
2019-10-20 08:00:00,9.84
2019-10-20 09:00:00,9.84
2019-10-20 10:00:00,9.84
2019-10-20 11:00:00,9.84
2019-10-20 12:00:00,9.84
2019-10-20 13:00:00,9.84
2019-10-20 14:00:00,9.84
2019-10-20 15:00:00,9.84
2019-10-20 16:00:00,9.84
2019-10-20 17:00:00,9.84
2019-10-20 18:00:00,9.84
2019-10-20 19:00:00,9.84
2019-10-20 20:00:00,9.84
2019-10-20 21:00:00,9.84
2019-10-20 22:00:00,9.84
2019-10-20 23:00:00,9.84
2019-10-21 00:00:00,9.84
2019-10-21 01:00:00,9.84
2019-10-21 02:00:00,9.84
2019-10-21 03:00:00,9.84
2019-10-21 04:00:00,9.84
2019-10-21 05:00:00,9.84
2019-10-21 06:00:00,9.84
2019-10-21 07:00:00,9.84
2019-10-21 08:00:00,9.84
2019-10-21 09:00:00,9.84
2019-10-21 10:00:00,9.84
2019-10-21 11:00:00,9.84
2019-10-21 12:00:00,9.84
2019-10-21 13:00:00,9.84
2019-10-21 14:00:00,9.84
2019-10-21 15:00:00,9.84
2019-10-21 16:00:00,9.84
2019-10-21 17:00:00,9.84
2019-10-21 18:00:00,9.84
2019-10-21 19:00:00,9.84
2019-10-21 20:00:00,9.84
2019-10-21 21:00:00,9.84
2019-10-21 22:00:00,9.84
2019-10-21 23:00:00,9.84
2019-10-22 00:00:00,9.84
2019-10-22 01:00:00,9.84
2019-10-22 02:00:00,9.84
2019-10-22 03:00:00,9.84
2019-10-22 04:00:00,9.84
2019-10-22 05:00:00,9.84
2019-10-22 06:00:00,9.84
2019-10-22 07:00:00,9.84
2019-10-22 08:00:00,9.84
2019-10-22 09:00:00,9.84
2019-10-22 10:00:00,9.84
2019-10-22 11:00:00,9.84
2019-10-22 12:00:00,9.84
2019-10-22 13:00:00,9.84
2019-10-22 14:00:00,9.84
2019-10-22 15:00:00,9.84
2019-10-22 16:00:00,9.84
2019-10-22 17:00:00,9.84
2019-10-22 18:00:00,9.84
2019-10-22 19:00:00,9.84
2019-10-22 20:00:00,9.84
2019-10-22 21:00:00,9.84
2019-10-22 22:00:00,9.84
2019-10-22 23:00:00,9.84
2019-10-23 00:00:00,9.84
2019-10-23 01:00:00,9.84
2019-10-23 02:00:00,9.84
2019-10-23 03:00:00,9.84
2019-10-23 04:00:00,9.84
2019-10-23 05:00:00,9.84
2019-10-23 06:00:00,9.84
2019-10-23 07:00:00,9.84
2019-10-23 08:00:00,9.84
2019-10-23 09:00:00,9.84
2019-10-23 10:00:00,9.84
2019-10-23 11:00:00,9.84
2019-10-23 12:00:00,9.84
2019-10-23 13:00:00,9.84
2019-10-23 14:00:00,9.84
2019-10-23 15:00:00,9.84
2019-10-23 16:00:00,9.84
2019-10-23 17:00:00,9.84
2019-10-23 18:00:00,9.84
2019-10-23 19:00:00,9.84
2019-10-23 20:00:00,9.84
2019-10-23 21:00:00,9.84
2019-10-23 22:00:00,9.84
2019-10-23 23:00:00,9.84
2019-10-24 00:00:00,9.84
2019-10-24 01:00:00,9.84
2019-10-24 02:00:00,9.84
2019-10-24 03:00:00,9.84
2019-10-24 04:00:00,9.84
2019-10-24 05:00:00,9.84
2019-10-24 06:00:00,9.84
2019-10-24 07:00:00,9.84
2019-10-24 08:00:00,9.84
2019-10-24 09:00:00,9.84
2019-10-24 10:00:00,9.84
2019-10-24 11:00:00,9.84
2019-10-24 12:00:00,9.84
2019-10-24 13:00:00,9.84
2019-10-24 14:00:00,9.84
2019-10-24 15:00:00,9.84
2019-10-24 16:00:00,9.84
2019-10-24 17:00:00,9.84
2019-10-24 18:00:00,9.84
2019-10-24 19:00:00,9.84
2019-10-24 20:00:00,9.84
2019-10-24 21:00:00,9.84
2019-10-24 22:00:00,9.84
2019-10-24 23:00:00,9.84
2019-10-25 00:00:00,9.84
2019-10-25 01:00:00,9.84
2019-10-25 02:00:00,9.84
2019-10-25 03:00:00,9.84
2019-10-25 04:00:00,9.84
2019-10-25 05:00:00,9.84
2019-10-25 06:00:00,9.84
2019-10-25 07:00:00,9.84
2019-10-25 08:00:00,9.84
2019-10-25 09:00:00,9.84
2019-10-25 10:00:00,9.84
2019-10-25 11:00:00,9.84
2019-10-25 12:00:00,9.84
2019-10-25 13:00:00,9.84
2019-10-25 14:00:00,9.84
2019-10-25 15:00:00,9.84
2019-10-25 16:00:00,9.84
2019-10-25 17:00:00,9.84
2019-10-25 18:00:00,9.84
2019-10-25 19:00:00,9.84
2019-10-25 20:00:00,9.84
2019-10-25 21:00:00,9.84
2019-10-25 22:00:00,9.84
2019-10-25 23:00:00,9.84
2019-10-26 00:00:00,9.84
2019-10-26 01:00:00,9.84
2019-10-26 02:00:00,9.84
2019-10-26 03:00:00,9.84
2019-10-26 04:00:00,9.84
2019-10-26 05:00:00,9.84
2019-10-26 06:00:00,9.84
2019-10-26 07:00:00,9.84
2019-10-26 08:00:00,9.84
2019-10-26 09:00:00,9.84
2019-10-26 10:00:00,9.84
2019-10-26 11:00:00,9.84
2019-10-26 12:00:00,9.84
2019-10-26 13:00:00,9.84
2019-10-26 14:00:00,9.84
2019-10-26 15:00:00,9.84
2019-10-26 16:00:00,9.84
2019-10-26 17:00:00,9.84
2019-10-26 18:00:00,9.84
2019-10-26 19:00:00,9.84
2019-10-26 20:00:00,9.84
2019-10-26 21:00:00,9.84
2019-10-26 22:00:00,9.84
2019-10-26 23:00:00,9.84
2019-10-27 00:00:00,9.84
2019-10-27 01:00:00,9.84
2019-10-27 02:00:00,9.84
2019-10-27 03:00:00,9.84
2019-10-27 04:00:00,9.84
2019-10-27 05:00:00,9.84
2019-10-27 06:00:00,9.84
2019-10-27 07:00:00,9.84
2019-10-27 08:00:00,9.84
2019-10-27 09:00:00,9.84
2019-10-27 10:00:00,9.84
2019-10-27 11:00:00,9.84
2019-10-27 12:00:00,9.84
2019-10-27 13:00:00,9.84
2019-10-27 14:00:00,9.84
2019-10-27 15:00:00,9.84
2019-10-27 16:00:00,9.84
2019-10-27 17:00:00,9.84
2019-10-27 18:00:00,9.84
2019-10-27 19:00:00,9.84
2019-10-27 20:00:00,9.84
2019-10-27 21:00:00,9.84
2019-10-27 22:00:00,9.84
2019-10-27 23:00:00,9.84
2019-10-28 00:00:00,9.84
2019-10-28 01:00:00,9.84
2019-10-28 02:00:00,9.84
2019-10-28 03:00:00,9.84
2019-10-28 04:00:00,9.84
2019-10-28 05:00:00,9.84
2019-10-28 06:00:00,9.84
2019-10-28 07:00:00,9.84
2019-10-28 08:00:00,9.84
2019-10-28 09:00:00,9.84
2019-10-28 10:00:00,9.84
2019-10-28 11:00:00,9.84
2019-10-28 12:00:00,9.84
2019-10-28 13:00:00,9.84
2019-10-28 14:00:00,9.84
2019-10-28 15:00:00,19.66
2019-10-28 16:00:00,31.3
2019-10-28 17:00:00,9.84
2019-10-28 18:00:00,9.84
2019-10-28 19:00:00,9.84
2019-10-28 20:00:00,9.84
2019-10-28 21:00:00,9.84
2019-10-28 22:00:00,9.84
2019-10-28 23:00:00,9.84
2019-10-29 00:00:00,9.84
2019-10-29 01:00:00,11.28
2019-10-29 02:00:00,11.28
2019-10-29 03:00:00,11.28
2019-10-29 04:00:00,11.28
2019-10-29 05:00:00,11.28
2019-10-29 06:00:00,11.28
2019-10-29 07:00:00,11.28
2019-10-29 08:00:00,11.28
2019-10-29 09:00:00,11.28
2019-10-29 10:00:00,11.28
2019-10-29 11:00:00,11.28
2019-10-29 12:00:00,11.28
2019-10-29 13:00:00,11.28
2019-10-29 14:00:00,11.28
2019-10-29 15:00:00,11.28
2019-10-29 16:00:00,11.28
2019-10-29 17:00:00,11.28
2019-10-29 18:00:00,11.28
2019-10-29 19:00:00,11.28
2019-10-29 20:00:00,11.28
2019-10-29 21:00:00,11.28
2019-10-29 22:00:00,11.28
2019-10-29 23:00:00,11.28
2019-10-30 00:00:00,11.28
2019-10-30 01:00:00,11.28
2019-10-30 02:00:00,11.28
2019-10-30 03:00:00,11.28
2019-10-30 04:00:00,11.28
2019-10-30 05:00:00,11.28
2019-10-30 06:00:00,11.28
2019-10-30 07:00:00,11.28
2019-10-30 08:00:00,11.28
2019-10-30 09:00:00,11.28
2019-10-30 10:00:00,11.28
2019-10-30 11:00:00,11.28
2019-10-30 12:00:00,11.28
2019-10-30 13:00:00,11.28
2019-10-30 14:00:00,11.28
2019-10-30 15:00:00,11.28
2019-10-30 16:00:00,11.28
2019-10-30 17:00:00,11.28
2019-10-30 18:00:00,11.28
2019-10-30 19:00:00,11.28
2019-10-30 20:00:00,11.28
2019-10-30 21:00:00,11.28
2019-10-30 22:00:00,11.28
2019-10-30 23:00:00,11.28
2019-10-31 00:00:00,11.28
2019-10-31 01:00:00,11.28
2019-10-31 02:00:00,11.28
2019-10-31 03:00:00,11.28
2019-10-31 04:00:00,11.28
2019-10-31 05:00:00,11.28
2019-10-31 06:00:00,11.28
2019-10-31 07:00:00,11.28
2019-10-31 08:00:00,11.28
2019-10-31 09:00:00,11.28
2019-10-31 10:00:00,11.28
2019-10-31 11:00:00,11.28
2019-10-31 12:00:00,11.28
2019-10-31 13:00:00,11.28
2019-10-31 14:00:00,11.28
2019-10-31 15:00:00,11.28
2019-10-31 16:00:00,11.28
2019-10-31 17:00:00,11.28
2019-10-31 18:00:00,11.28
2019-10-31 19:00:00,11.28
2019-10-31 20:00:00,11.28
2019-10-31 21:00:00,11.28
2019-10-31 22:00:00,11.28
2019-10-31 23:00:00,11.28
2019-11-01 00:00:00,11.28
2019-11-01 01:00:00,11.28
2019-11-01 02:00:00,11.28
2019-11-01 03:00:00,11.28
2019-11-01 04:00:00,11.28
2019-11-01 05:00:00,11.28
2019-11-01 06:00:00,11.28
2019-11-01 07:00:00,11.28
2019-11-01 08:00:00,11.28
2019-11-01 09:00:00,11.28
2019-11-01 10:00:00,11.28
2019-11-01 11:00:00,11.28
2019-11-01 12:00:00,11.28
2019-11-01 13:00:00,11.28
2019-11-01 14:00:00,11.28
2019-11-01 15:00:00,11.28
2019-11-01 16:00:00,11.28
2019-11-01 17:00:00,11.28
2019-11-01 18:00:00,11.28
2019-11-01 19:00:00,11.28
2019-11-01 20:00:00,11.28
2019-11-01 21:00:00,11.28
2019-11-01 22:00:00,11.28
2019-11-01 23:00:00,11.28
2019-11-02 00:00:00,11.28
2019-11-02 01:00:00,11.28
2019-11-02 02:00:00,11.28
2019-11-02 03:00:00,11.28
2019-11-02 04:00:00,11.28
2019-11-02 05:00:00,11.28
2019-11-02 06:00:00,11.28
2019-11-02 07:00:00,11.28
2019-11-02 08:00:00,11.28
2019-11-02 09:00:00,11.28
2019-11-02 10:00:00,11.28
2019-11-02 11:00:00,11.28
2019-11-02 12:00:00,11.28
2019-11-02 13:00:00,11.28
2019-11-02 14:00:00,11.28
2019-11-02 15:00:00,11.28
2019-11-02 16:00:00,11.28
2019-11-02 17:00:00,11.28
2019-11-02 18:00:00,11.28
2019-11-02 19:00:00,11.28
2019-11-02 20:00:00,11.28
2019-11-02 21:00:00,11.28
2019-11-02 22:00:00,11.28
2019-11-02 23:00:00,11.28
2019-11-03 00:00:00,11.28
2019-11-03 01:00:00,11.28
2019-11-03 02:00:00,11.28
2019-11-03 03:00:00,11.28
2019-11-03 04:00:00,11.28
2019-11-03 05:00:00,11.28
2019-11-03 06:00:00,11.28
2019-11-03 07:00:00,11.28
2019-11-03 08:00:00,11.28
2019-11-03 09:00:00,11.28
2019-11-03 10:00:00,11.28
2019-11-03 11:00:00,11.28
2019-11-03 12:00:00,11.28
2019-11-03 13:00:00,11.28
2019-11-03 14:00:00,11.28
2019-11-03 15:00:00,11.28
2019-11-03 16:00:00,11.28
2019-11-03 17:00:00,11.28
2019-11-03 18:00:00,11.28
2019-11-03 19:00:00,11.28
2019-11-03 20:00:00,11.28
2019-11-03 21:00:00,11.28
2019-11-03 22:00:00,11.28
2019-11-03 23:00:00,11.28
2019-11-04 00:00:00,11.28
2019-11-04 01:00:00,11.28
2019-11-04 02:00:00,11.28
2019-11-04 03:00:00,11.28
2019-11-04 04:00:00,11.28
2019-11-04 05:00:00,11.28
2019-11-04 06:00:00,11.28
2019-11-04 07:00:00,11.28
2019-11-04 08:00:00,11.28
2019-11-04 09:00:00,11.28
2019-11-04 10:00:00,11.28
2019-11-04 11:00:00,11.28
2019-11-04 12:00:00,11.28
2019-11-04 13:00:00,11.28
2019-11-04 14:00:00,11.28
2019-11-04 15:00:00,11.28
2019-11-04 16:00:00,11.28
2019-11-04 17:00:00,11.28
2019-11-04 18:00:00,11.28
2019-11-04 19:00:00,41.07
2019-11-04 20:00:00,43.39
2019-11-04 21:00:00,11.28
2019-11-04 22:00:00,11.28
2019-11-04 23:00:00,11.28
2019-11-05 00:00:00,11.28
2019-11-05 01:00:00,11.28
2019-11-05 02:00:00,11.28
2019-11-05 03:00:00,11.28
2019-11-05 04:00:00,11.28
2019-11-05 05:00:00,11.28
2019-11-05 06:00:00,11.28
2019-11-05 07:00:00,11.28
2019-11-05 08:00:00,11.28
2019-11-05 09:00:00,11.28
2019-11-05 10:00:00,11.28
2019-11-05 11:00:00,11.28
2019-11-05 12:00:00,11.28
2019-11-05 13:00:00,11.28
2019-11-05 14:00:00,11.28
2019-11-05 15:00:00,11.28
2019-11-05 16:00:00,11.28
2019-11-05 17:00:00,11.28
2019-11-05 18:00:00,15.33
2019-11-05 19:00:00,46.31
2019-11-05 20:00:00,41.33
2019-11-05 21:00:00,11.28
2019-11-05 22:00:00,11.28
2019-11-05 23:00:00,11.28
2019-11-06 00:00:00,11.28
2019-11-06 01:00:00,11.28
2019-11-06 02:00:00,11.28
2019-11-06 03:00:00,11.28
2019-11-06 04:00:00,11.28
2019-11-06 05:00:00,11.28
2019-11-06 06:00:00,11.28
2019-11-06 07:00:00,11.28
2019-11-06 08:00:00,11.28
2019-11-06 09:00:00,11.28
2019-11-06 10:00:00,11.28
2019-11-06 11:00:00,11.28
2019-11-06 12:00:00,11.28
2019-11-06 13:00:00,11.28
2019-11-06 14:00:00,11.28
2019-11-06 15:00:00,11.28
2019-11-06 16:00:00,11.28
2019-11-06 17:00:00,11.28
2019-11-06 18:00:00,11.28
2019-11-06 19:00:00,41.46
2019-11-06 20:00:00,42.97
2019-11-06 21:00:00,11.28
2019-11-06 22:00:00,11.28
2019-11-06 23:00:00,11.28
2019-11-07 00:00:00,11.28
2019-11-07 01:00:00,11.28
2019-11-07 02:00:00,11.28
2019-11-07 03:00:00,11.28
2019-11-07 04:00:00,11.28
2019-11-07 05:00:00,11.28
2019-11-07 06:00:00,11.28
2019-11-07 07:00:00,11.28
2019-11-07 08:00:00,11.28
2019-11-07 09:00:00,11.28
2019-11-07 10:00:00,11.28
2019-11-07 11:00:00,11.28
2019-11-07 12:00:00,11.28
2019-11-07 13:00:00,11.28
2019-11-07 14:00:00,11.28
2019-11-07 15:00:00,11.28
2019-11-07 16:00:00,11.28
2019-11-07 17:00:00,11.28
2019-11-07 18:00:00,11.28
2019-11-07 19:00:00,11.28
2019-11-07 20:00:00,11.28
2019-11-07 21:00:00,14.63
2019-11-07 22:00:00,11.28
2019-11-07 23:00:00,11.28
2019-11-08 00:00:00,11.28
2019-11-08 01:00:00,11.28
2019-11-08 02:00:00,11.28
2019-11-08 03:00:00,11.28
2019-11-08 04:00:00,11.28
2019-11-08 05:00:00,11.28
2019-11-08 06:00:00,11.28
2019-11-08 07:00:00,11.28
2019-11-08 08:00:00,11.28
2019-11-08 09:00:00,11.28
2019-11-08 10:00:00,11.28
2019-11-08 11:00:00,11.28
2019-11-08 12:00:00,11.28
2019-11-08 13:00:00,11.28
2019-11-08 14:00:00,11.28
2019-11-08 15:00:00,11.28
2019-11-08 16:00:00,11.28
2019-11-08 17:00:00,11.28
2019-11-08 18:00:00,14.24
2019-11-08 19:00:00,41.37
2019-11-08 20:00:00,41.86
2019-11-08 21:00:00,13.07
2019-11-08 22:00:00,11.28
2019-11-08 23:00:00,11.28
2019-11-09 00:00:00,11.28
2019-11-09 01:00:00,11.28
2019-11-09 02:00:00,11.28
2019-11-09 03:00:00,11.28
2019-11-09 04:00:00,11.28
2019-11-09 05:00:00,11.28
2019-11-09 06:00:00,11.28
2019-11-09 07:00:00,11.28
2019-11-09 08:00:00,11.28
2019-11-09 09:00:00,11.28
2019-11-09 10:00:00,11.28
2019-11-09 11:00:00,11.28
2019-11-09 12:00:00,11.28
2019-11-09 13:00:00,11.28
2019-11-09 14:00:00,11.28
2019-11-09 15:00:00,11.28
2019-11-09 16:00:00,11.28
2019-11-09 17:00:00,11.28
2019-11-09 18:00:00,11.28
2019-11-09 19:00:00,11.28
2019-11-09 20:00:00,11.28
2019-11-09 21:00:00,11.28
2019-11-09 22:00:00,11.28
2019-11-09 23:00:00,11.28
2019-11-10 00:00:00,11.28
2019-11-10 01:00:00,11.28
2019-11-10 02:00:00,11.28
2019-11-10 03:00:00,11.28
2019-11-10 04:00:00,11.28
2019-11-10 05:00:00,11.28
2019-11-10 06:00:00,11.28
2019-11-10 07:00:00,11.28
2019-11-10 08:00:00,11.28
2019-11-10 09:00:00,11.28
2019-11-10 10:00:00,11.28
2019-11-10 11:00:00,11.28
2019-11-10 12:00:00,11.28
2019-11-10 13:00:00,11.28
2019-11-10 14:00:00,11.28
2019-11-10 15:00:00,11.28
2019-11-10 16:00:00,11.28
2019-11-10 17:00:00,11.28
2019-11-10 18:00:00,11.28
2019-11-10 19:00:00,11.28
2019-11-10 20:00:00,11.28
2019-11-10 21:00:00,11.28
2019-11-10 22:00:00,11.28
2019-11-10 23:00:00,11.28
2019-11-11 00:00:00,11.28
2019-11-11 01:00:00,11.28
2019-11-11 02:00:00,11.28
2019-11-11 03:00:00,11.28
2019-11-11 04:00:00,11.28
2019-11-11 05:00:00,11.28
2019-11-11 06:00:00,11.28
2019-11-11 07:00:00,11.28
2019-11-11 08:00:00,11.28
2019-11-11 09:00:00,11.28
2019-11-11 10:00:00,11.28
2019-11-11 11:00:00,11.28
2019-11-11 12:00:00,11.28
2019-11-11 13:00:00,11.28
2019-11-11 14:00:00,11.28
2019-11-11 15:00:00,11.28
2019-11-11 16:00:00,11.28
2019-11-11 17:00:00,11.28
2019-11-11 18:00:00,14.04
2019-11-11 19:00:00,41.02
2019-11-11 20:00:00,49.23
2019-11-11 21:00:00,44.86
2019-11-11 22:00:00,44.88
2019-11-11 23:00:00,34.21
2019-11-12 00:00:00,11.28
2019-11-12 01:00:00,11.28
2019-11-12 02:00:00,11.28
2019-11-12 03:00:00,11.28
2019-11-12 04:00:00,11.28
2019-11-12 05:00:00,11.28
2019-11-12 06:00:00,11.28
2019-11-12 07:00:00,11.28
2019-11-12 08:00:00,11.28
2019-11-12 09:00:00,11.28
2019-11-12 10:00:00,11.28
2019-11-12 11:00:00,11.28
2019-11-12 12:00:00,11.28
2019-11-12 13:00:00,11.28
2019-11-12 14:00:00,11.28
2019-11-12 15:00:00,11.28
2019-11-12 16:00:00,11.28
2019-11-12 17:00:00,11.28
2019-11-12 18:00:00,13.34
2019-11-12 19:00:00,44.35
2019-11-12 20:00:00,45.89
2019-11-12 21:00:00,45.71
2019-11-12 22:00:00,45.56
2019-11-12 23:00:00,34.58
2019-11-13 00:00:00,16.18
2019-11-13 01:00:00,11.28
2019-11-13 02:00:00,11.28
2019-11-13 03:00:00,11.28
2019-11-13 04:00:00,11.28
2019-11-13 05:00:00,11.28
2019-11-13 06:00:00,11.28
2019-11-13 07:00:00,11.28
2019-11-13 08:00:00,11.28
2019-11-13 09:00:00,11.28
2019-11-13 10:00:00,11.28
2019-11-13 11:00:00,11.28
2019-11-13 12:00:00,11.28
2019-11-13 13:00:00,11.28
2019-11-13 14:00:00,11.28
2019-11-13 15:00:00,11.28
2019-11-13 16:00:00,11.28
2019-11-13 17:00:00,11.28
2019-11-13 18:00:00,11.28
2019-11-13 19:00:00,45.35
2019-11-13 20:00:00,43.89
2019-11-13 21:00:00,40.97
2019-11-13 22:00:00,41.94
2019-11-13 23:00:00,40.23
2019-11-14 00:00:00,11.28
2019-11-14 01:00:00,11.28
2019-11-14 02:00:00,11.28
2019-11-14 03:00:00,11.28
2019-11-14 04:00:00,11.28
2019-11-14 05:00:00,11.28
2019-11-14 06:00:00,11.28
2019-11-14 07:00:00,11.28
2019-11-14 08:00:00,11.28
2019-11-14 09:00:00,11.28
2019-11-14 10:00:00,11.28
2019-11-14 11:00:00,11.28
2019-11-14 12:00:00,11.28
2019-11-14 13:00:00,11.28
2019-11-14 14:00:00,11.28
2019-11-14 15:00:00,11.28
2019-11-14 16:00:00,11.28
2019-11-14 17:00:00,11.28
2019-11-14 18:00:00,35.19
2019-11-14 19:00:00,44.25
2019-11-14 20:00:00,46.41
2019-11-14 21:00:00,44.89
2019-11-14 22:00:00,46.63
2019-11-14 23:00:00,13.38
2019-11-15 00:00:00,11.28
2019-11-15 01:00:00,11.28
2019-11-15 02:00:00,11.28
2019-11-15 03:00:00,11.28
2019-11-15 04:00:00,11.28
2019-11-15 05:00:00,11.28
2019-11-15 06:00:00,11.28
2019-11-15 07:00:00,11.28
2019-11-15 08:00:00,11.28
2019-11-15 09:00:00,11.28
2019-11-15 10:00:00,11.28
2019-11-15 11:00:00,11.28
2019-11-15 12:00:00,11.28
2019-11-15 13:00:00,11.28
2019-11-15 14:00:00,11.28
2019-11-15 15:00:00,11.28
2019-11-15 16:00:00,11.28
2019-11-15 17:00:00,11.28
2019-11-15 18:00:00,11.28
2019-11-15 19:00:00,42.09
2019-11-15 20:00:00,44.8
2019-11-15 21:00:00,42.87
2019-11-15 22:00:00,43.26
2019-11-15 23:00:00,27.5
2019-11-16 00:00:00,11.28
2019-11-16 01:00:00,11.28
2019-11-16 02:00:00,11.28
2019-11-16 03:00:00,11.28
2019-11-16 04:00:00,11.28
2019-11-16 05:00:00,11.28
2019-11-16 06:00:00,11.28
2019-11-16 07:00:00,11.28
2019-11-16 08:00:00,11.28
2019-11-16 09:00:00,11.28
2019-11-16 10:00:00,11.28
2019-11-16 11:00:00,11.28
2019-11-16 12:00:00,11.28
2019-11-16 13:00:00,11.28
2019-11-16 14:00:00,11.28
2019-11-16 15:00:00,11.28
2019-11-16 16:00:00,11.28
2019-11-16 17:00:00,11.28
2019-11-16 18:00:00,14.69
2019-11-16 19:00:00,39.01
2019-11-16 20:00:00,46.53
2019-11-16 21:00:00,44.65
2019-11-16 22:00:00,47.76
2019-11-16 23:00:00,39.88
2019-11-17 00:00:00,11.28
2019-11-17 01:00:00,11.28
2019-11-17 02:00:00,11.28
2019-11-17 03:00:00,11.28
2019-11-17 04:00:00,11.28
2019-11-17 05:00:00,11.28
2019-11-17 06:00:00,11.28
2019-11-17 07:00:00,11.28
2019-11-17 08:00:00,11.28
2019-11-17 09:00:00,11.28
2019-11-17 10:00:00,11.28
2019-11-17 11:00:00,11.28
2019-11-17 12:00:00,41.39
2019-11-17 13:00:00,32.38
2019-11-17 14:00:00,38.67
2019-11-17 15:00:00,42.45
2019-11-17 16:00:00,35.91
2019-11-17 17:00:00,11.28
2019-11-17 18:00:00,11.28
2019-11-17 19:00:00,11.28
2019-11-17 20:00:00,11.28
2019-11-17 21:00:00,11.28
2019-11-17 22:00:00,11.28
2019-11-17 23:00:00,11.28
2019-11-18 00:00:00,11.28
2019-11-18 01:00:00,11.28
2019-11-18 02:00:00,11.28
2019-11-18 03:00:00,11.28
2019-11-18 04:00:00,11.28
2019-11-18 05:00:00,11.28
2019-11-18 06:00:00,11.28
2019-11-18 07:00:00,11.28
2019-11-18 08:00:00,11.28
2019-11-18 09:00:00,11.28
2019-11-18 10:00:00,11.28
2019-11-18 11:00:00,11.28
2019-11-18 12:00:00,11.28
2019-11-18 13:00:00,11.28
2019-11-18 14:00:00,11.28
2019-11-18 15:00:00,11.28
2019-11-18 16:00:00,11.28
2019-11-18 17:00:00,11.28
2019-11-18 18:00:00,13.57
2019-11-18 19:00:00,39.93
2019-11-18 20:00:00,44.86
2019-11-18 21:00:00,44.89
2019-11-18 22:00:00,44.08
2019-11-18 23:00:00,31.69
2019-11-19 00:00:00,14.1
2019-11-19 01:00:00,11.28
2019-11-19 02:00:00,11.28
2019-11-19 03:00:00,11.28
2019-11-19 04:00:00,11.28
2019-11-19 05:00:00,11.28
2019-11-19 06:00:00,11.28
2019-11-19 07:00:00,11.28
2019-11-19 08:00:00,11.28
2019-11-19 09:00:00,11.28
2019-11-19 10:00:00,11.28
2019-11-19 11:00:00,11.28
2019-11-19 12:00:00,11.28
2019-11-19 13:00:00,11.28
2019-11-19 14:00:00,11.28
2019-11-19 15:00:00,11.28
2019-11-19 16:00:00,11.28
2019-11-19 17:00:00,39.63
2019-11-19 18:00:00,41.77
2019-11-19 19:00:00,41.65
2019-11-19 20:00:00,41.64
2019-11-19 21:00:00,44.94
2019-11-19 22:00:00,11.28
2019-11-19 23:00:00,11.28
2019-11-20 00:00:00,11.28
2019-11-20 01:00:00,11.28
2019-11-20 02:00:00,11.28
2019-11-20 03:00:00,11.28
2019-11-20 04:00:00,11.28
2019-11-20 05:00:00,11.28
2019-11-20 06:00:00,11.28
2019-11-20 07:00:00,11.28
2019-11-20 08:00:00,11.28
2019-11-20 09:00:00,11.28
2019-11-20 10:00:00,11.28
2019-11-20 11:00:00,11.28
2019-11-20 12:00:00,11.28
2019-11-20 13:00:00,11.28
2019-11-20 14:00:00,11.28
2019-11-20 15:00:00,11.28
2019-11-20 16:00:00,11.28
2019-11-20 17:00:00,11.28
2019-11-20 18:00:00,36.35
2019-11-20 19:00:00,44.53
2019-11-20 20:00:00,44.77
2019-11-20 21:00:00,41.64
2019-11-20 22:00:00,44.64
2019-11-20 23:00:00,14.51
2019-11-21 00:00:00,11.28
2019-11-21 01:00:00,11.28
2019-11-21 02:00:00,11.28
2019-11-21 03:00:00,11.28
2019-11-21 04:00:00,11.28
2019-11-21 05:00:00,11.28
2019-11-21 06:00:00,11.28
2019-11-21 07:00:00,11.28
2019-11-21 08:00:00,11.28
2019-11-21 09:00:00,11.28
2019-11-21 10:00:00,11.28
2019-11-21 11:00:00,11.28
2019-11-21 12:00:00,11.28
2019-11-21 13:00:00,11.28
2019-11-21 14:00:00,11.28
2019-11-21 15:00:00,11.28
2019-11-21 16:00:00,11.28
2019-11-21 17:00:00,22.38
2019-11-21 18:00:00,37.41
2019-11-21 19:00:00,44.01
2019-11-21 20:00:00,44.09
2019-11-21 21:00:00,44.22
2019-11-21 22:00:00,42.83
2019-11-21 23:00:00,11.28
2019-11-22 00:00:00,11.28
2019-11-22 01:00:00,11.28
2019-11-22 02:00:00,11.28
2019-11-22 03:00:00,11.28
2019-11-22 04:00:00,11.28
2019-11-22 05:00:00,11.28
2019-11-22 06:00:00,11.28
2019-11-22 07:00:00,11.28
2019-11-22 08:00:00,11.28
2019-11-22 09:00:00,11.28
2019-11-22 10:00:00,11.28
2019-11-22 11:00:00,11.28
2019-11-22 12:00:00,11.28
2019-11-22 13:00:00,11.28
2019-11-22 14:00:00,11.28
2019-11-22 15:00:00,11.28
2019-11-22 16:00:00,11.28
2019-11-22 17:00:00,11.28
2019-11-22 18:00:00,42.89
2019-11-22 19:00:00,46.98
2019-11-22 20:00:00,43.63
2019-11-22 21:00:00,45.42
2019-11-22 22:00:00,47.82
2019-11-22 23:00:00,11.28
2019-11-23 00:00:00,11.28
2019-11-23 01:00:00,11.28
2019-11-23 02:00:00,11.28
2019-11-23 03:00:00,11.28
2019-11-23 04:00:00,11.28
2019-11-23 05:00:00,11.28
2019-11-23 06:00:00,11.28
2019-11-23 07:00:00,11.28
2019-11-23 08:00:00,11.28
2019-11-23 09:00:00,11.28
2019-11-23 10:00:00,11.28
2019-11-23 11:00:00,11.28
2019-11-23 12:00:00,11.28
2019-11-23 13:00:00,11.28
2019-11-23 14:00:00,11.28
2019-11-23 15:00:00,15.31
2019-11-23 16:00:00,39.79
2019-11-23 17:00:00,44.3
2019-11-23 18:00:00,45.98
2019-11-23 19:00:00,43.82
2019-11-23 20:00:00,46.97
2019-11-23 21:00:00,42.21
2019-11-23 22:00:00,11.28
2019-11-23 23:00:00,11.28
2019-11-24 00:00:00,11.28
2019-11-24 01:00:00,11.28
2019-11-24 02:00:00,11.28
2019-11-24 03:00:00,11.28
2019-11-24 04:00:00,11.28
2019-11-24 05:00:00,11.28
2019-11-24 06:00:00,11.28
2019-11-24 07:00:00,11.28
2019-11-24 08:00:00,11.28
2019-11-24 09:00:00,11.28
2019-11-24 10:00:00,11.28
2019-11-24 11:00:00,11.28
2019-11-24 12:00:00,11.28
2019-11-24 13:00:00,11.28
2019-11-24 14:00:00,11.28
2019-11-24 15:00:00,11.28
2019-11-24 16:00:00,11.28
2019-11-24 17:00:00,11.28
2019-11-24 18:00:00,14.74
2019-11-24 19:00:00,45.81
2019-11-24 20:00:00,46.35
2019-11-24 21:00:00,45.2
2019-11-24 22:00:00,45.26
2019-11-24 23:00:00,40.36
2019-11-25 00:00:00,13.08
2019-11-25 01:00:00,11.28
2019-11-25 02:00:00,11.28
2019-11-25 03:00:00,11.28
2019-11-25 04:00:00,11.28
2019-11-25 05:00:00,11.28
2019-11-25 06:00:00,11.28
2019-11-25 07:00:00,11.28
2019-11-25 08:00:00,11.28
2019-11-25 09:00:00,11.28
2019-11-25 10:00:00,11.28
2019-11-25 11:00:00,11.28
2019-11-25 12:00:00,11.28
2019-11-25 13:00:00,11.28
2019-11-25 14:00:00,11.28
2019-11-25 15:00:00,11.28
2019-11-25 16:00:00,11.28
2019-11-25 17:00:00,11.28
2019-11-25 18:00:00,11.28
2019-11-25 19:00:00,42.11
2019-11-25 20:00:00,47.49
2019-11-25 21:00:00,45.45
2019-11-25 22:00:00,46.11
2019-11-25 23:00:00,41.45
2019-11-26 00:00:00,11.28
2019-11-26 01:00:00,11.28
2019-11-26 02:00:00,11.28
2019-11-26 03:00:00,11.28
2019-11-26 04:00:00,11.28
2019-11-26 05:00:00,11.28
2019-11-26 06:00:00,11.28
2019-11-26 07:00:00,11.28
2019-11-26 08:00:00,11.28
2019-11-26 09:00:00,11.28
2019-11-26 10:00:00,11.28
2019-11-26 11:00:00,11.28
2019-11-26 12:00:00,11.28
2019-11-26 13:00:00,11.28
2019-11-26 14:00:00,11.28
2019-11-26 15:00:00,11.28
2019-11-26 16:00:00,11.28
2019-11-26 17:00:00,11.28
2019-11-26 18:00:00,11.28
2019-11-26 19:00:00,43.23
2019-11-26 20:00:00,44.14
2019-11-26 21:00:00,44.08
2019-11-26 22:00:00,37.28
2019-11-26 23:00:00,39.83
2019-11-27 00:00:00,11.28
2019-11-27 01:00:00,11.28
2019-11-27 02:00:00,11.28
2019-11-27 03:00:00,11.28
2019-11-27 04:00:00,11.28
2019-11-27 05:00:00,11.28
2019-11-27 06:00:00,11.28
2019-11-27 07:00:00,11.28
2019-11-27 08:00:00,11.28
2019-11-27 09:00:00,11.28
2019-11-27 10:00:00,11.28
2019-11-27 11:00:00,11.28
2019-11-27 12:00:00,11.28
2019-11-27 13:00:00,11.28
2019-11-27 14:00:00,11.28
2019-11-27 15:00:00,11.28
2019-11-27 16:00:00,12.87
2019-11-27 17:00:00,48.37
2019-11-27 18:00:00,47.15
2019-11-27 19:00:00,44.83
2019-11-27 20:00:00,41.46
2019-11-27 21:00:00,42.44
2019-11-27 22:00:00,11.28
2019-11-27 23:00:00,11.28
2019-11-28 00:00:00,11.28
2019-11-28 01:00:00,11.28
2019-11-28 02:00:00,11.28
2019-11-28 03:00:00,11.28
2019-11-28 04:00:00,11.28
2019-11-28 05:00:00,11.28
2019-11-28 06:00:00,11.28
2019-11-28 07:00:00,11.28
2019-11-28 08:00:00,11.28
2019-11-28 09:00:00,11.28
2019-11-28 10:00:00,11.28
2019-11-28 11:00:00,11.28
2019-11-28 12:00:00,11.28
2019-11-28 13:00:00,11.28
2019-11-28 14:00:00,11.28
2019-11-28 15:00:00,11.28
2019-11-28 16:00:00,11.28
2019-11-28 17:00:00,11.28
2019-11-28 18:00:00,11.28
2019-11-28 19:00:00,42.6
2019-11-28 20:00:00,43.93
2019-11-28 21:00:00,44.5
2019-11-28 22:00:00,42
2019-11-28 23:00:00,39.71
2019-11-29 00:00:00,11.28
2019-11-29 01:00:00,11.28
2019-11-29 02:00:00,11.28
2019-11-29 03:00:00,11.28
2019-11-29 04:00:00,11.28
2019-11-29 05:00:00,11.28
2019-11-29 06:00:00,11.28
2019-11-29 07:00:00,11.28
2019-11-29 08:00:00,11.28
2019-11-29 09:00:00,11.28
2019-11-29 10:00:00,11.28
2019-11-29 11:00:00,11.28
2019-11-29 12:00:00,11.28
2019-11-29 13:00:00,11.28
2019-11-29 14:00:00,11.28
2019-11-29 15:00:00,11.28
2019-11-29 16:00:00,11.28
2019-11-29 17:00:00,11.28
2019-11-29 18:00:00,38.03
2019-11-29 19:00:00,38.8
2019-11-29 20:00:00,34.57
2019-11-29 21:00:00,34.42
2019-11-29 22:00:00,34.55
2019-11-29 23:00:00,11.28
2019-11-30 00:00:00,11.28
2019-11-30 01:00:00,11.28
2019-11-30 02:00:00,11.28
2019-11-30 03:00:00,11.28
2019-11-30 04:00:00,11.28
2019-11-30 05:00:00,11.28
2019-11-30 06:00:00,11.28
2019-11-30 07:00:00,11.28
2019-11-30 08:00:00,11.28
2019-11-30 09:00:00,11.28
2019-11-30 10:00:00,11.28
2019-11-30 11:00:00,14.14
2019-11-30 12:00:00,36.54
2019-11-30 13:00:00,32.06
2019-11-30 14:00:00,31.77
2019-11-30 15:00:00,39.91
2019-11-30 16:00:00,44.74
2019-11-30 17:00:00,17.55
2019-11-30 18:00:00,11.28
2019-11-30 19:00:00,11.28
2019-11-30 20:00:00,11.28
2019-11-30 21:00:00,11.28
2019-11-30 22:00:00,11.28
2019-11-30 23:00:00,11.28
2019-12-01 00:00:00,11.28
2019-12-01 01:00:00,11.28
2019-12-01 02:00:00,11.28
2019-12-01 03:00:00,11.28
2019-12-01 04:00:00,11.28
2019-12-01 05:00:00,11.28
2019-12-01 06:00:00,11.28
2019-12-01 07:00:00,11.28
2019-12-01 08:00:00,11.28
2019-12-01 09:00:00,11.28
2019-12-01 10:00:00,11.28
2019-12-01 11:00:00,11.28
2019-12-01 12:00:00,11.28
2019-12-01 13:00:00,11.28
2019-12-01 14:00:00,11.28
2019-12-01 15:00:00,11.28
2019-12-01 16:00:00,11.28
2019-12-01 17:00:00,15.17
2019-12-01 18:00:00,34.72
2019-12-01 19:00:00,41.07
2019-12-01 20:00:00,35.09
2019-12-01 21:00:00,33.07
2019-12-01 22:00:00,31.51
2019-12-01 23:00:00,30.49
2019-12-02 00:00:00,11.28
2019-12-02 01:00:00,11.28
2019-12-02 02:00:00,11.28
2019-12-02 03:00:00,11.28
2019-12-02 04:00:00,11.28
2019-12-02 05:00:00,11.28
2019-12-02 06:00:00,11.28
2019-12-02 07:00:00,11.28
2019-12-02 08:00:00,11.28
2019-12-02 09:00:00,11.28
2019-12-02 10:00:00,11.28
2019-12-02 11:00:00,11.28
2019-12-02 12:00:00,11.28
2019-12-02 13:00:00,11.28
2019-12-02 14:00:00,11.28
2019-12-02 15:00:00,11.28
2019-12-02 16:00:00,39.99
2019-12-02 17:00:00,38.48
2019-12-02 18:00:00,42.54
2019-12-02 19:00:00,38.64
2019-12-02 20:00:00,35.92
2019-12-02 21:00:00,36.53
2019-12-02 22:00:00,11.28
2019-12-02 23:00:00,11.28
2019-12-03 00:00:00,11.28
2019-12-03 01:00:00,11.28
2019-12-03 02:00:00,11.28
2019-12-03 03:00:00,11.28
2019-12-03 04:00:00,11.28
2019-12-03 05:00:00,11.28
2019-12-03 06:00:00,11.28
2019-12-03 07:00:00,11.28
2019-12-03 08:00:00,11.28
2019-12-03 09:00:00,11.28
2019-12-03 10:00:00,11.28
2019-12-03 11:00:00,11.28
2019-12-03 12:00:00,11.28
2019-12-03 13:00:00,11.28
2019-12-03 14:00:00,11.28
2019-12-03 15:00:00,11.28
2019-12-03 16:00:00,11.28
2019-12-03 17:00:00,13.5
2019-12-03 18:00:00,41.06
2019-12-03 19:00:00,38.7
2019-12-03 20:00:00,41.08
2019-12-03 21:00:00,38.7
2019-12-03 22:00:00,35.78
2019-12-03 23:00:00,33.21
2019-12-04 00:00:00,11.28
2019-12-04 01:00:00,11.28
2019-12-04 02:00:00,11.28
2019-12-04 03:00:00,11.28
2019-12-04 04:00:00,11.28
2019-12-04 05:00:00,11.28
2019-12-04 06:00:00,11.28
2019-12-04 07:00:00,11.28
2019-12-04 08:00:00,11.28
2019-12-04 09:00:00,11.28
2019-12-04 10:00:00,11.28
2019-12-04 11:00:00,11.28
2019-12-04 12:00:00,11.28
2019-12-04 13:00:00,11.28
2019-12-04 14:00:00,11.28
2019-12-04 15:00:00,42.58
2019-12-04 16:00:00,44.82
2019-12-04 17:00:00,45.99
2019-12-04 18:00:00,41.65
2019-12-04 19:00:00,39.69
2019-12-04 20:00:00,11.28
2019-12-04 21:00:00,11.28
2019-12-04 22:00:00,11.28
2019-12-04 23:00:00,11.28
2019-12-05 00:00:00,11.28
2019-12-05 01:00:00,11.28
2019-12-05 02:00:00,11.28
2019-12-05 03:00:00,11.28
2019-12-05 04:00:00,11.28
2019-12-05 05:00:00,11.28
2019-12-05 06:00:00,11.28
2019-12-05 07:00:00,11.28
2019-12-05 08:00:00,11.28
2019-12-05 09:00:00,11.28
2019-12-05 10:00:00,11.28
2019-12-05 11:00:00,11.28
2019-12-05 12:00:00,11.28
2019-12-05 13:00:00,11.28
2019-12-05 14:00:00,11.28
2019-12-05 15:00:00,40.97
2019-12-05 16:00:00,38.41
2019-12-05 17:00:00,39.19
2019-12-05 18:00:00,33.12
2019-12-05 19:00:00,38.44
2019-12-05 20:00:00,35.29
2019-12-05 21:00:00,11.28
2019-12-05 22:00:00,11.28
2019-12-05 23:00:00,11.28
2019-12-06 00:00:00,11.28
2019-12-06 01:00:00,11.28
2019-12-06 02:00:00,11.28
2019-12-06 03:00:00,11.28
2019-12-06 04:00:00,11.28
2019-12-06 05:00:00,11.28
2019-12-06 06:00:00,35.04
2019-12-06 07:00:00,31.54
2019-12-06 08:00:00,40.22
2019-12-06 09:00:00,31.02
2019-12-06 10:00:00,35.45
2019-12-06 11:00:00,14.34
2019-12-06 12:00:00,11.28
2019-12-06 13:00:00,11.28
2019-12-06 14:00:00,11.28
2019-12-06 15:00:00,11.28
2019-12-06 16:00:00,11.28
2019-12-06 17:00:00,11.28
2019-12-06 18:00:00,11.28
2019-12-06 19:00:00,11.28
2019-12-06 20:00:00,11.28
2019-12-06 21:00:00,11.28
2019-12-06 22:00:00,11.28
2019-12-06 23:00:00,11.28
2019-12-07 00:00:00,11.28
2019-12-07 01:00:00,11.28
2019-12-07 02:00:00,11.28
2019-12-07 03:00:00,11.28
2019-12-07 04:00:00,11.28
2019-12-07 05:00:00,11.28
2019-12-07 06:00:00,11.28
2019-12-07 07:00:00,11.28
2019-12-07 08:00:00,11.28
2019-12-07 09:00:00,11.28
2019-12-07 10:00:00,11.28
2019-12-07 11:00:00,11.28
2019-12-07 12:00:00,11.28
2019-12-07 13:00:00,11.28
2019-12-07 14:00:00,11.28
2019-12-07 15:00:00,11.28
2019-12-07 16:00:00,11.28
2019-12-07 17:00:00,17.19
2019-12-07 18:00:00,33.73
2019-12-07 19:00:00,39.81
2019-12-07 20:00:00,37.01
2019-12-07 21:00:00,37.65
2019-12-07 22:00:00,33.08
2019-12-07 23:00:00,11.28
2019-12-08 00:00:00,13.63
2019-12-08 01:00:00,34.48
2019-12-08 02:00:00,40.95
2019-12-08 03:00:00,32.52
2019-12-08 04:00:00,32.28
2019-12-08 05:00:00,37.29
2019-12-08 06:00:00,41.54
2019-12-08 07:00:00,11.28
2019-12-08 08:00:00,11.28
2019-12-08 09:00:00,11.28
2019-12-08 10:00:00,11.28
2019-12-08 11:00:00,11.28
2019-12-08 12:00:00,11.28
2019-12-08 13:00:00,11.28
2019-12-08 14:00:00,11.28
2019-12-08 15:00:00,11.28
2019-12-08 16:00:00,11.28
2019-12-08 17:00:00,11.28
2019-12-08 18:00:00,11.28
2019-12-08 19:00:00,11.28
2019-12-08 20:00:00,11.28
2019-12-08 21:00:00,11.28
2019-12-08 22:00:00,11.28
2019-12-08 23:00:00,11.28
2019-12-09 00:00:00,11.28
2019-12-09 01:00:00,11.28
2019-12-09 02:00:00,11.28
2019-12-09 03:00:00,11.28
2019-12-09 04:00:00,11.28
2019-12-09 05:00:00,11.28
2019-12-09 06:00:00,11.28
2019-12-09 07:00:00,11.28
2019-12-09 08:00:00,11.28
2019-12-09 09:00:00,11.28
2019-12-09 10:00:00,11.28
2019-12-09 11:00:00,11.28
2019-12-09 12:00:00,11.28
2019-12-09 13:00:00,14.01
2019-12-09 14:00:00,40.3
2019-12-09 15:00:00,41.59
2019-12-09 16:00:00,41.19
2019-12-09 17:00:00,34.96
2019-12-09 18:00:00,43.51
2019-12-09 19:00:00,16.73
2019-12-09 20:00:00,11.28
2019-12-09 21:00:00,11.28
2019-12-09 22:00:00,11.28
2019-12-09 23:00:00,11.28
2019-12-10 00:00:00,11.28
2019-12-10 01:00:00,11.28
2019-12-10 02:00:00,11.28
2019-12-10 03:00:00,11.28
2019-12-10 04:00:00,11.28
2019-12-10 05:00:00,11.28
2019-12-10 06:00:00,11.28
2019-12-10 07:00:00,11.28
2019-12-10 08:00:00,11.28
2019-12-10 09:00:00,11.28
2019-12-10 10:00:00,11.28
2019-12-10 11:00:00,41.93
2019-12-10 12:00:00,34.44
2019-12-10 13:00:00,37.49
2019-12-10 14:00:00,40.89
2019-12-10 15:00:00,39.62
2019-12-10 16:00:00,45.36
2019-12-10 17:00:00,17.69
2019-12-10 18:00:00,11.28
2019-12-10 19:00:00,11.28
2019-12-10 20:00:00,11.28
2019-12-10 21:00:00,11.28
2019-12-10 22:00:00,11.28
2019-12-10 23:00:00,11.28
2019-12-11 00:00:00,11.28
2019-12-11 01:00:00,11.28
2019-12-11 02:00:00,11.28
2019-12-11 03:00:00,11.28
2019-12-11 04:00:00,11.28
2019-12-11 05:00:00,11.28
2019-12-11 06:00:00,11.28
2019-12-11 07:00:00,11.28
2019-12-11 08:00:00,11.28
2019-12-11 09:00:00,11.28
2019-12-11 10:00:00,11.28
2019-12-11 11:00:00,11.28
2019-12-11 12:00:00,11.28
2019-12-11 13:00:00,11.28
2019-12-11 14:00:00,11.28
2019-12-11 15:00:00,11.28
2019-12-11 16:00:00,11.28
2019-12-11 17:00:00,11.28
2019-12-11 18:00:00,15.42
2019-12-11 19:00:00,41.36
2019-12-11 20:00:00,46.97
2019-12-11 21:00:00,44.12
2019-12-11 22:00:00,41.39
2019-12-11 23:00:00,38.64
2019-12-12 00:00:00,11.28
2019-12-12 01:00:00,14.58
2019-12-12 02:00:00,39.11
2019-12-12 03:00:00,32.99
2019-12-12 04:00:00,37.57
2019-12-12 05:00:00,31.98
2019-12-12 06:00:00,33.31
2019-12-12 07:00:00,38.34
2019-12-12 08:00:00,11.28
2019-12-12 09:00:00,11.28
2019-12-12 10:00:00,11.28
2019-12-12 11:00:00,11.28
2019-12-12 12:00:00,11.28
2019-12-12 13:00:00,11.28
2019-12-12 14:00:00,11.28
2019-12-12 15:00:00,11.28
2019-12-12 16:00:00,11.28
2019-12-12 17:00:00,11.28
2019-12-12 18:00:00,11.28
2019-12-12 19:00:00,11.28
2019-12-12 20:00:00,11.28
2019-12-12 21:00:00,11.28
2019-12-12 22:00:00,11.28
2019-12-12 23:00:00,11.28
2019-12-13 00:00:00,11.28
2019-12-13 01:00:00,11.28
2019-12-13 02:00:00,11.28
2019-12-13 03:00:00,11.28
2019-12-13 04:00:00,11.28
2019-12-13 05:00:00,11.28
2019-12-13 06:00:00,11.28
2019-12-13 07:00:00,11.28
2019-12-13 08:00:00,11.28
2019-12-13 09:00:00,11.28
2019-12-13 10:00:00,11.28
2019-12-13 11:00:00,11.28
2019-12-13 12:00:00,11.28
2019-12-13 13:00:00,11.28
2019-12-13 14:00:00,11.28
2019-12-13 15:00:00,11.28
2019-12-13 16:00:00,11.28
2019-12-13 17:00:00,11.28
2019-12-13 18:00:00,14.24
2019-12-13 19:00:00,43.31
2019-12-13 20:00:00,43.18
2019-12-13 21:00:00,44.39
2019-12-13 22:00:00,42.27
2019-12-13 23:00:00,34.49
2019-12-14 00:00:00,11.28
2019-12-14 01:00:00,11.28
2019-12-14 02:00:00,11.28
2019-12-14 03:00:00,11.28
2019-12-14 04:00:00,11.28
2019-12-14 05:00:00,11.28
2019-12-14 06:00:00,11.28
2019-12-14 07:00:00,11.28
2019-12-14 08:00:00,11.28
2019-12-14 09:00:00,11.28
2019-12-14 10:00:00,11.28
2019-12-14 11:00:00,11.28
2019-12-14 12:00:00,43.47
2019-12-14 13:00:00,38.49
2019-12-14 14:00:00,45.35
2019-12-14 15:00:00,46.94
2019-12-14 16:00:00,40.24
2019-12-14 17:00:00,11.28
2019-12-14 18:00:00,11.28
2019-12-14 19:00:00,11.28
2019-12-14 20:00:00,11.28
2019-12-14 21:00:00,11.28
2019-12-14 22:00:00,11.28
2019-12-14 23:00:00,11.28
2019-12-15 00:00:00,11.28
2019-12-15 01:00:00,11.28
2019-12-15 02:00:00,11.28
2019-12-15 03:00:00,11.28
2019-12-15 04:00:00,11.28
2019-12-15 05:00:00,11.28
2019-12-15 06:00:00,11.28
2019-12-15 07:00:00,11.28
2019-12-15 08:00:00,11.28
2019-12-15 09:00:00,11.28
2019-12-15 10:00:00,11.28
2019-12-15 11:00:00,11.28
2019-12-15 12:00:00,11.28
2019-12-15 13:00:00,11.28
2019-12-15 14:00:00,11.28
2019-12-15 15:00:00,11.28
2019-12-15 16:00:00,11.28
2019-12-15 17:00:00,11.28
2019-12-15 18:00:00,11.28
2019-12-15 19:00:00,48.81
2019-12-15 20:00:00,51.7
2019-12-15 21:00:00,49.76
2019-12-15 22:00:00,44.5
2019-12-15 23:00:00,40.7
2019-12-16 00:00:00,36.56
2019-12-16 01:00:00,11.28
2019-12-16 02:00:00,11.28
2019-12-16 03:00:00,11.28
2019-12-16 04:00:00,11.28
2019-12-16 05:00:00,11.28
2019-12-16 06:00:00,11.28
2019-12-16 07:00:00,11.28
2019-12-16 08:00:00,11.28
2019-12-16 09:00:00,11.28
2019-12-16 10:00:00,11.28
2019-12-16 11:00:00,11.28
2019-12-16 12:00:00,11.28
2019-12-16 13:00:00,11.28
2019-12-16 14:00:00,11.28
2019-12-16 15:00:00,11.28
2019-12-16 16:00:00,15.08
2019-12-16 17:00:00,47.16
2019-12-16 18:00:00,44.2
2019-12-16 19:00:00,45.63
2019-12-16 20:00:00,43.9
2019-12-16 21:00:00,44.02
2019-12-16 22:00:00,11.28
2019-12-16 23:00:00,11.28
2019-12-17 00:00:00,11.28
2019-12-17 01:00:00,11.28
2019-12-17 02:00:00,11.28
2019-12-17 03:00:00,11.28
2019-12-17 04:00:00,11.28
2019-12-17 05:00:00,11.28
2019-12-17 06:00:00,11.28
2019-12-17 07:00:00,11.28
2019-12-17 08:00:00,11.28
2019-12-17 09:00:00,11.28
2019-12-17 10:00:00,11.28
2019-12-17 11:00:00,11.28
2019-12-17 12:00:00,11.28
2019-12-17 13:00:00,11.28
2019-12-17 14:00:00,11.28
2019-12-17 15:00:00,11.28
2019-12-17 16:00:00,11.28
2019-12-17 17:00:00,11.28
2019-12-17 18:00:00,14.72
2019-12-17 19:00:00,37.03
2019-12-17 20:00:00,48.46
2019-12-17 21:00:00,44.16
2019-12-17 22:00:00,43.49
2019-12-17 23:00:00,39.68
2019-12-18 00:00:00,34.79
2019-12-18 01:00:00,32.97
2019-12-18 02:00:00,44.93
2019-12-18 03:00:00,38.57
2019-12-18 04:00:00,39.19
2019-12-18 05:00:00,45.92
2019-12-18 06:00:00,44.99
2019-12-18 07:00:00,11.28
2019-12-18 08:00:00,11.28
2019-12-18 09:00:00,11.28
2019-12-18 10:00:00,11.28
2019-12-18 11:00:00,11.28
2019-12-18 12:00:00,11.28
2019-12-18 13:00:00,11.28
2019-12-18 14:00:00,11.28
2019-12-18 15:00:00,11.28
2019-12-18 16:00:00,11.28
2019-12-18 17:00:00,11.28
2019-12-18 18:00:00,11.28
2019-12-18 19:00:00,11.28
2019-12-18 20:00:00,11.28
2019-12-18 21:00:00,11.28
2019-12-18 22:00:00,11.28
2019-12-18 23:00:00,11.28
2019-12-19 00:00:00,11.28
2019-12-19 01:00:00,11.28
2019-12-19 02:00:00,11.28
2019-12-19 03:00:00,11.28
2019-12-19 04:00:00,11.28
2019-12-19 05:00:00,11.28
2019-12-19 06:00:00,11.28
2019-12-19 07:00:00,11.28
2019-12-19 08:00:00,11.28
2019-12-19 09:00:00,11.28
2019-12-19 10:00:00,11.28
2019-12-19 11:00:00,11.28
2019-12-19 12:00:00,11.28
2019-12-19 13:00:00,21.13
2019-12-19 14:00:00,47.36
2019-12-19 15:00:00,38.19
2019-12-19 16:00:00,34.19
2019-12-19 17:00:00,44.33
2019-12-19 18:00:00,35.58
2019-12-19 19:00:00,11.28
2019-12-19 20:00:00,11.28
2019-12-19 21:00:00,11.28
2019-12-19 22:00:00,11.28
2019-12-19 23:00:00,11.28
2019-12-20 00:00:00,13.09
2019-12-20 01:00:00,30.85
2019-12-20 02:00:00,38.39
2019-12-20 03:00:00,34.11
2019-12-20 04:00:00,31.88
2019-12-20 05:00:00,38.33
2019-12-20 06:00:00,43.39
2019-12-20 07:00:00,11.28
2019-12-20 08:00:00,11.28
2019-12-20 09:00:00,11.28
2019-12-20 10:00:00,11.28
2019-12-20 11:00:00,11.28
2019-12-20 12:00:00,11.28
2019-12-20 13:00:00,11.28
2019-12-20 14:00:00,11.28
2019-12-20 15:00:00,11.28
2019-12-20 16:00:00,11.28
2019-12-20 17:00:00,11.28
2019-12-20 18:00:00,11.28
2019-12-20 19:00:00,11.28
2019-12-20 20:00:00,11.28
2019-12-20 21:00:00,11.28
2019-12-20 22:00:00,11.28
2019-12-20 23:00:00,11.28
2019-12-21 00:00:00,11.28
2019-12-21 01:00:00,11.28
2019-12-21 02:00:00,11.28
2019-12-21 03:00:00,11.28
2019-12-21 04:00:00,11.28
2019-12-21 05:00:00,11.28
2019-12-21 06:00:00,11.28
2019-12-21 07:00:00,11.28
2019-12-21 08:00:00,11.28
2019-12-21 09:00:00,11.28
2019-12-21 10:00:00,11.28
2019-12-21 11:00:00,11.28
2019-12-21 12:00:00,11.28
2019-12-21 13:00:00,11.28
2019-12-21 14:00:00,11.28
2019-12-21 15:00:00,41.41
2019-12-21 16:00:00,37.68
2019-12-21 17:00:00,35.36
2019-12-21 18:00:00,36.64
2019-12-21 19:00:00,40.52
2019-12-21 20:00:00,11.28
2019-12-21 21:00:00,11.28
2019-12-21 22:00:00,11.28
2019-12-21 23:00:00,11.28
2019-12-22 00:00:00,11.28
2019-12-22 01:00:00,11.28
2019-12-22 02:00:00,11.28
2019-12-22 03:00:00,11.28
2019-12-22 04:00:00,11.28
2019-12-22 05:00:00,11.28
2019-12-22 06:00:00,11.28
2019-12-22 07:00:00,11.28
2019-12-22 08:00:00,11.28
2019-12-22 09:00:00,11.28
2019-12-22 10:00:00,11.28
2019-12-22 11:00:00,11.28
2019-12-22 12:00:00,11.28
2019-12-22 13:00:00,11.28
2019-12-22 14:00:00,11.28
2019-12-22 15:00:00,11.28
2019-12-22 16:00:00,11.28
2019-12-22 17:00:00,38.29
2019-12-22 18:00:00,34.74
2019-12-22 19:00:00,39.63
2019-12-22 20:00:00,42.42
2019-12-22 21:00:00,44.77
2019-12-22 22:00:00,37.01
2019-12-22 23:00:00,11.28
2019-12-23 00:00:00,11.28
2019-12-23 01:00:00,11.28
2019-12-23 02:00:00,11.28
2019-12-23 03:00:00,11.28
2019-12-23 04:00:00,11.28
2019-12-23 05:00:00,11.28
2019-12-23 06:00:00,11.28
2019-12-23 07:00:00,11.28
2019-12-23 08:00:00,11.28
2019-12-23 09:00:00,11.28
2019-12-23 10:00:00,11.28
2019-12-23 11:00:00,11.28
2019-12-23 12:00:00,11.28
2019-12-23 13:00:00,13.21
2019-12-23 14:00:00,47.68
2019-12-23 15:00:00,43.48
2019-12-23 16:00:00,36.67
2019-12-23 17:00:00,44.77
2019-12-23 18:00:00,36.37
2019-12-23 19:00:00,37.83
2019-12-23 20:00:00,41.95
2019-12-23 21:00:00,27.45
2019-12-23 22:00:00,11.28
2019-12-23 23:00:00,11.28
2019-12-24 00:00:00,11.28
2019-12-24 01:00:00,11.28
2019-12-24 02:00:00,11.28
2019-12-24 03:00:00,11.28
2019-12-24 04:00:00,11.28
2019-12-24 05:00:00,11.28
2019-12-24 06:00:00,11.28
2019-12-24 07:00:00,11.28
2019-12-24 08:00:00,11.28
2019-12-24 09:00:00,11.28
2019-12-24 10:00:00,11.28
2019-12-24 11:00:00,11.28
2019-12-24 12:00:00,11.28
2019-12-24 13:00:00,11.28
2019-12-24 14:00:00,11.28
2019-12-24 15:00:00,11.28
2019-12-24 16:00:00,11.28
2019-12-24 17:00:00,31.88
2019-12-24 18:00:00,37.9
2019-12-24 19:00:00,35
2019-12-24 20:00:00,32.18
2019-12-24 21:00:00,33.54
2019-12-24 22:00:00,32.82
2019-12-24 23:00:00,12.71
2019-12-25 00:00:00,11.28
2019-12-25 01:00:00,11.28
2019-12-25 02:00:00,11.28
2019-12-25 03:00:00,11.28
2019-12-25 04:00:00,11.28
2019-12-25 05:00:00,11.28
2019-12-25 06:00:00,11.28
2019-12-25 07:00:00,11.28
2019-12-25 08:00:00,11.28
2019-12-25 09:00:00,11.28
2019-12-25 10:00:00,11.28
2019-12-25 11:00:00,32.27
2019-12-25 12:00:00,32.11
2019-12-25 13:00:00,31.07
2019-12-25 14:00:00,36.58
2019-12-25 15:00:00,41.21
2019-12-25 16:00:00,34.57
2019-12-25 17:00:00,11.28
2019-12-25 18:00:00,11.28
2019-12-25 19:00:00,11.28
2019-12-25 20:00:00,11.28
2019-12-25 21:00:00,11.28
2019-12-25 22:00:00,11.28
2019-12-25 23:00:00,11.28
2019-12-26 00:00:00,11.28
2019-12-26 01:00:00,11.28
2019-12-26 02:00:00,11.28
2019-12-26 03:00:00,11.28
2019-12-26 04:00:00,11.28
2019-12-26 05:00:00,11.28
2019-12-26 06:00:00,11.28
2019-12-26 07:00:00,11.28
2019-12-26 08:00:00,11.28
2019-12-26 09:00:00,11.28
2019-12-26 10:00:00,11.28
2019-12-26 11:00:00,11.28
2019-12-26 12:00:00,11.28
2019-12-26 13:00:00,11.28
2019-12-26 14:00:00,11.28
2019-12-26 15:00:00,11.28
2019-12-26 16:00:00,25.16
2019-12-26 17:00:00,48.61
2019-12-26 18:00:00,33
2019-12-26 19:00:00,33.06
2019-12-26 20:00:00,38.14
2019-12-26 21:00:00,39.73
2019-12-26 22:00:00,39.68
2019-12-26 23:00:00,32.14
2019-12-27 00:00:00,11.28
2019-12-27 01:00:00,11.28
2019-12-27 02:00:00,11.28
2019-12-27 03:00:00,11.28
2019-12-27 04:00:00,11.28
2019-12-27 05:00:00,11.28
2019-12-27 06:00:00,11.28
2019-12-27 07:00:00,11.28
2019-12-27 08:00:00,11.28
2019-12-27 09:00:00,25.97
2019-12-27 10:00:00,38.73
2019-12-27 11:00:00,41.39
2019-12-27 12:00:00,45.2
2019-12-27 13:00:00,33.51
2019-12-27 14:00:00,37.86
2019-12-27 15:00:00,35.41
2019-12-27 16:00:00,11.28
2019-12-27 17:00:00,11.28
2019-12-27 18:00:00,11.28
2019-12-27 19:00:00,11.28
2019-12-27 20:00:00,11.28
2019-12-27 21:00:00,11.28
2019-12-27 22:00:00,11.28
2019-12-27 23:00:00,11.28
2019-12-28 00:00:00,11.28
2019-12-28 01:00:00,11.28
2019-12-28 02:00:00,11.28
2019-12-28 03:00:00,11.28
2019-12-28 04:00:00,11.28
2019-12-28 05:00:00,11.28
2019-12-28 06:00:00,11.28
2019-12-28 07:00:00,11.28
2019-12-28 08:00:00,11.28
2019-12-28 09:00:00,11.28
2019-12-28 10:00:00,11.28
2019-12-28 11:00:00,11.28
2019-12-28 12:00:00,11.28
2019-12-28 13:00:00,11.28
2019-12-28 14:00:00,11.28
2019-12-28 15:00:00,11.28
2019-12-28 16:00:00,33.16
2019-12-28 17:00:00,39.57
2019-12-28 18:00:00,34.24
2019-12-28 19:00:00,48.14
2019-12-28 20:00:00,40.49
2019-12-28 21:00:00,37.27
2019-12-28 22:00:00,13.48
2019-12-28 23:00:00,11.28
2019-12-29 00:00:00,11.28
2019-12-29 01:00:00,11.28
2019-12-29 02:00:00,11.28
2019-12-29 03:00:00,11.28
2019-12-29 04:00:00,11.28
2019-12-29 05:00:00,11.28
2019-12-29 06:00:00,11.28
2019-12-29 07:00:00,11.28
2019-12-29 08:00:00,11.28
2019-12-29 09:00:00,11.28
2019-12-29 10:00:00,11.28
2019-12-29 11:00:00,11.28
2019-12-29 12:00:00,11.28
2019-12-29 13:00:00,11.28
2019-12-29 14:00:00,11.28
2019-12-29 15:00:00,14.57
2019-12-29 16:00:00,35.23
2019-12-29 17:00:00,38.86
2019-12-29 18:00:00,34.67
2019-12-29 19:00:00,39.24
2019-12-29 20:00:00,40.48
2019-12-29 21:00:00,36.39
2019-12-29 22:00:00,37.52
2019-12-29 23:00:00,12.89
2019-12-30 00:00:00,11.28
2019-12-30 01:00:00,11.28
2019-12-30 02:00:00,11.28
2019-12-30 03:00:00,11.28
2019-12-30 04:00:00,11.28
2019-12-30 05:00:00,11.28
2019-12-30 06:00:00,11.28
2019-12-30 07:00:00,11.28
2019-12-30 08:00:00,11.28
2019-12-30 09:00:00,11.28
2019-12-30 10:00:00,11.28
2019-12-30 11:00:00,11.28
2019-12-30 12:00:00,11.28
2019-12-30 13:00:00,11.28
2019-12-30 14:00:00,11.28
2019-12-30 15:00:00,11.28
2019-12-30 16:00:00,13.47
2019-12-30 17:00:00,45.98
2019-12-30 18:00:00,43.67
2019-12-30 19:00:00,36.13
2019-12-30 20:00:00,48.84
2019-12-30 21:00:00,45.24
2019-12-30 22:00:00,37.11
2019-12-30 23:00:00,33.74
2019-12-31 00:00:00,11.28
2019-12-31 01:00:00,11.28
2019-12-31 02:00:00,11.28
2019-12-31 03:00:00,11.28
2019-12-31 04:00:00,11.28
2019-12-31 05:00:00,11.28
2019-12-31 06:00:00,11.28
2019-12-31 07:00:00,11.28
2019-12-31 08:00:00,11.28
2019-12-31 09:00:00,11.28
2019-12-31 10:00:00,11.28
2019-12-31 11:00:00,11.28
2019-12-31 12:00:00,11.28
2019-12-31 13:00:00,11.28
2019-12-31 14:00:00,11.28
2019-12-31 15:00:00,11.28
2019-12-31 16:00:00,21.85
2019-12-31 17:00:00,42.21
2019-12-31 18:00:00,45.18
2019-12-31 19:00:00,42.73
2019-12-31 20:00:00,40.93
2019-12-31 21:00:00,36.97
2019-12-31 22:00:00,41.48
2019-12-31 23:00:00,12.96
2020-01-01 00:00:00,11.28
2020-01-01 01:00:00,11.28
2020-01-01 02:00:00,11.28
2020-01-01 03:00:00,11.28
2020-01-01 04:00:00,11.28
2020-01-01 05:00:00,11.28
2020-01-01 06:00:00,11.28
2020-01-01 07:00:00,11.28
2020-01-01 08:00:00,31.04
2020-01-01 09:00:00,42.82
2020-01-01 10:00:00,30.05
2020-01-01 11:00:00,37.54
2020-01-01 12:00:00,45.67
2020-01-01 13:00:00,38.83
2020-01-01 14:00:00,38.59
2020-01-01 15:00:00,40.51
2020-01-01 16:00:00,11.28
2020-01-01 17:00:00,11.28
2020-01-01 18:00:00,11.28
2020-01-01 19:00:00,11.28
2020-01-01 20:00:00,11.28
2020-01-01 21:00:00,11.28
2020-01-01 22:00:00,11.28
2020-01-01 23:00:00,11.28
2020-01-02 00:00:00,11.28
2020-01-02 01:00:00,11.28
2020-01-02 02:00:00,11.28
2020-01-02 03:00:00,11.28
2020-01-02 04:00:00,11.28
2020-01-02 05:00:00,11.28
2020-01-02 06:00:00,11.28
2020-01-02 07:00:00,13.58
2020-01-02 08:00:00,44.02
2020-01-02 09:00:00,33.2
2020-01-02 10:00:00,38.3
2020-01-02 11:00:00,38.66
2020-01-02 12:00:00,40.14
2020-01-02 13:00:00,44.37
2020-01-02 14:00:00,12.76
2020-01-02 15:00:00,11.28
2020-01-02 16:00:00,11.28
2020-01-02 17:00:00,11.28
2020-01-02 18:00:00,11.28
2020-01-02 19:00:00,11.28
2020-01-02 20:00:00,11.28
2020-01-02 21:00:00,11.28
2020-01-02 22:00:00,11.28
2020-01-02 23:00:00,11.28
2020-01-03 00:00:00,11.28
2020-01-03 01:00:00,11.28
2020-01-03 02:00:00,11.28
2020-01-03 03:00:00,11.28
2020-01-03 04:00:00,11.28
2020-01-03 05:00:00,11.28
2020-01-03 06:00:00,11.28
2020-01-03 07:00:00,11.28
2020-01-03 08:00:00,11.28
2020-01-03 09:00:00,11.28
2020-01-03 10:00:00,11.28
2020-01-03 11:00:00,11.28
2020-01-03 12:00:00,11.28
2020-01-03 13:00:00,11.28
2020-01-03 14:00:00,11.28
2020-01-03 15:00:00,11.28
2020-01-03 16:00:00,11.28
2020-01-03 17:00:00,11.28
2020-01-03 18:00:00,11.28
2020-01-03 19:00:00,46.78
2020-01-03 20:00:00,46.59
2020-01-03 21:00:00,37.1
2020-01-03 22:00:00,38.73
2020-01-03 23:00:00,34.27
2020-01-04 00:00:00,41.98
2020-01-04 01:00:00,14.5
2020-01-04 02:00:00,9.84
2020-01-04 03:00:00,9.84
2020-01-04 04:00:00,9.84
2020-01-04 05:00:00,9.84
2020-01-04 06:00:00,9.84
2020-01-04 07:00:00,9.84
2020-01-04 08:00:00,9.84
2020-01-04 09:00:00,31.94
2020-01-04 10:00:00,35.98
2020-01-04 11:00:00,43.16
2020-01-04 12:00:00,42.13
2020-01-04 13:00:00,34.8
2020-01-04 14:00:00,34.54
2020-01-04 15:00:00,37.3
2020-01-04 16:00:00,12.07
2020-01-04 17:00:00,9.84
2020-01-04 18:00:00,9.84
2020-01-04 19:00:00,9.84
2020-01-04 20:00:00,9.84
2020-01-04 21:00:00,9.84
2020-01-04 22:00:00,9.84
2020-01-04 23:00:00,9.84
2020-01-05 00:00:00,9.84
2020-01-05 01:00:00,9.84
2020-01-05 02:00:00,9.84
2020-01-05 03:00:00,9.84
2020-01-05 04:00:00,9.84
2020-01-05 05:00:00,9.84
2020-01-05 06:00:00,9.84
2020-01-05 07:00:00,9.84
2020-01-05 08:00:00,9.84
2020-01-05 09:00:00,9.84
2020-01-05 10:00:00,9.84
2020-01-05 11:00:00,9.84
2020-01-05 12:00:00,9.84
2020-01-05 13:00:00,23.35
2020-01-05 14:00:00,24.68
2020-01-05 15:00:00,28.66
2020-01-05 16:00:00,38.66
2020-01-05 17:00:00,41.21
2020-01-05 18:00:00,30.25
2020-01-05 19:00:00,39.03
2020-01-05 20:00:00,13.48
2020-01-05 21:00:00,9.84
2020-01-05 22:00:00,9.84
2020-01-05 23:00:00,9.84
2020-01-06 00:00:00,9.84
2020-01-06 01:00:00,9.84
2020-01-06 02:00:00,9.84
2020-01-06 03:00:00,9.84
2020-01-06 04:00:00,9.84
2020-01-06 05:00:00,9.84
2020-01-06 06:00:00,9.84
2020-01-06 07:00:00,9.84
2020-01-06 08:00:00,9.84
2020-01-06 09:00:00,9.84
2020-01-06 10:00:00,9.84
2020-01-06 11:00:00,9.84
2020-01-06 12:00:00,9.84
2020-01-06 13:00:00,9.84
2020-01-06 14:00:00,13.78
2020-01-06 15:00:00,40.71
2020-01-06 16:00:00,43.59
2020-01-06 17:00:00,43.04
2020-01-06 18:00:00,37.36
2020-01-06 19:00:00,40.79
2020-01-06 20:00:00,35.46
2020-01-06 21:00:00,30.33
2020-01-06 22:00:00,9.84
2020-01-06 23:00:00,9.84
2020-01-07 00:00:00,9.84
2020-01-07 01:00:00,9.84
2020-01-07 02:00:00,9.84
2020-01-07 03:00:00,9.84
2020-01-07 04:00:00,9.84
2020-01-07 05:00:00,9.84
2020-01-07 06:00:00,9.84
2020-01-07 07:00:00,9.84
2020-01-07 08:00:00,0
2020-01-07 09:00:00,0
2020-01-07 10:00:00,0
2020-01-07 11:00:00,0
2020-01-07 12:00:00,0
2020-01-07 13:00:00,28.2
2020-01-07 14:00:00,29.8
2020-01-07 15:00:00,29.8
2020-01-07 16:00:00,29.2
2020-01-07 17:00:00,29.4
2020-01-07 18:00:00,0
2020-01-07 19:00:00,0
2020-01-07 20:00:00,0
2020-01-07 21:00:00,0
2020-01-07 22:00:00,0
2020-01-07 23:00:00,0
2020-01-08 00:00:00,9.84
2020-01-08 01:00:00,9.84
2020-01-08 02:00:00,9.84
2020-01-08 03:00:00,9.84
2020-01-08 04:00:00,9.84
2020-01-08 05:00:00,9.84
2020-01-08 06:00:00,9.84
2020-01-08 07:00:00,9.84
2020-01-08 08:00:00,9.84
2020-01-08 09:00:00,12.56
2020-01-08 10:00:00,28.86
2020-01-08 11:00:00,32.2
2020-01-08 12:00:00,26.41
2020-01-08 13:00:00,19.52
2020-01-08 14:00:00,9.84
2020-01-08 15:00:00,9.84
2020-01-08 16:00:00,9.84
2020-01-08 17:00:00,9.84
2020-01-08 18:00:00,9.84
2020-01-08 19:00:00,9.84
2020-01-08 20:00:00,9.84
2020-01-08 21:00:00,12.76
2020-01-08 22:00:00,32.48
2020-01-08 23:00:00,37.95
2020-01-09 00:00:00,9.84
2020-01-09 01:00:00,9.84
2020-01-09 02:00:00,9.84
2020-01-09 03:00:00,9.84
2020-01-09 04:00:00,9.84
2020-01-09 05:00:00,9.84
2020-01-09 06:00:00,9.84
2020-01-09 07:00:00,9.84
2020-01-09 08:00:00,9.84
2020-01-09 09:00:00,9.84
2020-01-09 10:00:00,9.84
2020-01-09 11:00:00,9.84
2020-01-09 12:00:00,9.84
2020-01-09 13:00:00,9.84
2020-01-09 14:00:00,9.84
2020-01-09 15:00:00,9.84
2020-01-09 16:00:00,12.71
2020-01-09 17:00:00,37.32
2020-01-09 18:00:00,34.55
2020-01-09 19:00:00,40.27
2020-01-09 20:00:00,38.88
2020-01-09 21:00:00,35.38
2020-01-09 22:00:00,37
2020-01-09 23:00:00,11.33
2020-01-10 00:00:00,9.84
2020-01-10 01:00:00,9.84
2020-01-10 02:00:00,9.84
2020-01-10 03:00:00,9.84
2020-01-10 04:00:00,9.84
2020-01-10 05:00:00,9.84
2020-01-10 06:00:00,9.84
2020-01-10 07:00:00,9.84
2020-01-10 08:00:00,9.84
2020-01-10 09:00:00,9.84
2020-01-10 10:00:00,9.84
2020-01-10 11:00:00,9.84
2020-01-10 12:00:00,13.23
2020-01-10 13:00:00,29.72
2020-01-10 14:00:00,34.26
2020-01-10 15:00:00,45.13
2020-01-10 16:00:00,43.58
2020-01-10 17:00:00,37.46
2020-01-10 18:00:00,28.21
2020-01-10 19:00:00,9.84
2020-01-10 20:00:00,9.84
2020-01-10 21:00:00,9.84
2020-01-10 22:00:00,9.84
2020-01-10 23:00:00,9.84
2020-01-11 00:00:00,9.84
2020-01-11 01:00:00,9.84
2020-01-11 02:00:00,9.84
2020-01-11 03:00:00,9.84
2020-01-11 04:00:00,9.84
2020-01-11 05:00:00,9.84
2020-01-11 06:00:00,9.84
2020-01-11 07:00:00,9.84
2020-01-11 08:00:00,9.84
2020-01-11 09:00:00,9.84
2020-01-11 10:00:00,9.84
2020-01-11 11:00:00,9.84
2020-01-11 12:00:00,9.84
2020-01-11 13:00:00,9.84
2020-01-11 14:00:00,35.41
2020-01-11 15:00:00,33.13
2020-01-11 16:00:00,36.46
2020-01-11 17:00:00,44.79
2020-01-11 18:00:00,30.89
2020-01-11 19:00:00,36.12
2020-01-11 20:00:00,9.84
2020-01-11 21:00:00,9.84
2020-01-11 22:00:00,9.84
2020-01-11 23:00:00,9.84
2020-01-12 00:00:00,9.84
2020-01-12 01:00:00,9.84
2020-01-12 02:00:00,9.84
2020-01-12 03:00:00,9.84
2020-01-12 04:00:00,9.84
2020-01-12 05:00:00,9.84
2020-01-12 06:00:00,9.84
2020-01-12 07:00:00,9.84
2020-01-12 08:00:00,9.84
2020-01-12 09:00:00,9.84
2020-01-12 10:00:00,9.84
2020-01-12 11:00:00,9.84
2020-01-12 12:00:00,9.84
2020-01-12 13:00:00,9.84
2020-01-12 14:00:00,9.84
2020-01-12 15:00:00,9.84
2020-01-12 16:00:00,9.84
2020-01-12 17:00:00,9.84
2020-01-12 18:00:00,38.38
2020-01-12 19:00:00,44.61
2020-01-12 20:00:00,39.07
2020-01-12 21:00:00,40.51
2020-01-12 22:00:00,39.87
2020-01-12 23:00:00,36.67
2020-01-13 00:00:00,37.46
2020-01-13 01:00:00,9.84
2020-01-13 02:00:00,9.84
2020-01-13 03:00:00,9.84
2020-01-13 04:00:00,9.84
2020-01-13 05:00:00,9.84
2020-01-13 06:00:00,9.84
2020-01-13 07:00:00,9.84
2020-01-13 08:00:00,39.21
2020-01-13 09:00:00,33.4
2020-01-13 10:00:00,41.4
2020-01-13 11:00:00,37.93
2020-01-13 12:00:00,40.51
2020-01-13 13:00:00,34.71
2020-01-13 14:00:00,9.84
2020-01-13 15:00:00,9.84
2020-01-13 16:00:00,9.84
2020-01-13 17:00:00,9.84
2020-01-13 18:00:00,9.84
2020-01-13 19:00:00,9.84
2020-01-13 20:00:00,9.84
2020-01-13 21:00:00,9.84
2020-01-13 22:00:00,9.84
2020-01-13 23:00:00,9.84
2020-01-14 00:00:00,9.84
2020-01-14 01:00:00,9.84
2020-01-14 02:00:00,41.46
2020-01-14 03:00:00,35.57
2020-01-14 04:00:00,33.74
2020-01-14 05:00:00,39.97
2020-01-14 06:00:00,49.26
2020-01-14 07:00:00,27.6
2020-01-14 08:00:00,9.84
2020-01-14 09:00:00,9.84
2020-01-14 10:00:00,9.84
2020-01-14 11:00:00,9.84
2020-01-14 12:00:00,9.84
2020-01-14 13:00:00,9.84
2020-01-14 14:00:00,9.84
2020-01-14 15:00:00,9.84
2020-01-14 16:00:00,9.84
2020-01-14 17:00:00,9.84
2020-01-14 18:00:00,9.84
2020-01-14 19:00:00,9.84
2020-01-14 20:00:00,9.84
2020-01-14 21:00:00,9.84
2020-01-14 22:00:00,9.84
2020-01-14 23:00:00,9.84
2020-01-15 00:00:00,9.84
2020-01-15 01:00:00,9.84
2020-01-15 02:00:00,9.84
2020-01-15 03:00:00,9.84
2020-01-15 04:00:00,9.84
2020-01-15 05:00:00,9.84
2020-01-15 06:00:00,9.84
2020-01-15 07:00:00,9.84
2020-01-15 08:00:00,9.84
2020-01-15 09:00:00,9.84
2020-01-15 10:00:00,9.84
2020-01-15 11:00:00,9.84
2020-01-15 12:00:00,9.84
2020-01-15 13:00:00,13.46
2020-01-15 14:00:00,43.38
2020-01-15 15:00:00,42.8
2020-01-15 16:00:00,40.03
2020-01-15 17:00:00,43.46
2020-01-15 18:00:00,42.69
2020-01-15 19:00:00,37.26
2020-01-15 20:00:00,9.84
2020-01-15 21:00:00,9.84
2020-01-15 22:00:00,9.84
2020-01-15 23:00:00,9.84
2020-01-16 00:00:00,9.84
2020-01-16 01:00:00,9.84
2020-01-16 02:00:00,9.84
2020-01-16 03:00:00,9.84
2020-01-16 04:00:00,9.84
2020-01-16 05:00:00,9.84
2020-01-16 06:00:00,9.84
2020-01-16 07:00:00,9.84
2020-01-16 08:00:00,30.09
2020-01-16 09:00:00,32.43
2020-01-16 10:00:00,34.37
2020-01-16 11:00:00,33.57
2020-01-16 12:00:00,35.98
2020-01-16 13:00:00,35.99
2020-01-16 14:00:00,43
2020-01-16 15:00:00,9.84
2020-01-16 16:00:00,9.84
2020-01-16 17:00:00,9.84
2020-01-16 18:00:00,9.84
2020-01-16 19:00:00,9.84
2020-01-16 20:00:00,9.84
2020-01-16 21:00:00,9.84
2020-01-16 22:00:00,9.84
2020-01-16 23:00:00,9.84
2020-01-17 00:00:00,9.84
2020-01-17 01:00:00,9.84
2020-01-17 02:00:00,9.84
2020-01-17 03:00:00,34.07
2020-01-17 04:00:00,33.5
2020-01-17 05:00:00,36.08
2020-01-17 06:00:00,32.28
2020-01-17 07:00:00,31.44
2020-01-17 08:00:00,30.34
2020-01-17 09:00:00,31.61
2020-01-17 10:00:00,13.98
2020-01-17 11:00:00,9.84
2020-01-17 12:00:00,9.84
2020-01-17 13:00:00,9.84
2020-01-17 14:00:00,9.84
2020-01-17 15:00:00,9.84
2020-01-17 16:00:00,9.84
2020-01-17 17:00:00,9.84
2020-01-17 18:00:00,9.84
2020-01-17 19:00:00,9.84
2020-01-17 20:00:00,9.84
2020-01-17 21:00:00,9.84
2020-01-17 22:00:00,9.84
2020-01-17 23:00:00,9.84
2020-01-18 00:00:00,9.84
2020-01-18 01:00:00,9.84
2020-01-18 02:00:00,9.84
2020-01-18 03:00:00,9.84
2020-01-18 04:00:00,9.84
2020-01-18 05:00:00,9.84
2020-01-18 06:00:00,9.84
2020-01-18 07:00:00,9.84
2020-01-18 08:00:00,9.84
2020-01-18 09:00:00,9.84
2020-01-18 10:00:00,9.84
2020-01-18 11:00:00,9.84
2020-01-18 12:00:00,9.84
2020-01-18 13:00:00,9.84
2020-01-18 14:00:00,28.02
2020-01-18 15:00:00,32.17
2020-01-18 16:00:00,44.06
2020-01-18 17:00:00,39.18
2020-01-18 18:00:00,41.89
2020-01-18 19:00:00,41.72
2020-01-18 20:00:00,11.24
2020-01-18 21:00:00,9.84
2020-01-18 22:00:00,9.84
2020-01-18 23:00:00,9.84
2020-01-19 00:00:00,9.84
2020-01-19 01:00:00,9.84
2020-01-19 02:00:00,9.84
2020-01-19 03:00:00,9.84
2020-01-19 04:00:00,9.84
2020-01-19 05:00:00,9.84
2020-01-19 06:00:00,9.84
2020-01-19 07:00:00,12.45
2020-01-19 08:00:00,31.94
2020-01-19 09:00:00,38.07
2020-01-19 10:00:00,38.55
2020-01-19 11:00:00,38.71
2020-01-19 12:00:00,36.69
2020-01-19 13:00:00,44.19
2020-01-19 14:00:00,22.57
2020-01-19 15:00:00,9.84
2020-01-19 16:00:00,9.84
2020-01-19 17:00:00,9.84
2020-01-19 18:00:00,9.84
2020-01-19 19:00:00,9.84
2020-01-19 20:00:00,9.84
2020-01-19 21:00:00,9.84
2020-01-19 22:00:00,9.84
2020-01-19 23:00:00,9.84
2020-01-20 00:00:00,9.84
2020-01-20 01:00:00,9.84
2020-01-20 02:00:00,9.84
2020-01-20 03:00:00,9.84
2020-01-20 04:00:00,9.84
2020-01-20 05:00:00,9.84
2020-01-20 06:00:00,9.84
2020-01-20 07:00:00,9.84
2020-01-20 08:00:00,9.84
2020-01-20 09:00:00,9.84
2020-01-20 10:00:00,9.84
2020-01-20 11:00:00,9.84
2020-01-20 12:00:00,9.84
2020-01-20 13:00:00,9.84
2020-01-20 14:00:00,15.11
2020-01-20 15:00:00,38.34
2020-01-20 16:00:00,37.82
2020-01-20 17:00:00,39.4
2020-01-20 18:00:00,31.05
2020-01-20 19:00:00,34.93
2020-01-20 20:00:00,34.35
2020-01-20 21:00:00,36.17
2020-01-20 22:00:00,9.84
2020-01-20 23:00:00,9.84
2020-01-21 00:00:00,9.84
2020-01-21 01:00:00,9.84
2020-01-21 02:00:00,9.84
2020-01-21 03:00:00,9.84
2020-01-21 04:00:00,9.84
2020-01-21 05:00:00,9.84
2020-01-21 06:00:00,9.84
2020-01-21 07:00:00,9.84
2020-01-21 08:00:00,9.84
2020-01-21 09:00:00,9.84
2020-01-21 10:00:00,9.84
2020-01-21 11:00:00,9.84
2020-01-21 12:00:00,9.84
2020-01-21 13:00:00,9.84
2020-01-21 14:00:00,9.84
2020-01-21 15:00:00,9.84
2020-01-21 16:00:00,9.84
2020-01-21 17:00:00,37.04
2020-01-21 18:00:00,31.54
2020-01-21 19:00:00,34.82
2020-01-21 20:00:00,38.66
2020-01-21 21:00:00,37.14
2020-01-21 22:00:00,38.64
2020-01-21 23:00:00,32.59
2020-01-22 00:00:00,9.84
2020-01-22 01:00:00,9.84
2020-01-22 02:00:00,9.84
2020-01-22 03:00:00,9.84
2020-01-22 04:00:00,9.84
2020-01-22 05:00:00,9.84
2020-01-22 06:00:00,9.84
2020-01-22 07:00:00,9.84
2020-01-22 08:00:00,9.84
2020-01-22 09:00:00,9.84
2020-01-22 10:00:00,9.84
2020-01-22 11:00:00,9.84
2020-01-22 12:00:00,9.84
2020-01-22 13:00:00,33.96
2020-01-22 14:00:00,40.64
2020-01-22 15:00:00,38.14
2020-01-22 16:00:00,35.94
2020-01-22 17:00:00,41.44
2020-01-22 18:00:00,33.09
2020-01-22 19:00:00,36.17
2020-01-22 20:00:00,9.84
2020-01-22 21:00:00,9.84
2020-01-22 22:00:00,9.84
2020-01-22 23:00:00,9.84
2020-01-23 00:00:00,9.84
2020-01-23 01:00:00,9.84
2020-01-23 02:00:00,12.39
2020-01-23 03:00:00,35.95
2020-01-23 04:00:00,34.16
2020-01-23 05:00:00,38.85
2020-01-23 06:00:00,40.51
2020-01-23 07:00:00,29.04
2020-01-23 08:00:00,28.65
2020-01-23 09:00:00,26.99
2020-01-23 10:00:00,29.2
2020-01-23 11:00:00,9.84
2020-01-23 12:00:00,9.84
2020-01-23 13:00:00,9.84
2020-01-23 14:00:00,9.84
2020-01-23 15:00:00,9.84
2020-01-23 16:00:00,9.84
2020-01-23 17:00:00,9.84
2020-01-23 18:00:00,9.84
2020-01-23 19:00:00,9.84
2020-01-23 20:00:00,9.84
2020-01-23 21:00:00,9.84
2020-01-23 22:00:00,9.84
2020-01-23 23:00:00,9.84
2020-01-24 00:00:00,9.84
2020-01-24 01:00:00,9.84
2020-01-24 02:00:00,9.84
2020-01-24 03:00:00,9.84
2020-01-24 04:00:00,9.84
2020-01-24 05:00:00,9.84
2020-01-24 06:00:00,9.84
2020-01-24 07:00:00,9.84
2020-01-24 08:00:00,9.84
2020-01-24 09:00:00,9.84
2020-01-24 10:00:00,29.97
2020-01-24 11:00:00,37.06
2020-01-24 12:00:00,34.17
2020-01-24 13:00:00,30.2
2020-01-24 14:00:00,39.25
2020-01-24 15:00:00,39.34
2020-01-24 16:00:00,39.65
2020-01-24 17:00:00,35.91
2020-01-24 18:00:00,13.43
2020-01-24 19:00:00,9.84
2020-01-24 20:00:00,9.84
2020-01-24 21:00:00,9.84
2020-01-24 22:00:00,9.84
2020-01-24 23:00:00,9.84
2020-01-25 00:00:00,9.84
2020-01-25 01:00:00,9.84
2020-01-25 02:00:00,9.84
2020-01-25 03:00:00,9.84
2020-01-25 04:00:00,9.84
2020-01-25 05:00:00,9.84
2020-01-25 06:00:00,9.84
2020-01-25 07:00:00,9.84
2020-01-25 08:00:00,9.84
2020-01-25 09:00:00,9.84
2020-01-25 10:00:00,9.84
2020-01-25 11:00:00,9.84
2020-01-25 12:00:00,9.84
2020-01-25 13:00:00,9.84
2020-01-25 14:00:00,9.84
2020-01-25 15:00:00,9.84
2020-01-25 16:00:00,11.86
2020-01-25 17:00:00,38.17
2020-01-25 18:00:00,36.8
2020-01-25 19:00:00,43.08
2020-01-25 20:00:00,38.82
2020-01-25 21:00:00,36.1
2020-01-25 22:00:00,37.43
2020-01-25 23:00:00,33.69
2020-01-26 00:00:00,9.84
2020-01-26 01:00:00,9.84
2020-01-26 02:00:00,9.84
2020-01-26 03:00:00,9.84
2020-01-26 04:00:00,9.84
2020-01-26 05:00:00,9.84
2020-01-26 06:00:00,9.84
2020-01-26 07:00:00,9.84
2020-01-26 08:00:00,9.84
2020-01-26 09:00:00,9.84
2020-01-26 10:00:00,9.84
2020-01-26 11:00:00,9.84
2020-01-26 12:00:00,9.84
2020-01-26 13:00:00,9.84
2020-01-26 14:00:00,9.84
2020-01-26 15:00:00,9.84
2020-01-26 16:00:00,35.87
2020-01-26 17:00:00,46.14
2020-01-26 18:00:00,37.46
2020-01-26 19:00:00,42.42
2020-01-26 20:00:00,43.33
2020-01-26 21:00:00,48.57
2020-01-26 22:00:00,36.24
2020-01-26 23:00:00,38.5
2020-01-27 00:00:00,13.57
2020-01-27 01:00:00,9.84
2020-01-27 02:00:00,9.84
2020-01-27 03:00:00,9.84
2020-01-27 04:00:00,9.84
2020-01-27 05:00:00,9.84
2020-01-27 06:00:00,9.84
2020-01-27 07:00:00,12.7
2020-01-27 08:00:00,31.26
2020-01-27 09:00:00,32.38
2020-01-27 10:00:00,34.74
2020-01-27 11:00:00,46.52
2020-01-27 12:00:00,50.29
2020-01-27 13:00:00,39.51
2020-01-27 14:00:00,45.64
2020-01-27 15:00:00,23.25
2020-01-27 16:00:00,9.84
2020-01-27 17:00:00,9.84
2020-01-27 18:00:00,9.84
2020-01-27 19:00:00,9.84
2020-01-27 20:00:00,9.84
2020-01-27 21:00:00,9.84
2020-01-27 22:00:00,9.84
2020-01-27 23:00:00,9.84
2020-01-28 00:00:00,9.84
2020-01-28 01:00:00,9.84
2020-01-28 02:00:00,9.84
2020-01-28 03:00:00,9.84
2020-01-28 04:00:00,9.84
2020-01-28 05:00:00,9.84
2020-01-28 06:00:00,9.84
2020-01-28 07:00:00,9.84
2020-01-28 08:00:00,30.47
2020-01-28 09:00:00,39.5
2020-01-28 10:00:00,36.33
2020-01-28 11:00:00,36.23
2020-01-28 12:00:00,36.56
2020-01-28 13:00:00,30.22
2020-01-28 14:00:00,36.86
2020-01-28 15:00:00,11.56
2020-01-28 16:00:00,9.84
2020-01-28 17:00:00,9.84
2020-01-28 18:00:00,9.84
2020-01-28 19:00:00,9.84
2020-01-28 20:00:00,9.84
2020-01-28 21:00:00,9.84
2020-01-28 22:00:00,9.84
2020-01-28 23:00:00,9.84
2020-01-29 00:00:00,9.84
2020-01-29 01:00:00,9.84
2020-01-29 02:00:00,9.84
2020-01-29 03:00:00,9.84
2020-01-29 04:00:00,9.84
2020-01-29 05:00:00,9.84
2020-01-29 06:00:00,9.84
2020-01-29 07:00:00,9.84
2020-01-29 08:00:00,9.84
2020-01-29 09:00:00,9.84
2020-01-29 10:00:00,9.84
2020-01-29 11:00:00,9.84
2020-01-29 12:00:00,9.84
2020-01-29 13:00:00,27.56
2020-01-29 14:00:00,41.27
2020-01-29 15:00:00,45.26
2020-01-29 16:00:00,38.66
2020-01-29 17:00:00,41.14
2020-01-29 18:00:00,29.84
2020-01-29 19:00:00,40.69
2020-01-29 20:00:00,40.9
2020-01-29 21:00:00,9.84
2020-01-29 22:00:00,9.84
2020-01-29 23:00:00,9.84
2020-01-30 00:00:00,9.84
2020-01-30 01:00:00,9.84
2020-01-30 02:00:00,9.84
2020-01-30 03:00:00,9.84
2020-01-30 04:00:00,9.84
2020-01-30 05:00:00,9.84
2020-01-30 06:00:00,11.98
2020-01-30 07:00:00,31.15
2020-01-30 08:00:00,31.01
2020-01-30 09:00:00,35.4
2020-01-30 10:00:00,37.84
2020-01-30 11:00:00,35.27
2020-01-30 12:00:00,38.42
2020-01-30 13:00:00,36.56
2020-01-30 14:00:00,37.45
2020-01-30 15:00:00,9.84
2020-01-30 16:00:00,9.84
2020-01-30 17:00:00,9.84
2020-01-30 18:00:00,9.84
2020-01-30 19:00:00,9.84
2020-01-30 20:00:00,9.84
2020-01-30 21:00:00,9.84
2020-01-30 22:00:00,9.84
2020-01-30 23:00:00,9.84
2020-01-31 00:00:00,9.84
2020-01-31 01:00:00,9.84
2020-01-31 02:00:00,9.84
2020-01-31 03:00:00,9.84
2020-01-31 04:00:00,9.84
2020-01-31 05:00:00,9.84
2020-01-31 06:00:00,9.84
2020-01-31 07:00:00,9.84
2020-01-31 08:00:00,9.84
2020-01-31 09:00:00,34.5
2020-01-31 10:00:00,34.37
2020-01-31 11:00:00,30.49
2020-01-31 12:00:00,34.46
2020-01-31 13:00:00,34.01
2020-01-31 14:00:00,35.51
2020-01-31 15:00:00,37.23
2020-01-31 16:00:00,37.96
2020-01-31 17:00:00,9.84
2020-01-31 18:00:00,9.84
2020-01-31 19:00:00,9.84
2020-01-31 20:00:00,9.84
2020-01-31 21:00:00,9.84
2020-01-31 22:00:00,9.84
2020-01-31 23:00:00,9.84
2020-02-01 00:00:00,9.84
2020-02-01 01:00:00,9.84
2020-02-01 02:00:00,9.84
2020-02-01 03:00:00,9.84
2020-02-01 04:00:00,9.84
2020-02-01 05:00:00,9.84
2020-02-01 06:00:00,9.84
2020-02-01 07:00:00,9.84
2020-02-01 08:00:00,9.84
2020-02-01 09:00:00,9.84
2020-02-01 10:00:00,9.84
2020-02-01 11:00:00,9.84
2020-02-01 12:00:00,9.84
2020-02-01 13:00:00,9.84
2020-02-01 14:00:00,9.84
2020-02-01 15:00:00,9.84
2020-02-01 16:00:00,22.36
2020-02-01 17:00:00,42.49
2020-02-01 18:00:00,39.67
2020-02-01 19:00:00,38.08
2020-02-01 20:00:00,44.7
2020-02-01 21:00:00,38.93
2020-02-01 22:00:00,38.92
2020-02-01 23:00:00,30.63
2020-02-02 00:00:00,9.84
2020-02-02 01:00:00,9.84
2020-02-02 02:00:00,9.84
2020-02-02 03:00:00,9.84
2020-02-02 04:00:00,9.84
2020-02-02 05:00:00,9.84
2020-02-02 06:00:00,9.84
2020-02-02 07:00:00,9.84
2020-02-02 08:00:00,9.84
2020-02-02 09:00:00,9.84
2020-02-02 10:00:00,9.84
2020-02-02 11:00:00,9.84
2020-02-02 12:00:00,9.84
2020-02-02 13:00:00,9.84
2020-02-02 14:00:00,9.84
2020-02-02 15:00:00,9.84
2020-02-02 16:00:00,9.84
2020-02-02 17:00:00,33.23
2020-02-02 18:00:00,31.99
2020-02-02 19:00:00,40.16
2020-02-02 20:00:00,43.92
2020-02-02 21:00:00,33.27
2020-02-02 22:00:00,34.71
2020-02-02 23:00:00,27.27
2020-02-03 00:00:00,29.52
2020-02-03 01:00:00,9.84
2020-02-03 02:00:00,9.84
2020-02-03 03:00:00,9.84
2020-02-03 04:00:00,9.84
2020-02-03 05:00:00,9.84
2020-02-03 06:00:00,9.84
2020-02-03 07:00:00,9.84
2020-02-03 08:00:00,9.84
2020-02-03 09:00:00,9.84
2020-02-03 10:00:00,9.84
2020-02-03 11:00:00,9.84
2020-02-03 12:00:00,9.84
2020-02-03 13:00:00,19.03
2020-02-03 14:00:00,40.02
2020-02-03 15:00:00,39.69
2020-02-03 16:00:00,33.97
2020-02-03 17:00:00,34.96
2020-02-03 18:00:00,38.26
2020-02-03 19:00:00,40.02
2020-02-03 20:00:00,40.9
2020-02-03 21:00:00,14.28
2020-02-03 22:00:00,9.84
2020-02-03 23:00:00,9.84
2020-02-04 00:00:00,9.84
2020-02-04 01:00:00,9.84
2020-02-04 02:00:00,9.84
2020-02-04 03:00:00,9.84
2020-02-04 04:00:00,9.84
2020-02-04 05:00:00,9.84
2020-02-04 06:00:00,9.84
2020-02-04 07:00:00,9.84
2020-02-04 08:00:00,9.84
2020-02-04 09:00:00,32.1
2020-02-04 10:00:00,35.3
2020-02-04 11:00:00,40.5
2020-02-04 12:00:00,33.54
2020-02-04 13:00:00,28.46
2020-02-04 14:00:00,40.38
2020-02-04 15:00:00,42.9
2020-02-04 16:00:00,11.4
2020-02-04 17:00:00,9.84
2020-02-04 18:00:00,9.84
2020-02-04 19:00:00,9.84
2020-02-04 20:00:00,9.84
2020-02-04 21:00:00,9.84
2020-02-04 22:00:00,9.84
2020-02-04 23:00:00,9.84
2020-02-05 00:00:00,9.84
2020-02-05 01:00:00,9.84
2020-02-05 02:00:00,9.84
2020-02-05 03:00:00,9.84
2020-02-05 04:00:00,9.84
2020-02-05 05:00:00,9.84
2020-02-05 06:00:00,9.84
2020-02-05 07:00:00,9.84
2020-02-05 08:00:00,30.21
2020-02-05 09:00:00,37.31
2020-02-05 10:00:00,43.75
2020-02-05 11:00:00,41.89
2020-02-05 12:00:00,41.01
2020-02-05 13:00:00,28.75
2020-02-05 14:00:00,40.73
2020-02-05 15:00:00,13.84
2020-02-05 16:00:00,9.84
2020-02-05 17:00:00,9.84
2020-02-05 18:00:00,9.84
2020-02-05 19:00:00,9.84
2020-02-05 20:00:00,9.84
2020-02-05 21:00:00,9.84
2020-02-05 22:00:00,9.84
2020-02-05 23:00:00,9.84
2020-02-06 00:00:00,9.84
2020-02-06 01:00:00,9.84
2020-02-06 02:00:00,9.84
2020-02-06 03:00:00,9.84
2020-02-06 04:00:00,9.84
2020-02-06 05:00:00,9.84
2020-02-06 06:00:00,9.84
2020-02-06 07:00:00,9.84
2020-02-06 08:00:00,9.84
2020-02-06 09:00:00,9.84
2020-02-06 10:00:00,9.84
2020-02-06 11:00:00,9.84
2020-02-06 12:00:00,9.84
2020-02-06 13:00:00,9.84
2020-02-06 14:00:00,9.84
2020-02-06 15:00:00,9.84
2020-02-06 16:00:00,36.72
2020-02-06 17:00:00,48.58
2020-02-06 18:00:00,36.51
2020-02-06 19:00:00,42.07
2020-02-06 20:00:00,41.49
2020-02-06 21:00:00,41.69
2020-02-06 22:00:00,37.09
2020-02-06 23:00:00,9.84
2020-02-07 00:00:00,9.84
2020-02-07 01:00:00,9.84
2020-02-07 02:00:00,9.84
2020-02-07 03:00:00,9.84
2020-02-07 04:00:00,9.84
2020-02-07 05:00:00,9.84
2020-02-07 06:00:00,9.84
2020-02-07 07:00:00,9.84
2020-02-07 08:00:00,9.84
2020-02-07 09:00:00,9.84
2020-02-07 10:00:00,9.84
2020-02-07 11:00:00,9.84
2020-02-07 12:00:00,9.84
2020-02-07 13:00:00,14.57
2020-02-07 14:00:00,39.39
2020-02-07 15:00:00,44.63
2020-02-07 16:00:00,44.98
2020-02-07 17:00:00,33.59
2020-02-07 18:00:00,35.62
2020-02-07 19:00:00,39.84
2020-02-07 20:00:00,36.95
2020-02-07 21:00:00,9.84
2020-02-07 22:00:00,9.84
2020-02-07 23:00:00,9.84
2020-02-08 00:00:00,9.84
2020-02-08 01:00:00,9.84
2020-02-08 02:00:00,9.84
2020-02-08 03:00:00,9.84
2020-02-08 04:00:00,9.84
2020-02-08 05:00:00,9.84
2020-02-08 06:00:00,9.84
2020-02-08 07:00:00,31.5
2020-02-08 08:00:00,46.86
2020-02-08 09:00:00,33.1
2020-02-08 10:00:00,40.74
2020-02-08 11:00:00,38.98
2020-02-08 12:00:00,28.37
2020-02-08 13:00:00,30.39
2020-02-08 14:00:00,9.84
2020-02-08 15:00:00,9.84
2020-02-08 16:00:00,9.84
2020-02-08 17:00:00,9.84
2020-02-08 18:00:00,9.84
2020-02-08 19:00:00,9.84
2020-02-08 20:00:00,9.84
2020-02-08 21:00:00,9.84
2020-02-08 22:00:00,9.84
2020-02-08 23:00:00,9.84
2020-02-09 00:00:00,9.84
2020-02-09 01:00:00,9.84
2020-02-09 02:00:00,9.84
2020-02-09 03:00:00,9.84
2020-02-09 04:00:00,9.84
2020-02-09 05:00:00,9.84
2020-02-09 06:00:00,9.84
2020-02-09 07:00:00,9.84
2020-02-09 08:00:00,9.84
2020-02-09 09:00:00,9.84
2020-02-09 10:00:00,9.84
2020-02-09 11:00:00,9.84
2020-02-09 12:00:00,9.84
2020-02-09 13:00:00,37.06
2020-02-09 14:00:00,38.64
2020-02-09 15:00:00,39.25
2020-02-09 16:00:00,35.8
2020-02-09 17:00:00,36.49
2020-02-09 18:00:00,39.31
2020-02-09 19:00:00,37.98
2020-02-09 20:00:00,9.84
2020-02-09 21:00:00,9.84
2020-02-09 22:00:00,9.84
2020-02-09 23:00:00,9.84
2020-02-10 00:00:00,9.84
2020-02-10 01:00:00,9.84
2020-02-10 02:00:00,9.84
2020-02-10 03:00:00,9.84
2020-02-10 04:00:00,9.84
2020-02-10 05:00:00,9.84
2020-02-10 06:00:00,9.84
2020-02-10 07:00:00,33.21
2020-02-10 08:00:00,36.78
2020-02-10 09:00:00,36.87
2020-02-10 10:00:00,36.26
2020-02-10 11:00:00,38.93
2020-02-10 12:00:00,35.86
2020-02-10 13:00:00,30.4
2020-02-10 14:00:00,19.18
2020-02-10 15:00:00,9.84
2020-02-10 16:00:00,9.84
2020-02-10 17:00:00,9.84
2020-02-10 18:00:00,9.84
2020-02-10 19:00:00,9.84
2020-02-10 20:00:00,9.84
2020-02-10 21:00:00,9.84
2020-02-10 22:00:00,9.84
2020-02-10 23:00:00,9.84
2020-02-11 00:00:00,9.84
2020-02-11 01:00:00,9.84
2020-02-11 02:00:00,9.84
2020-02-11 03:00:00,9.84
2020-02-11 04:00:00,9.84
2020-02-11 05:00:00,9.84
2020-02-11 06:00:00,9.84
2020-02-11 07:00:00,9.84
2020-02-11 08:00:00,9.84
2020-02-11 09:00:00,9.84
2020-02-11 10:00:00,9.84
2020-02-11 11:00:00,9.84
2020-02-11 12:00:00,9.84
2020-02-11 13:00:00,9.84
2020-02-11 14:00:00,9.84
2020-02-11 15:00:00,40.19
2020-02-11 16:00:00,45.33
2020-02-11 17:00:00,40.87
2020-02-11 18:00:00,37.17
2020-02-11 19:00:00,47.89
2020-02-11 20:00:00,18.32
2020-02-11 21:00:00,9.84
2020-02-11 22:00:00,9.84
2020-02-11 23:00:00,9.84
2020-02-12 00:00:00,9.84
2020-02-12 01:00:00,9.84
2020-02-12 02:00:00,9.84
2020-02-12 03:00:00,9.84
2020-02-12 04:00:00,9.84
2020-02-12 05:00:00,9.84
2020-02-12 06:00:00,9.84
2020-02-12 07:00:00,9.84
2020-02-12 08:00:00,9.84
2020-02-12 09:00:00,9.84
2020-02-12 10:00:00,9.84
2020-02-12 11:00:00,9.84
2020-02-12 12:00:00,13.1
2020-02-12 13:00:00,32.87
2020-02-12 14:00:00,41.7
2020-02-12 15:00:00,37.98
2020-02-12 16:00:00,39.93
2020-02-12 17:00:00,42.51
2020-02-12 18:00:00,32.38
2020-02-12 19:00:00,9.84
2020-02-12 20:00:00,9.84
2020-02-12 21:00:00,9.84
2020-02-12 22:00:00,9.84
2020-02-12 23:00:00,9.84
2020-02-13 00:00:00,9.84
2020-02-13 01:00:00,9.84
2020-02-13 02:00:00,9.84
2020-02-13 03:00:00,9.84
2020-02-13 04:00:00,9.84
2020-02-13 05:00:00,9.84
2020-02-13 06:00:00,9.84
2020-02-13 07:00:00,9.84
2020-02-13 08:00:00,9.84
2020-02-13 09:00:00,9.84
2020-02-13 10:00:00,9.84
2020-02-13 11:00:00,9.84
2020-02-13 12:00:00,9.84
2020-02-13 13:00:00,9.84
2020-02-13 14:00:00,9.84
2020-02-13 15:00:00,9.84
2020-02-13 16:00:00,9.84
2020-02-13 17:00:00,46.87
2020-02-13 18:00:00,49.61
2020-02-13 19:00:00,41.03
2020-02-13 20:00:00,40.4
2020-02-13 21:00:00,36.94
2020-02-13 22:00:00,35.16
2020-02-13 23:00:00,32.51
2020-02-14 00:00:00,35.34
2020-02-14 01:00:00,39.82
2020-02-14 02:00:00,41.24
2020-02-14 03:00:00,38.37
2020-02-14 04:00:00,32.31
2020-02-14 05:00:00,35.73
2020-02-14 06:00:00,38.82
2020-02-14 07:00:00,34.2
2020-02-14 08:00:00,9.84
2020-02-14 09:00:00,9.84
2020-02-14 10:00:00,9.84
2020-02-14 11:00:00,9.84
2020-02-14 12:00:00,9.84
2020-02-14 13:00:00,9.84
2020-02-14 14:00:00,9.84
2020-02-14 15:00:00,9.84
2020-02-14 16:00:00,12.03
2020-02-14 17:00:00,9.84
2020-02-14 18:00:00,9.84
2020-02-14 19:00:00,9.84
2020-02-14 20:00:00,9.84
2020-02-14 21:00:00,9.84
2020-02-14 22:00:00,9.84
2020-02-14 23:00:00,9.84
2020-02-15 00:00:00,9.84
2020-02-15 01:00:00,9.84
2020-02-15 02:00:00,9.84
2020-02-15 03:00:00,9.84
2020-02-15 04:00:00,9.84
2020-02-15 05:00:00,9.84
2020-02-15 06:00:00,9.84
2020-02-15 07:00:00,9.84
2020-02-15 08:00:00,9.84
2020-02-15 09:00:00,9.84
2020-02-15 10:00:00,9.84
2020-02-15 11:00:00,9.84
2020-02-15 12:00:00,9.84
2020-02-15 13:00:00,9.84
2020-02-15 14:00:00,12.87
2020-02-15 15:00:00,33.91
2020-02-15 16:00:00,33.57
2020-02-15 17:00:00,41.85
2020-02-15 18:00:00,42.1
2020-02-15 19:00:00,41.4
2020-02-15 20:00:00,43
2020-02-15 21:00:00,39.92
2020-02-15 22:00:00,9.84
2020-02-15 23:00:00,9.84
2020-02-16 00:00:00,9.84
2020-02-16 01:00:00,9.84
2020-02-16 02:00:00,9.84
2020-02-16 03:00:00,9.84
2020-02-16 04:00:00,9.84
2020-02-16 05:00:00,9.84
2020-02-16 06:00:00,37.77
2020-02-16 07:00:00,22.4
2020-02-16 08:00:00,24.4
2020-02-16 09:00:00,24.6
2020-02-16 10:00:00,27.2
2020-02-16 11:00:00,24.6
2020-02-16 12:00:00,24.6
2020-02-16 13:00:00,22.2
2020-02-16 14:00:00,9.84
2020-02-16 15:00:00,9.84
2020-02-16 16:00:00,34.74
2020-02-16 17:00:00,40.76
2020-02-16 18:00:00,30.85
2020-02-16 19:00:00,39.73
2020-02-16 20:00:00,44.74
2020-02-16 21:00:00,37.79
2020-02-16 22:00:00,30.94
2020-02-16 23:00:00,9.84
2020-02-17 00:00:00,9.84
2020-02-17 01:00:00,9.84
2020-02-17 02:00:00,9.84
2020-02-17 03:00:00,9.84
2020-02-17 04:00:00,9.84
2020-02-17 05:00:00,9.84
2020-02-17 06:00:00,37.77
2020-02-17 07:00:00,32.2
2020-02-17 08:00:00,36.39
2020-02-17 09:00:00,38.08
2020-02-17 10:00:00,35.93
2020-02-17 11:00:00,36.24
2020-02-17 12:00:00,39.97
2020-02-17 13:00:00,34.49
2020-02-17 14:00:00,12.52
2020-02-17 15:00:00,9.84
2020-02-17 16:00:00,9.84
2020-02-17 17:00:00,9.84
2020-02-17 18:00:00,9.84
2020-02-17 19:00:00,9.84
2020-02-17 20:00:00,9.84
2020-02-17 21:00:00,9.84
2020-02-17 22:00:00,9.84
2020-02-17 23:00:00,9.84
2020-02-18 00:00:00,9.84
2020-02-18 01:00:00,9.84
2020-02-18 02:00:00,9.84
2020-02-18 03:00:00,9.84
2020-02-18 04:00:00,9.84
2020-02-18 05:00:00,9.84
2020-02-18 06:00:00,9.84
2020-02-18 07:00:00,9.84
2020-02-18 08:00:00,26.88
2020-02-18 09:00:00,26.8
2020-02-18 10:00:00,27.6
2020-02-18 11:00:00,27.8
2020-02-18 12:00:00,27.8
2020-02-18 13:00:00,27.8
2020-02-18 14:00:00,27.6
2020-02-18 15:00:00,27.8
2020-02-18 16:00:00,11.49
2020-02-18 17:00:00,9.84
2020-02-18 18:00:00,9.84
2020-02-18 19:00:00,9.84
2020-02-18 20:00:00,9.84
2020-02-18 21:00:00,9.84
2020-02-18 22:00:00,9.84
2020-02-18 23:00:00,9.84
2020-02-19 00:00:00,9.84
2020-02-19 01:00:00,8.71
2020-02-19 02:00:00,8.71
2020-02-19 03:00:00,8.71
2020-02-19 04:00:00,8.71
2020-02-19 05:00:00,8.71
2020-02-19 06:00:00,8.71
2020-02-19 07:00:00,8.71
2020-02-19 08:00:00,23.3
2020-02-19 09:00:00,37.28
2020-02-19 10:00:00,33.6
2020-02-19 11:00:00,35.84
2020-02-19 12:00:00,33.81
2020-02-19 13:00:00,34.12
2020-02-19 14:00:00,45.53
2020-02-19 15:00:00,37.05
2020-02-19 16:00:00,35
2020-02-19 17:00:00,8.71
2020-02-19 18:00:00,8.71
2020-02-19 19:00:00,8.71
2020-02-19 20:00:00,8.71
2020-02-19 21:00:00,8.71
2020-02-19 22:00:00,8.71
2020-02-19 23:00:00,8.71
2020-02-20 00:00:00,8.71
2020-02-20 01:00:00,8.71
2020-02-20 02:00:00,8.71
2020-02-20 03:00:00,8.71
2020-02-20 04:00:00,8.71
2020-02-20 05:00:00,8.71
2020-02-20 06:00:00,8.71
2020-02-20 07:00:00,8.71
2020-02-20 08:00:00,30.35
2020-02-20 09:00:00,31.22
2020-02-20 10:00:00,34.79
2020-02-20 11:00:00,33.57
2020-02-20 12:00:00,38.27
2020-02-20 13:00:00,33.37
2020-02-20 14:00:00,43.15
2020-02-20 15:00:00,46.27
2020-02-20 16:00:00,10.67
2020-02-20 17:00:00,8.71
2020-02-20 18:00:00,8.71
2020-02-20 19:00:00,8.71
2020-02-20 20:00:00,8.71
2020-02-20 21:00:00,8.71
2020-02-20 22:00:00,8.71
2020-02-20 23:00:00,8.71
2020-02-21 00:00:00,8.71
2020-02-21 01:00:00,8.71
2020-02-21 02:00:00,8.71
2020-02-21 03:00:00,8.71
2020-02-21 04:00:00,8.71
2020-02-21 05:00:00,8.71
2020-02-21 06:00:00,8.71
2020-02-21 07:00:00,8.71
2020-02-21 08:00:00,8.71
2020-02-21 09:00:00,8.71
2020-02-21 10:00:00,8.71
2020-02-21 11:00:00,8.71
2020-02-21 12:00:00,8.71
2020-02-21 13:00:00,8.71
2020-02-21 14:00:00,21.78
2020-02-21 15:00:00,42.04
2020-02-21 16:00:00,28.08
2020-02-21 17:00:00,33.17
2020-02-21 18:00:00,37.3
2020-02-21 19:00:00,39.65
2020-02-21 20:00:00,39.26
2020-02-21 21:00:00,36.65
2020-02-21 22:00:00,30.73
2020-02-21 23:00:00,8.71
2020-02-22 00:00:00,8.71
2020-02-22 01:00:00,8.71
2020-02-22 02:00:00,8.71
2020-02-22 03:00:00,8.71
2020-02-22 04:00:00,8.71
2020-02-22 05:00:00,8.71
2020-02-22 06:00:00,8.71
2020-02-22 07:00:00,8.71
2020-02-22 08:00:00,8.71
2020-02-22 09:00:00,8.71
2020-02-22 10:00:00,8.71
2020-02-22 11:00:00,8.71
2020-02-22 12:00:00,36.55
2020-02-22 13:00:00,37.02
2020-02-22 14:00:00,41.39
2020-02-22 15:00:00,37.24
2020-02-22 16:00:00,36.04
2020-02-22 17:00:00,42.31
2020-02-22 18:00:00,39.98
2020-02-22 19:00:00,41.4
2020-02-22 20:00:00,12.21
2020-02-22 21:00:00,8.71
2020-02-22 22:00:00,8.71
2020-02-22 23:00:00,8.71
2020-02-23 00:00:00,8.71
2020-02-23 01:00:00,8.71
2020-02-23 02:00:00,8.71
2020-02-23 03:00:00,8.71
2020-02-23 04:00:00,8.71
2020-02-23 05:00:00,8.71
2020-02-23 06:00:00,8.71
2020-02-23 07:00:00,8.71
2020-02-23 08:00:00,8.71
2020-02-23 09:00:00,8.71
2020-02-23 10:00:00,8.71
2020-02-23 11:00:00,8.71
2020-02-23 12:00:00,8.71
2020-02-23 13:00:00,8.71
2020-02-23 14:00:00,8.71
2020-02-23 15:00:00,34.9
2020-02-23 16:00:00,42.01
2020-02-23 17:00:00,41.45
2020-02-23 18:00:00,33.16
2020-02-23 19:00:00,41.62
2020-02-23 20:00:00,42.38
2020-02-23 21:00:00,40.8
2020-02-23 22:00:00,39.38
2020-02-23 23:00:00,10.74
2020-02-24 00:00:00,8.71
2020-02-24 01:00:00,8.71
2020-02-24 02:00:00,8.71
2020-02-24 03:00:00,8.71
2020-02-24 04:00:00,8.71
2020-02-24 05:00:00,38.39
2020-02-24 06:00:00,43.16
2020-02-24 07:00:00,31.74
2020-02-24 08:00:00,26.57
2020-02-24 09:00:00,27.04
2020-02-24 10:00:00,28.91
2020-02-24 11:00:00,33.78
2020-02-24 12:00:00,32.84
2020-02-24 13:00:00,31.28
2020-02-24 14:00:00,37.73
2020-02-24 15:00:00,8.71
2020-02-24 16:00:00,8.71
2020-02-24 17:00:00,8.71
2020-02-24 18:00:00,8.71
2020-02-24 19:00:00,8.71
2020-02-24 20:00:00,8.71
2020-02-24 21:00:00,8.71
2020-02-24 22:00:00,8.71
2020-02-24 23:00:00,8.71
2020-02-25 00:00:00,8.71
2020-02-25 01:00:00,8.71
2020-02-25 02:00:00,8.71
2020-02-25 03:00:00,8.71
2020-02-25 04:00:00,8.71
2020-02-25 05:00:00,8.71
2020-02-25 06:00:00,8.71
2020-02-25 07:00:00,8.71
2020-02-25 08:00:00,8.71
2020-02-25 09:00:00,8.71
2020-02-25 10:00:00,8.71
2020-02-25 11:00:00,8.71
2020-02-25 12:00:00,8.71
2020-02-25 13:00:00,8.71
2020-02-25 14:00:00,11.86
2020-02-25 15:00:00,40.45
2020-02-25 16:00:00,34.32
2020-02-25 17:00:00,35.07
2020-02-25 18:00:00,35.7
2020-02-25 19:00:00,38.12
2020-02-25 20:00:00,37.03
2020-02-25 21:00:00,33.23
2020-02-25 22:00:00,8.71
2020-02-25 23:00:00,8.71
2020-02-26 00:00:00,8.71
2020-02-26 01:00:00,8.71
2020-02-26 02:00:00,8.71
2020-02-26 03:00:00,35.72
2020-02-26 04:00:00,36.43
2020-02-26 05:00:00,36.63
2020-02-26 06:00:00,41.17
2020-02-26 07:00:00,41.51
2020-02-26 08:00:00,32.76
2020-02-26 09:00:00,34.66
2020-02-26 10:00:00,8.71
2020-02-26 11:00:00,8.71
2020-02-26 12:00:00,8.71
2020-02-26 13:00:00,8.71
2020-02-26 14:00:00,8.71
2020-02-26 15:00:00,8.71
2020-02-26 16:00:00,8.71
2020-02-26 17:00:00,8.71
2020-02-26 18:00:00,8.71
2020-02-26 19:00:00,8.71
2020-02-26 20:00:00,8.71
2020-02-26 21:00:00,8.71
2020-02-26 22:00:00,8.71
2020-02-26 23:00:00,8.71
2020-02-27 00:00:00,8.71
2020-02-27 01:00:00,8.71
2020-02-27 02:00:00,8.71
2020-02-27 03:00:00,8.71
2020-02-27 04:00:00,8.71
2020-02-27 05:00:00,8.71
2020-02-27 06:00:00,8.71
2020-02-27 07:00:00,8.71
2020-02-27 08:00:00,8.71
2020-02-27 09:00:00,8.71
2020-02-27 10:00:00,8.71
2020-02-27 11:00:00,8.71
2020-02-27 12:00:00,8.71
2020-02-27 13:00:00,8.71
2020-02-27 14:00:00,8.71
2020-02-27 15:00:00,8.71
2020-02-27 16:00:00,38.62
2020-02-27 17:00:00,35.7
2020-02-27 18:00:00,42.31
2020-02-27 19:00:00,38.77
2020-02-27 20:00:00,36.08
2020-02-27 21:00:00,34.35
2020-02-27 22:00:00,34.8
2020-02-27 23:00:00,8.71
2020-02-28 00:00:00,8.71
2020-02-28 01:00:00,8.71
2020-02-28 02:00:00,8.71
2020-02-28 03:00:00,8.71
2020-02-28 04:00:00,8.71
2020-02-28 05:00:00,8.71
2020-02-28 06:00:00,8.71
2020-02-28 07:00:00,8.71
2020-02-28 08:00:00,8.71
2020-02-28 09:00:00,8.71
2020-02-28 10:00:00,8.71
2020-02-28 11:00:00,8.71
2020-02-28 12:00:00,8.71
2020-02-28 13:00:00,12.31
2020-02-28 14:00:00,39.75
2020-02-28 15:00:00,38.09
2020-02-28 16:00:00,29.49
2020-02-28 17:00:00,34.85
2020-02-28 18:00:00,40.25
2020-02-28 19:00:00,41.69
2020-02-28 20:00:00,40.54
2020-02-28 21:00:00,36.87
2020-02-28 22:00:00,32.24
2020-02-28 23:00:00,32.57
2020-02-29 00:00:00,8.71
2020-02-29 01:00:00,8.71
2020-02-29 02:00:00,8.71
2020-02-29 03:00:00,8.71
2020-02-29 04:00:00,8.71
2020-02-29 05:00:00,8.71
2020-02-29 06:00:00,8.71
2020-02-29 07:00:00,8.71
2020-02-29 08:00:00,8.71
2020-02-29 09:00:00,8.71
2020-02-29 10:00:00,8.71
2020-02-29 11:00:00,8.71
2020-02-29 12:00:00,12.14
2020-02-29 13:00:00,25.3
2020-02-29 14:00:00,38.6
2020-02-29 15:00:00,45.62
2020-02-29 16:00:00,41.74
2020-02-29 17:00:00,38.58
2020-02-29 18:00:00,34.59
2020-02-29 19:00:00,34.94
2020-02-29 20:00:00,38.6
2020-02-29 21:00:00,37.83
2020-02-29 22:00:00,33.69
2020-02-29 23:00:00,8.71
2020-03-01 00:00:00,8.71
2020-03-01 01:00:00,8.71
2020-03-01 02:00:00,8.71
2020-03-01 03:00:00,8.71
2020-03-01 04:00:00,8.71
2020-03-01 05:00:00,8.71
2020-03-01 06:00:00,8.71
2020-03-01 07:00:00,8.71
2020-03-01 08:00:00,8.71
2020-03-01 09:00:00,8.71
2020-03-01 10:00:00,8.71
2020-03-01 11:00:00,8.71
2020-03-01 12:00:00,8.71
2020-03-01 13:00:00,16.51
2020-03-01 14:00:00,40.74
2020-03-01 15:00:00,39.57
2020-03-01 16:00:00,45.51
2020-03-01 17:00:00,38.44
2020-03-01 18:00:00,38.62
2020-03-01 19:00:00,40.02
2020-03-01 20:00:00,45.2
2020-03-01 21:00:00,41.03
2020-03-01 22:00:00,33.33
2020-03-01 23:00:00,8.71
2020-03-02 00:00:00,8.71
2020-03-02 01:00:00,8.71
2020-03-02 02:00:00,8.71
2020-03-02 03:00:00,8.71
2020-03-02 04:00:00,8.71
2020-03-02 05:00:00,8.71
2020-03-02 06:00:00,8.71
2020-03-02 07:00:00,8.71
2020-03-02 08:00:00,8.71
2020-03-02 09:00:00,8.71
2020-03-02 10:00:00,8.71
2020-03-02 11:00:00,12.35
2020-03-02 12:00:00,38.26
2020-03-02 13:00:00,28.53
2020-03-02 14:00:00,34.17
2020-03-02 15:00:00,41.47
2020-03-02 16:00:00,36.66
2020-03-02 17:00:00,34.19
2020-03-02 18:00:00,35.67
2020-03-02 19:00:00,38.43
2020-03-02 20:00:00,37.75
2020-03-02 21:00:00,37.66
2020-03-02 22:00:00,10.63
2020-03-02 23:00:00,8.71
2020-03-03 00:00:00,8.71
2020-03-03 01:00:00,8.71
2020-03-03 02:00:00,8.71
2020-03-03 03:00:00,8.71
2020-03-03 04:00:00,8.71
2020-03-03 05:00:00,8.71
2020-03-03 06:00:00,8.71
2020-03-03 07:00:00,8.71
2020-03-03 08:00:00,8.71
2020-03-03 09:00:00,8.71
2020-03-03 10:00:00,8.71
2020-03-03 11:00:00,8.71
2020-03-03 12:00:00,8.71
2020-03-03 13:00:00,11.1
2020-03-03 14:00:00,39.37
2020-03-03 15:00:00,41.28
2020-03-03 16:00:00,37.8
2020-03-03 17:00:00,40.14
2020-03-03 18:00:00,39.85
2020-03-03 19:00:00,38.42
2020-03-03 20:00:00,39.51
2020-03-03 21:00:00,39.9
2020-03-03 22:00:00,43.95
2020-03-03 23:00:00,33.54
2020-03-04 00:00:00,8.71
2020-03-04 01:00:00,8.71
2020-03-04 02:00:00,8.71
2020-03-04 03:00:00,8.71
2020-03-04 04:00:00,8.71
2020-03-04 05:00:00,8.71
2020-03-04 06:00:00,8.71
2020-03-04 07:00:00,8.71
2020-03-04 08:00:00,8.71
2020-03-04 09:00:00,8.71
2020-03-04 10:00:00,8.71
2020-03-04 11:00:00,8.71
2020-03-04 12:00:00,8.71
2020-03-04 13:00:00,8.71
2020-03-04 14:00:00,8.71
2020-03-04 15:00:00,43.94
2020-03-04 16:00:00,37.66
2020-03-04 17:00:00,44.47
2020-03-04 18:00:00,36.09
2020-03-04 19:00:00,44.7
2020-03-04 20:00:00,41.49
2020-03-04 21:00:00,38.09
2020-03-04 22:00:00,35.66
2020-03-04 23:00:00,35.63
2020-03-05 00:00:00,33.97
2020-03-05 01:00:00,11.37
2020-03-05 02:00:00,8.71
2020-03-05 03:00:00,8.71
2020-03-05 04:00:00,8.71
2020-03-05 05:00:00,8.71
2020-03-05 06:00:00,8.71
2020-03-05 07:00:00,8.71
2020-03-05 08:00:00,8.71
2020-03-05 09:00:00,8.71
2020-03-05 10:00:00,8.71
2020-03-05 11:00:00,8.71
2020-03-05 12:00:00,8.71
2020-03-05 13:00:00,8.71
2020-03-05 14:00:00,36.11
2020-03-05 15:00:00,39.34
2020-03-05 16:00:00,36.77
2020-03-05 17:00:00,42.82
2020-03-05 18:00:00,33.24
2020-03-05 19:00:00,38.52
2020-03-05 20:00:00,43.67
2020-03-05 21:00:00,37.27
2020-03-05 22:00:00,36.58
2020-03-05 23:00:00,35.94
2020-03-06 00:00:00,10.08
2020-03-06 01:00:00,8.71
2020-03-06 02:00:00,8.71
2020-03-06 03:00:00,8.71
2020-03-06 04:00:00,8.71
2020-03-06 05:00:00,8.71
2020-03-06 06:00:00,8.71
2020-03-06 07:00:00,8.71
2020-03-06 08:00:00,8.71
2020-03-06 09:00:00,8.71
2020-03-06 10:00:00,8.71
2020-03-06 11:00:00,8.71
2020-03-06 12:00:00,12.01
2020-03-06 13:00:00,37.45
2020-03-06 14:00:00,36.96
2020-03-06 15:00:00,39.3
2020-03-06 16:00:00,37.49
2020-03-06 17:00:00,33.35
2020-03-06 18:00:00,33.56
2020-03-06 19:00:00,34.61
2020-03-06 20:00:00,38.63
2020-03-06 21:00:00,43.91
2020-03-06 22:00:00,43.24
2020-03-06 23:00:00,11.15
2020-03-07 00:00:00,8.71
2020-03-07 01:00:00,8.71
2020-03-07 02:00:00,8.71
2020-03-07 03:00:00,8.71
2020-03-07 04:00:00,8.71
2020-03-07 05:00:00,8.71
2020-03-07 06:00:00,8.71
2020-03-07 07:00:00,8.71
2020-03-07 08:00:00,8.71
2020-03-07 09:00:00,8.71
2020-03-07 10:00:00,8.71
2020-03-07 11:00:00,8.71
2020-03-07 12:00:00,8.71
2020-03-07 13:00:00,8.71
2020-03-07 14:00:00,8.71
2020-03-07 15:00:00,35.88
2020-03-07 16:00:00,34.73
2020-03-07 17:00:00,44.28
2020-03-07 18:00:00,30.96
2020-03-07 19:00:00,40.44
2020-03-07 20:00:00,39.19
2020-03-07 21:00:00,37.1
2020-03-07 22:00:00,34.74
2020-03-07 23:00:00,8.71
2020-03-08 00:00:00,8.71
2020-03-08 01:00:00,8.71
2020-03-08 02:00:00,8.71
2020-03-08 03:00:00,8.71
2020-03-08 04:00:00,8.71
2020-03-08 05:00:00,8.71
2020-03-08 06:00:00,8.71
2020-03-08 07:00:00,8.71
2020-03-08 08:00:00,8.71
2020-03-08 09:00:00,8.71
2020-03-08 10:00:00,8.71
2020-03-08 11:00:00,8.71
2020-03-08 12:00:00,8.71
2020-03-08 13:00:00,8.71
2020-03-08 14:00:00,8.71
2020-03-08 15:00:00,8.71
2020-03-08 16:00:00,8.71
2020-03-08 17:00:00,8.71
2020-03-08 18:00:00,8.71
2020-03-08 19:00:00,38.22
2020-03-08 20:00:00,37.47
2020-03-08 21:00:00,36.79
2020-03-08 22:00:00,36.36
2020-03-08 23:00:00,35.02
2020-03-09 00:00:00,8.71
2020-03-09 01:00:00,8.71
2020-03-09 02:00:00,8.71
2020-03-09 03:00:00,8.71
2020-03-09 04:00:00,8.71
2020-03-09 05:00:00,8.71
2020-03-09 06:00:00,8.71
2020-03-09 07:00:00,8.71
2020-03-09 08:00:00,8.71
2020-03-09 09:00:00,8.71
2020-03-09 10:00:00,8.71
2020-03-09 11:00:00,10.09
2020-03-09 12:00:00,46.68
2020-03-09 13:00:00,38.83
2020-03-09 14:00:00,37.78
2020-03-09 15:00:00,37.43
2020-03-09 16:00:00,37
2020-03-09 17:00:00,36.06
2020-03-09 18:00:00,38.62
2020-03-09 19:00:00,40.34
2020-03-09 20:00:00,37.93
2020-03-09 21:00:00,38.43
2020-03-09 22:00:00,40.93
2020-03-09 23:00:00,10.08
2020-03-10 00:00:00,8.71
2020-03-10 01:00:00,8.71
2020-03-10 02:00:00,8.71
2020-03-10 03:00:00,8.71
2020-03-10 04:00:00,8.71
2020-03-10 05:00:00,8.71
2020-03-10 06:00:00,8.71
2020-03-10 07:00:00,8.71
2020-03-10 08:00:00,8.71
2020-03-10 09:00:00,8.71
2020-03-10 10:00:00,8.71
2020-03-10 11:00:00,12.39
2020-03-10 12:00:00,34.83
2020-03-10 13:00:00,32.83
2020-03-10 14:00:00,38.38
2020-03-10 15:00:00,36.93
2020-03-10 16:00:00,43.02
2020-03-10 17:00:00,38.06
2020-03-10 18:00:00,29.78
2020-03-10 19:00:00,42.99
2020-03-10 20:00:00,43.18
2020-03-10 21:00:00,42
2020-03-10 22:00:00,45.31
2020-03-10 23:00:00,43.06
2020-03-11 00:00:00,8.71
2020-03-11 01:00:00,8.71
2020-03-11 02:00:00,8.71
2020-03-11 03:00:00,8.71
2020-03-11 04:00:00,8.71
2020-03-11 05:00:00,8.71
2020-03-11 06:00:00,8.71
2020-03-11 07:00:00,8.71
2020-03-11 08:00:00,8.71
2020-03-11 09:00:00,8.71
2020-03-11 10:00:00,11.59
2020-03-11 11:00:00,34.24
2020-03-11 12:00:00,33.21
2020-03-11 13:00:00,35.95
2020-03-11 14:00:00,36.69
2020-03-11 15:00:00,38.65
2020-03-11 16:00:00,34.64
2020-03-11 17:00:00,34.81
2020-03-11 18:00:00,41.05
2020-03-11 19:00:00,32.94
2020-03-11 20:00:00,39.17
2020-03-11 21:00:00,40.47
2020-03-11 22:00:00,34.68
2020-03-11 23:00:00,8.71
2020-03-12 00:00:00,8.71
2020-03-12 01:00:00,8.71
2020-03-12 02:00:00,8.71
2020-03-12 03:00:00,8.71
2020-03-12 04:00:00,8.71
2020-03-12 05:00:00,8.71
2020-03-12 06:00:00,8.71
2020-03-12 07:00:00,8.71
2020-03-12 08:00:00,8.71
2020-03-12 09:00:00,8.71
2020-03-12 10:00:00,8.71
2020-03-12 11:00:00,36.09
2020-03-12 12:00:00,38.99
2020-03-12 13:00:00,38.27
2020-03-12 14:00:00,38.08
2020-03-12 15:00:00,43.21
2020-03-12 16:00:00,34.88
2020-03-12 17:00:00,38.68
2020-03-12 18:00:00,34.24
2020-03-12 19:00:00,34.35
2020-03-12 20:00:00,40.36
2020-03-12 21:00:00,43.65
2020-03-12 22:00:00,39.08
2020-03-12 23:00:00,8.71
2020-03-13 00:00:00,8.71
2020-03-13 01:00:00,8.71
2020-03-13 02:00:00,8.71
2020-03-13 03:00:00,8.71
2020-03-13 04:00:00,8.71
2020-03-13 05:00:00,8.71
2020-03-13 06:00:00,8.71
2020-03-13 07:00:00,8.71
2020-03-13 08:00:00,8.71
2020-03-13 09:00:00,8.71
2020-03-13 10:00:00,31.39
2020-03-13 11:00:00,39.06
2020-03-13 12:00:00,32.66
2020-03-13 13:00:00,30.02
2020-03-13 14:00:00,39.65
2020-03-13 15:00:00,41.66
2020-03-13 16:00:00,38.32
2020-03-13 17:00:00,38.84
2020-03-13 18:00:00,37.94
2020-03-13 19:00:00,39.03
2020-03-13 20:00:00,40.95
2020-03-13 21:00:00,41.1
2020-03-13 22:00:00,40.23
2020-03-13 23:00:00,8.71
2020-03-14 00:00:00,8.71
2020-03-14 01:00:00,8.71
2020-03-14 02:00:00,8.71
2020-03-14 03:00:00,8.71
2020-03-14 04:00:00,8.71
2020-03-14 05:00:00,8.71
2020-03-14 06:00:00,8.71
2020-03-14 07:00:00,8.71
2020-03-14 08:00:00,8.71
2020-03-14 09:00:00,8.71
2020-03-14 10:00:00,8.71
2020-03-14 11:00:00,12.11
2020-03-14 12:00:00,29.31
2020-03-14 13:00:00,26.47
2020-03-14 14:00:00,31.64
2020-03-14 15:00:00,41.51
2020-03-14 16:00:00,36.65
2020-03-14 17:00:00,41.96
2020-03-14 18:00:00,39.76
2020-03-14 19:00:00,43.95
2020-03-14 20:00:00,45.23
2020-03-14 21:00:00,39.2
2020-03-14 22:00:00,20.27
2020-03-14 23:00:00,8.71
2020-03-15 00:00:00,8.71
2020-03-15 01:00:00,8.71
2020-03-15 02:00:00,8.71
2020-03-15 03:00:00,8.71
2020-03-15 04:00:00,30.5
2020-03-15 05:00:00,23.43
2020-03-15 06:00:00,27.87
2020-03-15 07:00:00,25.57
2020-03-15 08:00:00,27.92
2020-03-15 09:00:00,43.26
2020-03-15 10:00:00,37.53
2020-03-15 11:00:00,31.74
2020-03-15 12:00:00,31.62
2020-03-15 13:00:00,37.85
2020-03-15 14:00:00,30.39
2020-03-15 15:00:00,10.18
2020-03-15 16:00:00,8.71
2020-03-15 17:00:00,8.71
2020-03-15 18:00:00,8.71
2020-03-15 19:00:00,8.71
2020-03-15 20:00:00,8.71
2020-03-15 21:00:00,8.71
2020-03-15 22:00:00,8.71
2020-03-15 23:00:00,8.71
2020-03-16 00:00:00,8.71
2020-03-16 01:00:00,8.71
2020-03-16 02:00:00,8.71
2020-03-16 03:00:00,8.71
2020-03-16 04:00:00,8.71
2020-03-16 05:00:00,37.72
2020-03-16 06:00:00,38.51
2020-03-16 07:00:00,42.75
2020-03-16 08:00:00,30.38
2020-03-16 09:00:00,36.69
2020-03-16 10:00:00,36.49
2020-03-16 11:00:00,38.19
2020-03-16 12:00:00,41.83
2020-03-16 13:00:00,31.33
2020-03-16 14:00:00,34.26
2020-03-16 15:00:00,38.49
2020-03-16 16:00:00,39.61
2020-03-16 17:00:00,39.55
2020-03-16 18:00:00,35.63
2020-03-16 19:00:00,42.19
2020-03-16 20:00:00,43.75
2020-03-16 21:00:00,45.8
2020-03-16 22:00:00,39.42
2020-03-16 23:00:00,8.71
2020-03-17 00:00:00,11.09
2020-03-17 01:00:00,39.24
2020-03-17 02:00:00,34.64
2020-03-17 03:00:00,36.77
2020-03-17 04:00:00,42.28
2020-03-17 05:00:00,40.21
2020-03-17 06:00:00,34.87
2020-03-17 07:00:00,42.4
2020-03-17 08:00:00,33.85
2020-03-17 09:00:00,8.71
2020-03-17 10:00:00,8.71
2020-03-17 11:00:00,8.71
2020-03-17 12:00:00,8.71
2020-03-17 13:00:00,8.71
2020-03-17 14:00:00,8.71
2020-03-17 15:00:00,8.71
2020-03-17 16:00:00,17.68
2020-03-17 17:00:00,37.21
2020-03-17 18:00:00,37.93
2020-03-17 19:00:00,40.79
2020-03-17 20:00:00,39.3
2020-03-17 21:00:00,39.38
2020-03-17 22:00:00,40.48
2020-03-17 23:00:00,20.85
2020-03-18 00:00:00,8.71
2020-03-18 01:00:00,8.71
2020-03-18 02:00:00,8.71
2020-03-18 03:00:00,8.71
2020-03-18 04:00:00,8.71
2020-03-18 05:00:00,8.71
2020-03-18 06:00:00,14.66
2020-03-18 07:00:00,32.01
2020-03-18 08:00:00,32.87
2020-03-18 09:00:00,31.71
2020-03-18 10:00:00,31.11
2020-03-18 11:00:00,36.53
2020-03-18 12:00:00,31.93
2020-03-18 13:00:00,31.26
2020-03-18 14:00:00,35.46
2020-03-18 15:00:00,30.23
2020-03-18 16:00:00,38.06
2020-03-18 17:00:00,37.59
2020-03-18 18:00:00,33.82
2020-03-18 19:00:00,34.84
2020-03-18 20:00:00,40.3
2020-03-18 21:00:00,37.96
2020-03-18 22:00:00,39.64
2020-03-18 23:00:00,8.71
2020-03-19 00:00:00,8.71
2020-03-19 01:00:00,7.58
2020-03-19 02:00:00,7.58
2020-03-19 03:00:00,7.58
2020-03-19 04:00:00,31.15
2020-03-19 05:00:00,34.63
2020-03-19 06:00:00,37.05
2020-03-19 07:00:00,41.26
2020-03-19 08:00:00,28.01
2020-03-19 09:00:00,34.62
2020-03-19 10:00:00,30.9
2020-03-19 11:00:00,31.21
2020-03-19 12:00:00,33.01
2020-03-19 13:00:00,27.06
2020-03-19 14:00:00,16.22
2020-03-19 15:00:00,7.58
2020-03-19 16:00:00,7.58
2020-03-19 17:00:00,7.58
2020-03-19 18:00:00,38.94
2020-03-19 19:00:00,41.78
2020-03-19 20:00:00,45.38
2020-03-19 21:00:00,38.53
2020-03-19 22:00:00,35.09
2020-03-19 23:00:00,7.58
2020-03-20 00:00:00,7.58
2020-03-20 01:00:00,7.58
2020-03-20 02:00:00,7.58
2020-03-20 03:00:00,7.58
2020-03-20 04:00:00,7.58
2020-03-20 05:00:00,7.58
2020-03-20 06:00:00,7.58
2020-03-20 07:00:00,7.58
2020-03-20 08:00:00,7.58
2020-03-20 09:00:00,7.58
2020-03-20 10:00:00,32.25
2020-03-20 11:00:00,35.46
2020-03-20 12:00:00,33.86
2020-03-20 13:00:00,38.61
2020-03-20 14:00:00,37.7
2020-03-20 15:00:00,37.8
2020-03-20 16:00:00,33.74
2020-03-20 17:00:00,33.87
2020-03-20 18:00:00,34.62
2020-03-20 19:00:00,40.6
2020-03-20 20:00:00,40.12
2020-03-20 21:00:00,38.97
2020-03-20 22:00:00,34.74
2020-03-20 23:00:00,27.97
2020-03-21 00:00:00,7.58
2020-03-21 01:00:00,7.58
2020-03-21 02:00:00,7.58
2020-03-21 03:00:00,7.58
2020-03-21 04:00:00,7.58
2020-03-21 05:00:00,7.58
2020-03-21 06:00:00,7.58
2020-03-21 07:00:00,7.58
2020-03-21 08:00:00,7.58
2020-03-21 09:00:00,7.58
2020-03-21 10:00:00,7.58
2020-03-21 11:00:00,7.58
2020-03-21 12:00:00,7.58
2020-03-21 13:00:00,7.58
2020-03-21 14:00:00,7.58
2020-03-21 15:00:00,18.73
2020-03-21 16:00:00,36.79
2020-03-21 17:00:00,39.71
2020-03-21 18:00:00,35.71
2020-03-21 19:00:00,37.59
2020-03-21 20:00:00,39.47
2020-03-21 21:00:00,32.65
2020-03-21 22:00:00,7.58
2020-03-21 23:00:00,7.58
2020-03-22 00:00:00,7.58
2020-03-22 01:00:00,7.58
2020-03-22 02:00:00,7.58
2020-03-22 03:00:00,7.58
2020-03-22 04:00:00,7.58
2020-03-22 05:00:00,7.58
2020-03-22 06:00:00,7.58
2020-03-22 07:00:00,23.02
2020-03-22 08:00:00,24.87
2020-03-22 09:00:00,21.25
2020-03-22 10:00:00,21
2020-03-22 11:00:00,29.58
2020-03-22 12:00:00,43.86
2020-03-22 13:00:00,43.49
2020-03-22 14:00:00,7.58
2020-03-22 15:00:00,7.58
2020-03-22 16:00:00,7.58
2020-03-22 17:00:00,7.58
2020-03-22 18:00:00,7.58
2020-03-22 19:00:00,7.58
2020-03-22 20:00:00,7.58
2020-03-22 21:00:00,7.58
2020-03-22 22:00:00,7.58
2020-03-22 23:00:00,7.58
2020-03-23 00:00:00,7.58
2020-03-23 01:00:00,7.58
2020-03-23 02:00:00,7.58
2020-03-23 03:00:00,7.58
2020-03-23 04:00:00,7.58
2020-03-23 05:00:00,7.58
2020-03-23 06:00:00,7.58
2020-03-23 07:00:00,7.58
2020-03-23 08:00:00,7.58
2020-03-23 09:00:00,7.58
2020-03-23 10:00:00,7.58
2020-03-23 11:00:00,7.58
2020-03-23 12:00:00,7.58
2020-03-23 13:00:00,7.58
2020-03-23 14:00:00,7.58
2020-03-23 15:00:00,7.58
2020-03-23 16:00:00,7.58
2020-03-23 17:00:00,10.09
2020-03-23 18:00:00,33.42
2020-03-23 19:00:00,36.31
2020-03-23 20:00:00,38.83
2020-03-23 21:00:00,37.19
2020-03-23 22:00:00,36.75
2020-03-23 23:00:00,37.04
2020-03-24 00:00:00,9.29
2020-03-24 01:00:00,7.58
2020-03-24 02:00:00,7.58
2020-03-24 03:00:00,7.58
2020-03-24 04:00:00,7.58
2020-03-24 05:00:00,7.58
2020-03-24 06:00:00,7.58
2020-03-24 07:00:00,7.58
2020-03-24 08:00:00,7.58
2020-03-24 09:00:00,7.58
2020-03-24 10:00:00,7.58
2020-03-24 11:00:00,7.58
2020-03-24 12:00:00,7.58
2020-03-24 13:00:00,7.58
2020-03-24 14:00:00,7.58
2020-03-24 15:00:00,7.58
2020-03-24 16:00:00,7.58
2020-03-24 17:00:00,7.58
2020-03-24 18:00:00,7.58
2020-03-24 19:00:00,43.35
2020-03-24 20:00:00,39.51
2020-03-24 21:00:00,36.18
2020-03-24 22:00:00,35.95
2020-03-24 23:00:00,9.11
2020-03-25 00:00:00,7.58
2020-03-25 01:00:00,7.58
2020-03-25 02:00:00,7.58
2020-03-25 03:00:00,7.58
2020-03-25 04:00:00,7.58
2020-03-25 05:00:00,7.58
2020-03-25 06:00:00,7.58
2020-03-25 07:00:00,7.58
2020-03-25 08:00:00,7.58
2020-03-25 09:00:00,7.58
2020-03-25 10:00:00,7.58
2020-03-25 11:00:00,7.58
2020-03-25 12:00:00,7.58
2020-03-25 13:00:00,7.58
2020-03-25 14:00:00,7.58
2020-03-25 15:00:00,7.58
2020-03-25 16:00:00,7.58
2020-03-25 17:00:00,7.58
2020-03-25 18:00:00,7.58
2020-03-25 19:00:00,37.68
2020-03-25 20:00:00,36.85
2020-03-25 21:00:00,38.93
2020-03-25 22:00:00,33.05
2020-03-25 23:00:00,7.58
2020-03-26 00:00:00,7.58
2020-03-26 01:00:00,7.58
2020-03-26 02:00:00,7.58
2020-03-26 03:00:00,7.58
2020-03-26 04:00:00,7.58
2020-03-26 05:00:00,7.58
2020-03-26 06:00:00,7.58
2020-03-26 07:00:00,7.58
2020-03-26 08:00:00,7.58
2020-03-26 09:00:00,7.58
2020-03-26 10:00:00,7.58
2020-03-26 11:00:00,7.58
2020-03-26 12:00:00,7.58
2020-03-26 13:00:00,7.58
2020-03-26 14:00:00,7.58
2020-03-26 15:00:00,7.58
2020-03-26 16:00:00,7.58
2020-03-26 17:00:00,7.58
2020-03-26 18:00:00,7.58
2020-03-26 19:00:00,37.82
2020-03-26 20:00:00,37.06
2020-03-26 21:00:00,37.65
2020-03-26 22:00:00,35.74
2020-03-26 23:00:00,7.58
2020-03-27 00:00:00,7.58
2020-03-27 01:00:00,7.58
2020-03-27 02:00:00,7.58
2020-03-27 03:00:00,7.58
2020-03-27 04:00:00,7.58
2020-03-27 05:00:00,7.58
2020-03-27 06:00:00,7.58
2020-03-27 07:00:00,7.58
2020-03-27 08:00:00,7.58
2020-03-27 09:00:00,7.58
2020-03-27 10:00:00,7.58
2020-03-27 11:00:00,7.58
2020-03-27 12:00:00,7.58
2020-03-27 13:00:00,7.58
2020-03-27 14:00:00,7.58
2020-03-27 15:00:00,7.58
2020-03-27 16:00:00,7.58
2020-03-27 17:00:00,7.58
2020-03-27 18:00:00,36.67
2020-03-27 19:00:00,35.65
2020-03-27 20:00:00,37.35
2020-03-27 21:00:00,37
2020-03-27 22:00:00,14.84
2020-03-27 23:00:00,7.58
2020-03-28 00:00:00,7.58
2020-03-28 01:00:00,7.58
2020-03-28 02:00:00,7.58
2020-03-28 03:00:00,7.58
2020-03-28 04:00:00,7.58
2020-03-28 05:00:00,7.58
2020-03-28 06:00:00,7.58
2020-03-28 07:00:00,7.58
2020-03-28 08:00:00,7.58
2020-03-28 09:00:00,7.58
2020-03-28 10:00:00,7.58
2020-03-28 11:00:00,7.58
2020-03-28 12:00:00,7.58
2020-03-28 13:00:00,7.58
2020-03-28 14:00:00,7.58
2020-03-28 15:00:00,7.58
2020-03-28 16:00:00,7.58
2020-03-28 17:00:00,7.58
2020-03-28 18:00:00,7.58
2020-03-28 19:00:00,35.18
2020-03-28 20:00:00,36.39
2020-03-28 21:00:00,36.96
2020-03-28 22:00:00,33.7
2020-03-28 23:00:00,29.4
2020-03-29 00:00:00,9.43
2020-03-29 01:00:00,7.58
2020-03-29 02:00:00,7.58
2020-03-29 03:00:00,7.58
2020-03-29 04:00:00,7.58
2020-03-29 05:00:00,7.58
2020-03-29 06:00:00,7.58
2020-03-29 07:00:00,7.58
2020-03-29 08:00:00,27.72
2020-03-29 09:00:00,37.73
2020-03-29 10:00:00,37.27
2020-03-29 11:00:00,31.8
2020-03-29 12:00:00,33.61
2020-03-29 13:00:00,25.76
2020-03-29 14:00:00,15.33
2020-03-29 15:00:00,7.58
2020-03-29 16:00:00,7.58
2020-03-29 17:00:00,7.58
2020-03-29 18:00:00,7.58
2020-03-29 19:00:00,7.58
2020-03-29 20:00:00,7.58
2020-03-29 21:00:00,7.58
2020-03-29 22:00:00,7.58
2020-03-29 23:00:00,7.58
2020-03-30 00:00:00,7.58
2020-03-30 01:00:00,7.58
2020-03-30 02:00:00,7.58
2020-03-30 03:00:00,7.58
2020-03-30 04:00:00,7.58
2020-03-30 05:00:00,7.58
2020-03-30 06:00:00,7.58
2020-03-30 07:00:00,7.58
2020-03-30 08:00:00,7.58
2020-03-30 09:00:00,7.58
2020-03-30 10:00:00,7.58
2020-03-30 11:00:00,7.58
2020-03-30 12:00:00,10.38
2020-03-30 13:00:00,28.28
2020-03-30 14:00:00,31.33
2020-03-30 15:00:00,29.46
2020-03-30 16:00:00,35.51
2020-03-30 17:00:00,32.8
2020-03-30 18:00:00,32.79
2020-03-30 19:00:00,36.77
2020-03-30 20:00:00,37.43
2020-03-30 21:00:00,37.26
2020-03-30 22:00:00,35.43
2020-03-30 23:00:00,7.58
2020-03-31 00:00:00,7.58
2020-03-31 01:00:00,7.58
2020-03-31 02:00:00,7.58
2020-03-31 03:00:00,7.58
2020-03-31 04:00:00,7.58
2020-03-31 05:00:00,7.58
2020-03-31 06:00:00,7.58
2020-03-31 07:00:00,7.58
2020-03-31 08:00:00,7.58
2020-03-31 09:00:00,7.58
2020-03-31 10:00:00,7.58
2020-03-31 11:00:00,7.58
2020-03-31 12:00:00,9.31
2020-03-31 13:00:00,32.96
2020-03-31 14:00:00,37.02
2020-03-31 15:00:00,35.26
2020-03-31 16:00:00,38.53
2020-03-31 17:00:00,31.81
2020-03-31 18:00:00,33.59
2020-03-31 19:00:00,37.92
2020-03-31 20:00:00,39.29
2020-03-31 21:00:00,36.45
2020-03-31 22:00:00,7.58
2020-03-31 23:00:00,7.58
2020-04-01 00:00:00,7.58
2020-04-01 01:00:00,7.58
2020-04-01 02:00:00,7.58
2020-04-01 03:00:00,7.58
2020-04-01 04:00:00,7.58
2020-04-01 05:00:00,7.58
2020-04-01 06:00:00,7.58
2020-04-01 07:00:00,7.58
2020-04-01 08:00:00,28.68
2020-04-01 09:00:00,31.42
2020-04-01 10:00:00,26.12
2020-04-01 11:00:00,29.64
2020-04-01 12:00:00,32.86
2020-04-01 13:00:00,35
2020-04-01 14:00:00,37.8
2020-04-01 15:00:00,42.88
2020-04-01 16:00:00,35.34
2020-04-01 17:00:00,30.34
2020-04-01 18:00:00,36.59
2020-04-01 19:00:00,35.68
2020-04-01 20:00:00,38.93
2020-04-01 21:00:00,35.53
2020-04-01 22:00:00,8.97
2020-04-01 23:00:00,7.58
2020-04-02 00:00:00,7.58
2020-04-02 01:00:00,7.58
2020-04-02 02:00:00,7.58
2020-04-02 03:00:00,7.58
2020-04-02 04:00:00,7.58
2020-04-02 05:00:00,7.58
2020-04-02 06:00:00,7.58
2020-04-02 07:00:00,7.58
2020-04-02 08:00:00,28.95
2020-04-02 09:00:00,23.72
2020-04-02 10:00:00,29.1
2020-04-02 11:00:00,25.66
2020-04-02 12:00:00,32.15
2020-04-02 13:00:00,35.97
2020-04-02 14:00:00,27.44
2020-04-02 15:00:00,40.39
2020-04-02 16:00:00,39.77
2020-04-02 17:00:00,33.53
2020-04-02 18:00:00,31.98
2020-04-02 19:00:00,36.24
2020-04-02 20:00:00,40.52
2020-04-02 21:00:00,7.58
2020-04-02 22:00:00,7.58
2020-04-02 23:00:00,7.58
2020-04-03 00:00:00,7.58
2020-04-03 01:00:00,7.58
2020-04-03 02:00:00,7.58
2020-04-03 03:00:00,7.58
2020-04-03 04:00:00,7.58
2020-04-03 05:00:00,7.58
2020-04-03 06:00:00,7.58
2020-04-03 07:00:00,7.58
2020-04-03 08:00:00,9.61
2020-04-03 09:00:00,27.1
2020-04-03 10:00:00,26.4
2020-04-03 11:00:00,37.63
2020-04-03 12:00:00,31.25
2020-04-03 13:00:00,26.73
2020-04-03 14:00:00,30.61
2020-04-03 15:00:00,29.63
2020-04-03 16:00:00,27.19
2020-04-03 17:00:00,36.26
2020-04-03 18:00:00,34.6
2020-04-03 19:00:00,36.46
2020-04-03 20:00:00,36.84
2020-04-03 21:00:00,38.48
2020-04-03 22:00:00,38.83
2020-04-03 23:00:00,37.68
2020-04-04 00:00:00,9.35
2020-04-04 01:00:00,7.58
2020-04-04 02:00:00,7.58
2020-04-04 03:00:00,7.58
2020-04-04 04:00:00,7.58
2020-04-04 05:00:00,7.58
2020-04-04 06:00:00,7.58
2020-04-04 07:00:00,7.58
2020-04-04 08:00:00,10.55
2020-04-04 09:00:00,28.54
2020-04-04 10:00:00,28.74
2020-04-04 11:00:00,24.9
2020-04-04 12:00:00,24.97
2020-04-04 13:00:00,37.73
2020-04-04 14:00:00,33.13
2020-04-04 15:00:00,27.71
2020-04-04 16:00:00,30.94
2020-04-04 17:00:00,32.08
2020-04-04 18:00:00,33
2020-04-04 19:00:00,37.76
2020-04-04 20:00:00,38.99
2020-04-04 21:00:00,38.79
2020-04-04 22:00:00,40.47
2020-04-04 23:00:00,33.87
2020-04-05 00:00:00,7.58
2020-04-05 01:00:00,7.58
2020-04-05 02:00:00,7.58
2020-04-05 03:00:00,7.58
2020-04-05 04:00:00,7.58
2020-04-05 05:00:00,7.58
2020-04-05 06:00:00,7.58
2020-04-05 07:00:00,31.54
2020-04-05 08:00:00,28.71
2020-04-05 09:00:00,38.87
2020-04-05 10:00:00,32.45
2020-04-05 11:00:00,26.03
2020-04-05 12:00:00,29.26
2020-04-05 13:00:00,23.77
2020-04-05 14:00:00,33.15
2020-04-05 15:00:00,39.56
2020-04-05 16:00:00,39.89
2020-04-05 17:00:00,36.75
2020-04-05 18:00:00,43.28
2020-04-05 19:00:00,41.09
2020-04-05 20:00:00,39.87
2020-04-05 21:00:00,36.68
2020-04-05 22:00:00,37.38
2020-04-05 23:00:00,31.84
2020-04-06 00:00:00,7.58
2020-04-06 01:00:00,7.58
2020-04-06 02:00:00,7.58
2020-04-06 03:00:00,7.58
2020-04-06 04:00:00,7.58
2020-04-06 05:00:00,7.58
2020-04-06 06:00:00,7.58
2020-04-06 07:00:00,7.58
2020-04-06 08:00:00,25.6
2020-04-06 09:00:00,34.76
2020-04-06 10:00:00,31.18
2020-04-06 11:00:00,29.84
2020-04-06 12:00:00,26.58
2020-04-06 13:00:00,29.02
2020-04-06 14:00:00,36.9
2020-04-06 15:00:00,44.65
2020-04-06 16:00:00,33.97
2020-04-06 17:00:00,39.71
2020-04-06 18:00:00,26.98
2020-04-06 19:00:00,37.71
2020-04-06 20:00:00,39.76
2020-04-06 21:00:00,38.25
2020-04-06 22:00:00,40.13
2020-04-06 23:00:00,40.36
2020-04-07 00:00:00,9.59
2020-04-07 01:00:00,7.58
2020-04-07 02:00:00,7.58
2020-04-07 03:00:00,7.58
2020-04-07 04:00:00,7.58
2020-04-07 05:00:00,7.58
2020-04-07 06:00:00,7.58
2020-04-07 07:00:00,7.58
2020-04-07 08:00:00,23.35
2020-04-07 09:00:00,33.24
2020-04-07 10:00:00,29.47
2020-04-07 11:00:00,31.53
2020-04-07 12:00:00,26.01
2020-04-07 13:00:00,34.41
2020-04-07 14:00:00,35.8
2020-04-07 15:00:00,37.1
2020-04-07 16:00:00,33.27
2020-04-07 17:00:00,36.98
2020-04-07 18:00:00,28.21
2020-04-07 19:00:00,34.04
2020-04-07 20:00:00,35.35
2020-04-07 21:00:00,40.4
2020-04-07 22:00:00,31.74
2020-04-07 23:00:00,7.58
2020-04-08 00:00:00,7.58
2020-04-08 01:00:00,7.58
2020-04-08 02:00:00,7.58
2020-04-08 03:00:00,7.58
2020-04-08 04:00:00,7.58
2020-04-08 05:00:00,7.58
2020-04-08 06:00:00,7.58
2020-04-08 07:00:00,10.62
2020-04-08 08:00:00,33.23
2020-04-08 09:00:00,29.07
2020-04-08 10:00:00,25.45
2020-04-08 11:00:00,33.35
2020-04-08 12:00:00,35.35
2020-04-08 13:00:00,36.6
2020-04-08 14:00:00,33.35
2020-04-08 15:00:00,38.1
2020-04-08 16:00:00,38.78
2020-04-08 17:00:00,37.44
2020-04-08 18:00:00,37.47
2020-04-08 19:00:00,36.91
2020-04-08 20:00:00,36.86
2020-04-08 21:00:00,32.41
2020-04-08 22:00:00,33.09
2020-04-08 23:00:00,7.58
2020-04-09 00:00:00,7.58
2020-04-09 01:00:00,7.58
2020-04-09 02:00:00,7.58
2020-04-09 03:00:00,7.58
2020-04-09 04:00:00,7.58
2020-04-09 05:00:00,7.58
2020-04-09 06:00:00,7.58
2020-04-09 07:00:00,7.58
2020-04-09 08:00:00,30.88
2020-04-09 09:00:00,26.13
2020-04-09 10:00:00,29.05
2020-04-09 11:00:00,33.32
2020-04-09 12:00:00,24.65
2020-04-09 13:00:00,29
2020-04-09 14:00:00,39.46
2020-04-09 15:00:00,44.61
2020-04-09 16:00:00,36.81
2020-04-09 17:00:00,40.69
2020-04-09 18:00:00,40.73
2020-04-09 19:00:00,35.2
2020-04-09 20:00:00,35.64
2020-04-09 21:00:00,34.2
2020-04-09 22:00:00,37.4
2020-04-09 23:00:00,35.2
2020-04-10 00:00:00,7.58
2020-04-10 01:00:00,7.58
2020-04-10 02:00:00,7.58
2020-04-10 03:00:00,7.58
2020-04-10 04:00:00,7.58
2020-04-10 05:00:00,7.58
2020-04-10 06:00:00,7.58
2020-04-10 07:00:00,7.58
2020-04-10 08:00:00,11.67
2020-04-10 09:00:00,31.08
2020-04-10 10:00:00,26.97
2020-04-10 11:00:00,25.75
2020-04-10 12:00:00,31.39
2020-04-10 13:00:00,37.49
2020-04-10 14:00:00,38.11
2020-04-10 15:00:00,33.04
2020-04-10 16:00:00,31.33
2020-04-10 17:00:00,34.26
2020-04-10 18:00:00,29.36
2020-04-10 19:00:00,32.19
2020-04-10 20:00:00,36.77
2020-04-10 21:00:00,32.05
2020-04-10 22:00:00,37.62
2020-04-10 23:00:00,27.85
2020-04-11 00:00:00,13.58
2020-04-11 01:00:00,7.58
2020-04-11 02:00:00,7.58
2020-04-11 03:00:00,7.58
2020-04-11 04:00:00,7.58
2020-04-11 05:00:00,7.58
2020-04-11 06:00:00,7.58
2020-04-11 07:00:00,7.58
2020-04-11 08:00:00,7.58
2020-04-11 09:00:00,7.58
2020-04-11 10:00:00,27.33
2020-04-11 11:00:00,35.68
2020-04-11 12:00:00,41.2
2020-04-11 13:00:00,28.53
2020-04-11 14:00:00,34.47
2020-04-11 15:00:00,32.27
2020-04-11 16:00:00,26.77
2020-04-11 17:00:00,34.89
2020-04-11 18:00:00,30.27
2020-04-11 19:00:00,37.91
2020-04-11 20:00:00,37.1
2020-04-11 21:00:00,34.88
2020-04-11 22:00:00,35.36
2020-04-11 23:00:00,34.48
2020-04-12 00:00:00,32.04
2020-04-12 01:00:00,7.58
2020-04-12 02:00:00,7.58
2020-04-12 03:00:00,7.58
2020-04-12 04:00:00,7.58
2020-04-12 05:00:00,10.45
2020-04-12 06:00:00,26.42
2020-04-12 07:00:00,29.07
2020-04-12 08:00:00,25.14
2020-04-12 09:00:00,37.11
2020-04-12 10:00:00,31.06
2020-04-12 11:00:00,32.29
2020-04-12 12:00:00,30.4
2020-04-12 13:00:00,38.12
2020-04-12 14:00:00,31.16
2020-04-12 15:00:00,43.26
2020-04-12 16:00:00,33.5
2020-04-12 17:00:00,39.29
2020-04-12 18:00:00,35.09
2020-04-12 19:00:00,34.4
2020-04-12 20:00:00,37.3
2020-04-12 21:00:00,36.19
2020-04-12 22:00:00,7.58
2020-04-12 23:00:00,7.58
2020-04-13 00:00:00,7.58
2020-04-13 01:00:00,30.99
2020-04-13 02:00:00,33.82
2020-04-13 03:00:00,33
2020-04-13 04:00:00,35.73
2020-04-13 05:00:00,36.5
2020-04-13 06:00:00,38.97
2020-04-13 07:00:00,38.92
2020-04-13 08:00:00,40.09
2020-04-13 09:00:00,37.62
2020-04-13 10:00:00,23.48
2020-04-13 11:00:00,22.7
2020-04-13 12:00:00,33.29
2020-04-13 13:00:00,35.38
2020-04-13 14:00:00,33.23
2020-04-13 15:00:00,38.36
2020-04-13 16:00:00,35.3
2020-04-13 17:00:00,35.7
2020-04-13 18:00:00,30.65
2020-04-13 19:00:00,34.73
2020-04-13 20:00:00,37.2
2020-04-13 21:00:00,34.46
2020-04-13 22:00:00,39.31
2020-04-13 23:00:00,33.69
2020-04-14 00:00:00,12.15
2020-04-14 01:00:00,36.34
2020-04-14 02:00:00,32.6
2020-04-14 03:00:00,34.27
2020-04-14 04:00:00,37.62
2020-04-14 05:00:00,37.6
2020-04-14 06:00:00,36.56
2020-04-14 07:00:00,31.33
2020-04-14 08:00:00,34.84
2020-04-14 09:00:00,39.42
2020-04-14 10:00:00,28.24
2020-04-14 11:00:00,30.74
2020-04-14 12:00:00,24.16
2020-04-14 13:00:00,26.34
2020-04-14 14:00:00,30.35
2020-04-14 15:00:00,30.83
2020-04-14 16:00:00,38.38
2020-04-14 17:00:00,30.66
2020-04-14 18:00:00,33.56
2020-04-14 19:00:00,36.78
2020-04-14 20:00:00,38.54
2020-04-14 21:00:00,38.18
2020-04-14 22:00:00,38.24
2020-04-14 23:00:00,35.56
2020-04-15 00:00:00,37.8
2020-04-15 01:00:00,35.28
2020-04-15 02:00:00,31.9
2020-04-15 03:00:00,29.37
2020-04-15 04:00:00,34.02
2020-04-15 05:00:00,29.59
2020-04-15 06:00:00,33.52
2020-04-15 07:00:00,26.71
2020-04-15 08:00:00,26.66
2020-04-15 09:00:00,37.28
2020-04-15 10:00:00,26.22
2020-04-15 11:00:00,41.36
2020-04-15 12:00:00,30.23
2020-04-15 13:00:00,29.79
2020-04-15 14:00:00,32.3
2020-04-15 15:00:00,36.13
2020-04-15 16:00:00,38.75
2020-04-15 17:00:00,38.38
2020-04-15 18:00:00,28.5
2020-04-15 19:00:00,36.85
2020-04-15 20:00:00,32.33
2020-04-15 21:00:00,35.93
2020-04-15 22:00:00,33.59
2020-04-15 23:00:00,33.32
2020-04-16 00:00:00,34.7
2020-04-16 01:00:00,33.75
2020-04-16 02:00:00,33.76
2020-04-16 03:00:00,32.21
2020-04-16 04:00:00,34.83
2020-04-16 05:00:00,33.26
2020-04-16 06:00:00,30.67
2020-04-16 07:00:00,31.67
2020-04-16 08:00:00,28.3
2020-04-16 09:00:00,38.19
2020-04-16 10:00:00,29.82
2020-04-16 11:00:00,26.94
2020-04-16 12:00:00,29.93
2020-04-16 13:00:00,34.65
2020-04-16 14:00:00,31.86
2020-04-16 15:00:00,39.64
2020-04-16 16:00:00,41.32
2020-04-16 17:00:00,39.24
2020-04-16 18:00:00,28.09
2020-04-16 19:00:00,37.09
2020-04-16 20:00:00,39.69
2020-04-16 21:00:00,37.84
2020-04-16 22:00:00,30.23
2020-04-16 23:00:00,33.89
2020-04-17 00:00:00,33.45
2020-04-17 01:00:00,31.51
2020-04-17 02:00:00,37.12
2020-04-17 03:00:00,30.35
2020-04-17 04:00:00,35.95
2020-04-17 05:00:00,40.5
2020-04-17 06:00:00,40.79
2020-04-17 07:00:00,29.25
2020-04-17 08:00:00,34.91
2020-04-17 09:00:00,28.15
2020-04-17 10:00:00,33.43
2020-04-17 11:00:00,23.23
2020-04-17 12:00:00,29.03
2020-04-17 13:00:00,38
2020-04-17 14:00:00,36.98
2020-04-17 15:00:00,35.55
2020-04-17 16:00:00,41.27
2020-04-17 17:00:00,36.61
2020-04-17 18:00:00,35.78
2020-04-17 19:00:00,34.76
2020-04-17 20:00:00,35.51
2020-04-17 21:00:00,38.92
2020-04-17 22:00:00,38.01
2020-04-17 23:00:00,39.45
2020-04-18 00:00:00,34.76
2020-04-18 01:00:00,37.69
2020-04-18 02:00:00,30.25
2020-04-18 03:00:00,28.09
2020-04-18 04:00:00,27.14
2020-04-18 05:00:00,34.86
2020-04-18 06:00:00,28.9
2020-04-18 07:00:00,36.78
2020-04-18 08:00:00,26.69
2020-04-18 09:00:00,30.71
2020-04-18 10:00:00,27.07
2020-04-18 11:00:00,21.19
2020-04-18 12:00:00,24.4
2020-04-18 13:00:00,29.32
2020-04-18 14:00:00,36.72
2020-04-18 15:00:00,38.02
2020-04-18 16:00:00,36.6
2020-04-18 17:00:00,33.33
2020-04-18 18:00:00,38.88
2020-04-18 19:00:00,35.25
2020-04-18 20:00:00,36.1
2020-04-18 21:00:00,36.04
2020-04-18 22:00:00,37.74
2020-04-18 23:00:00,36.88
2020-04-19 00:00:00,36.42
2020-04-19 01:00:00,20.41
2020-04-19 02:00:00,20.79
2020-04-19 03:00:00,18.32
2020-04-19 04:00:00,18.62
2020-04-19 05:00:00,34.53
2020-04-19 06:00:00,29.83
2020-04-19 07:00:00,22.47
2020-04-19 08:00:00,26.5
2020-04-19 09:00:00,29.33
2020-04-19 10:00:00,27.33
2020-04-19 11:00:00,26.52
2020-04-19 12:00:00,27.15
2020-04-19 13:00:00,28.38
2020-04-19 14:00:00,24.73
2020-04-19 15:00:00,19.03
2020-04-19 16:00:00,32.53
2020-04-19 17:00:00,29.13
2020-04-19 18:00:00,22.21
2020-04-19 19:00:00,28.73
2020-04-19 20:00:00,28.91
2020-04-19 21:00:00,31.84
2020-04-19 22:00:00,29.43
2020-04-19 23:00:00,28.31
2020-04-20 00:00:00,35.47
2020-04-20 01:00:00,30.66
2020-04-20 02:00:00,32.55
2020-04-20 03:00:00,30.44
2020-04-20 04:00:00,26.59
2020-04-20 05:00:00,27.4
2020-04-20 06:00:00,27.36
2020-04-20 07:00:00,25.54
2020-04-20 08:00:00,30.27
2020-04-20 09:00:00,32.71
2020-04-20 10:00:00,36.09
2020-04-20 11:00:00,19.67
2020-04-20 12:00:00,25.27
2020-04-20 13:00:00,25.7
2020-04-20 14:00:00,29.55
2020-04-20 15:00:00,27.73
2020-04-20 16:00:00,19.36
2020-04-20 17:00:00,32.7
2020-04-20 18:00:00,31.58
2020-04-20 19:00:00,34.33
2020-04-20 20:00:00,36.16
2020-04-20 21:00:00,34.77
2020-04-20 22:00:00,32.95
2020-04-20 23:00:00,29.58
2020-04-21 00:00:00,27.26
2020-04-21 01:00:00,31.11
2020-04-21 02:00:00,27.8
2020-04-21 03:00:00,27.7
2020-04-21 04:00:00,26.53
2020-04-21 05:00:00,27.84
2020-04-21 06:00:00,26.71
2020-04-21 07:00:00,27.41
2020-04-21 08:00:00,28.02
2020-04-21 09:00:00,33.67
2020-04-21 10:00:00,20.97
2020-04-21 11:00:00,27.14
2020-04-21 12:00:00,24.5
2020-04-21 13:00:00,30.39
2020-04-21 14:00:00,30.08
2020-04-21 15:00:00,32.26
2020-04-21 16:00:00,31.25
2020-04-21 17:00:00,33.17
2020-04-21 18:00:00,32.77
2020-04-21 19:00:00,27.36
2020-04-21 20:00:00,32.63
2020-04-21 21:00:00,32.73
2020-04-21 22:00:00,34.05
2020-04-21 23:00:00,30.65
2020-04-22 00:00:00,26.5
2020-04-22 01:00:00,28.11
2020-04-22 02:00:00,30.13
2020-04-22 03:00:00,31.95
2020-04-22 04:00:00,29.04
2020-04-22 05:00:00,28.32
2020-04-22 06:00:00,27.23
2020-04-22 07:00:00,31.9
2020-04-22 08:00:00,33.45
2020-04-22 09:00:00,31.91
2020-04-22 10:00:00,29.32
2020-04-22 11:00:00,24.44
2020-04-22 12:00:00,31.65
2020-04-22 13:00:00,27.15
2020-04-22 14:00:00,33.44
2020-04-22 15:00:00,31.03
2020-04-22 16:00:00,30.05
2020-04-22 17:00:00,32.09
2020-04-22 18:00:00,26.88
2020-04-22 19:00:00,31.87
2020-04-22 20:00:00,36.33
2020-04-22 21:00:00,33.95
2020-04-22 22:00:00,34.76
2020-04-22 23:00:00,28.94
2020-04-23 00:00:00,35.87
2020-04-23 01:00:00,26.51
2020-04-23 02:00:00,31.43
2020-04-23 03:00:00,33.53
2020-04-23 04:00:00,30.7
2020-04-23 05:00:00,31.59
2020-04-23 06:00:00,32.05
2020-04-23 07:00:00,32.45
2020-04-23 08:00:00,31.8
2020-04-23 09:00:00,30.42
2020-04-23 10:00:00,30.88
2020-04-23 11:00:00,29.07
2020-04-23 12:00:00,27.98
2020-04-23 13:00:00,27.69
2020-04-23 14:00:00,30.29
2020-04-23 15:00:00,38.14
2020-04-23 16:00:00,34.51
2020-04-23 17:00:00,22.25
2020-04-23 18:00:00,24.63
2020-04-23 19:00:00,34.48
2020-04-23 20:00:00,31.42
2020-04-23 21:00:00,38.09
2020-04-23 22:00:00,36.89
2020-04-23 23:00:00,34.89
2020-04-24 00:00:00,30.24
2020-04-24 01:00:00,29.69
2020-04-24 02:00:00,24.58
2020-04-24 03:00:00,28.41
2020-04-24 04:00:00,29.5
2020-04-24 05:00:00,26.84
2020-04-24 06:00:00,27.22
2020-04-24 07:00:00,30.65
2020-04-24 08:00:00,23.13
2020-04-24 09:00:00,26.51
2020-04-24 10:00:00,27.45
2020-04-24 11:00:00,27.13
2020-04-24 12:00:00,29.43
2020-04-24 13:00:00,31.95
2020-04-24 14:00:00,29.03
2020-04-24 15:00:00,33.07
2020-04-24 16:00:00,34.49
2020-04-24 17:00:00,28.85
2020-04-24 18:00:00,33.51
2020-04-24 19:00:00,36.08
2020-04-24 20:00:00,33.15
2020-04-24 21:00:00,33.41
2020-04-24 22:00:00,34.96
2020-04-24 23:00:00,28.23
2020-04-25 00:00:00,28.85
2020-04-25 01:00:00,28.5
2020-04-25 02:00:00,29.42
2020-04-25 03:00:00,37.21
2020-04-25 04:00:00,31.47
2020-04-25 05:00:00,31.47
2020-04-25 06:00:00,24.02
2020-04-25 07:00:00,32.91
2020-04-25 08:00:00,24.76
2020-04-25 09:00:00,24.45
2020-04-25 10:00:00,20.62
2020-04-25 11:00:00,27.14
2020-04-25 12:00:00,24.81
2020-04-25 13:00:00,21.02
2020-04-25 14:00:00,32.8
2020-04-25 15:00:00,35.12
2020-04-25 16:00:00,37.39
2020-04-25 17:00:00,30.51
2020-04-25 18:00:00,25.2
2020-04-25 19:00:00,29.17
2020-04-25 20:00:00,31.89
2020-04-25 21:00:00,29.06
2020-04-25 22:00:00,33.11
2020-04-25 23:00:00,34.74
2020-04-26 00:00:00,30.08
2020-04-26 01:00:00,32.4
2020-04-26 02:00:00,29.73
2020-04-26 03:00:00,29.96
2020-04-26 04:00:00,26.13
2020-04-26 05:00:00,37.46
2020-04-26 06:00:00,30.38
2020-04-26 07:00:00,26.29
2020-04-26 08:00:00,19.78
2020-04-26 09:00:00,22.23
2020-04-26 10:00:00,35.48
2020-04-26 11:00:00,27.81
2020-04-26 12:00:00,26.76
2020-04-26 13:00:00,24.73
2020-04-26 14:00:00,36.96
2020-04-26 15:00:00,33.69
2020-04-26 16:00:00,39.22
2020-04-26 17:00:00,33.1
2020-04-26 18:00:00,25.42
2020-04-26 19:00:00,34.56
2020-04-26 20:00:00,34.19
2020-04-26 21:00:00,33.57
2020-04-26 22:00:00,33.62
2020-04-26 23:00:00,31.29
2020-04-27 00:00:00,28.04
2020-04-27 01:00:00,25.18
2020-04-27 02:00:00,29.3
2020-04-27 03:00:00,23.84
2020-04-27 04:00:00,30.16
2020-04-27 05:00:00,35.01
2020-04-27 06:00:00,25.53
2020-04-27 07:00:00,28.93
2020-04-27 08:00:00,27.17
2020-04-27 09:00:00,25.2
2020-04-27 10:00:00,23.43
2020-04-27 11:00:00,27.25
2020-04-27 12:00:00,31.06
2020-04-27 13:00:00,38.86
2020-04-27 14:00:00,39.69
2020-04-27 15:00:00,28.07
2020-04-27 16:00:00,27.08
2020-04-27 17:00:00,37.08
2020-04-27 18:00:00,34.77
2020-04-27 19:00:00,33.07
2020-04-27 20:00:00,36.7
2020-04-27 21:00:00,36.79
2020-04-27 22:00:00,32.4
2020-04-27 23:00:00,35.32
2020-04-28 00:00:00,32.54
2020-04-28 01:00:00,33.31
2020-04-28 02:00:00,35.72
2020-04-28 03:00:00,33.14
2020-04-28 04:00:00,32.52
2020-04-28 05:00:00,32.84
2020-04-28 06:00:00,33.91
2020-04-28 07:00:00,31.22
2020-04-28 08:00:00,28.03
2020-04-28 09:00:00,29.75
2020-04-28 10:00:00,28.6
2020-04-28 11:00:00,26.57
2020-04-28 12:00:00,23.2
2020-04-28 13:00:00,26.44
2020-04-28 14:00:00,28.28
2020-04-28 15:00:00,33.69
2020-04-28 16:00:00,32.59
2020-04-28 17:00:00,31.53
2020-04-28 18:00:00,26.39
2020-04-28 19:00:00,25.83
2020-04-28 20:00:00,35.56
2020-04-28 21:00:00,35.05
2020-04-28 22:00:00,30.03
2020-04-28 23:00:00,31.38
2020-04-29 00:00:00,32.22
2020-04-29 01:00:00,31.24
2020-04-29 02:00:00,30.28
2020-04-29 03:00:00,27.29
2020-04-29 04:00:00,27.18
2020-04-29 05:00:00,35.99
2020-04-29 06:00:00,34.18
2020-04-29 07:00:00,25.82
2020-04-29 08:00:00,31.36
2020-04-29 09:00:00,33.46
2020-04-29 10:00:00,30.04
2020-04-29 11:00:00,36
2020-04-29 12:00:00,27.56
2020-04-29 13:00:00,32.05
2020-04-29 14:00:00,26.98
2020-04-29 15:00:00,38.62
2020-04-29 16:00:00,30.5
2020-04-29 17:00:00,32.3
2020-04-29 18:00:00,32.71
2020-04-29 19:00:00,34.18
2020-04-29 20:00:00,34.72
2020-04-29 21:00:00,34.44
2020-04-29 22:00:00,33.64
2020-04-29 23:00:00,34.54
2020-04-30 00:00:00,28.14
2020-04-30 01:00:00,30.24
2020-04-30 02:00:00,29.98
2020-04-30 03:00:00,27.36
2020-04-30 04:00:00,26.82
2020-04-30 05:00:00,27.37
2020-04-30 06:00:00,32.15
2020-04-30 07:00:00,32.19
2020-04-30 08:00:00,30.81
2020-04-30 09:00:00,31.23
2020-04-30 10:00:00,25.72
2020-04-30 11:00:00,26.54
2020-04-30 12:00:00,22.56
2020-04-30 13:00:00,31.18
2020-04-30 14:00:00,35.55
2020-04-30 15:00:00,33.18
2020-04-30 16:00:00,31.38
2020-04-30 17:00:00,30.1
2020-04-30 18:00:00,24.84
2020-04-30 19:00:00,29.39
2020-04-30 20:00:00,31.74
2020-04-30 21:00:00,31.7
2020-04-30 22:00:00,30.75
2020-04-30 23:00:00,33.31
2020-05-01 00:00:00,30.1
2020-05-01 01:00:00,32.66
2020-05-01 02:00:00,29.27
2020-05-01 03:00:00,30.36
2020-05-01 04:00:00,30.98
2020-05-01 05:00:00,22.79
2020-05-01 06:00:00,22.85
2020-05-01 07:00:00,30.62
2020-05-01 08:00:00,25.27
2020-05-01 09:00:00,22.81
2020-05-01 10:00:00,24.59
2020-05-01 11:00:00,24.41
2020-05-01 12:00:00,31.79
2020-05-01 13:00:00,37.29
2020-05-01 14:00:00,35.86
2020-05-01 15:00:00,32.18
2020-05-01 16:00:00,33.88
2020-05-01 17:00:00,29.68
2020-05-01 18:00:00,29.66
2020-05-01 19:00:00,27.71
2020-05-01 20:00:00,27.97
2020-05-01 21:00:00,33.86
2020-05-01 22:00:00,30.83
2020-05-01 23:00:00,33.81
2020-05-02 00:00:00,31.65
2020-05-02 01:00:00,31.9
2020-05-02 02:00:00,35.78
2020-05-02 03:00:00,31.88
2020-05-02 04:00:00,27.55
2020-05-02 05:00:00,28.36
2020-05-02 06:00:00,30.83
2020-05-02 07:00:00,38.41
2020-05-02 08:00:00,25.61
2020-05-02 09:00:00,25.65
2020-05-02 10:00:00,21.35
2020-05-02 11:00:00,26.65
2020-05-02 12:00:00,22.91
2020-05-02 13:00:00,20.55
2020-05-02 14:00:00,29.53
2020-05-02 15:00:00,29.59
2020-05-02 16:00:00,36.73
2020-05-02 17:00:00,39.55
2020-05-02 18:00:00,32.52
2020-05-02 19:00:00,37.32
2020-05-02 20:00:00,33.51
2020-05-02 21:00:00,34.99
2020-05-02 22:00:00,35.65
2020-05-02 23:00:00,33.12
2020-05-03 00:00:00,33.09
2020-05-03 01:00:00,35.36
2020-05-03 02:00:00,31.47
2020-05-03 03:00:00,33.61
2020-05-03 04:00:00,32.37
2020-05-03 05:00:00,27.96
2020-05-03 06:00:00,23.59
2020-05-03 07:00:00,32.69
2020-05-03 08:00:00,33.32
2020-05-03 09:00:00,26.57
2020-05-03 10:00:00,21.39
2020-05-03 11:00:00,19.2
2020-05-03 12:00:00,31.25
2020-05-03 13:00:00,33.72
2020-05-03 14:00:00,33.74
2020-05-03 15:00:00,32.12
2020-05-03 16:00:00,35.35
2020-05-03 17:00:00,35.54
2020-05-03 18:00:00,33.53
2020-05-03 19:00:00,31.72
2020-05-03 20:00:00,32.58
2020-05-03 21:00:00,32.22
2020-05-03 22:00:00,31.62
2020-05-03 23:00:00,33.96
2020-05-04 00:00:00,36.28
2020-05-04 01:00:00,30.4
2020-05-04 02:00:00,32.04
2020-05-04 03:00:00,32.62
2020-05-04 04:00:00,35.2
2020-05-04 05:00:00,35.05
2020-05-04 06:00:00,28.11
2020-05-04 07:00:00,32.84
2020-05-04 08:00:00,33.41
2020-05-04 09:00:00,37.41
2020-05-04 10:00:00,32.31
2020-05-04 11:00:00,29.74
2020-05-04 12:00:00,33.25
2020-05-04 13:00:00,33.1
2020-05-04 14:00:00,39.51
2020-05-04 15:00:00,40.03
2020-05-04 16:00:00,35.32
2020-05-04 17:00:00,34.43
2020-05-04 18:00:00,35.76
2020-05-04 19:00:00,33.9
2020-05-04 20:00:00,32.7
2020-05-04 21:00:00,37.42
2020-05-04 22:00:00,31.75
2020-05-04 23:00:00,29.72
2020-05-05 00:00:00,30.4
2020-05-05 01:00:00,32.7
2020-05-05 02:00:00,26.73
2020-05-05 03:00:00,30.13
2020-05-05 04:00:00,30.69
2020-05-05 05:00:00,30.73
2020-05-05 06:00:00,31.35
2020-05-05 07:00:00,34.27
2020-05-05 08:00:00,34.1
2020-05-05 09:00:00,33.26
2020-05-05 10:00:00,33.13
2020-05-05 11:00:00,30.29
2020-05-05 12:00:00,31.47
2020-05-05 13:00:00,32.83
2020-05-05 14:00:00,32.4
2020-05-05 15:00:00,32.29
2020-05-05 16:00:00,36.54
2020-05-05 17:00:00,31.09
2020-05-05 18:00:00,30.36
2020-05-05 19:00:00,33.38
2020-05-05 20:00:00,30.22
2020-05-05 21:00:00,30.73
2020-05-05 22:00:00,33.16
2020-05-05 23:00:00,29.02
2020-05-06 00:00:00,29.67
2020-05-06 01:00:00,31.54
2020-05-06 02:00:00,32.5
2020-05-06 03:00:00,34.76
2020-05-06 04:00:00,33.43
2020-05-06 05:00:00,32.34
2020-05-06 06:00:00,31.45
2020-05-06 07:00:00,25.84
2020-05-06 08:00:00,27.58
2020-05-06 09:00:00,38.59
2020-05-06 10:00:00,25.56
2020-05-06 11:00:00,38.86
2020-05-06 12:00:00,25.49
2020-05-06 13:00:00,35.02
2020-05-06 14:00:00,33.59
2020-05-06 15:00:00,36.99
2020-05-06 16:00:00,27.33
2020-05-06 17:00:00,30.3
2020-05-06 18:00:00,27.92
2020-05-06 19:00:00,30.91
2020-05-06 20:00:00,31.03
2020-05-06 21:00:00,31.1
2020-05-06 22:00:00,28.52
2020-05-06 23:00:00,29.75
2020-05-07 00:00:00,36.3
2020-05-07 01:00:00,31
2020-05-07 02:00:00,30.36
2020-05-07 03:00:00,25.97
2020-05-07 04:00:00,22.01
2020-05-07 05:00:00,22.63
2020-05-07 06:00:00,23.79
2020-05-07 07:00:00,31.95
2020-05-07 08:00:00,33.35
2020-05-07 09:00:00,23.93
2020-05-07 10:00:00,24.42
2020-05-07 11:00:00,25.49
2020-05-07 12:00:00,25.72
2020-05-07 13:00:00,29.87
2020-05-07 14:00:00,35.99
2020-05-07 15:00:00,22.11
2020-05-07 16:00:00,27.7
2020-05-07 17:00:00,29.69
2020-05-07 18:00:00,25.66
2020-05-07 19:00:00,31.55
2020-05-07 20:00:00,32.19
2020-05-07 21:00:00,34.98
2020-05-07 22:00:00,33.85
2020-05-07 23:00:00,29.74
2020-05-08 00:00:00,30.08
2020-05-08 01:00:00,31.36
2020-05-08 02:00:00,29.86
2020-05-08 03:00:00,30.89
2020-05-08 04:00:00,33.55
2020-05-08 05:00:00,34.67
2020-05-08 06:00:00,34.89
2020-05-08 07:00:00,37.01
2020-05-08 08:00:00,37.78
2020-05-08 09:00:00,31.87
2020-05-08 10:00:00,24.35
2020-05-08 11:00:00,29.76
2020-05-08 12:00:00,29.14
2020-05-08 13:00:00,29.42
2020-05-08 14:00:00,25.54
2020-05-08 15:00:00,32.47
2020-05-08 16:00:00,31.83
2020-05-08 17:00:00,32.3
2020-05-08 18:00:00,31.85
2020-05-08 19:00:00,31.17
2020-05-08 20:00:00,32.3
2020-05-08 21:00:00,31.62
2020-05-08 22:00:00,31
2020-05-08 23:00:00,31.18
2020-05-09 00:00:00,31.25
2020-05-09 01:00:00,29.63
2020-05-09 02:00:00,31.12
2020-05-09 03:00:00,36.26
2020-05-09 04:00:00,29.69
2020-05-09 05:00:00,30.78
2020-05-09 06:00:00,28.53
2020-05-09 07:00:00,22.2
2020-05-09 08:00:00,20.71
2020-05-09 09:00:00,24.38
2020-05-09 10:00:00,34.27
2020-05-09 11:00:00,26.98
2020-05-09 12:00:00,35.59
2020-05-09 13:00:00,24.44
2020-05-09 14:00:00,30.08
2020-05-09 15:00:00,38.66
2020-05-09 16:00:00,28.9
2020-05-09 17:00:00,31.02
2020-05-09 18:00:00,30.79
2020-05-09 19:00:00,29.42
2020-05-09 20:00:00,35.6
2020-05-09 21:00:00,32.62
2020-05-09 22:00:00,30.91
2020-05-09 23:00:00,28.8
2020-05-10 00:00:00,30.71
2020-05-10 01:00:00,30.97
2020-05-10 02:00:00,30.73
2020-05-10 03:00:00,31.67
2020-05-10 04:00:00,31.55
2020-05-10 05:00:00,34.35
2020-05-10 06:00:00,28.08
2020-05-10 07:00:00,28.04
2020-05-10 08:00:00,27.05
2020-05-10 09:00:00,21.23
2020-05-10 10:00:00,21.23
2020-05-10 11:00:00,26.31
2020-05-10 12:00:00,23.87
2020-05-10 13:00:00,25.22
2020-05-10 14:00:00,29.14
2020-05-10 15:00:00,33.93
2020-05-10 16:00:00,30.68
2020-05-10 17:00:00,37.88
2020-05-10 18:00:00,29.34
2020-05-10 19:00:00,24.77
2020-05-10 20:00:00,34.23
2020-05-10 21:00:00,32.95
2020-05-10 22:00:00,33.94
2020-05-10 23:00:00,30.45
2020-05-11 00:00:00,33.63
2020-05-11 01:00:00,35.65
2020-05-11 02:00:00,31.19
2020-05-11 03:00:00,31.95
2020-05-11 04:00:00,36.1
2020-05-11 05:00:00,35.58
2020-05-11 06:00:00,31.96
2020-05-11 07:00:00,29.54
2020-05-11 08:00:00,32.73
2020-05-11 09:00:00,21.17
2020-05-11 10:00:00,27.72
2020-05-11 11:00:00,27.99
2020-05-11 12:00:00,28.06
2020-05-11 13:00:00,27.59
2020-05-11 14:00:00,29.27
2020-05-11 15:00:00,32.91
2020-05-11 16:00:00,27.91
2020-05-11 17:00:00,31.46
2020-05-11 18:00:00,27.69
2020-05-11 19:00:00,29.47
2020-05-11 20:00:00,34.34
2020-05-11 21:00:00,35.78
2020-05-11 22:00:00,34.97
2020-05-11 23:00:00,33.84
2020-05-12 00:00:00,32.88
2020-05-12 01:00:00,32.64
2020-05-12 02:00:00,32.31
2020-05-12 03:00:00,33.07
2020-05-12 04:00:00,31.98
2020-05-12 05:00:00,31.6
2020-05-12 06:00:00,29.33
2020-05-12 07:00:00,32.04
2020-05-12 08:00:00,36.72
2020-05-12 09:00:00,29.04
2020-05-12 10:00:00,24.39
2020-05-12 11:00:00,16.77
2020-05-12 12:00:00,32.47
2020-05-12 13:00:00,31.41
2020-05-12 14:00:00,32.69
2020-05-12 15:00:00,31.35
2020-05-12 16:00:00,35.34
2020-05-12 17:00:00,29.02
2020-05-12 18:00:00,28.47
2020-05-12 19:00:00,32.74
2020-05-12 20:00:00,35.3
2020-05-12 21:00:00,36.53
2020-05-12 22:00:00,31.59
2020-05-12 23:00:00,33.41
2020-05-13 00:00:00,32.68
2020-05-13 01:00:00,31.7
2020-05-13 02:00:00,38.28
2020-05-13 03:00:00,38.28
2020-05-13 04:00:00,34.95
2020-05-13 05:00:00,35.95
2020-05-13 06:00:00,30.7
2020-05-13 07:00:00,32.84
2020-05-13 08:00:00,30.58
2020-05-13 09:00:00,27.96
2020-05-13 10:00:00,23.02
2020-05-13 11:00:00,24.8
2020-05-13 12:00:00,34.64
2020-05-13 13:00:00,26.24
2020-05-13 14:00:00,23.93
2020-05-13 15:00:00,29.93
2020-05-13 16:00:00,31.06
2020-05-13 17:00:00,37.11
2020-05-13 18:00:00,27.55
2020-05-13 19:00:00,29.65
2020-05-13 20:00:00,32.85
2020-05-13 21:00:00,34.83
2020-05-13 22:00:00,33.23
2020-05-13 23:00:00,32.3
2020-05-14 00:00:00,36.25
2020-05-14 01:00:00,31.33
2020-05-14 02:00:00,22.91
2020-05-14 03:00:00,22.66
2020-05-14 04:00:00,25.74
2020-05-14 05:00:00,32.23
2020-05-14 06:00:00,35.95
2020-05-14 07:00:00,30.28
2020-05-14 08:00:00,31.83
2020-05-14 09:00:00,22.9
2020-05-14 10:00:00,21.5
2020-05-14 11:00:00,20.5
2020-05-14 12:00:00,28.89
2020-05-14 13:00:00,21.44
2020-05-14 14:00:00,32.26
2020-05-14 15:00:00,27.99
2020-05-14 16:00:00,23.27
2020-05-14 17:00:00,24.89
2020-05-14 18:00:00,26.97
2020-05-14 19:00:00,29.66
2020-05-14 20:00:00,33.32
2020-05-14 21:00:00,33.24
2020-05-14 22:00:00,34.18
2020-05-14 23:00:00,30.39
2020-05-15 00:00:00,33.95
2020-05-15 01:00:00,32.5
2020-05-15 02:00:00,29.12
2020-05-15 03:00:00,30.11
2020-05-15 04:00:00,28.19
2020-05-15 05:00:00,29.24
2020-05-15 06:00:00,26.99
2020-05-15 07:00:00,29.12
2020-05-15 08:00:00,2.42
2020-05-15 09:00:00,2.42
2020-05-15 10:00:00,2.42
2020-05-15 11:00:00,2.42
2020-05-15 12:00:00,2.42
2020-05-15 13:00:00,2.42
2020-05-15 14:00:00,2.42
2020-05-15 15:00:00,2.42
2020-05-15 16:00:00,2.42
2020-05-15 17:00:00,6.98
2020-05-15 18:00:00,28.79
2020-05-15 19:00:00,30.32
2020-05-15 20:00:00,33.46
2020-05-15 21:00:00,32.82
2020-05-15 22:00:00,34.35
2020-05-15 23:00:00,35.31
2020-05-16 00:00:00,33.43
2020-05-16 01:00:00,31.4
2020-05-16 02:00:00,33.83
2020-05-16 03:00:00,28.41
2020-05-16 04:00:00,33.81
2020-05-16 05:00:00,32.59
2020-05-16 06:00:00,23.59
2020-05-16 07:00:00,2.42
2020-05-16 08:00:00,2.42
2020-05-16 09:00:00,2.42
2020-05-16 10:00:00,2.42
2020-05-16 11:00:00,2.42
2020-05-16 12:00:00,2.42
2020-05-16 13:00:00,2.42
2020-05-16 14:00:00,2.42
2020-05-16 15:00:00,2.42
2020-05-16 16:00:00,9.06
2020-05-16 17:00:00,29.31
2020-05-16 18:00:00,29.28
2020-05-16 19:00:00,28.68
2020-05-16 20:00:00,35.68
2020-05-16 21:00:00,33.59
2020-05-16 22:00:00,34.11
2020-05-16 23:00:00,32.38
2020-05-17 00:00:00,33.6
2020-05-17 01:00:00,27.94
2020-05-17 02:00:00,32.55
2020-05-17 03:00:00,31.49
2020-05-17 04:00:00,29.58
2020-05-17 05:00:00,34.01
2020-05-17 06:00:00,25.39
2020-05-17 07:00:00,21.02
2020-05-17 08:00:00,24.78
2020-05-17 09:00:00,19.39
2020-05-17 10:00:00,17.22
2020-05-17 11:00:00,26.28
2020-05-17 12:00:00,30.25
2020-05-17 13:00:00,30.66
2020-05-17 14:00:00,30.17
2020-05-17 15:00:00,33.41
2020-05-17 16:00:00,29.29
2020-05-17 17:00:00,37.1
2020-05-17 18:00:00,29.5
2020-05-17 19:00:00,28.73
2020-05-17 20:00:00,34.79
2020-05-17 21:00:00,34.1
2020-05-17 22:00:00,34.97
2020-05-17 23:00:00,29.3
2020-05-18 00:00:00,30.17
2020-05-18 01:00:00,28.22
2020-05-18 02:00:00,26.48
2020-05-18 03:00:00,26.95
2020-05-18 04:00:00,27.95
2020-05-18 05:00:00,29.97
2020-05-18 06:00:00,26.84
2020-05-18 07:00:00,31.51
2020-05-18 08:00:00,26.32
2020-05-18 09:00:00,24.32
2020-05-18 10:00:00,21.87
2020-05-18 11:00:00,22.23
2020-05-18 12:00:00,19.43
2020-05-18 13:00:00,24.86
2020-05-18 14:00:00,30.6
2020-05-18 15:00:00,29.29
2020-05-18 16:00:00,25.65
2020-05-18 17:00:00,31.93
2020-05-18 18:00:00,27.6
2020-05-18 19:00:00,34.74
2020-05-18 20:00:00,33.62
2020-05-18 21:00:00,32.83
2020-05-18 22:00:00,31.91
2020-05-18 23:00:00,29.2
2020-05-19 00:00:00,30.55
2020-05-19 01:00:00,43.06
2020-05-19 02:00:00,43.66
2020-05-19 03:00:00,43.84
2020-05-19 04:00:00,41.28
2020-05-19 05:00:00,41.35
2020-05-19 06:00:00,42.06
2020-05-19 07:00:00,42.2
2020-05-19 08:00:00,34.44
2020-05-19 09:00:00,6.53
2020-05-19 10:00:00,2.42
2020-05-19 11:00:00,2.42
2020-05-19 12:00:00,2.42
2020-05-19 13:00:00,2.42
2020-05-19 14:00:00,2.42
2020-05-19 15:00:00,2.42
2020-05-19 16:00:00,37.35
2020-05-19 17:00:00,42.31
2020-05-19 18:00:00,41.3
2020-05-19 19:00:00,42.21
2020-05-19 20:00:00,42.27
2020-05-19 21:00:00,42.04
2020-05-19 22:00:00,41.86
2020-05-19 23:00:00,42.72
2020-05-20 00:00:00,42.37
2020-05-20 01:00:00,35.67
2020-05-20 02:00:00,30.14
2020-05-20 03:00:00,29.99
2020-05-20 04:00:00,30.51
2020-05-20 05:00:00,30.75
2020-05-20 06:00:00,31.01
2020-05-20 07:00:00,29.16
2020-05-20 08:00:00,30.08
2020-05-20 09:00:00,34.59
2020-05-20 10:00:00,23.53
2020-05-20 11:00:00,24.19
2020-05-20 12:00:00,41.92
2020-05-20 13:00:00,41.36
2020-05-20 14:00:00,21.68
2020-05-20 15:00:00,36.05
2020-05-20 16:00:00,42
2020-05-20 17:00:00,42.55
2020-05-20 18:00:00,42.81
2020-05-20 19:00:00,42.4
2020-05-20 20:00:00,42.35
2020-05-20 21:00:00,42.94
2020-05-20 22:00:00,37.78
2020-05-20 23:00:00,2.42
2020-05-21 00:00:00,2.42
2020-05-21 01:00:00,2.42
2020-05-21 02:00:00,2.42
2020-05-21 03:00:00,37.18
2020-05-21 04:00:00,34.23
2020-05-21 05:00:00,37.62
2020-05-21 06:00:00,33.72
2020-05-21 07:00:00,37.36
2020-05-21 08:00:00,19.44
2020-05-21 09:00:00,19.94
2020-05-21 10:00:00,25.33
2020-05-21 11:00:00,20.3
2020-05-21 12:00:00,21.01
2020-05-21 13:00:00,20.23
2020-05-21 14:00:00,20.59
2020-05-21 15:00:00,20.76
2020-05-21 16:00:00,19.97
2020-05-21 17:00:00,36.99
2020-05-21 18:00:00,37.76
2020-05-21 19:00:00,43.05
2020-05-21 20:00:00,43.44
2020-05-21 21:00:00,43.26
2020-05-21 22:00:00,43.61
2020-05-21 23:00:00,39.41
2020-05-22 00:00:00,2.42
2020-05-22 01:00:00,2.42
2020-05-22 02:00:00,2.42
2020-05-22 03:00:00,38.05
2020-05-22 04:00:00,38.81
2020-05-22 05:00:00,39.01
2020-05-22 06:00:00,38.62
2020-05-22 07:00:00,38.54
2020-05-22 08:00:00,39.17
2020-05-22 09:00:00,38.58
2020-05-22 10:00:00,33.98
2020-05-22 11:00:00,20.3
2020-05-22 12:00:00,21.03
2020-05-22 13:00:00,41.33
2020-05-22 14:00:00,39.11
2020-05-22 15:00:00,28.42
2020-05-22 16:00:00,38.33
2020-05-22 17:00:00,39.11
2020-05-22 18:00:00,41.66
2020-05-22 19:00:00,42.12
2020-05-22 20:00:00,42.08
2020-05-22 21:00:00,42.19
2020-05-22 22:00:00,42.2
2020-05-22 23:00:00,42.07
2020-05-23 00:00:00,42.27
2020-05-23 01:00:00,42.63
2020-05-23 02:00:00,38.72
2020-05-23 03:00:00,39.13
2020-05-23 04:00:00,31
2020-05-23 05:00:00,25.45
2020-05-23 06:00:00,42.87
2020-05-23 07:00:00,43.87
2020-05-23 08:00:00,44.06
2020-05-23 09:00:00,26.99
2020-05-23 10:00:00,19.91
2020-05-23 11:00:00,19.83
2020-05-23 12:00:00,20.12
2020-05-23 13:00:00,19.82
2020-05-23 14:00:00,20.08
2020-05-23 15:00:00,20.52
2020-05-23 16:00:00,37.16
2020-05-23 17:00:00,38.61
2020-05-23 18:00:00,39.73
2020-05-23 19:00:00,42.8
2020-05-23 20:00:00,43.61
2020-05-23 21:00:00,43.71
2020-05-23 22:00:00,43.95
2020-05-23 23:00:00,43.37
2020-05-24 00:00:00,43.83
2020-05-24 01:00:00,43.63
2020-05-24 02:00:00,44.02
2020-05-24 03:00:00,43.46
2020-05-24 04:00:00,34.36
2020-05-24 05:00:00,32.23
2020-05-24 06:00:00,2.42
2020-05-24 07:00:00,2.42
2020-05-24 08:00:00,2.42
2020-05-24 09:00:00,2.42
2020-05-24 10:00:00,2.42
2020-05-24 11:00:00,2.42
2020-05-24 12:00:00,2.42
2020-05-24 13:00:00,2.42
2020-05-24 14:00:00,2.42
2020-05-24 15:00:00,2.42
2020-05-24 16:00:00,2.42
2020-05-24 17:00:00,37.68
2020-05-24 18:00:00,35.54
2020-05-24 19:00:00,42.95
2020-05-24 20:00:00,44.41
2020-05-24 21:00:00,43.29
2020-05-24 22:00:00,43.76
2020-05-24 23:00:00,43.77
2020-05-25 00:00:00,44.16
2020-05-25 01:00:00,43.62
2020-05-25 02:00:00,38.41
2020-05-25 03:00:00,22.35
2020-05-25 04:00:00,19.75
2020-05-25 05:00:00,19.77
2020-05-25 06:00:00,20.33
2020-05-25 07:00:00,19.22
2020-05-25 08:00:00,20.2
2020-05-25 09:00:00,41.21
2020-05-25 10:00:00,33.27
2020-05-25 11:00:00,36.53
2020-05-25 12:00:00,37.08
2020-05-25 13:00:00,37.27
2020-05-25 14:00:00,24.14
2020-05-25 15:00:00,33.45
2020-05-25 16:00:00,42.31
2020-05-25 17:00:00,42.66
2020-05-25 18:00:00,42.71
2020-05-25 19:00:00,42.82
2020-05-25 20:00:00,42.36
2020-05-25 21:00:00,42.58
2020-05-25 22:00:00,42.76
2020-05-25 23:00:00,42.48
2020-05-26 00:00:00,42.55
2020-05-26 01:00:00,42.67
2020-05-26 02:00:00,42.69
2020-05-26 03:00:00,42.43
2020-05-26 04:00:00,42.42
2020-05-26 05:00:00,42.65
2020-05-26 06:00:00,42.64
2020-05-26 07:00:00,42.15
2020-05-26 08:00:00,2.42
2020-05-26 09:00:00,2.42
2020-05-26 10:00:00,2.42
2020-05-26 11:00:00,11.44
2020-05-26 12:00:00,44
2020-05-26 13:00:00,43.79
2020-05-26 14:00:00,43.65
2020-05-26 15:00:00,43.58
2020-05-26 16:00:00,44.35
2020-05-26 17:00:00,44.27
2020-05-26 18:00:00,44.09
2020-05-26 19:00:00,44.18
2020-05-26 20:00:00,44.21
2020-05-26 21:00:00,44.21
2020-05-26 22:00:00,44.23
2020-05-26 23:00:00,44.42
2020-05-27 00:00:00,44.16
2020-05-27 01:00:00,41.8
2020-05-27 02:00:00,39.29
2020-05-27 03:00:00,39.65
2020-05-27 04:00:00,37.55
2020-05-27 05:00:00,2.42
2020-05-27 06:00:00,2.42
2020-05-27 07:00:00,2.42
2020-05-27 08:00:00,12.31
2020-05-27 09:00:00,38.97
2020-05-27 10:00:00,41.72
2020-05-27 11:00:00,41.84
2020-05-27 12:00:00,41.89
2020-05-27 13:00:00,41.7
2020-05-27 14:00:00,41.78
2020-05-27 15:00:00,44.15
2020-05-27 16:00:00,43.49
2020-05-27 17:00:00,44.21
2020-05-27 18:00:00,43.99
2020-05-27 19:00:00,44.16
2020-05-27 20:00:00,43.72
2020-05-27 21:00:00,43.62
2020-05-27 22:00:00,43.75
2020-05-27 23:00:00,39.28
2020-05-28 00:00:00,2.42
2020-05-28 01:00:00,2.42
2020-05-28 02:00:00,2.42
2020-05-28 03:00:00,2.42
2020-05-28 04:00:00,2.42
2020-05-28 05:00:00,4.89
2020-05-28 06:00:00,42.65
2020-05-28 07:00:00,43.16
2020-05-28 08:00:00,42.62
2020-05-28 09:00:00,42.36
2020-05-28 10:00:00,42.82
2020-05-28 11:00:00,43.24
2020-05-28 12:00:00,42.66
2020-05-28 13:00:00,42.52
2020-05-28 14:00:00,42.88
2020-05-28 15:00:00,43.02
2020-05-28 16:00:00,42.8
2020-05-28 17:00:00,42.93
2020-05-28 18:00:00,42.74
2020-05-28 19:00:00,42.83
2020-05-28 20:00:00,42.86
2020-05-28 21:00:00,43.14
2020-05-28 22:00:00,42.63
2020-05-28 23:00:00,42.75
2020-05-29 00:00:00,43.03
2020-05-29 01:00:00,42.95
2020-05-29 02:00:00,40.87
2020-05-29 03:00:00,2.42
2020-05-29 04:00:00,2.42
2020-05-29 05:00:00,6.53
2020-05-29 06:00:00,44.27
2020-05-29 07:00:00,44.49
2020-05-29 08:00:00,44.16
2020-05-29 09:00:00,44.03
2020-05-29 10:00:00,44.42
2020-05-29 11:00:00,44.54
2020-05-29 12:00:00,44.91
2020-05-29 13:00:00,43.7
2020-05-29 14:00:00,44.06
2020-05-29 15:00:00,44.35
2020-05-29 16:00:00,44.78
2020-05-29 17:00:00,44.26
2020-05-29 18:00:00,44.3
2020-05-29 19:00:00,44.35
2020-05-29 20:00:00,44.43
2020-05-29 21:00:00,44.17
2020-05-29 22:00:00,44.35
2020-05-29 23:00:00,44.29
2020-05-30 00:00:00,44.69
2020-05-30 01:00:00,44.01
2020-05-30 02:00:00,42.03
2020-05-30 03:00:00,34.45
2020-05-30 04:00:00,2.42
2020-05-30 05:00:00,2.42
2020-05-30 06:00:00,2.42
2020-05-30 07:00:00,33.74
2020-05-30 08:00:00,44.52
2020-05-30 09:00:00,44.03
2020-05-30 10:00:00,44.55
2020-05-30 11:00:00,44.12
2020-05-30 12:00:00,44.37
2020-05-30 13:00:00,44.18
2020-05-30 14:00:00,44.17
2020-05-30 15:00:00,44.32
2020-05-30 16:00:00,44.15
2020-05-30 17:00:00,43.91
2020-05-30 18:00:00,44.22
2020-05-30 19:00:00,44.09
2020-05-30 20:00:00,44.33
2020-05-30 21:00:00,44.16
2020-05-30 22:00:00,44.24
2020-05-30 23:00:00,7.62
2020-05-31 00:00:00,2.42
2020-05-31 01:00:00,2.42
2020-05-31 02:00:00,2.42
2020-05-31 03:00:00,2.42
2020-05-31 04:00:00,2.42
2020-05-31 05:00:00,2.42
2020-05-31 06:00:00,2.42
2020-05-31 07:00:00,2.42
2020-05-31 08:00:00,2.42
2020-05-31 09:00:00,2.42
2020-05-31 10:00:00,2.42
2020-05-31 11:00:00,2.42
2020-05-31 12:00:00,2.42
2020-05-31 13:00:00,2.42
2020-05-31 14:00:00,2.42
2020-05-31 15:00:00,2.42
2020-05-31 16:00:00,2.42
2020-05-31 17:00:00,2.42
2020-05-31 18:00:00,23.6
2020-05-31 19:00:00,32.07
2020-05-31 20:00:00,32.53
2020-05-31 21:00:00,30.42
2020-05-31 22:00:00,21.58
2020-05-31 23:00:00,2.42
2020-06-01 00:00:00,2.42
2020-06-01 01:00:00,2.84
2020-06-01 02:00:00,2.84
2020-06-01 03:00:00,2.84
2020-06-01 04:00:00,2.84
2020-06-01 05:00:00,2.84
2020-06-01 06:00:00,2.84
2020-06-01 07:00:00,2.84
2020-06-01 08:00:00,2.84
2020-06-01 09:00:00,2.84
2020-06-01 10:00:00,2.84
2020-06-01 11:00:00,2.84
2020-06-01 12:00:00,2.84
2020-06-01 13:00:00,2.84
2020-06-01 14:00:00,2.84
2020-06-01 15:00:00,31.25
2020-06-01 16:00:00,31.27
2020-06-01 17:00:00,23.75
2020-06-01 18:00:00,22.24
2020-06-01 19:00:00,27.77
2020-06-01 20:00:00,31.06
2020-06-01 21:00:00,34.77
2020-06-01 22:00:00,30.8
2020-06-01 23:00:00,19.26
2020-06-02 00:00:00,2.84
2020-06-02 01:00:00,7.58
2020-06-02 02:00:00,7.58
2020-06-02 03:00:00,7.58
2020-06-02 04:00:00,7.58
2020-06-02 05:00:00,7.58
2020-06-02 06:00:00,7.58
2020-06-02 07:00:00,7.58
2020-06-02 08:00:00,7.58
2020-06-02 09:00:00,29.76
2020-06-02 10:00:00,39.55
2020-06-02 11:00:00,32.06
2020-06-02 12:00:00,38
2020-06-02 13:00:00,25.81
2020-06-02 14:00:00,24.91
2020-06-02 15:00:00,31.17
2020-06-02 16:00:00,32.88
2020-06-02 17:00:00,35.44
2020-06-02 18:00:00,30.23
2020-06-02 19:00:00,35.19
2020-06-02 20:00:00,42.53
2020-06-02 21:00:00,36.68
2020-06-02 22:00:00,33.69
2020-06-02 23:00:00,31.2
2020-06-03 00:00:00,7.58
2020-06-03 01:00:00,7.58
2020-06-03 02:00:00,7.58
2020-06-03 03:00:00,7.58
2020-06-03 04:00:00,7.58
2020-06-03 05:00:00,7.58
2020-06-03 06:00:00,7.58
2020-06-03 07:00:00,7.58
2020-06-03 08:00:00,7.58
2020-06-03 09:00:00,7.58
2020-06-03 10:00:00,7.58
2020-06-03 11:00:00,7.58
2020-06-03 12:00:00,7.58
2020-06-03 13:00:00,7.58
2020-06-03 14:00:00,7.58
2020-06-03 15:00:00,36.01
2020-06-03 16:00:00,35.61
2020-06-03 17:00:00,34.25
2020-06-03 18:00:00,42.1
2020-06-03 19:00:00,37.79
2020-06-03 20:00:00,36.81
2020-06-03 21:00:00,36.42
2020-06-03 22:00:00,39.74
2020-06-03 23:00:00,31.92
2020-06-04 00:00:00,7.58
2020-06-04 01:00:00,7.58
2020-06-04 02:00:00,7.58
2020-06-04 03:00:00,7.58
2020-06-04 04:00:00,7.58
2020-06-04 05:00:00,7.58
2020-06-04 06:00:00,7.58
2020-06-04 07:00:00,7.58
2020-06-04 08:00:00,7.58
2020-06-04 09:00:00,7.58
2020-06-04 10:00:00,7.58
2020-06-04 11:00:00,10.97
2020-06-04 12:00:00,39.5
2020-06-04 13:00:00,32.13
2020-06-04 14:00:00,23.27
2020-06-04 15:00:00,32.87
2020-06-04 16:00:00,34.78
2020-06-04 17:00:00,40.24
2020-06-04 18:00:00,15.74
2020-06-04 19:00:00,7.58
2020-06-04 20:00:00,7.58
2020-06-04 21:00:00,7.58
2020-06-04 22:00:00,7.58
2020-06-04 23:00:00,7.58
2020-06-05 00:00:00,15.13
2020-06-05 01:00:00,7.58
2020-06-05 02:00:00,7.58
2020-06-05 03:00:00,7.58
2020-06-05 04:00:00,7.58
2020-06-05 05:00:00,7.58
2020-06-05 06:00:00,7.58
2020-06-05 07:00:00,7.58
2020-06-05 08:00:00,7.58
2020-06-05 09:00:00,7.58
2020-06-05 10:00:00,32.23
2020-06-05 11:00:00,28.64
2020-06-05 12:00:00,32.72
2020-06-05 13:00:00,27.33
2020-06-05 14:00:00,30.2
2020-06-05 15:00:00,31.52
2020-06-05 16:00:00,37.39
2020-06-05 17:00:00,30.97
2020-06-05 18:00:00,32.03
2020-06-05 19:00:00,33.56
2020-06-05 20:00:00,42.38
2020-06-05 21:00:00,37.71
2020-06-05 22:00:00,33.51
2020-06-05 23:00:00,7.58
2020-06-06 00:00:00,7.58
2020-06-06 01:00:00,7.58
2020-06-06 02:00:00,7.58
2020-06-06 03:00:00,7.58
2020-06-06 04:00:00,7.58
2020-06-06 05:00:00,7.58
2020-06-06 06:00:00,7.58
2020-06-06 07:00:00,7.58
2020-06-06 08:00:00,7.58
2020-06-06 09:00:00,7.58
2020-06-06 10:00:00,7.58
2020-06-06 11:00:00,7.58
2020-06-06 12:00:00,7.58
2020-06-06 13:00:00,7.58
2020-06-06 14:00:00,7.58
2020-06-06 15:00:00,7.58
2020-06-06 16:00:00,7.58
2020-06-06 17:00:00,17.73
2020-06-06 18:00:00,43.3
2020-06-06 19:00:00,38.99
2020-06-06 20:00:00,44.07
2020-06-06 21:00:00,36.73
2020-06-06 22:00:00,36.95
2020-06-06 23:00:00,9.78
2020-06-07 00:00:00,7.58
2020-06-07 01:00:00,8.71
2020-06-07 02:00:00,8.71
2020-06-07 03:00:00,8.71
2020-06-07 04:00:00,8.71
2020-06-07 05:00:00,8.71
2020-06-07 06:00:00,8.71
2020-06-07 07:00:00,8.71
2020-06-07 08:00:00,8.71
2020-06-07 09:00:00,8.71
2020-06-07 10:00:00,8.71
2020-06-07 11:00:00,8.71
2020-06-07 12:00:00,8.71
2020-06-07 13:00:00,8.71
2020-06-07 14:00:00,12.16
2020-06-07 15:00:00,23.79
2020-06-07 16:00:00,29.51
2020-06-07 17:00:00,40.88
2020-06-07 18:00:00,39.92
2020-06-07 19:00:00,37.28
2020-06-07 20:00:00,40.01
2020-06-07 21:00:00,40.26
2020-06-07 22:00:00,34.09
2020-06-07 23:00:00,8.71
2020-06-08 00:00:00,8.71
2020-06-08 01:00:00,8.71
2020-06-08 02:00:00,8.71
2020-06-08 03:00:00,8.71
2020-06-08 04:00:00,8.71
2020-06-08 05:00:00,8.71
2020-06-08 06:00:00,8.71
2020-06-08 07:00:00,8.71
2020-06-08 08:00:00,8.71
2020-06-08 09:00:00,39.49
2020-06-08 10:00:00,40.58
2020-06-08 11:00:00,39.69
2020-06-08 12:00:00,40.7
2020-06-08 13:00:00,38.32
2020-06-08 14:00:00,31.45
2020-06-08 15:00:00,30.19
2020-06-08 16:00:00,37.72
2020-06-08 17:00:00,32
2020-06-08 18:00:00,41.49
2020-06-08 19:00:00,42.42
2020-06-08 20:00:00,49.15
2020-06-08 21:00:00,44.99
2020-06-08 22:00:00,43.56
2020-06-08 23:00:00,36.24
2020-06-09 00:00:00,14.04
2020-06-09 01:00:00,8.71
2020-06-09 02:00:00,8.71
2020-06-09 03:00:00,8.71
2020-06-09 04:00:00,8.71
2020-06-09 05:00:00,8.71
2020-06-09 06:00:00,8.71
2020-06-09 07:00:00,8.71
2020-06-09 08:00:00,8.71
2020-06-09 09:00:00,8.71
2020-06-09 10:00:00,8.71
2020-06-09 11:00:00,31.21
2020-06-09 12:00:00,24.36
2020-06-09 13:00:00,23.46
2020-06-09 14:00:00,23.75
2020-06-09 15:00:00,41.4
2020-06-09 16:00:00,39.6
2020-06-09 17:00:00,42.38
2020-06-09 18:00:00,40.96
2020-06-09 19:00:00,39.38
2020-06-09 20:00:00,44.49
2020-06-09 21:00:00,39.08
2020-06-09 22:00:00,40.6
2020-06-09 23:00:00,35.78
2020-06-10 00:00:00,42.29
2020-06-10 01:00:00,11.53
2020-06-10 02:00:00,8.71
2020-06-10 03:00:00,8.71
2020-06-10 04:00:00,8.71
2020-06-10 05:00:00,8.71
2020-06-10 06:00:00,8.71
2020-06-10 07:00:00,8.71
2020-06-10 08:00:00,8.71
2020-06-10 09:00:00,8.71
2020-06-10 10:00:00,8.71
2020-06-10 11:00:00,30.29
2020-06-10 12:00:00,38.02
2020-06-10 13:00:00,42.12
2020-06-10 14:00:00,32.95
2020-06-10 15:00:00,30.3
2020-06-10 16:00:00,34.45
2020-06-10 17:00:00,40.42
2020-06-10 18:00:00,37.92
2020-06-10 19:00:00,42.78
2020-06-10 20:00:00,50.22
2020-06-10 21:00:00,34.78
2020-06-10 22:00:00,38.34
2020-06-10 23:00:00,38.56
2020-06-11 00:00:00,10.91
2020-06-11 01:00:00,8.71
2020-06-11 02:00:00,8.71
2020-06-11 03:00:00,8.71
2020-06-11 04:00:00,8.71
2020-06-11 05:00:00,8.71
2020-06-11 06:00:00,8.71
2020-06-11 07:00:00,8.71
2020-06-11 08:00:00,8.71
2020-06-11 09:00:00,8.71
2020-06-11 10:00:00,8.71
2020-06-11 11:00:00,8.71
2020-06-11 12:00:00,8.71
2020-06-11 13:00:00,8.71
2020-06-11 14:00:00,40.27
2020-06-11 15:00:00,52.33
2020-06-11 16:00:00,52.22
2020-06-11 17:00:00,49.46
2020-06-11 18:00:00,42.46
2020-06-11 19:00:00,42.25
2020-06-11 20:00:00,42.48
2020-06-11 21:00:00,42.68
2020-06-11 22:00:00,42.5
2020-06-11 23:00:00,42.23
2020-06-12 00:00:00,42.29
2020-06-12 01:00:00,42.24
2020-06-12 02:00:00,32.34
2020-06-12 03:00:00,32.47
2020-06-12 04:00:00,32.26
2020-06-12 05:00:00,32.63
2020-06-12 06:00:00,32.57
2020-06-12 07:00:00,42.47
2020-06-12 08:00:00,32.6
2020-06-12 09:00:00,35.17
2020-06-12 10:00:00,8.71
2020-06-12 11:00:00,17.65
2020-06-12 12:00:00,8.71
2020-06-12 13:00:00,8.71
2020-06-12 14:00:00,8.71
2020-06-12 15:00:00,8.71
2020-06-12 16:00:00,8.71
2020-06-12 17:00:00,8.71
2020-06-12 18:00:00,39.52
2020-06-12 19:00:00,37.22
2020-06-12 20:00:00,41.68
2020-06-12 21:00:00,42.26
2020-06-12 22:00:00,41.39
2020-06-12 23:00:00,38.56
2020-06-13 00:00:00,18.04
2020-06-13 01:00:00,8.71
2020-06-13 02:00:00,8.71
2020-06-13 03:00:00,8.71
2020-06-13 04:00:00,8.71
2020-06-13 05:00:00,8.71
2020-06-13 06:00:00,8.71
2020-06-13 07:00:00,8.71
2020-06-13 08:00:00,8.71
2020-06-13 09:00:00,8.71
2020-06-13 10:00:00,29.24
2020-06-13 11:00:00,30.27
2020-06-13 12:00:00,29.59
2020-06-13 13:00:00,35.38
2020-06-13 14:00:00,38.73
2020-06-13 15:00:00,38.71
2020-06-13 16:00:00,43.28
2020-06-13 17:00:00,37.34
2020-06-13 18:00:00,41.49
2020-06-13 19:00:00,33.02
2020-06-13 20:00:00,47.38
2020-06-13 21:00:00,44.73
2020-06-13 22:00:00,38.4
2020-06-13 23:00:00,37.65
2020-06-14 00:00:00,8.71
2020-06-14 01:00:00,8.71
2020-06-14 02:00:00,8.71
2020-06-14 03:00:00,8.71
2020-06-14 04:00:00,8.71
2020-06-14 05:00:00,8.71
2020-06-14 06:00:00,8.71
2020-06-14 07:00:00,8.71
2020-06-14 08:00:00,8.71
2020-06-14 09:00:00,8.71
2020-06-14 10:00:00,8.71
2020-06-14 11:00:00,8.71
2020-06-14 12:00:00,8.71
2020-06-14 13:00:00,8.71
2020-06-14 14:00:00,8.71
2020-06-14 15:00:00,8.71
2020-06-14 16:00:00,8.71
2020-06-14 17:00:00,8.71
2020-06-14 18:00:00,8.71
2020-06-14 19:00:00,8.71
2020-06-14 20:00:00,8.71
2020-06-14 21:00:00,8.71
2020-06-14 22:00:00,8.71
2020-06-14 23:00:00,8.71
2020-06-15 00:00:00,8.71
2020-06-15 01:00:00,8.71
2020-06-15 02:00:00,8.71
2020-06-15 03:00:00,8.71
2020-06-15 04:00:00,8.71
2020-06-15 05:00:00,8.71
2020-06-15 06:00:00,8.71
2020-06-15 07:00:00,8.71
2020-06-15 08:00:00,8.71
2020-06-15 09:00:00,8.71
2020-06-15 10:00:00,8.71
2020-06-15 11:00:00,8.71
2020-06-15 12:00:00,8.71
2020-06-15 13:00:00,8.71
2020-06-15 14:00:00,8.71
2020-06-15 15:00:00,8.71
2020-06-15 16:00:00,8.71
2020-06-15 17:00:00,8.71
2020-06-15 18:00:00,8.71
2020-06-15 19:00:00,8.71
2020-06-15 20:00:00,8.71
2020-06-15 21:00:00,8.71
2020-06-15 22:00:00,8.71
2020-06-15 23:00:00,8.71
2020-06-16 00:00:00,8.71
2020-06-16 01:00:00,8.71
2020-06-16 02:00:00,8.71
2020-06-16 03:00:00,8.71
2020-06-16 04:00:00,8.71
2020-06-16 05:00:00,8.71
2020-06-16 06:00:00,8.71
2020-06-16 07:00:00,8.71
2020-06-16 08:00:00,8.71
2020-06-16 09:00:00,8.71
2020-06-16 10:00:00,8.71
2020-06-16 11:00:00,8.71
2020-06-16 12:00:00,8.71
2020-06-16 13:00:00,8.71
2020-06-16 14:00:00,8.71
2020-06-16 15:00:00,8.71
2020-06-16 16:00:00,8.71
2020-06-16 17:00:00,8.71
2020-06-16 18:00:00,8.71
2020-06-16 19:00:00,8.71
2020-06-16 20:00:00,8.71
2020-06-16 21:00:00,8.71
2020-06-16 22:00:00,8.71
2020-06-16 23:00:00,8.71
2020-06-17 00:00:00,8.71
2020-06-17 01:00:00,8.71
2020-06-17 02:00:00,8.71
2020-06-17 03:00:00,8.71
2020-06-17 04:00:00,8.71
2020-06-17 05:00:00,8.71
2020-06-17 06:00:00,8.71
2020-06-17 07:00:00,8.71
2020-06-17 08:00:00,8.71
2020-06-17 09:00:00,8.71
2020-06-17 10:00:00,8.71
2020-06-17 11:00:00,8.71
2020-06-17 12:00:00,8.71
2020-06-17 13:00:00,8.71
2020-06-17 14:00:00,8.71
2020-06-17 15:00:00,8.71
2020-06-17 16:00:00,8.71
2020-06-17 17:00:00,8.71
2020-06-17 18:00:00,8.71
2020-06-17 19:00:00,8.71
2020-06-17 20:00:00,8.71
2020-06-17 21:00:00,8.71
2020-06-17 22:00:00,8.71
2020-06-17 23:00:00,8.71
2020-06-18 00:00:00,8.71
2020-06-18 01:00:00,8.71
2020-06-18 02:00:00,8.71
2020-06-18 03:00:00,8.71
2020-06-18 04:00:00,8.71
2020-06-18 05:00:00,8.71
2020-06-18 06:00:00,8.71
2020-06-18 07:00:00,8.71
2020-06-18 08:00:00,8.71
2020-06-18 09:00:00,8.71
2020-06-18 10:00:00,8.71
2020-06-18 11:00:00,8.71
2020-06-18 12:00:00,8.71
2020-06-18 13:00:00,8.71
2020-06-18 14:00:00,8.71
2020-06-18 15:00:00,8.71
2020-06-18 16:00:00,8.71
2020-06-18 17:00:00,8.71
2020-06-18 18:00:00,8.71
2020-06-18 19:00:00,8.71
2020-06-18 20:00:00,8.71
2020-06-18 21:00:00,8.71
2020-06-18 22:00:00,8.71
2020-06-18 23:00:00,8.71
2020-06-19 00:00:00,8.71
2020-06-19 01:00:00,8.71
2020-06-19 02:00:00,8.71
2020-06-19 03:00:00,8.71
2020-06-19 04:00:00,8.71
2020-06-19 05:00:00,8.71
2020-06-19 06:00:00,8.71
2020-06-19 07:00:00,8.71
2020-06-19 08:00:00,8.71
2020-06-19 09:00:00,8.71
2020-06-19 10:00:00,8.71
2020-06-19 11:00:00,8.71
2020-06-19 12:00:00,8.71
2020-06-19 13:00:00,8.71
2020-06-19 14:00:00,8.71
2020-06-19 15:00:00,8.71
2020-06-19 16:00:00,8.71
2020-06-19 17:00:00,8.71
2020-06-19 18:00:00,8.71
2020-06-19 19:00:00,8.71
2020-06-19 20:00:00,8.71
2020-06-19 21:00:00,8.71
2020-06-19 22:00:00,8.71
2020-06-19 23:00:00,8.71
2020-06-20 00:00:00,8.71
2020-06-20 01:00:00,8.71
2020-06-20 02:00:00,8.71
2020-06-20 03:00:00,8.71
2020-06-20 04:00:00,8.71
2020-06-20 05:00:00,8.71
2020-06-20 06:00:00,8.71
2020-06-20 07:00:00,8.71
2020-06-20 08:00:00,8.71
2020-06-20 09:00:00,8.71
2020-06-20 10:00:00,8.71
2020-06-20 11:00:00,8.71
2020-06-20 12:00:00,8.71
2020-06-20 13:00:00,8.71
2020-06-20 14:00:00,8.71
2020-06-20 15:00:00,8.71
2020-06-20 16:00:00,8.71
2020-06-20 17:00:00,8.71
2020-06-20 18:00:00,8.71
2020-06-20 19:00:00,8.71
2020-06-20 20:00:00,8.71
2020-06-20 21:00:00,8.71
2020-06-20 22:00:00,8.71
2020-06-20 23:00:00,8.71
2020-06-21 00:00:00,8.71
2020-06-21 01:00:00,8.71
2020-06-21 02:00:00,8.71
2020-06-21 03:00:00,8.71
2020-06-21 04:00:00,8.71
2020-06-21 05:00:00,8.71
2020-06-21 06:00:00,8.71
2020-06-21 07:00:00,8.71
2020-06-21 08:00:00,8.71
2020-06-21 09:00:00,8.71
2020-06-21 10:00:00,8.71
2020-06-21 11:00:00,8.71
2020-06-21 12:00:00,8.71
2020-06-21 13:00:00,8.71
2020-06-21 14:00:00,8.71
2020-06-21 15:00:00,8.71
2020-06-21 16:00:00,8.71
2020-06-21 17:00:00,8.71
2020-06-21 18:00:00,8.71
2020-06-21 19:00:00,8.71
2020-06-21 20:00:00,8.71
2020-06-21 21:00:00,8.71
2020-06-21 22:00:00,8.71
2020-06-21 23:00:00,8.71
2020-06-22 00:00:00,8.71
2020-06-22 01:00:00,8.71
2020-06-22 02:00:00,8.71
2020-06-22 03:00:00,8.71
2020-06-22 04:00:00,8.71
2020-06-22 05:00:00,8.71
2020-06-22 06:00:00,8.71
2020-06-22 07:00:00,8.71
2020-06-22 08:00:00,8.71
2020-06-22 09:00:00,8.71
2020-06-22 10:00:00,8.71
2020-06-22 11:00:00,8.71
2020-06-22 12:00:00,8.71
2020-06-22 13:00:00,8.71
2020-06-22 14:00:00,8.71
2020-06-22 15:00:00,8.71
2020-06-22 16:00:00,8.71
2020-06-22 17:00:00,8.71
2020-06-22 18:00:00,8.71
2020-06-22 19:00:00,8.71
2020-06-22 20:00:00,8.71
2020-06-22 21:00:00,8.71
2020-06-22 22:00:00,8.71
2020-06-22 23:00:00,8.71
2020-06-23 00:00:00,8.71
2020-06-23 01:00:00,8.71
2020-06-23 02:00:00,8.71
2020-06-23 03:00:00,8.71
2020-06-23 04:00:00,8.71
2020-06-23 05:00:00,8.71
2020-06-23 06:00:00,8.71
2020-06-23 07:00:00,8.71
2020-06-23 08:00:00,8.71
2020-06-23 09:00:00,8.71
2020-06-23 10:00:00,8.71
2020-06-23 11:00:00,8.71
2020-06-23 12:00:00,8.71
2020-06-23 13:00:00,8.71
2020-06-23 14:00:00,8.71
2020-06-23 15:00:00,8.71
2020-06-23 16:00:00,8.71
2020-06-23 17:00:00,8.71
2020-06-23 18:00:00,8.71
2020-06-23 19:00:00,8.71
2020-06-23 20:00:00,8.71
2020-06-23 21:00:00,8.71
2020-06-23 22:00:00,8.71
2020-06-23 23:00:00,8.71
2020-06-24 00:00:00,8.71
2020-06-24 01:00:00,8.71
2020-06-24 02:00:00,8.71
2020-06-24 03:00:00,8.71
2020-06-24 04:00:00,8.71
2020-06-24 05:00:00,8.71
2020-06-24 06:00:00,8.71
2020-06-24 07:00:00,8.71
2020-06-24 08:00:00,8.71
2020-06-24 09:00:00,8.71
2020-06-24 10:00:00,8.71
2020-06-24 11:00:00,8.71
2020-06-24 12:00:00,8.71
2020-06-24 13:00:00,8.71
2020-06-24 14:00:00,8.71
2020-06-24 15:00:00,8.71
2020-06-24 16:00:00,8.71
2020-06-24 17:00:00,8.71
2020-06-24 18:00:00,8.71
2020-06-24 19:00:00,8.71
2020-06-24 20:00:00,8.71
2020-06-24 21:00:00,8.71
2020-06-24 22:00:00,8.71
2020-06-24 23:00:00,8.71
2020-06-25 00:00:00,8.71
2020-06-25 01:00:00,8.71
2020-06-25 02:00:00,8.71
2020-06-25 03:00:00,8.71
2020-06-25 04:00:00,8.71
2020-06-25 05:00:00,8.71
2020-06-25 06:00:00,8.71
2020-06-25 07:00:00,8.71
2020-06-25 08:00:00,8.71
2020-06-25 09:00:00,8.71
2020-06-25 10:00:00,8.71
2020-06-25 11:00:00,8.71
2020-06-25 12:00:00,8.71
2020-06-25 13:00:00,8.71
2020-06-25 14:00:00,8.71
2020-06-25 15:00:00,8.71
2020-06-25 16:00:00,8.71
2020-06-25 17:00:00,8.71
2020-06-25 18:00:00,8.71
2020-06-25 19:00:00,8.71
2020-06-25 20:00:00,8.71
2020-06-25 21:00:00,8.71
2020-06-25 22:00:00,8.71
2020-06-25 23:00:00,8.71
2020-06-26 00:00:00,8.71
2020-06-26 01:00:00,8.71
2020-06-26 02:00:00,8.71
2020-06-26 03:00:00,8.71
2020-06-26 04:00:00,8.71
2020-06-26 05:00:00,8.71
2020-06-26 06:00:00,8.71
2020-06-26 07:00:00,8.71
2020-06-26 08:00:00,8.71
2020-06-26 09:00:00,8.71
2020-06-26 10:00:00,8.71
2020-06-26 11:00:00,8.71
2020-06-26 12:00:00,8.71
2020-06-26 13:00:00,8.71
2020-06-26 14:00:00,8.71
2020-06-26 15:00:00,8.71
2020-06-26 16:00:00,8.71
2020-06-26 17:00:00,8.71
2020-06-26 18:00:00,8.71
2020-06-26 19:00:00,8.71
2020-06-26 20:00:00,8.71
2020-06-26 21:00:00,8.71
2020-06-26 22:00:00,8.71
2020-06-26 23:00:00,8.71
2020-06-27 00:00:00,8.71
2020-06-27 02:00:00,8.71
2020-06-27 03:00:00,8.71
2020-06-27 04:00:00,8.71
2020-06-27 05:00:00,8.71
2020-06-27 06:00:00,8.71
2020-06-27 07:00:00,8.71
2020-06-27 08:00:00,8.71
2020-06-27 09:00:00,8.71
2020-06-27 10:00:00,8.71
2020-06-27 11:00:00,8.71
2020-06-27 12:00:00,8.71
2020-06-27 13:00:00,8.71
2020-06-27 14:00:00,8.71
2020-06-27 15:00:00,8.71
2020-06-27 16:00:00,8.71
2020-06-27 17:00:00,8.71
2020-06-27 18:00:00,8.71
2020-06-27 19:00:00,8.71
2020-06-27 20:00:00,8.71
2020-06-27 21:00:00,8.71
2020-06-27 22:00:00,8.71
2020-06-27 23:00:00,8.71
2020-06-28 00:00:00,8.71
2020-06-28 01:00:00,8.71
2020-06-28 02:00:00,8.71
2020-06-28 03:00:00,8.71
2020-06-28 04:00:00,8.71
2020-06-28 05:00:00,8.71
2020-06-28 06:00:00,8.71
2020-06-28 07:00:00,8.71
2020-06-28 08:00:00,8.71
2020-06-28 09:00:00,8.71
2020-06-28 10:00:00,8.71
2020-06-28 11:00:00,8.71
2020-06-28 12:00:00,8.71
2020-06-28 13:00:00,8.71
2020-06-28 14:00:00,8.71
2020-06-28 15:00:00,8.71
2020-06-28 16:00:00,8.71
2020-06-28 17:00:00,8.71
2020-06-28 18:00:00,8.71
2020-06-28 19:00:00,8.71
2020-06-28 20:00:00,8.71
2020-06-28 21:00:00,8.71
2020-06-28 22:00:00,8.71
2020-06-28 23:00:00,8.71
2020-06-29 00:00:00,8.71
2020-06-29 01:00:00,8.71
2020-06-29 02:00:00,8.71
2020-06-29 03:00:00,8.71
2020-06-29 04:00:00,8.71
2020-06-29 05:00:00,8.71
2020-06-29 06:00:00,8.71
2020-06-29 07:00:00,8.71
2020-06-29 08:00:00,8.71
2020-06-29 09:00:00,8.71
2020-06-29 10:00:00,8.71
2020-06-29 11:00:00,8.71
2020-06-29 12:00:00,8.71
2020-06-29 13:00:00,8.71
2020-06-29 14:00:00,8.71
2020-06-29 15:00:00,8.71
2020-06-29 16:00:00,8.71
2020-06-29 17:00:00,8.71
2020-06-29 18:00:00,8.71
2020-06-29 19:00:00,8.71
2020-06-29 20:00:00,8.71
2020-06-29 21:00:00,8.71
2020-06-29 22:00:00,8.71
2020-06-29 23:00:00,8.71
2020-06-30 00:00:00,8.71
2020-06-30 01:00:00,8.71
2020-06-30 02:00:00,8.71
2020-06-30 03:00:00,8.71
2020-06-30 04:00:00,8.71
2020-06-30 05:00:00,8.71
2020-06-30 06:00:00,8.71
2020-06-30 07:00:00,8.71
2020-06-30 08:00:00,8.71
2020-06-30 09:00:00,8.71
2020-06-30 10:00:00,8.71
2020-06-30 11:00:00,8.71
2020-06-30 12:00:00,8.71
2020-06-30 13:00:00,8.71
2020-06-30 14:00:00,8.71
2020-06-30 15:00:00,8.71
2020-06-30 16:00:00,8.71
2020-06-30 17:00:00,8.71
2020-06-30 18:00:00,8.71
2020-06-30 19:00:00,8.71
2020-06-30 20:00:00,8.71
2020-06-30 21:00:00,8.71
2020-06-30 22:00:00,8.71
2020-06-30 23:00:00,8.71
2020-07-01 00:00:00,8.71
2020-07-01 01:00:00,9.84
2020-07-01 02:00:00,9.84
2020-07-01 03:00:00,9.84
2020-07-01 04:00:00,9.84
2020-07-01 05:00:00,9.84
2020-07-01 06:00:00,9.84
2020-07-01 07:00:00,9.84
2020-07-01 08:00:00,9.84
2020-07-01 09:00:00,9.84
2020-07-01 10:00:00,9.84
2020-07-01 11:00:00,9.84
2020-07-01 12:00:00,9.84
2020-07-01 13:00:00,9.84
2020-07-01 14:00:00,9.84
2020-07-01 15:00:00,9.84
2020-07-01 16:00:00,9.84
2020-07-01 17:00:00,9.84
2020-07-01 18:00:00,9.84
2020-07-01 19:00:00,9.84
2020-07-01 20:00:00,9.84
2020-07-01 21:00:00,9.84
2020-07-01 22:00:00,9.84
2020-07-01 23:00:00,9.84
2020-07-02 00:00:00,9.84
2020-07-02 01:00:00,9.84
2020-07-02 02:00:00,9.84
2020-07-02 03:00:00,9.84
2020-07-02 04:00:00,9.84
2020-07-02 05:00:00,9.84
2020-07-02 06:00:00,9.84
2020-07-02 07:00:00,9.84
2020-07-02 08:00:00,9.84
2020-07-02 09:00:00,9.84
2020-07-02 10:00:00,9.84
2020-07-02 11:00:00,9.84
2020-07-02 12:00:00,9.84
2020-07-02 13:00:00,9.84
2020-07-02 14:00:00,9.84
2020-07-02 15:00:00,9.84
2020-07-02 16:00:00,9.84
2020-07-02 17:00:00,9.84
2020-07-02 18:00:00,9.84
2020-07-02 19:00:00,9.84
2020-07-02 20:00:00,9.84
2020-07-02 21:00:00,9.84
2020-07-02 22:00:00,9.84
2020-07-02 23:00:00,9.84
2020-07-03 00:00:00,9.84
2020-07-03 01:00:00,9.84
2020-07-03 02:00:00,9.84
2020-07-03 03:00:00,9.84
2020-07-03 04:00:00,9.84
2020-07-03 05:00:00,9.84
2020-07-03 06:00:00,9.84
2020-07-03 07:00:00,9.84
2020-07-03 08:00:00,9.84
2020-07-03 09:00:00,9.84
2020-07-03 10:00:00,9.84
2020-07-03 11:00:00,9.84
2020-07-03 12:00:00,9.84
2020-07-03 13:00:00,9.84
2020-07-03 14:00:00,9.84
2020-07-03 15:00:00,9.84
2020-07-03 16:00:00,9.84
2020-07-03 17:00:00,9.84
2020-07-03 18:00:00,9.84
2020-07-03 19:00:00,9.84
2020-07-03 20:00:00,9.84
2020-07-03 21:00:00,9.84
2020-07-03 22:00:00,9.84
2020-07-03 23:00:00,9.84
2020-07-04 00:00:00,9.84
2020-07-04 01:00:00,9.84
2020-07-04 02:00:00,9.84
2020-07-04 03:00:00,9.84
2020-07-04 04:00:00,9.84
2020-07-04 05:00:00,9.84
2020-07-04 06:00:00,9.84
2020-07-04 07:00:00,9.84
2020-07-04 08:00:00,9.84
2020-07-04 09:00:00,9.84
2020-07-04 10:00:00,9.84
2020-07-04 11:00:00,9.84
2020-07-04 12:00:00,9.84
2020-07-04 13:00:00,9.84
2020-07-04 14:00:00,9.84
2020-07-04 15:00:00,9.84
2020-07-04 16:00:00,9.84
2020-07-04 17:00:00,9.84
2020-07-04 18:00:00,9.84
2020-07-04 19:00:00,9.84
2020-07-04 20:00:00,9.84
2020-07-04 21:00:00,9.84
2020-07-04 22:00:00,9.84
2020-07-04 23:00:00,9.84
2020-07-05 00:00:00,9.84
2020-07-05 01:00:00,9.84
2020-07-05 02:00:00,9.84
2020-07-05 03:00:00,9.84
2020-07-05 04:00:00,9.84
2020-07-05 05:00:00,9.84
2020-07-05 06:00:00,9.84
2020-07-05 07:00:00,9.84
2020-07-05 08:00:00,9.84
2020-07-05 09:00:00,9.84
2020-07-05 10:00:00,9.84
2020-07-05 11:00:00,9.84
2020-07-05 12:00:00,9.84
2020-07-05 13:00:00,9.84
2020-07-05 14:00:00,9.84
2020-07-05 15:00:00,9.84
2020-07-05 16:00:00,9.84
2020-07-05 17:00:00,9.84
2020-07-05 18:00:00,9.84
2020-07-05 19:00:00,9.84
2020-07-05 20:00:00,9.84
2020-07-05 21:00:00,9.84
2020-07-05 22:00:00,9.84
2020-07-05 23:00:00,9.84
2020-07-06 00:00:00,9.84
2020-07-06 01:00:00,9.84
2020-07-06 02:00:00,9.84
2020-07-06 03:00:00,9.84
2020-07-06 04:00:00,9.84
2020-07-06 05:00:00,9.84
2020-07-06 06:00:00,9.84
2020-07-06 07:00:00,9.84
2020-07-06 08:00:00,9.84
2020-07-06 09:00:00,9.84
2020-07-06 10:00:00,9.84
2020-07-06 11:00:00,9.84
2020-07-06 12:00:00,9.84
2020-07-06 13:00:00,9.84
2020-07-06 14:00:00,9.84
2020-07-06 15:00:00,9.84
2020-07-06 16:00:00,9.84
2020-07-06 17:00:00,9.84
2020-07-06 18:00:00,9.84
2020-07-06 19:00:00,9.84
2020-07-06 20:00:00,9.84
2020-07-06 21:00:00,9.84
2020-07-06 22:00:00,9.84
2020-07-06 23:00:00,9.84
2020-07-07 00:00:00,9.84
2020-07-07 01:00:00,9.84
2020-07-07 02:00:00,9.84
2020-07-07 03:00:00,9.84
2020-07-07 04:00:00,9.84
2020-07-07 05:00:00,9.84
2020-07-07 06:00:00,9.84
2020-07-07 07:00:00,9.84
2020-07-07 08:00:00,9.84
2020-07-07 09:00:00,9.84
2020-07-07 10:00:00,9.84
2020-07-07 11:00:00,9.84
2020-07-07 12:00:00,9.84
2020-07-07 13:00:00,9.84
2020-07-07 14:00:00,9.84
2020-07-07 15:00:00,9.84
2020-07-07 16:00:00,9.84
2020-07-07 17:00:00,9.84
2020-07-07 18:00:00,9.84
2020-07-07 19:00:00,9.84
2020-07-07 20:00:00,9.84
2020-07-07 21:00:00,9.84
2020-07-07 22:00:00,9.84
2020-07-07 23:00:00,9.84
2020-07-08 00:00:00,9.84
2020-07-08 01:00:00,11.28
2020-07-08 02:00:00,11.28
2020-07-08 03:00:00,11.28
2020-07-08 04:00:00,11.28
2020-07-08 05:00:00,11.28
2020-07-08 06:00:00,11.28
2020-07-08 07:00:00,11.28
2020-07-08 08:00:00,11.28
2020-07-08 09:00:00,11.28
2020-07-08 10:00:00,11.28
2020-07-08 11:00:00,11.28
2020-07-08 12:00:00,11.28
2020-07-08 13:00:00,11.28
2020-07-08 14:00:00,11.28
2020-07-08 15:00:00,11.28
2020-07-08 16:00:00,11.28
2020-07-08 17:00:00,11.28
2020-07-08 18:00:00,11.28
2020-07-08 19:00:00,11.28
2020-07-08 20:00:00,11.28
2020-07-08 21:00:00,11.28
2020-07-08 22:00:00,11.28
2020-07-08 23:00:00,11.28
2020-07-09 00:00:00,11.28
2020-07-09 01:00:00,11.28
2020-07-09 02:00:00,11.28
2020-07-09 03:00:00,11.28
2020-07-09 04:00:00,11.28
2020-07-09 05:00:00,11.28
2020-07-09 06:00:00,11.28
2020-07-09 07:00:00,11.28
2020-07-09 08:00:00,11.28
2020-07-09 09:00:00,11.28
2020-07-09 10:00:00,11.28
2020-07-09 11:00:00,11.28
2020-07-09 12:00:00,11.28
2020-07-09 13:00:00,11.28
2020-07-09 14:00:00,11.28
2020-07-09 15:00:00,11.28
2020-07-09 16:00:00,11.28
2020-07-09 17:00:00,11.28
2020-07-09 18:00:00,11.28
2020-07-09 19:00:00,11.28
2020-07-09 20:00:00,11.28
2020-07-09 21:00:00,11.28
2020-07-09 22:00:00,11.28
2020-07-09 23:00:00,11.28
2020-07-10 00:00:00,11.28
2020-07-10 01:00:00,11.28
2020-07-10 02:00:00,11.28
2020-07-10 03:00:00,11.28
2020-07-10 04:00:00,11.28
2020-07-10 05:00:00,11.28
2020-07-10 06:00:00,11.28
2020-07-10 07:00:00,11.28
2020-07-10 08:00:00,11.28
2020-07-10 09:00:00,11.28
2020-07-10 10:00:00,11.28
2020-07-10 11:00:00,11.28
2020-07-10 12:00:00,11.28
2020-07-10 13:00:00,11.28
2020-07-10 14:00:00,11.28
2020-07-10 15:00:00,11.28
2020-07-10 16:00:00,11.28
2020-07-10 17:00:00,11.28
2020-07-10 18:00:00,11.28
2020-07-10 19:00:00,11.28
2020-07-10 20:00:00,11.28
2020-07-10 21:00:00,11.28
2020-07-10 22:00:00,11.28
2020-07-10 23:00:00,11.28
2020-07-11 00:00:00,11.28
2020-07-11 01:00:00,11.28
2020-07-11 02:00:00,11.28
2020-07-11 03:00:00,11.28
2020-07-11 04:00:00,11.28
2020-07-11 05:00:00,11.28
2020-07-11 06:00:00,11.28
2020-07-11 07:00:00,11.28
2020-07-11 08:00:00,11.28
2020-07-11 09:00:00,11.28
2020-07-11 10:00:00,11.28
2020-07-11 11:00:00,11.28
2020-07-11 12:00:00,11.28
2020-07-11 13:00:00,11.28
2020-07-11 14:00:00,11.28
2020-07-11 15:00:00,11.28
2020-07-11 16:00:00,11.28
2020-07-11 17:00:00,11.28
2020-07-11 18:00:00,11.28
2020-07-11 19:00:00,11.28
2020-07-11 20:00:00,11.28
2020-07-11 21:00:00,11.28
2020-07-11 22:00:00,11.28
2020-07-11 23:00:00,11.28
2020-07-12 00:00:00,11.28
2020-07-12 01:00:00,11.28
2020-07-12 02:00:00,11.28
2020-07-12 03:00:00,11.28
2020-07-12 04:00:00,11.28
2020-07-12 05:00:00,11.28
2020-07-12 06:00:00,11.28
2020-07-12 07:00:00,11.28
2020-07-12 08:00:00,11.28
2020-07-12 09:00:00,11.28
2020-07-12 10:00:00,11.28
2020-07-12 11:00:00,11.28
2020-07-12 12:00:00,11.28
2020-07-12 13:00:00,11.28
2020-07-12 14:00:00,11.28
2020-07-12 15:00:00,11.28
2020-07-12 16:00:00,11.28
2020-07-12 17:00:00,11.28
2020-07-12 18:00:00,11.28
2020-07-12 19:00:00,11.28
2020-07-12 20:00:00,11.28
2020-07-12 21:00:00,11.28
2020-07-12 22:00:00,19.16
2020-07-12 23:00:00,34.1
2020-07-13 00:00:00,11.28
2020-07-13 01:00:00,11.28
2020-07-13 02:00:00,11.28
2020-07-13 03:00:00,11.28
2020-07-13 04:00:00,11.28
2020-07-13 05:00:00,11.28
2020-07-13 06:00:00,11.28
2020-07-13 07:00:00,11.28
2020-07-13 08:00:00,11.28
2020-07-13 09:00:00,11.28
2020-07-13 10:00:00,11.28
2020-07-13 11:00:00,11.28
2020-07-13 12:00:00,11.28
2020-07-13 13:00:00,11.28
2020-07-13 14:00:00,24.03
2020-07-13 15:00:00,43.03
2020-07-13 16:00:00,49.63
2020-07-13 17:00:00,35
2020-07-13 18:00:00,45.24
2020-07-13 19:00:00,46.09
2020-07-13 20:00:00,48.19
2020-07-13 21:00:00,47.32
2020-07-13 22:00:00,43.37
2020-07-13 23:00:00,11.28
2020-07-14 00:00:00,11.28
2020-07-14 01:00:00,11.28
2020-07-14 02:00:00,11.28
2020-07-14 03:00:00,11.28
2020-07-14 04:00:00,35.88
2020-07-14 05:00:00,40.67
2020-07-14 06:00:00,38.36
2020-07-14 07:00:00,35.06
2020-07-14 08:00:00,43.57
2020-07-14 09:00:00,29.38
2020-07-14 10:00:00,34.23
2020-07-14 11:00:00,39.42
2020-07-14 12:00:00,36.84
2020-07-14 13:00:00,31.9
2020-07-14 14:00:00,49.33
2020-07-14 15:00:00,48.01
2020-07-14 16:00:00,31.94
2020-07-14 17:00:00,35.54
2020-07-14 18:00:00,30.47
2020-07-14 19:00:00,38.13
2020-07-14 20:00:00,44.65
2020-07-14 21:00:00,41.56
2020-07-14 22:00:00,41.97
2020-07-14 23:00:00,38.81
2020-07-15 00:00:00,45.17
2020-07-15 01:00:00,38.83
2020-07-15 02:00:00,41.78
2020-07-15 03:00:00,36.57
2020-07-15 04:00:00,30.16
2020-07-15 05:00:00,46.17
2020-07-15 06:00:00,39.74
2020-07-15 07:00:00,46.17
2020-07-15 08:00:00,44.54
2020-07-15 09:00:00,40.5
2020-07-15 10:00:00,41.69
2020-07-15 11:00:00,34.58
2020-07-15 12:00:00,38.11
2020-07-15 13:00:00,33.44
2020-07-15 14:00:00,13.82
2020-07-15 15:00:00,11.28
2020-07-15 16:00:00,11.28
2020-07-15 17:00:00,11.28
2020-07-15 18:00:00,11.28
2020-07-15 19:00:00,40.11
2020-07-15 20:00:00,44.28
2020-07-15 21:00:00,42.56
2020-07-15 22:00:00,42.55
2020-07-15 23:00:00,37.57
2020-07-16 00:00:00,33.09
2020-07-16 01:00:00,29.94
2020-07-16 02:00:00,38.6
2020-07-16 03:00:00,38.55
2020-07-16 04:00:00,38.85
2020-07-16 05:00:00,39.67
2020-07-16 06:00:00,34.69
2020-07-16 07:00:00,31.66
2020-07-16 08:00:00,29.26
2020-07-16 09:00:00,35.75
2020-07-16 10:00:00,29.3
2020-07-16 11:00:00,29.92
2020-07-16 12:00:00,37.88
2020-07-16 13:00:00,12.86
2020-07-16 14:00:00,11.28
2020-07-16 15:00:00,14.51
2020-07-16 16:00:00,42.14
2020-07-16 17:00:00,33.03
2020-07-16 18:00:00,41.99
2020-07-16 19:00:00,35.99
2020-07-16 20:00:00,42.2
2020-07-16 21:00:00,42.51
2020-07-16 22:00:00,40.63
2020-07-16 23:00:00,15.44
2020-07-17 00:00:00,11.28
2020-07-17 01:00:00,11.28
2020-07-17 02:00:00,32.55
2020-07-17 03:00:00,37.5
2020-07-17 04:00:00,33.85
2020-07-17 05:00:00,35.56
2020-07-17 06:00:00,37.14
2020-07-17 07:00:00,40.07
2020-07-17 08:00:00,35.48
2020-07-17 09:00:00,30.24
2020-07-17 10:00:00,30.27
2020-07-17 11:00:00,34.86
2020-07-17 12:00:00,34.03
2020-07-17 13:00:00,30.19
2020-07-17 14:00:00,29
2020-07-17 15:00:00,42.1
2020-07-17 16:00:00,39.67
2020-07-17 17:00:00,41.19
2020-07-17 18:00:00,39.21
2020-07-17 19:00:00,41.83
2020-07-17 20:00:00,47.16
2020-07-17 21:00:00,43.32
2020-07-17 22:00:00,11.28
2020-07-17 23:00:00,11.28
2020-07-18 00:00:00,11.28
2020-07-18 01:00:00,11.28
2020-07-18 02:00:00,11.28
2020-07-18 03:00:00,11.28
2020-07-18 04:00:00,11.28
2020-07-18 05:00:00,11.28
2020-07-18 06:00:00,11.28
2020-07-18 07:00:00,33.19
2020-07-18 08:00:00,29.32
2020-07-18 09:00:00,32.64
2020-07-18 10:00:00,31.44
2020-07-18 11:00:00,39.19
2020-07-18 12:00:00,32.17
2020-07-18 13:00:00,36.71
2020-07-18 14:00:00,37.01
2020-07-18 15:00:00,32.74
2020-07-18 16:00:00,42.88
2020-07-18 17:00:00,38.38
2020-07-18 18:00:00,39.11
2020-07-18 19:00:00,38.93
2020-07-18 20:00:00,45.58
2020-07-18 21:00:00,42.14
2020-07-18 22:00:00,40.85
2020-07-18 23:00:00,35.5
2020-07-19 00:00:00,11.28
2020-07-19 01:00:00,11.28
2020-07-19 02:00:00,11.28
2020-07-19 03:00:00,11.28
2020-07-19 04:00:00,11.28
2020-07-19 05:00:00,37.54
2020-07-19 06:00:00,33.37
2020-07-19 07:00:00,37.12
2020-07-19 08:00:00,30.03
2020-07-19 09:00:00,31
2020-07-19 10:00:00,31.81
2020-07-19 11:00:00,25.74
2020-07-19 12:00:00,40.01
2020-07-19 13:00:00,47.32
2020-07-19 14:00:00,32.09
2020-07-19 15:00:00,37.69
2020-07-19 16:00:00,41.04
2020-07-19 17:00:00,41.45
2020-07-19 18:00:00,46.23
2020-07-19 19:00:00,33.92
2020-07-19 20:00:00,43.36
2020-07-19 21:00:00,42.43
2020-07-19 22:00:00,42.67
2020-07-19 23:00:00,37.99
2020-07-20 00:00:00,21.64
2020-07-20 01:00:00,11.28
2020-07-20 02:00:00,11.28
2020-07-20 03:00:00,11.28
2020-07-20 04:00:00,11.28
2020-07-20 05:00:00,22.37
2020-07-20 06:00:00,44.2
2020-07-20 07:00:00,50.2
2020-07-20 08:00:00,43.09
2020-07-20 09:00:00,37.96
2020-07-20 10:00:00,30.43
2020-07-20 11:00:00,33.61
2020-07-20 12:00:00,44.58
2020-07-20 13:00:00,36.87
2020-07-20 14:00:00,49.67
2020-07-20 15:00:00,43.95
2020-07-20 16:00:00,45.55
2020-07-20 17:00:00,35.3
2020-07-20 18:00:00,38.53
2020-07-20 19:00:00,43.36
2020-07-20 20:00:00,45.99
2020-07-20 21:00:00,41.33
2020-07-20 22:00:00,40.18
2020-07-20 23:00:00,11.28
2020-07-21 00:00:00,11.28
2020-07-21 01:00:00,11.28
2020-07-21 02:00:00,11.28
2020-07-21 03:00:00,11.28
2020-07-21 04:00:00,11.28
2020-07-21 05:00:00,11.28
2020-07-21 06:00:00,11.28
2020-07-21 07:00:00,29.26
2020-07-21 08:00:00,26.61
2020-07-21 09:00:00,32.94
2020-07-21 10:00:00,28.98
2020-07-21 11:00:00,30.17
2020-07-21 12:00:00,35.41
2020-07-21 13:00:00,34.98
2020-07-21 14:00:00,27.53
2020-07-21 15:00:00,38.33
2020-07-21 16:00:00,35.29
2020-07-21 17:00:00,30.81
2020-07-21 18:00:00,36.22
2020-07-21 19:00:00,41.32
2020-07-21 20:00:00,42.18
2020-07-21 21:00:00,42.49
2020-07-21 22:00:00,41.79
2020-07-21 23:00:00,33.83
2020-07-22 00:00:00,18.05
2020-07-22 01:00:00,11.28
2020-07-22 02:00:00,11.28
2020-07-22 03:00:00,11.28
2020-07-22 04:00:00,11.28
2020-07-22 05:00:00,39.35
2020-07-22 06:00:00,39.55
2020-07-22 07:00:00,40.91
2020-07-22 08:00:00,29.39
2020-07-22 09:00:00,28.19
2020-07-22 10:00:00,28.53
2020-07-22 11:00:00,30.99
2020-07-22 12:00:00,30.26
2020-07-22 13:00:00,34.37
2020-07-22 14:00:00,40.49
2020-07-22 15:00:00,43.68
2020-07-22 16:00:00,39.5
2020-07-22 17:00:00,33.76
2020-07-22 18:00:00,37.35
2020-07-22 19:00:00,34.48
2020-07-22 20:00:00,40.71
2020-07-22 21:00:00,42.2
2020-07-22 22:00:00,42.06
2020-07-22 23:00:00,11.28
2020-07-23 00:00:00,11.28
2020-07-23 01:00:00,11.28
2020-07-23 02:00:00,11.28
2020-07-23 03:00:00,14.6
2020-07-23 04:00:00,33.29
2020-07-23 05:00:00,40.33
2020-07-23 06:00:00,36.8
2020-07-23 07:00:00,28.16
2020-07-23 08:00:00,29.07
2020-07-23 09:00:00,30.91
2020-07-23 10:00:00,30.68
2020-07-23 11:00:00,31.68
2020-07-23 12:00:00,34.09
2020-07-23 13:00:00,35.76
2020-07-23 14:00:00,36.91
2020-07-23 15:00:00,35.45
2020-07-23 16:00:00,41.65
2020-07-23 17:00:00,29.87
2020-07-23 18:00:00,34.4
2020-07-23 19:00:00,39.28
2020-07-23 20:00:00,43.01
2020-07-23 21:00:00,43.39
2020-07-23 22:00:00,43.66
2020-07-23 23:00:00,11.28
2020-07-24 00:00:00,13.64
2020-07-24 01:00:00,39.96
2020-07-24 02:00:00,36.75
2020-07-24 03:00:00,36.96
2020-07-24 04:00:00,35.83
2020-07-24 05:00:00,30.22
2020-07-24 06:00:00,41.89
2020-07-24 07:00:00,38.63
2020-07-24 08:00:00,29.59
2020-07-24 09:00:00,28.53
2020-07-24 10:00:00,32.2
2020-07-24 11:00:00,28.99
2020-07-24 12:00:00,33.77
2020-07-24 13:00:00,35.71
2020-07-24 14:00:00,30.39
2020-07-24 15:00:00,41.06
2020-07-24 16:00:00,30.43
2020-07-24 17:00:00,34.43
2020-07-24 18:00:00,35.02
2020-07-24 19:00:00,16.46
2020-07-24 20:00:00,11.28
2020-07-24 21:00:00,11.28
2020-07-24 22:00:00,11.28
2020-07-24 23:00:00,11.28
2020-07-25 00:00:00,11.28
2020-07-25 01:00:00,14.69
2020-07-25 02:00:00,41.91
2020-07-25 03:00:00,35.59
2020-07-25 04:00:00,31.23
2020-07-25 05:00:00,33.67
2020-07-25 06:00:00,30.89
2020-07-25 07:00:00,29.84
2020-07-25 08:00:00,33.22
2020-07-25 09:00:00,34.83
2020-07-25 10:00:00,42.57
2020-07-25 11:00:00,45.98
2020-07-25 12:00:00,32.37
2020-07-25 13:00:00,29.83
2020-07-25 14:00:00,41.93
2020-07-25 15:00:00,38.53
2020-07-25 16:00:00,37.91
2020-07-25 17:00:00,35.34
2020-07-25 18:00:00,36.55
2020-07-25 19:00:00,37.04
2020-07-25 20:00:00,42.09
2020-07-25 21:00:00,42.13
2020-07-25 22:00:00,12.62
2020-07-25 23:00:00,11.28
2020-07-26 00:00:00,11.28
2020-07-26 01:00:00,11.28
2020-07-26 02:00:00,11.28
2020-07-26 03:00:00,41.07
2020-07-26 04:00:00,42.03
2020-07-26 05:00:00,42.75
2020-07-26 06:00:00,41.06
2020-07-26 07:00:00,41.29
2020-07-26 08:00:00,29.93
2020-07-26 09:00:00,36.16
2020-07-26 10:00:00,39.92
2020-07-26 11:00:00,33.65
2020-07-26 12:00:00,37.65
2020-07-26 13:00:00,30.87
2020-07-26 14:00:00,38.51
2020-07-26 15:00:00,41.12
2020-07-26 16:00:00,46.42
2020-07-26 17:00:00,43.48
2020-07-26 18:00:00,39.5
2020-07-26 19:00:00,36.97
2020-07-26 20:00:00,45.09
2020-07-26 21:00:00,38.73
2020-07-26 22:00:00,37.59
2020-07-26 23:00:00,37.88
2020-07-27 00:00:00,11.28
2020-07-27 01:00:00,11.28
2020-07-27 02:00:00,11.28
2020-07-27 03:00:00,11.28
2020-07-27 04:00:00,11.28
2020-07-27 05:00:00,11.28
2020-07-27 06:00:00,38.96
2020-07-27 07:00:00,43.49
2020-07-27 08:00:00,29.74
2020-07-27 09:00:00,34.13
2020-07-27 10:00:00,35.21
2020-07-27 11:00:00,38.44
2020-07-27 12:00:00,40.62
2020-07-27 13:00:00,37.84
2020-07-27 14:00:00,41
2020-07-27 15:00:00,42.53
2020-07-27 16:00:00,41.01
2020-07-27 17:00:00,41.73
2020-07-27 18:00:00,40.27
2020-07-27 19:00:00,43.24
2020-07-27 20:00:00,39.07
2020-07-27 21:00:00,42.96
2020-07-27 22:00:00,39.54
2020-07-27 23:00:00,41.26
2020-07-28 00:00:00,21.34
2020-07-28 01:00:00,11.28
2020-07-28 02:00:00,11.28
2020-07-28 03:00:00,11.28
2020-07-28 04:00:00,11.28
2020-07-28 05:00:00,11.28
2020-07-28 06:00:00,14.99
2020-07-28 07:00:00,41.56
2020-07-28 08:00:00,36.94
2020-07-28 09:00:00,43.47
2020-07-28 10:00:00,38.11
2020-07-28 11:00:00,43.86
2020-07-28 12:00:00,32.02
2020-07-28 13:00:00,32.84
2020-07-28 14:00:00,33.27
2020-07-28 15:00:00,39.48
2020-07-28 16:00:00,52.08
2020-07-28 17:00:00,34.68
2020-07-28 18:00:00,36.65
2020-07-28 19:00:00,35.54
2020-07-28 20:00:00,39.52
2020-07-28 21:00:00,41.85
2020-07-28 22:00:00,41.89
2020-07-28 23:00:00,44.68
2020-07-29 00:00:00,11.28
2020-07-29 01:00:00,11.28
2020-07-29 02:00:00,11.28
2020-07-29 03:00:00,11.28
2020-07-29 04:00:00,11.28
2020-07-29 05:00:00,11.28
2020-07-29 06:00:00,14.4
2020-07-29 07:00:00,40.53
2020-07-29 08:00:00,44.08
2020-07-29 09:00:00,49.82
2020-07-29 10:00:00,35.95
2020-07-29 11:00:00,38.35
2020-07-29 12:00:00,35.18
2020-07-29 13:00:00,39.84
2020-07-29 14:00:00,45.94
2020-07-29 15:00:00,37.6
2020-07-29 16:00:00,40.78
2020-07-29 17:00:00,42.93
2020-07-29 18:00:00,43.48
2020-07-29 19:00:00,44.06
2020-07-29 20:00:00,43.63
2020-07-29 21:00:00,44
2020-07-29 22:00:00,40.38
2020-07-29 23:00:00,41.64
2020-07-30 00:00:00,13.1
2020-07-30 01:00:00,11.28
2020-07-30 02:00:00,11.28
2020-07-30 03:00:00,11.28
2020-07-30 04:00:00,11.28
2020-07-30 05:00:00,11.28
2020-07-30 06:00:00,43.65
2020-07-30 07:00:00,43.65
2020-07-30 08:00:00,37.85
2020-07-30 09:00:00,40.37
2020-07-30 10:00:00,39.11
2020-07-30 11:00:00,40.22
2020-07-30 12:00:00,46.19
2020-07-30 13:00:00,48.47
2020-07-30 14:00:00,43.55
2020-07-30 15:00:00,42.9
2020-07-30 16:00:00,44.27
2020-07-30 17:00:00,41.68
2020-07-30 18:00:00,41.14
2020-07-30 19:00:00,43.31
2020-07-30 20:00:00,43.05
2020-07-30 21:00:00,42.75
2020-07-30 22:00:00,38.78
2020-07-30 23:00:00,11.28
2020-07-31 00:00:00,11.28
2020-07-31 01:00:00,11.28
2020-07-31 02:00:00,11.28
2020-07-31 03:00:00,11.28
2020-07-31 04:00:00,11.28
2020-07-31 05:00:00,11.28
2020-07-31 06:00:00,11.28
2020-07-31 07:00:00,11.28
2020-07-31 08:00:00,40.43
2020-07-31 09:00:00,38.66
2020-07-31 10:00:00,38.15
2020-07-31 11:00:00,42.45
2020-07-31 12:00:00,40.09
2020-07-31 13:00:00,35.38
2020-07-31 14:00:00,47.18
2020-07-31 15:00:00,51.76
2020-07-31 16:00:00,38.23
2020-07-31 17:00:00,43.71
2020-07-31 18:00:00,44.16
2020-07-31 19:00:00,45.65
2020-07-31 20:00:00,48.87
2020-07-31 21:00:00,44.09
2020-07-31 22:00:00,41.59
2020-07-31 23:00:00,34.7
2020-08-01 00:00:00,11.28
2020-08-01 01:00:00,11.28
2020-08-01 02:00:00,11.28
2020-08-01 03:00:00,11.28
2020-08-01 04:00:00,11.28
2020-08-01 05:00:00,11.28
2020-08-01 06:00:00,45.7
2020-08-01 07:00:00,39.36
2020-08-01 08:00:00,38.91
2020-08-01 09:00:00,36.63
2020-08-01 10:00:00,40.05
2020-08-01 11:00:00,44
2020-08-01 12:00:00,46.13
2020-08-01 13:00:00,38.52
2020-08-01 14:00:00,35.05
2020-08-01 15:00:00,44.32
2020-08-01 16:00:00,48.2
2020-08-01 17:00:00,37
2020-08-01 18:00:00,44.26
2020-08-01 19:00:00,45.38
2020-08-01 20:00:00,42.13
2020-08-01 21:00:00,45.65
2020-08-01 22:00:00,43.48
2020-08-01 23:00:00,42.14
2020-08-02 00:00:00,43.58
2020-08-02 01:00:00,44.48
2020-08-02 02:00:00,43.69
2020-08-02 03:00:00,48.28
2020-08-02 04:00:00,44.49
2020-08-02 05:00:00,40.02
2020-08-02 06:00:00,34.9
2020-08-02 07:00:00,11.28
2020-08-02 08:00:00,11.28
2020-08-02 09:00:00,11.28
2020-08-02 10:00:00,11.28
2020-08-02 11:00:00,11.28
2020-08-02 12:00:00,11.28
2020-08-02 13:00:00,11.28
2020-08-02 14:00:00,11.28
2020-08-02 15:00:00,11.28
2020-08-02 16:00:00,11.28
2020-08-02 17:00:00,11.28
2020-08-02 18:00:00,45.8
2020-08-02 19:00:00,45.45
2020-08-02 20:00:00,49.81
2020-08-02 21:00:00,46.27
2020-08-02 22:00:00,42.69
2020-08-02 23:00:00,43.46
2020-08-03 00:00:00,45.81
2020-08-03 01:00:00,45.26
2020-08-03 02:00:00,44.4
2020-08-03 03:00:00,11.28
2020-08-03 04:00:00,11.28
2020-08-03 05:00:00,11.28
2020-08-03 06:00:00,11.28
2020-08-03 07:00:00,11.28
2020-08-03 08:00:00,11.28
2020-08-03 09:00:00,15.52
2020-08-03 10:00:00,33.65
2020-08-03 11:00:00,37.29
2020-08-03 12:00:00,38.99
2020-08-03 13:00:00,41.69
2020-08-03 14:00:00,42.65
2020-08-03 15:00:00,30.98
2020-08-03 16:00:00,36.32
2020-08-03 17:00:00,33.59
2020-08-03 18:00:00,41.49
2020-08-03 19:00:00,43.27
2020-08-03 20:00:00,42.63
2020-08-03 21:00:00,43.38
2020-08-03 22:00:00,36.77
2020-08-03 23:00:00,35.85
2020-08-04 00:00:00,18.15
2020-08-04 01:00:00,9.84
2020-08-04 02:00:00,9.84
2020-08-04 03:00:00,9.84
2020-08-04 04:00:00,9.84
2020-08-04 05:00:00,9.84
2020-08-04 06:00:00,9.84
2020-08-04 07:00:00,9.84
2020-08-04 08:00:00,32
2020-08-04 09:00:00,26.84
2020-08-04 10:00:00,34.87
2020-08-04 11:00:00,38
2020-08-04 12:00:00,39.3
2020-08-04 13:00:00,33.83
2020-08-04 14:00:00,42.75
2020-08-04 15:00:00,40.12
2020-08-04 16:00:00,43.73
2020-08-04 17:00:00,41.11
2020-08-04 18:00:00,42.27
2020-08-04 19:00:00,44.43
2020-08-04 20:00:00,48.09
2020-08-04 21:00:00,40.73
2020-08-04 22:00:00,37.7
2020-08-04 23:00:00,30.99
2020-08-05 00:00:00,9.84
2020-08-05 01:00:00,9.84
2020-08-05 02:00:00,9.84
2020-08-05 03:00:00,13.06
2020-08-05 04:00:00,44.46
2020-08-05 05:00:00,45.63
2020-08-05 06:00:00,42.98
2020-08-05 07:00:00,43.1
2020-08-05 08:00:00,42.31
2020-08-05 09:00:00,36.12
2020-08-05 10:00:00,9.84
2020-08-05 11:00:00,9.84
2020-08-05 12:00:00,9.84
2020-08-05 13:00:00,9.84
2020-08-05 14:00:00,47.18
2020-08-05 15:00:00,37.91
2020-08-05 16:00:00,49.81
2020-08-05 17:00:00,36.88
2020-08-05 18:00:00,37.31
2020-08-05 19:00:00,35.09
2020-08-05 20:00:00,40.07
2020-08-05 21:00:00,38.68
2020-08-05 22:00:00,39.72
2020-08-05 23:00:00,31.81
2020-08-06 00:00:00,9.84
2020-08-06 01:00:00,9.84
2020-08-06 02:00:00,9.84
2020-08-06 03:00:00,9.84
2020-08-06 04:00:00,9.84
2020-08-06 05:00:00,37.73
2020-08-06 06:00:00,38.23
2020-08-06 07:00:00,39.34
2020-08-06 08:00:00,39.29
2020-08-06 09:00:00,28.85
2020-08-06 10:00:00,27.14
2020-08-06 11:00:00,36.75
2020-08-06 12:00:00,35.05
2020-08-06 13:00:00,35.63
2020-08-06 14:00:00,39.53
2020-08-06 15:00:00,41.28
2020-08-06 16:00:00,44.99
2020-08-06 17:00:00,30.01
2020-08-06 18:00:00,29.53
2020-08-06 19:00:00,30.56
2020-08-06 20:00:00,34.16
2020-08-06 21:00:00,33.19
2020-08-06 22:00:00,28.46
2020-08-06 23:00:00,25.89
2020-08-07 00:00:00,9.84
2020-08-07 01:00:00,9.84
2020-08-07 02:00:00,9.84
2020-08-07 03:00:00,9.84
2020-08-07 04:00:00,9.84
2020-08-07 05:00:00,9.84
2020-08-07 06:00:00,9.84
2020-08-07 07:00:00,13.55
2020-08-07 08:00:00,45.26
2020-08-07 09:00:00,34.63
2020-08-07 10:00:00,32.5
2020-08-07 11:00:00,25.67
2020-08-07 12:00:00,26.06
2020-08-07 13:00:00,34.45
2020-08-07 14:00:00,48.41
2020-08-07 15:00:00,39.09
2020-08-07 16:00:00,39.35
2020-08-07 17:00:00,43.56
2020-08-07 18:00:00,40.63
2020-08-07 19:00:00,43.25
2020-08-07 20:00:00,47.73
2020-08-07 21:00:00,43.9
2020-08-07 22:00:00,46.05
2020-08-07 23:00:00,40.27
2020-08-08 00:00:00,42.13
2020-08-08 01:00:00,35.13
2020-08-08 02:00:00,38.93
2020-08-08 03:00:00,43.92
2020-08-08 04:00:00,41.46
2020-08-08 05:00:00,46.12
2020-08-08 06:00:00,41.32
2020-08-08 07:00:00,9.84
2020-08-08 08:00:00,9.84
2020-08-08 09:00:00,9.84
2020-08-08 10:00:00,9.84
2020-08-08 11:00:00,9.84
2020-08-08 12:00:00,13.13
2020-08-08 13:00:00,29.14
2020-08-08 14:00:00,31.12
2020-08-08 15:00:00,41.2
2020-08-08 16:00:00,41.59
2020-08-08 17:00:00,42.82
2020-08-08 18:00:00,45.38
2020-08-08 19:00:00,39.06
2020-08-08 20:00:00,43.4
2020-08-08 21:00:00,43.02
2020-08-08 22:00:00,34.75
2020-08-08 23:00:00,38.61
2020-08-09 00:00:00,11.69
2020-08-09 01:00:00,35.96
2020-08-09 02:00:00,44.12
2020-08-09 03:00:00,44.08
2020-08-09 04:00:00,42.2
2020-08-09 05:00:00,45.18
2020-08-09 06:00:00,42.6
2020-08-09 07:00:00,9.84
2020-08-09 08:00:00,9.84
2020-08-09 09:00:00,9.84
2020-08-09 10:00:00,9.84
2020-08-09 11:00:00,9.84
2020-08-09 12:00:00,9.84
2020-08-09 13:00:00,16.39
2020-08-09 14:00:00,31.47
2020-08-09 15:00:00,38.75
2020-08-09 16:00:00,42.74
2020-08-09 17:00:00,42.26
2020-08-09 18:00:00,40.33
2020-08-09 19:00:00,31.6
2020-08-09 20:00:00,37.1
2020-08-09 21:00:00,34.92
2020-08-09 22:00:00,35.49
2020-08-09 23:00:00,40.42
2020-08-10 00:00:00,25.37
2020-08-10 01:00:00,9.84
2020-08-10 02:00:00,9.84
2020-08-10 03:00:00,9.84
2020-08-10 04:00:00,9.84
2020-08-10 05:00:00,9.84
2020-08-10 06:00:00,13.1
2020-08-10 07:00:00,31.92
2020-08-10 08:00:00,32.26
2020-08-10 09:00:00,41.2
2020-08-10 10:00:00,35.29
2020-08-10 11:00:00,32.45
2020-08-10 12:00:00,32.17
2020-08-10 13:00:00,35.31
2020-08-10 14:00:00,33.04
2020-08-10 15:00:00,34.98
2020-08-10 16:00:00,42.35
2020-08-10 17:00:00,35.45
2020-08-10 18:00:00,32.75
2020-08-10 19:00:00,42.19
2020-08-10 20:00:00,44.13
2020-08-10 21:00:00,41.38
2020-08-10 22:00:00,39.3
2020-08-10 23:00:00,9.84
2020-08-11 00:00:00,9.84
2020-08-11 01:00:00,9.84
2020-08-11 02:00:00,9.84
2020-08-11 03:00:00,9.84
2020-08-11 04:00:00,12.93
2020-08-11 05:00:00,34.05
2020-08-11 06:00:00,43.2
2020-08-11 07:00:00,42.27
2020-08-11 08:00:00,40.8
2020-08-11 09:00:00,47.5
2020-08-11 10:00:00,34.51
2020-08-11 11:00:00,34.46
2020-08-11 12:00:00,32.8
2020-08-11 13:00:00,35.74
2020-08-11 14:00:00,37.73
2020-08-11 15:00:00,42
2020-08-11 16:00:00,39.16
2020-08-11 17:00:00,40.58
2020-08-11 18:00:00,35.03
2020-08-11 19:00:00,37.93
2020-08-11 20:00:00,42.5
2020-08-11 21:00:00,37.67
2020-08-11 22:00:00,9.84
2020-08-11 23:00:00,9.84
2020-08-12 00:00:00,9.84
2020-08-12 01:00:00,9.84
2020-08-12 02:00:00,9.84
2020-08-12 03:00:00,9.84
2020-08-12 04:00:00,9.84
2020-08-12 05:00:00,9.84
2020-08-12 06:00:00,9.84
2020-08-12 07:00:00,12.8
2020-08-12 08:00:00,28.3
2020-08-12 09:00:00,39.37
2020-08-12 10:00:00,32.74
2020-08-12 11:00:00,36.23
2020-08-12 12:00:00,42.26
2020-08-12 13:00:00,39.71
2020-08-12 14:00:00,40.43
2020-08-12 15:00:00,40.31
2020-08-12 16:00:00,41.41
2020-08-12 17:00:00,30.79
2020-08-12 18:00:00,33.89
2020-08-12 19:00:00,37.86
2020-08-12 20:00:00,41.7
2020-08-12 21:00:00,43.19
2020-08-12 22:00:00,43.51
2020-08-12 23:00:00,43.77
2020-08-13 00:00:00,44.38
2020-08-13 01:00:00,42.59
2020-08-13 02:00:00,42.17
2020-08-13 03:00:00,36.79
2020-08-13 04:00:00,36.45
2020-08-13 05:00:00,37.38
2020-08-13 06:00:00,32.69
2020-08-13 07:00:00,28.57
2020-08-13 08:00:00,9.84
2020-08-13 09:00:00,9.84
2020-08-13 10:00:00,9.84
2020-08-13 11:00:00,9.84
2020-08-13 12:00:00,9.84
2020-08-13 13:00:00,9.84
2020-08-13 14:00:00,9.84
2020-08-13 15:00:00,35.58
2020-08-13 16:00:00,41.87
2020-08-13 17:00:00,41.91
2020-08-13 18:00:00,34.17
2020-08-13 19:00:00,40.89
2020-08-13 20:00:00,40.86
2020-08-13 21:00:00,43.73
2020-08-13 22:00:00,42
2020-08-13 23:00:00,37.2
2020-08-14 00:00:00,34.12
2020-08-14 01:00:00,36.65
2020-08-14 02:00:00,35.37
2020-08-14 03:00:00,32.76
2020-08-14 04:00:00,26.01
2020-08-14 05:00:00,9.84
2020-08-14 06:00:00,9.84
2020-08-14 07:00:00,9.84
2020-08-14 08:00:00,9.84
2020-08-14 09:00:00,9.84
2020-08-14 10:00:00,9.84
2020-08-14 11:00:00,9.84
2020-08-14 12:00:00,9.84
2020-08-14 13:00:00,9.84
2020-08-14 14:00:00,21.7
2020-08-14 15:00:00,32.95
2020-08-14 16:00:00,38.89
2020-08-14 17:00:00,32.83
2020-08-14 18:00:00,37.5
2020-08-14 19:00:00,42.2
2020-08-14 20:00:00,39.03
2020-08-14 21:00:00,38.59
2020-08-14 22:00:00,39.19
2020-08-14 23:00:00,39.62
2020-08-15 00:00:00,41.32
2020-08-15 01:00:00,31.71
2020-08-15 02:00:00,35.3
2020-08-15 03:00:00,30.56
2020-08-15 04:00:00,36.09
2020-08-15 05:00:00,35.34
2020-08-15 06:00:00,40.78
2020-08-15 07:00:00,38.09
2020-08-15 08:00:00,33.22
2020-08-15 09:00:00,35.26
2020-08-15 10:00:00,28.09
2020-08-15 11:00:00,26.57
2020-08-15 12:00:00,43.48
2020-08-15 13:00:00,37.26
2020-08-15 14:00:00,35.17
2020-08-15 15:00:00,29.38
2020-08-15 16:00:00,30.17
2020-08-15 17:00:00,9.84
2020-08-15 18:00:00,9.84
2020-08-15 19:00:00,39.03
2020-08-15 20:00:00,44.56
2020-08-15 21:00:00,9.84
2020-08-15 22:00:00,9.84
2020-08-15 23:00:00,9.84
2020-08-16 00:00:00,9.84
2020-08-16 01:00:00,9.84
2020-08-16 02:00:00,9.84
2020-08-16 03:00:00,9.84
2020-08-16 04:00:00,9.84
2020-08-16 05:00:00,9.84
2020-08-16 06:00:00,9.84
2020-08-16 07:00:00,41.94
2020-08-16 08:00:00,38.18
2020-08-16 09:00:00,31.46
2020-08-16 10:00:00,43.21
2020-08-16 11:00:00,31.69
2020-08-16 12:00:00,35.92
2020-08-16 13:00:00,46.28
2020-08-16 14:00:00,41.53
2020-08-16 15:00:00,47.47
2020-08-16 16:00:00,41.57
2020-08-16 17:00:00,47.22
2020-08-16 18:00:00,38.67
2020-08-16 19:00:00,37.92
2020-08-16 20:00:00,38.32
2020-08-16 21:00:00,39.21
2020-08-16 22:00:00,39.34
2020-08-16 23:00:00,31.3
2020-08-17 00:00:00,12.29
2020-08-17 01:00:00,9.84
2020-08-17 02:00:00,9.84
2020-08-17 03:00:00,9.84
2020-08-17 04:00:00,9.84
2020-08-17 05:00:00,9.84
2020-08-17 06:00:00,9.84
2020-08-17 07:00:00,25.99
2020-08-17 08:00:00,35.69
2020-08-17 09:00:00,38.91
2020-08-17 10:00:00,31.88
2020-08-17 11:00:00,26.68
2020-08-17 12:00:00,34.9
2020-08-17 13:00:00,35.71
2020-08-17 14:00:00,36.28
2020-08-17 15:00:00,44.29
2020-08-17 16:00:00,41.49
2020-08-17 17:00:00,38.84
2020-08-17 18:00:00,26.96
2020-08-17 19:00:00,36.41
2020-08-17 20:00:00,38.7
2020-08-17 21:00:00,41.43
2020-08-17 22:00:00,38.06
2020-08-17 23:00:00,11.03
2020-08-18 00:00:00,9.84
2020-08-18 01:00:00,9.84
2020-08-18 02:00:00,9.84
2020-08-18 03:00:00,9.84
2020-08-18 04:00:00,9.84
2020-08-18 05:00:00,9.84
2020-08-18 06:00:00,9.84
2020-08-18 07:00:00,14.06
2020-08-18 08:00:00,25.42
2020-08-18 09:00:00,35.49
2020-08-18 10:00:00,38.91
2020-08-18 11:00:00,40.8
2020-08-18 12:00:00,40.12
2020-08-18 13:00:00,33.53
2020-08-18 14:00:00,39.95
2020-08-18 15:00:00,38.34
2020-08-18 16:00:00,36.53
2020-08-18 17:00:00,29.21
2020-08-18 18:00:00,38.46
2020-08-18 19:00:00,41.55
2020-08-18 20:00:00,43.75
2020-08-18 21:00:00,38.28
2020-08-18 22:00:00,36.52
2020-08-18 23:00:00,9.84
2020-08-19 00:00:00,9.84
2020-08-19 01:00:00,9.84
2020-08-19 02:00:00,9.84
2020-08-19 03:00:00,9.84
2020-08-19 04:00:00,9.84
2020-08-19 05:00:00,9.84
2020-08-19 06:00:00,9.84
2020-08-19 07:00:00,40.63
2020-08-19 08:00:00,39.83
2020-08-19 09:00:00,32.99
2020-08-19 10:00:00,34.09
2020-08-19 11:00:00,38.99
2020-08-19 12:00:00,42.09
2020-08-19 13:00:00,37.46
2020-08-19 14:00:00,32.17
2020-08-19 15:00:00,44.53
2020-08-19 16:00:00,36.82
2020-08-19 17:00:00,27.64
2020-08-19 18:00:00,43.56
2020-08-19 19:00:00,33.39
2020-08-19 20:00:00,37.86
2020-08-19 21:00:00,33.19
2020-08-19 22:00:00,9.84
2020-08-19 23:00:00,9.84
2020-08-20 00:00:00,13.03
2020-08-20 01:00:00,31.62
2020-08-20 02:00:00,29.93
2020-08-20 03:00:00,38.24
2020-08-20 04:00:00,32.79
2020-08-20 05:00:00,36.51
2020-08-20 06:00:00,30.11
2020-08-20 07:00:00,38.58
2020-08-20 08:00:00,30.75
2020-08-20 09:00:00,33.3
2020-08-20 10:00:00,41.1
2020-08-20 11:00:00,32.5
2020-08-20 12:00:00,40.47
2020-08-20 13:00:00,30.06
2020-08-20 14:00:00,12.23
2020-08-20 15:00:00,9.84
2020-08-20 16:00:00,9.84
2020-08-20 17:00:00,9.84
2020-08-20 18:00:00,9.84
2020-08-20 19:00:00,35.4
2020-08-20 20:00:00,35.58
2020-08-20 21:00:00,9.84
2020-08-20 22:00:00,9.84
2020-08-20 23:00:00,9.84
2020-08-21 00:00:00,9.84
2020-08-21 01:00:00,9.84
2020-08-21 02:00:00,9.84
2020-08-21 03:00:00,9.84
2020-08-21 04:00:00,9.84
2020-08-21 05:00:00,9.84
2020-08-21 06:00:00,9.84
2020-08-21 07:00:00,9.84
2020-08-21 08:00:00,9.84
2020-08-21 09:00:00,9.84
2020-08-21 10:00:00,9.84
2020-08-21 11:00:00,9.84
2020-08-21 12:00:00,9.84
2020-08-21 13:00:00,18.3
2020-08-21 14:00:00,43.23
2020-08-21 15:00:00,38.19
2020-08-21 16:00:00,40.12
2020-08-21 17:00:00,36.85
2020-08-21 18:00:00,42.4
2020-08-21 19:00:00,46.15
2020-08-21 20:00:00,44.32
2020-08-21 21:00:00,36.36
2020-08-21 22:00:00,9.84
2020-08-21 23:00:00,9.84
2020-08-22 00:00:00,9.84
2020-08-22 01:00:00,11.28
2020-08-22 02:00:00,11.28
2020-08-22 03:00:00,11.28
2020-08-22 04:00:00,11.28
2020-08-22 05:00:00,11.28
2020-08-22 06:00:00,11.28
2020-08-22 07:00:00,11.28
2020-08-22 08:00:00,11.28
2020-08-22 09:00:00,11.28
2020-08-22 10:00:00,11.28
2020-08-22 11:00:00,11.28
2020-08-22 12:00:00,11.28
2020-08-22 13:00:00,11.28
2020-08-22 14:00:00,13.45
2020-08-22 15:00:00,26.75
2020-08-22 16:00:00,31.48
2020-08-22 17:00:00,27.73
2020-08-22 18:00:00,35.67
2020-08-22 19:00:00,42.43
2020-08-22 20:00:00,40.13
2020-08-22 21:00:00,40.83
2020-08-22 22:00:00,41.2
2020-08-22 23:00:00,31.23
2020-08-23 00:00:00,11.28
2020-08-23 01:00:00,11.28
2020-08-23 02:00:00,11.28
2020-08-23 03:00:00,11.28
2020-08-23 04:00:00,11.28
2020-08-23 05:00:00,11.28
2020-08-23 06:00:00,11.28
2020-08-23 07:00:00,11.28
2020-08-23 08:00:00,11.28
2020-08-23 09:00:00,11.28
2020-08-23 10:00:00,11.28
2020-08-23 11:00:00,11.28
2020-08-23 12:00:00,11.28
2020-08-23 13:00:00,11.28
2020-08-23 14:00:00,11.28
2020-08-23 15:00:00,11.28
2020-08-23 16:00:00,40.11
2020-08-23 17:00:00,47.33
2020-08-23 18:00:00,44.84
2020-08-23 19:00:00,39.29
2020-08-23 20:00:00,39.98
2020-08-23 21:00:00,39
2020-08-23 22:00:00,41.21
2020-08-23 23:00:00,40.21
2020-08-24 00:00:00,11.28
2020-08-24 01:00:00,11.28
2020-08-24 02:00:00,11.28
2020-08-24 03:00:00,11.28
2020-08-24 04:00:00,11.28
2020-08-24 05:00:00,11.28
2020-08-24 06:00:00,11.28
2020-08-24 07:00:00,34
2020-08-24 08:00:00,34.39
2020-08-24 09:00:00,43.34
2020-08-24 10:00:00,34.1
2020-08-24 11:00:00,31.78
2020-08-24 12:00:00,39.6
2020-08-24 13:00:00,36.31
2020-08-24 14:00:00,35.6
2020-08-24 15:00:00,11.28
2020-08-24 16:00:00,11.28
2020-08-24 17:00:00,11.28
2020-08-24 18:00:00,13.25
2020-08-24 19:00:00,43.15
2020-08-24 20:00:00,41.29
2020-08-24 21:00:00,37.14
2020-08-24 22:00:00,11.28
2020-08-24 23:00:00,11.28
2020-08-25 00:00:00,11.28
2020-08-25 01:00:00,11.28
2020-08-25 02:00:00,11.28
2020-08-25 03:00:00,11.28
2020-08-25 04:00:00,11.28
2020-08-25 05:00:00,11.28
2020-08-25 06:00:00,11.28
2020-08-25 07:00:00,11.28
2020-08-25 08:00:00,11.28
2020-08-25 09:00:00,11.28
2020-08-25 10:00:00,11.28
2020-08-25 11:00:00,11.28
2020-08-25 12:00:00,11.28
2020-08-25 13:00:00,11.28
2020-08-25 14:00:00,11.28
2020-08-25 15:00:00,48.67
2020-08-25 16:00:00,42.94
2020-08-25 17:00:00,34.73
2020-08-25 18:00:00,40.63
2020-08-25 19:00:00,45.15
2020-08-25 20:00:00,38.01
2020-08-25 21:00:00,41.98
2020-08-25 22:00:00,37.75
2020-08-25 23:00:00,11.28
2020-08-26 00:00:00,11.28
2020-08-26 01:00:00,11.28
2020-08-26 02:00:00,11.28
2020-08-26 03:00:00,11.28
2020-08-26 04:00:00,11.28
2020-08-26 05:00:00,11.28
2020-08-26 06:00:00,11.28
2020-08-26 07:00:00,11.28
2020-08-26 08:00:00,11.28
2020-08-26 09:00:00,11.28
2020-08-26 10:00:00,11.28
2020-08-26 11:00:00,11.28
2020-08-26 12:00:00,11.28
2020-08-26 13:00:00,11.28
2020-08-26 14:00:00,36.86
2020-08-26 15:00:00,46.35
2020-08-26 16:00:00,40.47
2020-08-26 17:00:00,40.52
2020-08-26 18:00:00,38.29
2020-08-26 19:00:00,39.65
2020-08-26 20:00:00,39.69
2020-08-26 21:00:00,39.74
2020-08-26 22:00:00,40.81
2020-08-26 23:00:00,12.61
2020-08-27 00:00:00,11.28
2020-08-27 01:00:00,11.28
2020-08-27 02:00:00,11.28
2020-08-27 03:00:00,11.28
2020-08-27 04:00:00,11.28
2020-08-27 05:00:00,11.28
2020-08-27 06:00:00,11.28
2020-08-27 07:00:00,11.28
2020-08-27 08:00:00,11.28
2020-08-27 09:00:00,11.28
2020-08-27 10:00:00,11.28
2020-08-27 11:00:00,11.28
2020-08-27 12:00:00,11.28
2020-08-27 13:00:00,14.17
2020-08-27 14:00:00,44.63
2020-08-27 15:00:00,35.53
2020-08-27 16:00:00,29.41
2020-08-27 17:00:00,27.51
2020-08-27 18:00:00,40.27
2020-08-27 19:00:00,42.05
2020-08-27 20:00:00,41.72
2020-08-27 21:00:00,42.69
2020-08-27 22:00:00,44
2020-08-27 23:00:00,11.28
2020-08-28 00:00:00,11.28
2020-08-28 01:00:00,11.28
2020-08-28 02:00:00,11.28
2020-08-28 03:00:00,11.28
2020-08-28 04:00:00,11.28
2020-08-28 05:00:00,11.28
2020-08-28 06:00:00,11.28
2020-08-28 07:00:00,11.28
2020-08-28 08:00:00,11.28
2020-08-28 09:00:00,11.28
2020-08-28 10:00:00,11.28
2020-08-28 11:00:00,11.28
2020-08-28 12:00:00,11.28
2020-08-28 13:00:00,11.28
2020-08-28 14:00:00,11.28
2020-08-28 15:00:00,11.28
2020-08-28 16:00:00,23.28
2020-08-28 17:00:00,37.82
2020-08-28 18:00:00,38.52
2020-08-28 19:00:00,38.97
2020-08-28 20:00:00,45.22
2020-08-28 21:00:00,41.88
2020-08-28 22:00:00,41.12
2020-08-28 23:00:00,15.97
2020-08-29 00:00:00,11.28
2020-08-29 01:00:00,11.28
2020-08-29 02:00:00,11.28
2020-08-29 03:00:00,11.28
2020-08-29 04:00:00,28.04
2020-08-29 05:00:00,30.69
2020-08-29 06:00:00,29.84
2020-08-29 07:00:00,27.28
2020-08-29 08:00:00,24.71
2020-08-29 09:00:00,26.54
2020-08-29 10:00:00,40.17
2020-08-29 11:00:00,16.85
2020-08-29 12:00:00,11.28
2020-08-29 13:00:00,11.28
2020-08-29 14:00:00,11.28
2020-08-29 15:00:00,11.28
2020-08-29 16:00:00,11.28
2020-08-29 17:00:00,11.28
2020-08-29 18:00:00,11.28
2020-08-29 19:00:00,11.28
2020-08-29 20:00:00,11.28
2020-08-29 21:00:00,11.28
2020-08-29 22:00:00,11.28
2020-08-29 23:00:00,11.28
2020-08-30 00:00:00,11.28
2020-08-30 01:00:00,11.28
2020-08-30 02:00:00,11.28
2020-08-30 03:00:00,11.28
2020-08-30 04:00:00,11.28
2020-08-30 05:00:00,11.28
2020-08-30 06:00:00,11.28
2020-08-30 07:00:00,14.46
2020-08-30 08:00:00,26.5
2020-08-30 09:00:00,34.02
2020-08-30 10:00:00,28.84
2020-08-30 11:00:00,36.4
2020-08-30 12:00:00,43.96
2020-08-30 13:00:00,36.7
2020-08-30 14:00:00,36.24
2020-08-30 15:00:00,42.19
2020-08-30 16:00:00,33.25
2020-08-30 17:00:00,11.28
2020-08-30 18:00:00,11.28
2020-08-30 19:00:00,11.28
2020-08-30 20:00:00,11.28
2020-08-30 21:00:00,11.28
2020-08-30 22:00:00,11.28
2020-08-30 23:00:00,11.28
2020-08-31 00:00:00,11.28
2020-08-31 01:00:00,11.28
2020-08-31 02:00:00,11.28
2020-08-31 03:00:00,11.28
2020-08-31 04:00:00,11.28
2020-08-31 05:00:00,11.28
2020-08-31 06:00:00,11.28
2020-08-31 07:00:00,11.28
2020-08-31 08:00:00,11.28
2020-08-31 09:00:00,11.28
2020-08-31 10:00:00,11.28
2020-08-31 11:00:00,11.28
2020-08-31 12:00:00,11.28
2020-08-31 13:00:00,11.28
2020-08-31 14:00:00,11.28
2020-08-31 15:00:00,11.28
2020-08-31 16:00:00,11.28
2020-08-31 17:00:00,14.24
2020-08-31 18:00:00,41.66
2020-08-31 19:00:00,42.21
2020-08-31 20:00:00,48.73
2020-08-31 21:00:00,42.05
2020-08-31 22:00:00,40.69
2020-08-31 23:00:00,11.28
2020-09-01 00:00:00,11.28
2020-09-01 01:00:00,11.28
2020-09-01 02:00:00,11.28
2020-09-01 03:00:00,11.28
2020-09-01 04:00:00,11.28
2020-09-01 05:00:00,11.28
2020-09-01 06:00:00,11.28
2020-09-01 07:00:00,11.28
2020-09-01 08:00:00,11.28
2020-09-01 09:00:00,11.28
2020-09-01 10:00:00,11.28
2020-09-01 11:00:00,11.28
2020-09-01 12:00:00,11.28
2020-09-01 13:00:00,11.28
2020-09-01 14:00:00,11.28
2020-09-01 15:00:00,11.28
2020-09-01 16:00:00,14.75
2020-09-01 17:00:00,36.85
2020-09-01 18:00:00,28.96
2020-09-01 19:00:00,48.5
2020-09-01 20:00:00,42.26
2020-09-01 21:00:00,41.28
2020-09-01 22:00:00,11.28
2020-09-01 23:00:00,11.28
2020-09-02 00:00:00,11.28
2020-09-02 01:00:00,11.28
2020-09-02 02:00:00,11.28
2020-09-02 03:00:00,11.28
2020-09-02 04:00:00,11.28
2020-09-02 05:00:00,11.28
2020-09-02 06:00:00,11.28
2020-09-02 07:00:00,11.28
2020-09-02 08:00:00,11.28
2020-09-02 09:00:00,11.28
2020-09-02 10:00:00,11.28
2020-09-02 11:00:00,11.28
2020-09-02 12:00:00,11.28
2020-09-02 13:00:00,11.28
2020-09-02 14:00:00,11.28
2020-09-02 15:00:00,11.28
2020-09-02 16:00:00,13.54
2020-09-02 17:00:00,30.92
2020-09-02 18:00:00,28.71
2020-09-02 19:00:00,39.12
2020-09-02 20:00:00,38.71
2020-09-02 21:00:00,40.28
2020-09-02 22:00:00,11.28
2020-09-02 23:00:00,11.28
2020-09-03 00:00:00,11.28
2020-09-03 01:00:00,11.28
2020-09-03 02:00:00,11.28
2020-09-03 03:00:00,11.28
2020-09-03 04:00:00,11.28
2020-09-03 05:00:00,11.28
2020-09-03 06:00:00,11.28
2020-09-03 07:00:00,11.28
2020-09-03 08:00:00,11.28
2020-09-03 09:00:00,11.28
2020-09-03 10:00:00,11.28
2020-09-03 11:00:00,11.28
2020-09-03 12:00:00,11.28
2020-09-03 13:00:00,11.28
2020-09-03 14:00:00,11.28
2020-09-03 15:00:00,11.28
2020-09-03 16:00:00,11.28
2020-09-03 17:00:00,38.3
2020-09-03 18:00:00,37.9
2020-09-03 19:00:00,41.45
2020-09-03 20:00:00,37.19
2020-09-03 21:00:00,38.15
2020-09-03 22:00:00,12.9
2020-09-03 23:00:00,11.28
2020-09-04 00:00:00,11.28
2020-09-04 01:00:00,11.28
2020-09-04 02:00:00,11.28
2020-09-04 03:00:00,11.28
2020-09-04 04:00:00,11.28
2020-09-04 05:00:00,11.28
2020-09-04 06:00:00,11.28
2020-09-04 07:00:00,11.28
2020-09-04 08:00:00,11.28
2020-09-04 09:00:00,11.28
2020-09-04 10:00:00,11.28
2020-09-04 11:00:00,11.28
2020-09-04 12:00:00,11.28
2020-09-04 13:00:00,11.28
2020-09-04 14:00:00,11.28
2020-09-04 15:00:00,11.28
2020-09-04 16:00:00,14.69
2020-09-04 17:00:00,41.09
2020-09-04 18:00:00,38.79
2020-09-04 19:00:00,42.82
2020-09-04 20:00:00,40.27
2020-09-04 21:00:00,30.35
2020-09-04 22:00:00,11.28
2020-09-04 23:00:00,11.28
2020-09-05 00:00:00,11.28
2020-09-05 01:00:00,11.28
2020-09-05 02:00:00,11.28
2020-09-05 03:00:00,11.28
2020-09-05 04:00:00,11.28
2020-09-05 05:00:00,11.28
2020-09-05 06:00:00,11.28
2020-09-05 07:00:00,11.28
2020-09-05 08:00:00,11.28
2020-09-05 09:00:00,11.28
2020-09-05 10:00:00,11.28
2020-09-05 11:00:00,11.28
2020-09-05 12:00:00,11.28
2020-09-05 13:00:00,11.28
2020-09-05 14:00:00,11.28
2020-09-05 15:00:00,11.28
2020-09-05 16:00:00,28.7
2020-09-05 17:00:00,42.51
2020-09-05 18:00:00,37.3
2020-09-05 19:00:00,37.73
2020-09-05 20:00:00,41.91
2020-09-05 21:00:00,39.54
2020-09-05 22:00:00,35.48
2020-09-05 23:00:00,11.28
2020-09-06 00:00:00,11.28
2020-09-06 01:00:00,12.29
2020-09-06 02:00:00,12.29
2020-09-06 03:00:00,12.29
2020-09-06 04:00:00,12.29
2020-09-06 05:00:00,12.29
2020-09-06 06:00:00,12.29
2020-09-06 07:00:00,12.29
2020-09-06 08:00:00,12.29
2020-09-06 09:00:00,12.29
2020-09-06 10:00:00,12.29
2020-09-06 11:00:00,12.29
2020-09-06 12:00:00,12.29
2020-09-06 13:00:00,12.29
2020-09-06 14:00:00,26.53
2020-09-06 15:00:00,30.64
2020-09-06 16:00:00,41.59
2020-09-06 17:00:00,41.06
2020-09-06 18:00:00,41.14
2020-09-06 19:00:00,36.85
2020-09-06 20:00:00,39.22
2020-09-06 21:00:00,12.29
2020-09-06 22:00:00,12.29
2020-09-06 23:00:00,12.29
2020-09-07 00:00:00,12.29
2020-09-07 01:00:00,12.29
2020-09-07 02:00:00,12.29
2020-09-07 03:00:00,12.29
2020-09-07 04:00:00,12.29
2020-09-07 05:00:00,12.29
2020-09-07 06:00:00,12.29
2020-09-07 07:00:00,12.29
2020-09-07 08:00:00,12.29
2020-09-07 09:00:00,12.29
2020-09-07 10:00:00,12.29
2020-09-07 11:00:00,12.29
2020-09-07 12:00:00,12.29
2020-09-07 13:00:00,12.29
2020-09-07 14:00:00,12.29
2020-09-07 15:00:00,12.29
2020-09-07 16:00:00,12.29
2020-09-07 17:00:00,12.29
2020-09-07 18:00:00,35.3
2020-09-07 19:00:00,43.59
2020-09-07 20:00:00,43.4
2020-09-07 21:00:00,40.5
2020-09-07 22:00:00,37.5
2020-09-07 23:00:00,12.29
2020-09-08 00:00:00,12.29
2020-09-08 01:00:00,12.29
2020-09-08 02:00:00,12.29
2020-09-08 03:00:00,12.29
2020-09-08 04:00:00,12.29
2020-09-08 05:00:00,12.29
2020-09-08 06:00:00,12.29
2020-09-08 07:00:00,12.29
2020-09-08 08:00:00,12.29
2020-09-08 09:00:00,12.29
2020-09-08 10:00:00,32.04
2020-09-08 11:00:00,43.68
2020-09-08 12:00:00,34.98
2020-09-08 13:00:00,44.27
2020-09-08 14:00:00,32.16
2020-09-08 15:00:00,19.57
2020-09-08 16:00:00,12.29
2020-09-08 17:00:00,12.29
2020-09-08 18:00:00,12.29
2020-09-08 19:00:00,12.29
2020-09-08 20:00:00,12.29
2020-09-08 21:00:00,12.29
2020-09-08 22:00:00,12.29
2020-09-08 23:00:00,12.29
2020-09-09 00:00:00,12.29
2020-09-09 01:00:00,12.29
2020-09-09 02:00:00,12.29
2020-09-09 03:00:00,12.29
2020-09-09 04:00:00,12.29
2020-09-09 05:00:00,12.29
2020-09-09 06:00:00,12.29
2020-09-09 07:00:00,12.29
2020-09-09 08:00:00,12.29
2020-09-09 09:00:00,12.29
2020-09-09 10:00:00,15.39
2020-09-09 11:00:00,40.16
2020-09-09 12:00:00,28
2020-09-09 13:00:00,35.73
2020-09-09 14:00:00,40.52
2020-09-09 15:00:00,38.9
2020-09-09 16:00:00,12.29
2020-09-09 17:00:00,12.29
2020-09-09 18:00:00,12.29
2020-09-09 19:00:00,12.29
2020-09-09 20:00:00,12.29
2020-09-09 21:00:00,12.29
2020-09-09 22:00:00,12.29
2020-09-09 23:00:00,12.29
2020-09-10 00:00:00,12.29
2020-09-10 01:00:00,12.29
2020-09-10 02:00:00,12.29
2020-09-10 03:00:00,12.29
2020-09-10 04:00:00,12.29
2020-09-10 05:00:00,12.29
2020-09-10 06:00:00,12.29
2020-09-10 07:00:00,12.29
2020-09-10 08:00:00,12.29
2020-09-10 09:00:00,12.29
2020-09-10 10:00:00,12.29
2020-09-10 11:00:00,12.29
2020-09-10 12:00:00,12.29
2020-09-10 13:00:00,12.29
2020-09-10 14:00:00,12.29
2020-09-10 15:00:00,12.29
2020-09-10 16:00:00,47.89
2020-09-10 17:00:00,38.22
2020-09-10 18:00:00,32.82
2020-09-10 19:00:00,40.49
2020-09-10 20:00:00,40.63
2020-09-10 21:00:00,40.89
2020-09-10 22:00:00,18.24
2020-09-10 23:00:00,12.29
2020-09-11 00:00:00,12.29
2020-09-11 01:00:00,12.29
2020-09-11 02:00:00,12.29
2020-09-11 03:00:00,12.29
2020-09-11 04:00:00,12.29
2020-09-11 05:00:00,12.29
2020-09-11 06:00:00,12.29
2020-09-11 07:00:00,12.29
2020-09-11 08:00:00,12.29
2020-09-11 09:00:00,12.29
2020-09-11 10:00:00,12.29
2020-09-11 11:00:00,12.29
2020-09-11 12:00:00,12.29
2020-09-11 13:00:00,12.29
2020-09-11 14:00:00,12.29
2020-09-11 15:00:00,12.29
2020-09-11 16:00:00,12.29
2020-09-11 17:00:00,12.29
2020-09-11 18:00:00,12.29
2020-09-11 19:00:00,41.5
2020-09-11 20:00:00,42.55
2020-09-11 21:00:00,43.94
2020-09-11 22:00:00,44.81
2020-09-11 23:00:00,35.19
2020-09-12 00:00:00,12.29
2020-09-12 01:00:00,12.29
2020-09-12 02:00:00,12.29
2020-09-12 03:00:00,12.29
2020-09-12 04:00:00,12.29
2020-09-12 05:00:00,12.29
2020-09-12 06:00:00,12.29
2020-09-12 07:00:00,12.29
2020-09-12 08:00:00,12.29
2020-09-12 09:00:00,12.29
2020-09-12 10:00:00,12.29
2020-09-12 11:00:00,12.29
2020-09-12 12:00:00,12.29
2020-09-12 13:00:00,12.29
2020-09-12 14:00:00,12.29
2020-09-12 15:00:00,12.29
2020-09-12 16:00:00,12.29
2020-09-12 17:00:00,12.29
2020-09-12 18:00:00,38.31
2020-09-12 19:00:00,42.89
2020-09-12 20:00:00,44.57
2020-09-12 21:00:00,40.64
2020-09-12 22:00:00,35.07
2020-09-12 23:00:00,12.29
2020-09-13 00:00:00,12.29
2020-09-13 01:00:00,12.29
2020-09-13 02:00:00,12.29
2020-09-13 03:00:00,12.29
2020-09-13 04:00:00,12.29
2020-09-13 05:00:00,12.29
2020-09-13 06:00:00,12.29
2020-09-13 07:00:00,12.29
2020-09-13 08:00:00,12.29
2020-09-13 09:00:00,12.29
2020-09-13 10:00:00,12.29
2020-09-13 11:00:00,12.29
2020-09-13 12:00:00,12.29
2020-09-13 13:00:00,12.29
2020-09-13 14:00:00,12.29
2020-09-13 15:00:00,12.29
2020-09-13 16:00:00,12.29
2020-09-13 17:00:00,12.29
2020-09-13 18:00:00,48.33
2020-09-13 19:00:00,42.2
2020-09-13 20:00:00,41.3
2020-09-13 21:00:00,42.82
2020-09-13 22:00:00,34.26
2020-09-13 23:00:00,12.29
2020-09-14 00:00:00,12.29
2020-09-14 01:00:00,12.29
2020-09-14 02:00:00,12.29
2020-09-14 03:00:00,12.29
2020-09-14 04:00:00,12.29
2020-09-14 05:00:00,12.29
2020-09-14 06:00:00,12.29
2020-09-14 07:00:00,15.43
2020-09-14 08:00:00,33.38
2020-09-14 09:00:00,40.36
2020-09-14 10:00:00,30.87
2020-09-14 11:00:00,32.79
2020-09-14 12:00:00,37.95
2020-09-14 13:00:00,37.35
2020-09-14 14:00:00,14.51
2020-09-14 15:00:00,12.29
2020-09-14 16:00:00,12.29
2020-09-14 17:00:00,12.29
2020-09-14 18:00:00,12.29
2020-09-14 19:00:00,12.29
2020-09-14 20:00:00,12.29
2020-09-14 21:00:00,12.29
2020-09-14 22:00:00,12.29
2020-09-14 23:00:00,12.29
2020-09-15 00:00:00,12.29
2020-09-15 01:00:00,12.29
2020-09-15 02:00:00,12.29
2020-09-15 03:00:00,12.29
2020-09-15 04:00:00,12.29
2020-09-15 05:00:00,12.29
2020-09-15 06:00:00,12.29
2020-09-15 07:00:00,12.29
2020-09-15 08:00:00,12.29
2020-09-15 09:00:00,12.29
2020-09-15 10:00:00,12.29
2020-09-15 11:00:00,12.29
2020-09-15 12:00:00,12.29
2020-09-15 13:00:00,12.29
2020-09-15 14:00:00,12.29
2020-09-15 15:00:00,12.29
2020-09-15 16:00:00,12.29
2020-09-15 17:00:00,12.29
2020-09-15 18:00:00,16.48
2020-09-15 19:00:00,40.93
2020-09-15 20:00:00,40.46
2020-09-15 21:00:00,44.1
2020-09-15 22:00:00,33.75
2020-09-15 23:00:00,12.29
2020-09-16 00:00:00,12.29
2020-09-16 01:00:00,12.29
2020-09-16 02:00:00,12.29
2020-09-16 03:00:00,12.29
2020-09-16 04:00:00,12.29
2020-09-16 05:00:00,12.29
2020-09-16 06:00:00,12.29
2020-09-16 07:00:00,12.29
2020-09-16 08:00:00,12.29
2020-09-16 09:00:00,12.29
2020-09-16 10:00:00,12.29
2020-09-16 11:00:00,12.29
2020-09-16 12:00:00,12.29
2020-09-16 13:00:00,12.29
2020-09-16 14:00:00,12.29
2020-09-16 15:00:00,12.29
2020-09-16 16:00:00,12.29
2020-09-16 17:00:00,12.29
2020-09-16 18:00:00,12.29
2020-09-16 19:00:00,45.42
2020-09-16 20:00:00,45.62
2020-09-16 21:00:00,44.86
2020-09-16 22:00:00,42.19
2020-09-16 23:00:00,12.29
2020-09-17 00:00:00,12.29
2020-09-17 01:00:00,12.29
2020-09-17 02:00:00,12.29
2020-09-17 03:00:00,12.29
2020-09-17 04:00:00,12.29
2020-09-17 05:00:00,12.29
2020-09-17 06:00:00,12.29
2020-09-17 07:00:00,15.72
2020-09-17 08:00:00,45
2020-09-17 09:00:00,34.19
2020-09-17 10:00:00,26.15
2020-09-17 11:00:00,30.81
2020-09-17 12:00:00,14.16
2020-09-17 13:00:00,12.29
2020-09-17 14:00:00,12.29
2020-09-17 15:00:00,12.29
2020-09-17 16:00:00,12.29
2020-09-17 17:00:00,12.29
2020-09-17 18:00:00,12.29
2020-09-17 19:00:00,12.29
2020-09-17 20:00:00,12.29
2020-09-17 21:00:00,12.29
2020-09-17 22:00:00,12.29
2020-09-17 23:00:00,12.29
2020-09-18 00:00:00,12.29
2020-09-18 01:00:00,12.29
2020-09-18 02:00:00,12.29
2020-09-18 03:00:00,12.29
2020-09-18 04:00:00,12.29
2020-09-18 05:00:00,12.29
2020-09-18 06:00:00,12.29
2020-09-18 07:00:00,12.29
2020-09-18 08:00:00,12.29
2020-09-18 09:00:00,12.29
2020-09-18 10:00:00,12.29
2020-09-18 11:00:00,12.29
2020-09-18 12:00:00,12.29
2020-09-18 13:00:00,12.29
2020-09-18 14:00:00,12.29
2020-09-18 15:00:00,12.29
2020-09-18 16:00:00,12.29
2020-09-18 17:00:00,12.29
2020-09-18 18:00:00,43.03
2020-09-18 19:00:00,43.66
2020-09-18 20:00:00,45.4
2020-09-18 21:00:00,40.94
2020-09-18 22:00:00,13.62
2020-09-18 23:00:00,12.29
2020-09-19 00:00:00,12.29
2020-09-19 01:00:00,12.29
2020-09-19 02:00:00,12.29
2020-09-19 03:00:00,12.29
2020-09-19 04:00:00,12.29
2020-09-19 05:00:00,12.29
2020-09-19 06:00:00,12.29
2020-09-19 07:00:00,12.29
2020-09-19 08:00:00,12.29
2020-09-19 09:00:00,12.29
2020-09-19 10:00:00,12.29
2020-09-19 11:00:00,12.29
2020-09-19 12:00:00,12.29
2020-09-19 13:00:00,34.91
2020-09-19 14:00:00,41.67
2020-09-19 15:00:00,41.03
2020-09-19 16:00:00,30.85
2020-09-19 17:00:00,12.29
2020-09-19 18:00:00,12.29
2020-09-19 19:00:00,12.29
2020-09-19 20:00:00,12.29
2020-09-19 21:00:00,12.29
2020-09-19 22:00:00,12.29
2020-09-19 23:00:00,12.29
2020-09-20 00:00:00,12.29
2020-09-20 01:00:00,12.29
2020-09-20 02:00:00,12.29
2020-09-20 03:00:00,12.29
2020-09-20 04:00:00,12.29
2020-09-20 05:00:00,12.29
2020-09-20 06:00:00,12.29
2020-09-20 07:00:00,12.29
2020-09-20 08:00:00,12.29
2020-09-20 09:00:00,12.29
2020-09-20 10:00:00,12.29
2020-09-20 11:00:00,12.29
2020-09-20 12:00:00,12.29
2020-09-20 13:00:00,12.29
2020-09-20 14:00:00,12.29
2020-09-20 15:00:00,12.29
2020-09-20 16:00:00,12.29
2020-09-20 17:00:00,22.49
2020-09-20 18:00:00,43.37
2020-09-20 19:00:00,42.62
2020-09-20 20:00:00,43.77
2020-09-20 21:00:00,40.17
2020-09-20 22:00:00,12.29
2020-09-20 23:00:00,12.29
2020-09-21 00:00:00,12.29
2020-09-21 01:00:00,13.4
2020-09-21 02:00:00,13.4
2020-09-21 03:00:00,13.4
2020-09-21 04:00:00,13.4
2020-09-21 05:00:00,13.4
2020-09-21 06:00:00,13.4
2020-09-21 07:00:00,13.4
2020-09-21 08:00:00,13.4
2020-09-21 09:00:00,13.4
2020-09-21 10:00:00,13.4
2020-09-21 11:00:00,13.4
2020-09-21 12:00:00,13.4
2020-09-21 13:00:00,13.4
2020-09-21 14:00:00,13.4
2020-09-21 15:00:00,13.4
2020-09-21 16:00:00,13.4
2020-09-21 17:00:00,13.4
2020-09-21 18:00:00,13.4
2020-09-21 19:00:00,53.51
2020-09-21 20:00:00,52.5
2020-09-21 21:00:00,51.82
2020-09-21 22:00:00,13.4
2020-09-21 23:00:00,13.4
2020-09-22 00:00:00,13.4
2020-09-22 01:00:00,13.4
2020-09-22 02:00:00,13.4
2020-09-22 03:00:00,13.4
2020-09-22 04:00:00,13.4
2020-09-22 05:00:00,13.4
2020-09-22 06:00:00,13.4
2020-09-22 07:00:00,13.4
2020-09-22 08:00:00,13.4
2020-09-22 09:00:00,13.4
2020-09-22 10:00:00,13.4
2020-09-22 11:00:00,13.4
2020-09-22 12:00:00,13.4
2020-09-22 13:00:00,13.4
2020-09-22 14:00:00,13.4
2020-09-22 15:00:00,13.4
2020-09-22 16:00:00,13.4
2020-09-22 17:00:00,13.4
2020-09-22 18:00:00,13.4
2020-09-22 19:00:00,52.84
2020-09-22 20:00:00,52.87
2020-09-22 21:00:00,52.52
2020-09-22 22:00:00,15.36
2020-09-22 23:00:00,13.4
2020-09-23 00:00:00,13.4
2020-09-23 01:00:00,13.4
2020-09-23 02:00:00,13.4
2020-09-23 03:00:00,13.4
2020-09-23 04:00:00,13.4
2020-09-23 05:00:00,13.4
2020-09-23 06:00:00,13.4
2020-09-23 07:00:00,13.4
2020-09-23 08:00:00,13.4
2020-09-23 09:00:00,13.4
2020-09-23 10:00:00,13.4
2020-09-23 11:00:00,13.4
2020-09-23 12:00:00,13.4
2020-09-23 13:00:00,13.4
2020-09-23 14:00:00,13.4
2020-09-23 15:00:00,13.4
2020-09-23 16:00:00,13.4
2020-09-23 17:00:00,13.4
2020-09-23 18:00:00,13.4
2020-09-23 19:00:00,52.68
2020-09-23 20:00:00,50
2020-09-23 21:00:00,51.36
2020-09-23 22:00:00,50.7
2020-09-23 23:00:00,13.4
2020-09-24 00:00:00,13.4
2020-09-24 01:00:00,13.4
2020-09-24 02:00:00,13.4
2020-09-24 03:00:00,13.4
2020-09-24 04:00:00,13.4
2020-09-24 05:00:00,13.4
2020-09-24 06:00:00,13.4
2020-09-24 07:00:00,13.4
2020-09-24 08:00:00,13.4
2020-09-24 09:00:00,13.4
2020-09-24 10:00:00,13.4
2020-09-24 11:00:00,13.4
2020-09-24 12:00:00,13.4
2020-09-24 13:00:00,13.4
2020-09-24 14:00:00,13.4
2020-09-24 15:00:00,13.4
2020-09-24 16:00:00,13.4
2020-09-24 17:00:00,13.4
2020-09-24 18:00:00,13.4
2020-09-24 19:00:00,52.35
2020-09-24 20:00:00,53
2020-09-24 21:00:00,53.45
2020-09-24 22:00:00,45.72
2020-09-24 23:00:00,13.4
2020-09-25 00:00:00,13.4
2020-09-25 01:00:00,13.4
2020-09-25 02:00:00,13.4
2020-09-25 03:00:00,13.4
2020-09-25 04:00:00,13.4
2020-09-25 05:00:00,13.4
2020-09-25 06:00:00,13.4
2020-09-25 07:00:00,13.4
2020-09-25 08:00:00,13.4
2020-09-25 09:00:00,13.4
2020-09-25 10:00:00,13.4
2020-09-25 11:00:00,13.4
2020-09-25 12:00:00,13.4
2020-09-25 13:00:00,13.4
2020-09-25 14:00:00,13.4
2020-09-25 15:00:00,13.4
2020-09-25 16:00:00,13.4
2020-09-25 17:00:00,13.4
2020-09-25 18:00:00,17.66
2020-09-25 19:00:00,52.85
2020-09-25 20:00:00,52.37
2020-09-25 21:00:00,52.75
2020-09-25 22:00:00,48.71
2020-09-25 23:00:00,13.4
2020-09-26 00:00:00,13.4
2020-09-26 01:00:00,13.4
2020-09-26 02:00:00,13.4
2020-09-26 03:00:00,13.4
2020-09-26 04:00:00,13.4
2020-09-26 05:00:00,13.4
2020-09-26 06:00:00,13.4
2020-09-26 07:00:00,13.4
2020-09-26 08:00:00,13.4
2020-09-26 09:00:00,13.4
2020-09-26 10:00:00,13.4
2020-09-26 11:00:00,13.4
2020-09-26 12:00:00,13.4
2020-09-26 13:00:00,13.4
2020-09-26 14:00:00,13.4
2020-09-26 15:00:00,13.4
2020-09-26 16:00:00,13.4
2020-09-26 17:00:00,13.4
2020-09-26 18:00:00,13.4
2020-09-26 19:00:00,52.39
2020-09-26 20:00:00,52.35
2020-09-26 21:00:00,47.81
2020-09-26 22:00:00,13.4
2020-09-26 23:00:00,13.4
2020-09-27 00:00:00,13.4
2020-09-27 01:00:00,13.4
2020-09-27 02:00:00,13.4
2020-09-27 03:00:00,13.4
2020-09-27 04:00:00,13.4
2020-09-27 05:00:00,13.4
2020-09-27 06:00:00,13.4
2020-09-27 07:00:00,13.4
2020-09-27 08:00:00,13.4
2020-09-27 09:00:00,13.4
2020-09-27 10:00:00,13.4
2020-09-27 11:00:00,13.4
2020-09-27 12:00:00,13.4
2020-09-27 13:00:00,13.4
2020-09-27 14:00:00,13.4
2020-09-27 15:00:00,13.4
2020-09-27 16:00:00,13.4
2020-09-27 17:00:00,13.4
2020-09-27 18:00:00,13.4
2020-09-27 19:00:00,52.15
2020-09-27 20:00:00,52.33
2020-09-27 21:00:00,52.28
2020-09-27 22:00:00,14.76
2020-09-27 23:00:00,13.4
2020-09-28 00:00:00,13.4
2020-09-28 01:00:00,13.4
2020-09-28 02:00:00,13.4
2020-09-28 03:00:00,13.4
2020-09-28 04:00:00,13.4
2020-09-28 05:00:00,13.4
2020-09-28 06:00:00,13.4
2020-09-28 07:00:00,13.4
2020-09-28 08:00:00,13.4
2020-09-28 09:00:00,13.4
2020-09-28 10:00:00,13.4
2020-09-28 11:00:00,13.4
2020-09-28 12:00:00,13.4
2020-09-28 13:00:00,13.4
2020-09-28 14:00:00,13.4
2020-09-28 15:00:00,13.4
2020-09-28 16:00:00,13.4
2020-09-28 17:00:00,13.4
2020-09-28 18:00:00,15.72
2020-09-28 19:00:00,52.52
2020-09-28 20:00:00,51.93
2020-09-28 21:00:00,52.38
2020-09-28 22:00:00,17.04
2020-09-28 23:00:00,13.4
2020-09-29 00:00:00,13.4
2020-09-29 01:00:00,13.4
2020-09-29 02:00:00,13.4
2020-09-29 03:00:00,13.4
2020-09-29 04:00:00,13.4
2020-09-29 05:00:00,13.4
2020-09-29 06:00:00,13.4
2020-09-29 07:00:00,13.4
2020-09-29 08:00:00,13.4
2020-09-29 09:00:00,13.4
2020-09-29 10:00:00,13.4
2020-09-29 11:00:00,13.4
2020-09-29 12:00:00,13.4
2020-09-29 13:00:00,13.4
2020-09-29 14:00:00,13.4
2020-09-29 15:00:00,13.4
2020-09-29 16:00:00,13.4
2020-09-29 17:00:00,13.4
2020-09-29 18:00:00,13.4
2020-09-29 19:00:00,52.81
2020-09-29 20:00:00,53.26
2020-09-29 21:00:00,51.97
2020-09-29 22:00:00,15.74
2020-09-29 23:00:00,13.4
2020-09-30 00:00:00,13.4
2020-09-30 01:00:00,13.4
2020-09-30 02:00:00,13.4
2020-09-30 03:00:00,13.4
2020-09-30 04:00:00,13.4
2020-09-30 05:00:00,13.4
2020-09-30 06:00:00,13.4
2020-09-30 07:00:00,13.4
2020-09-30 08:00:00,13.4
2020-09-30 09:00:00,13.4
2020-09-30 10:00:00,13.4
2020-09-30 11:00:00,13.4
2020-09-30 12:00:00,13.4
2020-09-30 13:00:00,13.4
2020-09-30 14:00:00,13.4
2020-09-30 15:00:00,13.4
2020-09-30 16:00:00,13.4
2020-09-30 17:00:00,13.4
2020-09-30 18:00:00,17.23
2020-09-30 19:00:00,52.68
2020-09-30 20:00:00,51.51
2020-09-30 21:00:00,44.59
2020-09-30 22:00:00,13.4
2020-09-30 23:00:00,13.4
2020-10-01 00:00:00,13.4
2020-10-01 01:00:00,13.4
2020-10-01 02:00:00,13.4
2020-10-01 03:00:00,13.4
2020-10-01 04:00:00,13.4
2020-10-01 05:00:00,13.4
2020-10-01 06:00:00,13.4
2020-10-01 07:00:00,13.4
2020-10-01 08:00:00,13.4
2020-10-01 09:00:00,13.4
2020-10-01 10:00:00,13.4
2020-10-01 11:00:00,13.4
2020-10-01 12:00:00,13.4
2020-10-01 13:00:00,13.4
2020-10-01 14:00:00,13.4
2020-10-01 15:00:00,13.4
2020-10-01 16:00:00,13.4
2020-10-01 17:00:00,13.4
2020-10-01 18:00:00,13.4
2020-10-01 19:00:00,52.75
2020-10-01 20:00:00,52.4
2020-10-01 21:00:00,49.17
2020-10-01 22:00:00,13.4
2020-10-01 23:00:00,13.4
2020-10-02 00:00:00,13.4
2020-10-02 01:00:00,13.4
2020-10-02 02:00:00,13.4
2020-10-02 03:00:00,13.4
2020-10-02 04:00:00,13.4
2020-10-02 05:00:00,13.4
2020-10-02 06:00:00,13.4
2020-10-02 07:00:00,13.4
2020-10-02 08:00:00,13.4
2020-10-02 09:00:00,13.4
2020-10-02 10:00:00,13.4
2020-10-02 11:00:00,13.4
2020-10-02 12:00:00,13.4
2020-10-02 13:00:00,13.4
2020-10-02 14:00:00,13.4
2020-10-02 15:00:00,13.4
2020-10-02 16:00:00,13.4
2020-10-02 17:00:00,13.4
2020-10-02 18:00:00,13.4
2020-10-02 19:00:00,49.52
2020-10-02 20:00:00,52.35
2020-10-02 21:00:00,52.59
2020-10-02 22:00:00,15.2
2020-10-02 23:00:00,13.4
2020-10-03 00:00:00,13.4
2020-10-03 01:00:00,13.4
2020-10-03 02:00:00,13.4
2020-10-03 03:00:00,13.4
2020-10-03 04:00:00,13.4
2020-10-03 05:00:00,13.4
2020-10-03 06:00:00,13.4
2020-10-03 07:00:00,13.4
2020-10-03 08:00:00,13.4
2020-10-03 09:00:00,13.4
2020-10-03 10:00:00,13.4
2020-10-03 11:00:00,13.4
2020-10-03 12:00:00,13.4
2020-10-03 13:00:00,13.4
2020-10-03 14:00:00,13.4
2020-10-03 15:00:00,13.4
2020-10-03 16:00:00,13.4
2020-10-03 17:00:00,13.4
2020-10-03 18:00:00,13.4
2020-10-03 19:00:00,104.55
2020-10-03 20:00:00,102.07
2020-10-03 21:00:00,52.25
2020-10-03 22:00:00,14.86
2020-10-03 23:00:00,13.4
2020-10-04 00:00:00,13.4
2020-10-04 01:00:00,13.4
2020-10-04 02:00:00,13.4
2020-10-04 03:00:00,13.4
2020-10-04 04:00:00,13.4
2020-10-04 05:00:00,13.4
2020-10-04 06:00:00,13.4
2020-10-04 07:00:00,13.4
2020-10-04 08:00:00,13.4
2020-10-04 09:00:00,13.4
2020-10-04 10:00:00,13.4
2020-10-04 11:00:00,13.4
2020-10-04 12:00:00,13.4
2020-10-04 13:00:00,13.4
2020-10-04 14:00:00,13.4
2020-10-04 15:00:00,13.4
2020-10-04 16:00:00,13.4
2020-10-04 17:00:00,13.4
2020-10-04 18:00:00,15.98
2020-10-04 19:00:00,53.6
2020-10-04 20:00:00,51.84
2020-10-04 21:00:00,45.31
2020-10-04 22:00:00,13.4
2020-10-04 23:00:00,13.4
2020-10-05 00:00:00,13.4
2020-10-05 01:00:00,13.4
2020-10-05 02:00:00,13.4
2020-10-05 03:00:00,13.4
2020-10-05 04:00:00,13.4
2020-10-05 05:00:00,13.4
2020-10-05 06:00:00,13.4
2020-10-05 07:00:00,13.4
2020-10-05 08:00:00,13.4
2020-10-05 09:00:00,13.4
2020-10-05 10:00:00,13.4
2020-10-05 11:00:00,13.4
2020-10-05 12:00:00,13.4
2020-10-05 13:00:00,13.4
2020-10-05 14:00:00,13.4
2020-10-05 15:00:00,13.4
2020-10-05 16:00:00,13.4
2020-10-05 17:00:00,13.4
2020-10-05 18:00:00,17.28
2020-10-05 19:00:00,52.26
2020-10-05 20:00:00,52.63
2020-10-05 21:00:00,50.11
2020-10-05 22:00:00,13.4
2020-10-05 23:00:00,13.4
2020-10-06 00:00:00,13.4
2020-10-06 01:00:00,13.4
2020-10-06 02:00:00,13.4
2020-10-06 03:00:00,13.4
2020-10-06 04:00:00,13.4
2020-10-06 05:00:00,13.4
2020-10-06 06:00:00,13.4
2020-10-06 07:00:00,13.4
2020-10-06 08:00:00,13.4
2020-10-06 09:00:00,13.4
2020-10-06 10:00:00,13.4
2020-10-06 11:00:00,13.4
2020-10-06 12:00:00,13.4
2020-10-06 13:00:00,13.4
2020-10-06 14:00:00,13.4
2020-10-06 15:00:00,13.4
2020-10-06 16:00:00,13.4
2020-10-06 17:00:00,13.4
2020-10-06 18:00:00,13.4
2020-10-06 19:00:00,50.32
2020-10-06 20:00:00,52.39
2020-10-06 21:00:00,51.02
2020-10-06 22:00:00,13.4
2020-10-06 23:00:00,13.4
2020-10-07 00:00:00,13.4
2020-10-07 01:00:00,13.4
2020-10-07 02:00:00,13.4
2020-10-07 03:00:00,13.4
2020-10-07 04:00:00,13.4
2020-10-07 05:00:00,13.4
2020-10-07 06:00:00,13.4
2020-10-07 07:00:00,13.4
2020-10-07 08:00:00,13.4
2020-10-07 09:00:00,13.4
2020-10-07 10:00:00,13.4
2020-10-07 11:00:00,13.4
2020-10-07 12:00:00,13.4
2020-10-07 13:00:00,13.4
2020-10-07 14:00:00,13.4
2020-10-07 15:00:00,13.4
2020-10-07 16:00:00,13.4
2020-10-07 17:00:00,13.4
2020-10-07 18:00:00,20.21
2020-10-07 19:00:00,52.88
2020-10-07 20:00:00,53.08
2020-10-07 21:00:00,50.36
2020-10-07 22:00:00,13.4
2020-10-07 23:00:00,13.4
2020-10-08 00:00:00,13.4
2020-10-08 01:00:00,13.4
2020-10-08 02:00:00,13.4
2020-10-08 03:00:00,13.4
2020-10-08 04:00:00,13.4
2020-10-08 05:00:00,13.4
2020-10-08 06:00:00,13.4
2020-10-08 07:00:00,13.4
2020-10-08 08:00:00,13.4
2020-10-08 09:00:00,13.4
2020-10-08 10:00:00,13.4
2020-10-08 11:00:00,13.4
2020-10-08 12:00:00,13.4
2020-10-08 13:00:00,13.4
2020-10-08 14:00:00,13.4
2020-10-08 15:00:00,13.4
2020-10-08 16:00:00,13.4
2020-10-08 17:00:00,13.4
2020-10-08 18:00:00,13.4
2020-10-08 19:00:00,50.83
2020-10-08 20:00:00,52.33
2020-10-08 21:00:00,50.08
2020-10-08 22:00:00,13.4
2020-10-08 23:00:00,13.4
2020-10-09 00:00:00,13.4
2020-10-09 01:00:00,13.4
2020-10-09 02:00:00,13.4
2020-10-09 03:00:00,13.4
2020-10-09 04:00:00,13.4
2020-10-09 05:00:00,13.4
2020-10-09 06:00:00,13.4
2020-10-09 07:00:00,13.4
2020-10-09 08:00:00,13.4
2020-10-09 09:00:00,13.4
2020-10-09 10:00:00,13.4
2020-10-09 11:00:00,13.4
2020-10-09 12:00:00,13.4
2020-10-09 13:00:00,13.4
2020-10-09 14:00:00,13.4
2020-10-09 15:00:00,13.4
2020-10-09 16:00:00,13.4
2020-10-09 17:00:00,13.4
2020-10-09 18:00:00,16.67
2020-10-09 19:00:00,52.82
2020-10-09 20:00:00,52.38
2020-10-09 21:00:00,50.1
2020-10-09 22:00:00,13.4
2020-10-09 23:00:00,13.4
2020-10-10 00:00:00,13.4
2020-10-10 01:00:00,13.4
2020-10-10 02:00:00,13.4
2020-10-10 03:00:00,13.4
2020-10-10 04:00:00,13.4
2020-10-10 05:00:00,13.4
2020-10-10 06:00:00,13.4
2020-10-10 07:00:00,13.4
2020-10-10 08:00:00,13.4
2020-10-10 09:00:00,13.4
2020-10-10 10:00:00,13.4
2020-10-10 11:00:00,13.4
2020-10-10 12:00:00,13.4
2020-10-10 13:00:00,13.4
2020-10-10 14:00:00,13.4
2020-10-10 15:00:00,13.4
2020-10-10 16:00:00,13.4
2020-10-10 17:00:00,13.4
2020-10-10 18:00:00,16.9
2020-10-10 19:00:00,51.33
2020-10-10 20:00:00,53.07
2020-10-10 21:00:00,50.71
2020-10-10 22:00:00,15.09
2020-10-10 23:00:00,13.4
2020-10-11 00:00:00,13.4
2020-10-11 01:00:00,13.4
2020-10-11 02:00:00,13.4
2020-10-11 03:00:00,13.4
2020-10-11 04:00:00,13.4
2020-10-11 05:00:00,13.4
2020-10-11 06:00:00,13.4
2020-10-11 07:00:00,13.4
2020-10-11 08:00:00,13.4
2020-10-11 09:00:00,13.4
2020-10-11 10:00:00,13.4
2020-10-11 11:00:00,13.4
2020-10-11 12:00:00,13.4
2020-10-11 13:00:00,13.4
2020-10-11 14:00:00,13.4
2020-10-11 15:00:00,13.4
2020-10-11 16:00:00,13.4
2020-10-11 17:00:00,13.4
2020-10-11 18:00:00,16.97
2020-10-11 19:00:00,52.99
2020-10-11 20:00:00,53.09
2020-10-11 21:00:00,50.87
2020-10-11 22:00:00,39.92
2020-10-11 23:00:00,13.4
2020-10-12 00:00:00,13.4
2020-10-12 01:00:00,13.4
2020-10-12 02:00:00,13.4
2020-10-12 03:00:00,13.4
2020-10-12 04:00:00,13.4
2020-10-12 05:00:00,13.4
2020-10-12 06:00:00,13.4
2020-10-12 07:00:00,13.4
2020-10-12 08:00:00,13.4
2020-10-12 09:00:00,13.4
2020-10-12 10:00:00,13.4
2020-10-12 11:00:00,13.4
2020-10-12 12:00:00,13.4
2020-10-12 13:00:00,13.4
2020-10-12 14:00:00,13.4
2020-10-12 15:00:00,13.4
2020-10-12 16:00:00,13.4
2020-10-12 17:00:00,13.4
2020-10-12 18:00:00,13.4
2020-10-12 19:00:00,50.47
2020-10-12 20:00:00,52.04
2020-10-12 21:00:00,51.24
2020-10-12 22:00:00,13.4
2020-10-12 23:00:00,13.4
2020-10-13 00:00:00,13.4
2020-10-13 01:00:00,13.4
2020-10-13 02:00:00,13.4
2020-10-13 03:00:00,13.4
2020-10-13 04:00:00,13.4
2020-10-13 05:00:00,13.4
2020-10-13 06:00:00,13.4
2020-10-13 07:00:00,13.4
2020-10-13 08:00:00,13.4
2020-10-13 09:00:00,13.4
2020-10-13 10:00:00,13.4
2020-10-13 11:00:00,13.4
2020-10-13 12:00:00,13.4
2020-10-13 13:00:00,13.4
2020-10-13 14:00:00,13.4
2020-10-13 15:00:00,13.4
2020-10-13 16:00:00,13.4
2020-10-13 17:00:00,13.4
2020-10-13 18:00:00,13.4
2020-10-13 19:00:00,52.26
2020-10-13 20:00:00,52.16
2020-10-13 21:00:00,48.85
2020-10-13 22:00:00,13.4
2020-10-13 23:00:00,13.4
2020-10-14 00:00:00,13.4
2020-10-14 01:00:00,13.4
2020-10-14 02:00:00,13.4
2020-10-14 03:00:00,13.4
2020-10-14 04:00:00,13.4
2020-10-14 05:00:00,13.4
2020-10-14 06:00:00,13.4
2020-10-14 07:00:00,13.4
2020-10-14 08:00:00,13.4
2020-10-14 09:00:00,13.4
2020-10-14 10:00:00,13.4
2020-10-14 11:00:00,13.4
2020-10-14 12:00:00,13.4
2020-10-14 13:00:00,13.4
2020-10-14 14:00:00,13.4
2020-10-14 15:00:00,13.4
2020-10-14 16:00:00,13.4
2020-10-14 17:00:00,13.4
2020-10-14 18:00:00,13.4
2020-10-14 19:00:00,57.33
2020-10-14 20:00:00,58.49
2020-10-14 21:00:00,56.58
2020-10-14 22:00:00,13.4
2020-10-14 23:00:00,13.4
2020-10-15 00:00:00,13.4
2020-10-15 01:00:00,13.4
2020-10-15 02:00:00,13.4
2020-10-15 03:00:00,13.4
2020-10-15 04:00:00,13.4
2020-10-15 05:00:00,13.4
2020-10-15 06:00:00,13.4
2020-10-15 07:00:00,13.4
2020-10-15 08:00:00,13.4
2020-10-15 09:00:00,13.4
2020-10-15 10:00:00,13.4
2020-10-15 11:00:00,13.4
2020-10-15 12:00:00,27.96
2020-10-15 13:00:00,13.4
2020-10-15 14:00:00,13.4
2020-10-15 15:00:00,13.4
2020-10-15 16:00:00,13.4
2020-10-15 17:00:00,13.4
2020-10-15 18:00:00,16.68
2020-10-15 19:00:00,52.55
2020-10-15 20:00:00,51.21
2020-10-15 21:00:00,51.12
2020-10-15 22:00:00,13.4
2020-10-15 23:00:00,13.4
2020-10-16 00:00:00,13.4
2020-10-16 01:00:00,13.4
2020-10-16 02:00:00,13.4
2020-10-16 03:00:00,13.4
2020-10-16 04:00:00,13.4
2020-10-16 05:00:00,13.4
2020-10-16 06:00:00,13.4
2020-10-16 07:00:00,13.4
2020-10-16 08:00:00,13.4
2020-10-16 09:00:00,13.4
2020-10-16 10:00:00,13.4
2020-10-16 11:00:00,13.4
2020-10-16 12:00:00,13.4
2020-10-16 13:00:00,13.4
2020-10-16 14:00:00,49.56
2020-10-16 15:00:00,46.24
2020-10-16 16:00:00,47.68
2020-10-16 17:00:00,48.64
2020-10-16 18:00:00,47.81
2020-10-16 19:00:00,47.47
2020-10-16 20:00:00,13.4
2020-10-16 21:00:00,13.4
2020-10-16 22:00:00,13.4
2020-10-16 23:00:00,13.4
2020-10-17 00:00:00,13.4
2020-10-17 01:00:00,14.35
2020-10-17 02:00:00,14.35
2020-10-17 03:00:00,14.35
2020-10-17 04:00:00,14.35
2020-10-17 05:00:00,14.35
2020-10-17 06:00:00,14.35
2020-10-17 07:00:00,14.35
2020-10-17 08:00:00,14.35
2020-10-17 09:00:00,14.35
2020-10-17 10:00:00,14.35
2020-10-17 11:00:00,14.35
2020-10-17 12:00:00,14.35
2020-10-17 13:00:00,14.35
2020-10-17 14:00:00,14.35
2020-10-17 15:00:00,14.35
2020-10-17 16:00:00,14.35
2020-10-17 17:00:00,14.35
2020-10-17 18:00:00,14.35
2020-10-17 19:00:00,52.88
2020-10-17 20:00:00,52.65
2020-10-17 21:00:00,51.67
2020-10-17 22:00:00,14.35
2020-10-17 23:00:00,14.35
2020-10-18 00:00:00,14.35
2020-10-18 01:00:00,14.35
2020-10-18 02:00:00,14.35
2020-10-18 03:00:00,14.35
2020-10-18 04:00:00,14.35
2020-10-18 05:00:00,14.35
2020-10-18 06:00:00,14.35
2020-10-18 07:00:00,14.35
2020-10-18 08:00:00,14.35
2020-10-18 09:00:00,14.35
2020-10-18 10:00:00,14.35
2020-10-18 11:00:00,14.35
2020-10-18 12:00:00,14.35
2020-10-18 13:00:00,14.35
2020-10-18 14:00:00,14.35
2020-10-18 15:00:00,14.35
2020-10-18 16:00:00,14.35
2020-10-18 17:00:00,14.35
2020-10-18 18:00:00,14.35
2020-10-18 19:00:00,53.12
2020-10-18 20:00:00,52.73
2020-10-18 21:00:00,52.14
2020-10-18 22:00:00,15.79
2020-10-18 23:00:00,14.35
2020-10-19 00:00:00,14.35
2020-10-19 01:00:00,14.35
2020-10-19 02:00:00,14.35
2020-10-19 03:00:00,14.35
2020-10-19 04:00:00,14.35
2020-10-19 05:00:00,14.35
2020-10-19 06:00:00,14.35
2020-10-19 07:00:00,14.35
2020-10-19 08:00:00,14.35
2020-10-19 09:00:00,14.35
2020-10-19 10:00:00,14.35
2020-10-19 11:00:00,14.35
2020-10-19 12:00:00,14.35
2020-10-19 13:00:00,14.35
2020-10-19 14:00:00,14.35
2020-10-19 15:00:00,14.35
2020-10-19 16:00:00,14.35
2020-10-19 17:00:00,14.35
2020-10-19 18:00:00,15.89
2020-10-19 19:00:00,53.6
2020-10-19 20:00:00,52.21
2020-10-19 21:00:00,52.75
2020-10-19 22:00:00,21.66
2020-10-19 23:00:00,14.35
2020-10-20 00:00:00,14.35
2020-10-20 01:00:00,14.35
2020-10-20 02:00:00,14.35
2020-10-20 03:00:00,14.35
2020-10-20 04:00:00,14.35
2020-10-20 05:00:00,14.35
2020-10-20 06:00:00,14.35
2020-10-20 07:00:00,14.35
2020-10-20 08:00:00,14.35
2020-10-20 09:00:00,14.35
2020-10-20 10:00:00,14.35
2020-10-20 11:00:00,14.35
2020-10-20 12:00:00,14.35
2020-10-20 13:00:00,14.35
2020-10-20 14:00:00,14.35
2020-10-20 15:00:00,14.35
2020-10-20 16:00:00,14.35
2020-10-20 17:00:00,14.35
2020-10-20 18:00:00,16.55
2020-10-20 19:00:00,53.54
2020-10-20 20:00:00,53.15
2020-10-20 21:00:00,53.19
2020-10-20 22:00:00,46.79
2020-10-20 23:00:00,14.35
2020-10-21 00:00:00,14.35
2020-10-21 01:00:00,14.35
2020-10-21 02:00:00,14.35
2020-10-21 03:00:00,14.35
2020-10-21 04:00:00,14.35
2020-10-21 05:00:00,14.35
2020-10-21 06:00:00,14.35
2020-10-21 07:00:00,14.35
2020-10-21 08:00:00,14.35
2020-10-21 09:00:00,14.35
2020-10-21 10:00:00,14.35
2020-10-21 11:00:00,14.35
2020-10-21 12:00:00,14.35
2020-10-21 13:00:00,14.35
2020-10-21 14:00:00,14.35
2020-10-21 15:00:00,14.35
2020-10-21 16:00:00,14.35
2020-10-21 17:00:00,14.35
2020-10-21 18:00:00,14.35
2020-10-21 19:00:00,53
2020-10-21 20:00:00,52.96
2020-10-21 21:00:00,51.43
2020-10-21 22:00:00,14.35
2020-10-21 23:00:00,14.35
2020-10-22 00:00:00,14.35
2020-10-22 01:00:00,14.35
2020-10-22 02:00:00,14.35
2020-10-22 03:00:00,14.35
2020-10-22 04:00:00,14.35
2020-10-22 05:00:00,14.35
2020-10-22 06:00:00,14.35
2020-10-22 07:00:00,14.35
2020-10-22 08:00:00,14.35
2020-10-22 09:00:00,14.35
2020-10-22 10:00:00,14.35
2020-10-22 11:00:00,14.35
2020-10-22 12:00:00,14.35
2020-10-22 13:00:00,14.35
2020-10-22 14:00:00,14.35
2020-10-22 15:00:00,14.35
2020-10-22 16:00:00,14.35
2020-10-22 17:00:00,14.35
2020-10-22 18:00:00,14.35
2020-10-22 19:00:00,52.79
2020-10-22 20:00:00,52.7
2020-10-22 21:00:00,51.29
2020-10-22 22:00:00,14.35
2020-10-22 23:00:00,14.35
2020-10-23 00:00:00,14.35
2020-10-23 01:00:00,14.35
2020-10-23 02:00:00,14.35
2020-10-23 03:00:00,14.35
2020-10-23 04:00:00,14.35
2020-10-23 05:00:00,14.35
2020-10-23 06:00:00,14.35
2020-10-23 07:00:00,14.35
2020-10-23 08:00:00,14.35
2020-10-23 09:00:00,14.35
2020-10-23 10:00:00,14.35
2020-10-23 11:00:00,14.35
2020-10-23 12:00:00,14.35
2020-10-23 13:00:00,14.35
2020-10-23 14:00:00,14.35
2020-10-23 15:00:00,14.35
2020-10-23 16:00:00,14.35
2020-10-23 17:00:00,14.35
2020-10-23 18:00:00,14.35
2020-10-23 19:00:00,50.81
2020-10-23 20:00:00,52.88
2020-10-23 21:00:00,52.61
2020-10-23 22:00:00,16.39
2020-10-23 23:00:00,14.35
2020-10-24 00:00:00,14.35
2020-10-24 01:00:00,14.35
2020-10-24 02:00:00,14.35
2020-10-24 03:00:00,14.35
2020-10-24 04:00:00,14.35
2020-10-24 05:00:00,14.35
2020-10-24 06:00:00,14.35
2020-10-24 07:00:00,14.35
2020-10-24 08:00:00,14.35
2020-10-24 09:00:00,14.35
2020-10-24 10:00:00,14.35
2020-10-24 11:00:00,14.35
2020-10-24 12:00:00,14.35
2020-10-24 13:00:00,14.35
2020-10-24 14:00:00,14.35
2020-10-24 15:00:00,14.35
2020-10-24 16:00:00,14.35
2020-10-24 17:00:00,51.92
2020-10-24 18:00:00,51.17
2020-10-24 19:00:00,52.24
2020-10-24 20:00:00,51.17
2020-10-24 21:00:00,52.24
2020-10-24 22:00:00,18.44
2020-10-24 23:00:00,14.35
2020-10-25 00:00:00,14.35
2020-10-25 01:00:00,14.35
2020-10-25 02:00:00,14.35
2020-10-25 03:00:00,14.35
2020-10-25 04:00:00,14.35
2020-10-25 05:00:00,14.35
2020-10-25 06:00:00,14.35
2020-10-25 07:00:00,14.35
2020-10-25 08:00:00,14.35
2020-10-25 09:00:00,14.35
2020-10-25 10:00:00,14.35
2020-10-25 11:00:00,14.35
2020-10-25 12:00:00,14.35
2020-10-25 13:00:00,14.35
2020-10-25 14:00:00,14.35
2020-10-25 15:00:00,14.35
2020-10-25 16:00:00,14.35
2020-10-25 17:00:00,14.35
2020-10-25 18:00:00,27.39
2020-10-25 19:00:00,49.22
2020-10-25 20:00:00,52.36
2020-10-25 21:00:00,44.38
2020-10-25 22:00:00,14.35
2020-10-25 23:00:00,14.35
2020-10-26 00:00:00,14.35
2020-10-26 01:00:00,14.35
2020-10-26 02:00:00,14.35
2020-10-26 03:00:00,14.35
2020-10-26 04:00:00,14.35
2020-10-26 05:00:00,14.35
2020-10-26 06:00:00,14.35
2020-10-26 07:00:00,14.35
2020-10-26 08:00:00,14.35
2020-10-26 09:00:00,14.35
2020-10-26 10:00:00,14.35
2020-10-26 11:00:00,14.35
2020-10-26 12:00:00,14.35
2020-10-26 13:00:00,14.35
2020-10-26 14:00:00,14.35
2020-10-26 15:00:00,14.35
2020-10-26 16:00:00,51.53
2020-10-26 17:00:00,51.89
2020-10-26 18:00:00,49.53
2020-10-26 19:00:00,51.33
2020-10-26 20:00:00,52.61
2020-10-26 21:00:00,53.87
2020-10-26 22:00:00,49.06
2020-10-26 23:00:00,14.35
2020-10-27 00:00:00,14.35
2020-10-27 01:00:00,14.35
2020-10-27 02:00:00,14.35
2020-10-27 03:00:00,14.35
2020-10-27 04:00:00,14.35
2020-10-27 05:00:00,14.35
2020-10-27 06:00:00,14.35
2020-10-27 07:00:00,14.35
2020-10-27 08:00:00,14.35
2020-10-27 09:00:00,14.35
2020-10-27 10:00:00,14.35
2020-10-27 11:00:00,14.35
2020-10-27 12:00:00,14.35
2020-10-27 13:00:00,14.35
2020-10-27 14:00:00,14.35
2020-10-27 15:00:00,14.35
2020-10-27 16:00:00,14.35
2020-10-27 17:00:00,19.35
2020-10-27 18:00:00,51.16
2020-10-27 19:00:00,52.43
2020-10-27 20:00:00,52.99
2020-10-27 21:00:00,52.79
2020-10-27 22:00:00,52.31
2020-10-27 23:00:00,50.19
2020-10-28 00:00:00,51.64
2020-10-28 01:00:00,14.35
2020-10-28 02:00:00,14.35
2020-10-28 03:00:00,14.35
2020-10-28 04:00:00,14.35
2020-10-28 05:00:00,14.35
2020-10-28 06:00:00,14.35
2020-10-28 07:00:00,14.35
2020-10-28 08:00:00,14.35
2020-10-28 09:00:00,14.35
2020-10-28 10:00:00,14.35
2020-10-28 11:00:00,14.35
2020-10-28 12:00:00,14.35
2020-10-28 13:00:00,14.35
2020-10-28 14:00:00,14.35
2020-10-28 15:00:00,14.35
2020-10-28 16:00:00,14.35
2020-10-28 17:00:00,14.35
2020-10-28 18:00:00,50.47
2020-10-28 19:00:00,53.57
2020-10-28 20:00:00,52.51
2020-10-28 21:00:00,52.41
2020-10-28 22:00:00,51.28
2020-10-28 23:00:00,51.11
2020-10-29 00:00:00,51.01
2020-10-29 01:00:00,14.35
2020-10-29 02:00:00,14.35
2020-10-29 03:00:00,14.35
2020-10-29 04:00:00,14.35
2020-10-29 05:00:00,14.35
2020-10-29 06:00:00,14.35
2020-10-29 07:00:00,14.35
2020-10-29 08:00:00,14.35
2020-10-29 09:00:00,14.35
2020-10-29 10:00:00,14.35
2020-10-29 11:00:00,14.35
2020-10-29 12:00:00,14.35
2020-10-29 13:00:00,14.35
2020-10-29 14:00:00,14.35
2020-10-29 15:00:00,14.35
2020-10-29 16:00:00,51.78
2020-10-29 17:00:00,53
2020-10-29 18:00:00,51.18
2020-10-29 19:00:00,51.48
2020-10-29 20:00:00,53.1
2020-10-29 21:00:00,52.24
2020-10-29 22:00:00,50.54
2020-10-29 23:00:00,14.35
2020-10-30 00:00:00,14.35
2020-10-30 01:00:00,14.35
2020-10-30 02:00:00,14.35
2020-10-30 03:00:00,14.35
2020-10-30 04:00:00,14.35
2020-10-30 05:00:00,14.35
2020-10-30 06:00:00,14.35
2020-10-30 07:00:00,14.35
2020-10-30 08:00:00,14.35
2020-10-30 09:00:00,14.35
2020-10-30 10:00:00,14.35
2020-10-30 11:00:00,14.35
2020-10-30 12:00:00,14.35
2020-10-30 13:00:00,14.35
2020-10-30 14:00:00,14.35
2020-10-30 15:00:00,14.35
2020-10-30 16:00:00,18.94
2020-10-30 17:00:00,54.07
2020-10-30 18:00:00,49.73
2020-10-30 19:00:00,54.04
2020-10-30 20:00:00,51.79
2020-10-30 21:00:00,52.64
2020-10-30 22:00:00,51.71
2020-10-30 23:00:00,14.35
2020-10-31 00:00:00,14.35
2020-10-31 01:00:00,14.35
2020-10-31 02:00:00,14.35
2020-10-31 03:00:00,14.35
2020-10-31 04:00:00,14.35
2020-10-31 05:00:00,14.35
2020-10-31 06:00:00,14.35
2020-10-31 07:00:00,14.35
2020-10-31 08:00:00,14.35
2020-10-31 09:00:00,14.35
2020-10-31 10:00:00,14.35
2020-10-31 11:00:00,14.35
2020-10-31 12:00:00,28.1
2020-10-31 13:00:00,47.76
2020-10-31 14:00:00,52.21
2020-10-31 15:00:00,50.4
2020-10-31 16:00:00,49.77
2020-10-31 17:00:00,50.91
2020-10-31 18:00:00,50.94
2020-10-31 19:00:00,51.58
2020-10-31 20:00:00,52.53
2020-10-31 21:00:00,53.47
2020-10-31 22:00:00,52.71
2020-10-31 23:00:00,47.37
2020-11-01 00:00:00,14.35
2020-11-01 01:00:00,14.35
2020-11-01 02:00:00,14.35
2020-11-01 03:00:00,14.35
2020-11-01 04:00:00,14.35
2020-11-01 05:00:00,14.35
2020-11-01 06:00:00,14.35
2020-11-01 07:00:00,14.35
2020-11-01 08:00:00,14.35
2020-11-01 09:00:00,14.35
2020-11-01 10:00:00,14.35
2020-11-01 11:00:00,14.35
2020-11-01 12:00:00,14.35
2020-11-01 13:00:00,14.35
2020-11-01 14:00:00,14.35
2020-11-01 15:00:00,14.35
2020-11-01 16:00:00,14.35
2020-11-01 17:00:00,14.35
2020-11-01 18:00:00,14.35
2020-11-01 19:00:00,52.06
2020-11-01 20:00:00,52.24
2020-11-01 21:00:00,52.01
2020-11-01 22:00:00,49.23
2020-11-01 23:00:00,14.35
2020-11-02 00:00:00,14.35
2020-11-02 01:00:00,14.35
2020-11-02 02:00:00,14.35
2020-11-02 03:00:00,14.35
2020-11-02 04:00:00,14.35
2020-11-02 05:00:00,14.35
2020-11-02 06:00:00,14.35
2020-11-02 07:00:00,14.35
2020-11-02 08:00:00,14.35
2020-11-02 09:00:00,14.35
2020-11-02 10:00:00,14.35
2020-11-02 11:00:00,14.35
2020-11-02 12:00:00,14.35
2020-11-02 13:00:00,53.11
2020-11-02 14:00:00,52.95
2020-11-02 15:00:00,52.67
2020-11-02 16:00:00,52.37
2020-11-02 17:00:00,51.33
2020-11-02 18:00:00,52.91
2020-11-02 19:00:00,50.53
2020-11-02 20:00:00,52.99
2020-11-02 21:00:00,52.4
2020-11-02 22:00:00,50.01
2020-11-02 23:00:00,50.51
2020-11-03 00:00:00,14.35
2020-11-03 01:00:00,14.35
2020-11-03 02:00:00,14.35
2020-11-03 03:00:00,14.35
2020-11-03 04:00:00,14.35
2020-11-03 05:00:00,14.35
2020-11-03 06:00:00,14.35
2020-11-03 07:00:00,14.35
2020-11-03 08:00:00,14.35
2020-11-03 09:00:00,14.35
2020-11-03 10:00:00,14.35
2020-11-03 11:00:00,14.35
2020-11-03 12:00:00,14.35
2020-11-03 13:00:00,14.35
2020-11-03 14:00:00,14.35
2020-11-03 15:00:00,14.35
2020-11-03 16:00:00,14.35
2020-11-03 17:00:00,14.35
2020-11-03 18:00:00,17.21
2020-11-03 19:00:00,51.54
2020-11-03 20:00:00,52.93
2020-11-03 21:00:00,51.37
2020-11-03 22:00:00,14.35
2020-11-03 23:00:00,14.35
2020-11-04 00:00:00,14.35
2020-11-04 01:00:00,14.35
2020-11-04 02:00:00,14.35
2020-11-04 03:00:00,14.35
2020-11-04 04:00:00,14.35
2020-11-04 05:00:00,14.35
2020-11-04 06:00:00,14.35
2020-11-04 07:00:00,14.35
2020-11-04 08:00:00,14.35
2020-11-04 09:00:00,14.35
2020-11-04 10:00:00,14.35
2020-11-04 11:00:00,16.66
2020-11-04 12:00:00,53.25
2020-11-04 13:00:00,51.92
2020-11-04 14:00:00,51.69
2020-11-04 15:00:00,53.87
2020-11-04 16:00:00,50.82
2020-11-04 17:00:00,52.4
2020-11-04 18:00:00,52.16
2020-11-04 19:00:00,52.35
2020-11-04 20:00:00,52.22
2020-11-04 21:00:00,52.93
2020-11-04 22:00:00,50.88
2020-11-04 23:00:00,52.23
2020-11-05 00:00:00,25.17
2020-11-05 01:00:00,14.35
2020-11-05 02:00:00,14.35
2020-11-05 03:00:00,14.35
2020-11-05 04:00:00,14.35
2020-11-05 05:00:00,14.35
2020-11-05 06:00:00,14.35
2020-11-05 07:00:00,14.35
2020-11-05 08:00:00,14.35
2020-11-05 09:00:00,14.35
2020-11-05 10:00:00,17.88
2020-11-05 11:00:00,49.28
2020-11-05 12:00:00,49
2020-11-05 13:00:00,49.78
2020-11-05 14:00:00,50.45
2020-11-05 15:00:00,53.5
2020-11-05 16:00:00,49.48
2020-11-05 17:00:00,53.06
2020-11-05 18:00:00,52.03
2020-11-05 19:00:00,49.43
2020-11-05 20:00:00,53.71
2020-11-05 21:00:00,52.08
2020-11-05 22:00:00,49.11
2020-11-05 23:00:00,14.35
2020-11-06 00:00:00,14.35
2020-11-06 01:00:00,14.35
2020-11-06 02:00:00,14.35
2020-11-06 03:00:00,14.35
2020-11-06 04:00:00,14.35
2020-11-06 05:00:00,14.35
2020-11-06 06:00:00,14.35
2020-11-06 07:00:00,14.35
2020-11-06 08:00:00,14.35
2020-11-06 09:00:00,14.35
2020-11-06 10:00:00,14.35
2020-11-06 11:00:00,14.35
2020-11-06 12:00:00,51.15
2020-11-06 13:00:00,49.54
2020-11-06 14:00:00,49.89
2020-11-06 15:00:00,50.87
2020-11-06 16:00:00,52.85
2020-11-06 17:00:00,48.54
2020-11-06 18:00:00,52.96
2020-11-06 19:00:00,52.71
2020-11-06 20:00:00,52.02
2020-11-06 21:00:00,52.82
2020-11-06 22:00:00,47.89
2020-11-06 23:00:00,46.56
2020-11-07 00:00:00,45.2
2020-11-07 01:00:00,14.35
2020-11-07 02:00:00,14.35
2020-11-07 03:00:00,14.35
2020-11-07 04:00:00,14.35
2020-11-07 05:00:00,14.35
2020-11-07 06:00:00,14.35
2020-11-07 07:00:00,14.35
2020-11-07 08:00:00,14.35
2020-11-07 09:00:00,14.35
2020-11-07 10:00:00,14.35
2020-11-07 11:00:00,14.35
2020-11-07 12:00:00,14.35
2020-11-07 13:00:00,14.35
2020-11-07 14:00:00,14.35
2020-11-07 15:00:00,14.35
2020-11-07 16:00:00,14.35
2020-11-07 17:00:00,14.35
2020-11-07 18:00:00,14.35
2020-11-07 19:00:00,14.35
2020-11-07 20:00:00,14.35
2020-11-07 21:00:00,14.35
2020-11-07 22:00:00,14.35
2020-11-07 23:00:00,14.35
2020-11-08 00:00:00,14.35
2020-11-08 01:00:00,14.35
2020-11-08 02:00:00,14.35
2020-11-08 03:00:00,14.35
2020-11-08 04:00:00,14.35
2020-11-08 05:00:00,14.35
2020-11-08 06:00:00,14.35
2020-11-08 07:00:00,14.35
2020-11-08 08:00:00,25.76
2020-11-08 09:00:00,50.38
2020-11-08 10:00:00,49.09
2020-11-08 11:00:00,52.08
2020-11-08 12:00:00,49.79
2020-11-08 13:00:00,49.07
2020-11-08 14:00:00,50.19
2020-11-08 15:00:00,52.09
2020-11-08 16:00:00,50.11
2020-11-08 17:00:00,49.55
2020-11-08 18:00:00,52.06
2020-11-08 19:00:00,50.22
2020-11-08 20:00:00,52.09
2020-11-08 21:00:00,50.89
2020-11-08 22:00:00,47.17
2020-11-08 23:00:00,49.71
2020-11-09 00:00:00,14.35
2020-11-09 01:00:00,14.35
2020-11-09 02:00:00,14.35
2020-11-09 03:00:00,14.35
2020-11-09 04:00:00,14.35
2020-11-09 05:00:00,14.35
2020-11-09 06:00:00,14.35
2020-11-09 07:00:00,14.35
2020-11-09 08:00:00,31.63
2020-11-09 09:00:00,48.9
2020-11-09 10:00:00,52.29
2020-11-09 11:00:00,51.56
2020-11-09 12:00:00,50.6
2020-11-09 13:00:00,49.84
2020-11-09 14:00:00,49.13
2020-11-09 15:00:00,52.54
2020-11-09 16:00:00,49.67
2020-11-09 17:00:00,51.87
2020-11-09 18:00:00,52.32
2020-11-09 19:00:00,52.3
2020-11-09 20:00:00,52.31
2020-11-09 21:00:00,52.39
2020-11-09 22:00:00,51.21
2020-11-09 23:00:00,50.49
2020-11-10 00:00:00,49.84
2020-11-10 01:00:00,52.32
2020-11-10 02:00:00,47.92
2020-11-10 03:00:00,14.35
2020-11-10 04:00:00,14.35
2020-11-10 05:00:00,37.77
2020-11-10 06:00:00,52.24
2020-11-10 07:00:00,47.58
2020-11-10 08:00:00,51.36
2020-11-10 09:00:00,50.09
2020-11-10 10:00:00,51.52
2020-11-10 11:00:00,49.14
2020-11-10 12:00:00,47.84
2020-11-10 13:00:00,48.28
2020-11-10 14:00:00,48.95
2020-11-10 15:00:00,53.4
2020-11-10 16:00:00,50.66
2020-11-10 17:00:00,50.36
2020-11-10 18:00:00,51.43
2020-11-10 19:00:00,52.36
2020-11-10 20:00:00,52.53
2020-11-10 21:00:00,52.02
2020-11-10 22:00:00,51.58
2020-11-10 23:00:00,50.62
2020-11-11 00:00:00,50.9
2020-11-11 01:00:00,47.67
2020-11-11 02:00:00,49.89
2020-11-11 03:00:00,48.26
2020-11-11 04:00:00,49.63
2020-11-11 05:00:00,50.09
2020-11-11 06:00:00,51.43
2020-11-11 07:00:00,51.71
2020-11-11 08:00:00,47.15
2020-11-11 09:00:00,51.15
2020-11-11 10:00:00,48.38
2020-11-11 11:00:00,50.29
2020-11-11 12:00:00,51.34
2020-11-11 13:00:00,49.3
2020-11-11 14:00:00,51.38
2020-11-11 15:00:00,50.45
2020-11-11 16:00:00,52.95
2020-11-11 17:00:00,51.37
2020-11-11 18:00:00,53.07
2020-11-11 19:00:00,52.16
2020-11-11 20:00:00,53.07
2020-11-11 21:00:00,52.3
2020-11-11 22:00:00,52.73
2020-11-11 23:00:00,51.37
2020-11-12 00:00:00,49.9
2020-11-12 01:00:00,51.03
2020-11-12 02:00:00,50.13
2020-11-12 03:00:00,52.19
2020-11-12 04:00:00,25.75
2020-11-12 05:00:00,14.35
2020-11-12 06:00:00,14.35
2020-11-12 07:00:00,14.35
2020-11-12 08:00:00,14.35
2020-11-12 09:00:00,14.35
2020-11-12 10:00:00,14.35
2020-11-12 11:00:00,14.35
2020-11-12 12:00:00,14.35
2020-11-12 13:00:00,14.35
2020-11-12 14:00:00,14.35
2020-11-12 15:00:00,14.35
2020-11-12 16:00:00,28.69
2020-11-12 17:00:00,52.28
2020-11-12 18:00:00,52.15
2020-11-12 19:00:00,52.17
2020-11-12 20:00:00,52.38
2020-11-12 21:00:00,52.48
2020-11-12 22:00:00,51.94
2020-11-12 23:00:00,47.48
2020-11-13 00:00:00,51.53
2020-11-13 01:00:00,53.22
2020-11-13 02:00:00,49.25
2020-11-13 03:00:00,52.07
2020-11-13 04:00:00,52.25
2020-11-13 05:00:00,54.81
2020-11-13 06:00:00,50.28
2020-11-13 07:00:00,51.75
2020-11-13 08:00:00,48.33
2020-11-13 09:00:00,50.16
2020-11-13 10:00:00,48.58
2020-11-13 11:00:00,48.09
2020-11-13 12:00:00,49.82
2020-11-13 13:00:00,52.25
2020-11-13 14:00:00,51.56
2020-11-13 15:00:00,50.35
2020-11-13 16:00:00,52.14
2020-11-13 17:00:00,52.1
2020-11-13 18:00:00,52.73
2020-11-13 19:00:00,51.58
2020-11-13 20:00:00,52.23
2020-11-13 21:00:00,51.63
2020-11-13 22:00:00,53.82
2020-11-13 23:00:00,58.65
2020-11-14 00:00:00,58.98
2020-11-14 01:00:00,52.04
2020-11-14 02:00:00,51.91
2020-11-14 03:00:00,47.98
2020-11-14 04:00:00,48.79
2020-11-14 05:00:00,48.74
2020-11-14 06:00:00,50.74
2020-11-14 07:00:00,49.44
2020-11-14 08:00:00,50.39
2020-11-14 09:00:00,49.41
2020-11-14 10:00:00,48.79
2020-11-14 11:00:00,48.78
2020-11-14 12:00:00,50.73
2020-11-14 13:00:00,50.23
2020-11-14 14:00:00,48.44
2020-11-14 15:00:00,49.79
2020-11-14 16:00:00,51.78
2020-11-14 17:00:00,50.53
2020-11-14 18:00:00,50.4
2020-11-14 19:00:00,52.77
2020-11-14 20:00:00,51.97
2020-11-14 21:00:00,52.42
2020-11-14 22:00:00,52.29
2020-11-14 23:00:00,51.6
2020-11-15 00:00:00,51.97
2020-11-15 01:00:00,51.56
2020-11-15 02:00:00,51.29
2020-11-15 03:00:00,54.05
2020-11-15 04:00:00,52.35
2020-11-15 05:00:00,52.33
2020-11-15 06:00:00,52.69
2020-11-15 07:00:00,50.26
2020-11-15 08:00:00,48.54
2020-11-15 09:00:00,47.23
2020-11-15 10:00:00,46.25
2020-11-15 11:00:00,51.67
2020-11-15 12:00:00,51.82
2020-11-15 13:00:00,49.49
2020-11-15 14:00:00,52.33
2020-11-15 15:00:00,51.89
2020-11-15 16:00:00,52.3
2020-11-15 17:00:00,52.77
2020-11-15 18:00:00,50.97
2020-11-15 19:00:00,52.52
2020-11-15 20:00:00,52.36
2020-11-15 21:00:00,52.51
2020-11-15 22:00:00,52.46
2020-11-15 23:00:00,50.56
2020-11-16 00:00:00,52
2020-11-16 01:00:00,50.64
2020-11-16 02:00:00,50.49
2020-11-16 03:00:00,50.62
2020-11-16 04:00:00,49.12
2020-11-16 05:00:00,51.06
2020-11-16 06:00:00,52.36
2020-11-16 07:00:00,53.56
2020-11-16 08:00:00,53.56
2020-11-16 09:00:00,53.56
2020-11-16 10:00:00,53.56
2020-11-16 11:00:00,53.56
2020-11-16 12:00:00,53.56
2020-11-16 13:00:00,53.57
2020-11-16 14:00:00,53.57
2020-11-16 15:00:00,53.57
2020-11-16 16:00:00,53.57
2020-11-16 17:00:00,53.57
2020-11-16 18:00:00,53.57
2020-11-16 19:00:00,53.57
2020-11-16 20:00:00,53.57
2020-11-16 21:00:00,53.57
2020-11-16 22:00:00,53.57
2020-11-16 23:00:00,53.57
2020-11-17 00:00:00,50.39
2020-11-17 01:00:00,51.06
2020-11-17 02:00:00,50.54
2020-11-17 03:00:00,50.88
2020-11-17 04:00:00,49.95
2020-11-17 05:00:00,52.07
2020-11-17 06:00:00,51.19
2020-11-17 07:00:00,53.39
2020-11-17 08:00:00,52.86
2020-11-17 09:00:00,55.14
2020-11-17 10:00:00,52
2020-11-17 11:00:00,51.72
2020-11-17 12:00:00,51.11
2020-11-17 13:00:00,49.77
2020-11-17 14:00:00,52.51
2020-11-17 15:00:00,52.43
2020-11-17 16:00:00,51.08
2020-11-17 17:00:00,47.5
2020-11-17 18:00:00,49.41
2020-11-17 19:00:00,51.29
2020-11-17 20:00:00,51.97
2020-11-17 21:00:00,52.62
2020-11-17 22:00:00,49.72
2020-11-17 23:00:00,51.18
2020-11-18 00:00:00,48.29
2020-11-18 01:00:00,51.82
2020-11-18 02:00:00,52.27
2020-11-18 03:00:00,52.35
2020-11-18 04:00:00,52.09
2020-11-18 05:00:00,52.45
2020-11-18 06:00:00,52.59
2020-11-18 07:00:00,53.34
2020-11-18 08:00:00,52.41
2020-11-18 09:00:00,52.54
2020-11-18 10:00:00,50.07
2020-11-18 11:00:00,47.74
2020-11-18 12:00:00,50.02
2020-11-18 13:00:00,52.31
2020-11-18 14:00:00,50.39
2020-11-18 15:00:00,52.11
2020-11-18 16:00:00,52.02
2020-11-18 17:00:00,51.62
2020-11-18 18:00:00,50.92
2020-11-18 19:00:00,50.78
2020-11-18 20:00:00,52.41
2020-11-18 21:00:00,52.67
2020-11-18 22:00:00,46.38
2020-11-18 23:00:00,49.44
2020-11-19 00:00:00,50.92
2020-11-19 01:00:00,53.37
2020-11-19 02:00:00,53.53
2020-11-19 03:00:00,53.43
2020-11-19 04:00:00,52.82
2020-11-19 05:00:00,52.89
2020-11-19 06:00:00,52.11
2020-11-19 07:00:00,50.14
2020-11-19 08:00:00,48.01
2020-11-19 09:00:00,48.17
2020-11-19 10:00:00,49.97
2020-11-19 11:00:00,47.55
2020-11-19 12:00:00,51.12
2020-11-19 13:00:00,50.87
2020-11-19 14:00:00,50.89
2020-11-19 15:00:00,52.73
2020-11-19 16:00:00,50.85
2020-11-19 17:00:00,51.95
2020-11-19 18:00:00,51.08
2020-11-19 19:00:00,50.96
2020-11-19 20:00:00,51.69
2020-11-19 21:00:00,53.32
2020-11-19 22:00:00,50.63
2020-11-19 23:00:00,51.13
2020-11-20 00:00:00,53.35
2020-11-20 01:00:00,50.5
2020-11-20 02:00:00,50.4
2020-11-20 03:00:00,50.1
2020-11-20 04:00:00,51.12
2020-11-20 05:00:00,51.77
2020-11-20 06:00:00,50.44
2020-11-20 07:00:00,46.73
2020-11-20 08:00:00,48.45
2020-11-20 09:00:00,51.44
2020-11-20 10:00:00,51.7
2020-11-20 11:00:00,52.12
2020-11-20 12:00:00,51.92
2020-11-20 13:00:00,51.71
2020-11-20 14:00:00,50.61
2020-11-20 15:00:00,50.58
2020-11-20 16:00:00,51.97
2020-11-20 17:00:00,51.32
2020-11-20 18:00:00,51.32
2020-11-20 19:00:00,52.17
2020-11-20 20:00:00,51.96
2020-11-20 21:00:00,53.21
2020-11-20 22:00:00,48.53
2020-11-20 23:00:00,52.01
2020-11-21 00:00:00,53
2020-11-21 01:00:00,51.36
2020-11-21 02:00:00,51.99
2020-11-21 03:00:00,51.89
2020-11-21 04:00:00,51.88
2020-11-21 05:00:00,52.27
2020-11-21 06:00:00,51.72
2020-11-21 07:00:00,52.86
2020-11-21 08:00:00,51.24
2020-11-21 09:00:00,51.66
2020-11-21 10:00:00,49.91
2020-11-21 11:00:00,50.52
2020-11-21 12:00:00,51.08
2020-11-21 13:00:00,51.16
2020-11-21 14:00:00,51.03
2020-11-21 15:00:00,53.35
2020-11-21 16:00:00,54.58
2020-11-21 17:00:00,52.18
2020-11-21 18:00:00,51.85
2020-11-21 19:00:00,91.32
2020-11-21 20:00:00,92.18
2020-11-21 21:00:00,91.86
2020-11-21 22:00:00,91.58
2020-11-21 23:00:00,90.76
2020-11-22 00:00:00,87.73
2020-11-22 01:00:00,86.93
2020-11-22 02:00:00,86.1
2020-11-22 03:00:00,88.89
2020-11-22 04:00:00,87.95
2020-11-22 05:00:00,91.23
2020-11-22 06:00:00,91.85
2020-11-22 07:00:00,88.59
2020-11-22 08:00:00,94.35
2020-11-22 09:00:00,94.35
2020-11-22 10:00:00,94.35
2020-11-22 11:00:00,94.35
2020-11-22 12:00:00,94.35
2020-11-22 13:00:00,94.35
2020-11-22 14:00:00,94.35
2020-11-22 15:00:00,94.35
2020-11-22 16:00:00,94.35
2020-11-22 17:00:00,110.51
2020-11-22 18:00:00,129.51
2020-11-22 19:00:00,129.43
2020-11-22 20:00:00,131.6
2020-11-22 21:00:00,130.93
2020-11-22 22:00:00,87.75
2020-11-22 23:00:00,93.34
2020-11-23 00:00:00,88.58
2020-11-23 01:00:00,90.23
2020-11-23 02:00:00,90.67
2020-11-23 03:00:00,92.1
2020-11-23 04:00:00,92.11
2020-11-23 05:00:00,92.47
2020-11-23 06:00:00,90.25
2020-11-23 07:00:00,91.03
2020-11-23 08:00:00,91.05
2020-11-23 09:00:00,49.41
2020-11-23 10:00:00,50.25
2020-11-23 11:00:00,47.45
2020-11-23 12:00:00,50.55
2020-11-23 13:00:00,49.91
2020-11-23 14:00:00,54.48
2020-11-23 15:00:00,49.88
2020-11-23 16:00:00,51.85
2020-11-23 17:00:00,50.81
2020-11-23 18:00:00,51.07
2020-11-23 19:00:00,52.31
2020-11-23 20:00:00,52.17
2020-11-23 21:00:00,52.16
2020-11-23 22:00:00,49.61
2020-11-23 23:00:00,48.01
2020-11-24 00:00:00,48.95
2020-11-24 01:00:00,49.62
2020-11-24 02:00:00,51.05
2020-11-24 03:00:00,50.41
2020-11-24 04:00:00,48.81
2020-11-24 05:00:00,51.9
2020-11-24 06:00:00,51.81
2020-11-24 07:00:00,49.45
2020-11-24 08:00:00,48.99
2020-11-24 09:00:00,47.18
2020-11-24 10:00:00,48.53
2020-11-24 11:00:00,50.76
2020-11-24 12:00:00,49.45
2020-11-24 13:00:00,50.09
2020-11-24 14:00:00,50.96
2020-11-24 15:00:00,50.04
2020-11-24 16:00:00,50.67
2020-11-24 17:00:00,52.85
2020-11-24 18:00:00,52.39
2020-11-24 19:00:00,52.91
2020-11-24 20:00:00,52.13
2020-11-24 21:00:00,51.45
2020-11-24 22:00:00,50.63
2020-11-24 23:00:00,48.65
2020-11-25 00:00:00,52.48
2020-11-25 01:00:00,51.14
2020-11-25 02:00:00,51.99
2020-11-25 03:00:00,51.26
2020-11-25 04:00:00,51.26
2020-11-25 05:00:00,52.6
2020-11-25 06:00:00,48.27
2020-11-25 07:00:00,49.09
2020-11-25 08:00:00,48.64
2020-11-25 09:00:00,49.34
2020-11-25 10:00:00,51.68
2020-11-25 11:00:00,51.84
2020-11-25 12:00:00,51.82
2020-11-25 13:00:00,50.66
2020-11-25 14:00:00,52.37
2020-11-25 15:00:00,52.1
2020-11-25 16:00:00,51.08
2020-11-25 17:00:00,52.23
2020-11-25 18:00:00,50.44
2020-11-25 19:00:00,52.35
2020-11-25 20:00:00,51.75
2020-11-25 21:00:00,52.12
2020-11-25 22:00:00,51.36
2020-11-25 23:00:00,50.83
2020-11-26 00:00:00,50.8
2020-11-26 01:00:00,50.56
2020-11-26 02:00:00,50.8
2020-11-26 03:00:00,50.04
2020-11-26 04:00:00,49.41
2020-11-26 05:00:00,50.23
2020-11-26 06:00:00,51.41
2020-11-26 07:00:00,49.02
2020-11-26 08:00:00,49.37
2020-11-26 09:00:00,49.89
2020-11-26 10:00:00,50.3
2020-11-26 11:00:00,48.88
2020-11-26 12:00:00,50.02
2020-11-26 13:00:00,51.71
2020-11-26 14:00:00,50.07
2020-11-26 15:00:00,52.24
2020-11-26 16:00:00,52.18
2020-11-26 17:00:00,52.59
2020-11-26 18:00:00,51.89
2020-11-26 19:00:00,50.57
2020-11-26 20:00:00,52
2020-11-26 21:00:00,51.23
2020-11-26 22:00:00,51.11
2020-11-26 23:00:00,50.41
2020-11-27 00:00:00,52.25
2020-11-27 01:00:00,52.35
2020-11-27 02:00:00,54.2
2020-11-27 03:00:00,50.68
2020-11-27 04:00:00,52.15
2020-11-27 05:00:00,52.21
2020-11-27 06:00:00,52.22
2020-11-27 07:00:00,51.64
2020-11-27 08:00:00,52.68
2020-11-27 09:00:00,50.29
2020-11-27 10:00:00,49.64
2020-11-27 11:00:00,49.56
2020-11-27 12:00:00,49.16
2020-11-27 13:00:00,49.84
2020-11-27 14:00:00,48.22
2020-11-27 15:00:00,50.77
2020-11-27 16:00:00,51.65
2020-11-27 17:00:00,54.1
2020-11-27 18:00:00,52.44
2020-11-27 19:00:00,54.38
2020-11-27 20:00:00,51.98
2020-11-27 21:00:00,52.09
2020-11-27 22:00:00,50.81
2020-11-27 23:00:00,50.37
2020-11-28 00:00:00,49.81
2020-11-28 01:00:00,50.78
2020-11-28 02:00:00,52.31
2020-11-28 03:00:00,52.25
2020-11-28 04:00:00,52.61
2020-11-28 05:00:00,50.53
2020-11-28 06:00:00,51.79
2020-11-28 07:00:00,51.59
2020-11-28 08:00:00,53.22
2020-11-28 09:00:00,49.97
2020-11-28 10:00:00,51.32
2020-11-28 11:00:00,48.49
2020-11-28 12:00:00,54.55
2020-11-28 13:00:00,48.6
2020-11-28 14:00:00,48.62
2020-11-28 15:00:00,50.55
2020-11-28 16:00:00,51.19
2020-11-28 17:00:00,52.82
2020-11-28 18:00:00,52
2020-11-28 19:00:00,50.14
2020-11-28 20:00:00,52.43
2020-11-28 21:00:00,51.41
2020-11-28 22:00:00,49.84
2020-11-28 23:00:00,51.94
2020-11-29 00:00:00,50.43
2020-11-29 01:00:00,49.48
2020-11-29 02:00:00,49.33
2020-11-29 03:00:00,47.82
2020-11-29 04:00:00,48.76
2020-11-29 05:00:00,49.6
2020-11-29 06:00:00,50.59
2020-11-29 07:00:00,49.32
2020-11-29 08:00:00,48.64
2020-11-29 09:00:00,49.66
2020-11-29 10:00:00,47.42
2020-11-29 11:00:00,48.05
2020-11-29 12:00:00,49.03
2020-11-29 13:00:00,50.41
2020-11-29 14:00:00,51.04
2020-11-29 15:00:00,52.13
2020-11-29 16:00:00,51.28
2020-11-29 17:00:00,51.49
2020-11-29 18:00:00,51.19
2020-11-29 19:00:00,52.52
2020-11-29 20:00:00,52.27
2020-11-29 21:00:00,50.32
2020-11-29 22:00:00,50.27
2020-11-29 23:00:00,50.36
2020-11-30 00:00:00,51.88
2020-11-30 01:00:00,51.98
2020-11-30 02:00:00,51.93
2020-11-30 03:00:00,51.49
2020-11-30 04:00:00,50.38
2020-11-30 05:00:00,51.06
2020-11-30 06:00:00,51.52
2020-11-30 07:00:00,52.59
2020-11-30 08:00:00,47.61
2020-11-30 09:00:00,50.03
2020-11-30 10:00:00,52.85
2020-11-30 11:00:00,53.32
2020-11-30 12:00:00,52.41
2020-11-30 13:00:00,49.22
2020-11-30 14:00:00,53.31
2020-11-30 15:00:00,51.34
2020-11-30 16:00:00,54.13
2020-11-30 17:00:00,53.1
2020-11-30 18:00:00,51.22
2020-11-30 19:00:00,53.28
2020-11-30 20:00:00,52.44
2020-11-30 21:00:00,52.3
2020-11-30 22:00:00,51.04
2020-11-30 23:00:00,51.09
2020-12-01 00:00:00,51.31
2020-12-01 01:00:00,51.43
2020-12-01 02:00:00,52.64
2020-12-01 03:00:00,51.53
2020-12-01 04:00:00,51.23
2020-12-01 05:00:00,51.89
2020-12-01 06:00:00,51.53
2020-12-01 07:00:00,51.76
2020-12-01 08:00:00,48.37
2020-12-01 09:00:00,51.44
2020-12-01 10:00:00,48.42
2020-12-01 11:00:00,51.23
2020-12-01 12:00:00,52.67
2020-12-01 13:00:00,48.78
2020-12-01 14:00:00,51.9
2020-12-01 15:00:00,52.94
2020-12-01 16:00:00,50.79
2020-12-01 17:00:00,51.67
2020-12-01 18:00:00,49.79
2020-12-01 19:00:00,53.59
2020-12-01 20:00:00,51.73
2020-12-01 21:00:00,51.21
2020-12-01 22:00:00,51.03
2020-12-01 23:00:00,52.85
2020-12-02 00:00:00,50.91
2020-12-02 01:00:00,49.67
2020-12-02 02:00:00,49.33
2020-12-02 03:00:00,50.54
2020-12-02 04:00:00,51.7
2020-12-02 05:00:00,52.57
2020-12-02 06:00:00,49.39
2020-12-02 07:00:00,50.4
2020-12-02 08:00:00,47.46
2020-12-02 09:00:00,48.91
2020-12-02 10:00:00,49.69
2020-12-02 11:00:00,49.42
2020-12-02 12:00:00,50.97
2020-12-02 13:00:00,47.48
2020-12-02 14:00:00,51.74
2020-12-02 15:00:00,53.2
2020-12-02 16:00:00,52.26
2020-12-02 17:00:00,53.71
2020-12-02 18:00:00,48.5
2020-12-02 19:00:00,52.16
2020-12-02 20:00:00,51.5
2020-12-02 21:00:00,51.63
2020-12-02 22:00:00,49.34
2020-12-02 23:00:00,48.36
2020-12-03 00:00:00,50
2020-12-03 01:00:00,51.73
2020-12-03 02:00:00,51.95
2020-12-03 03:00:00,51.92
2020-12-03 04:00:00,52.77
2020-12-03 05:00:00,52.24
2020-12-03 06:00:00,51.15
2020-12-03 07:00:00,51.1
2020-12-03 08:00:00,50.14
2020-12-03 09:00:00,49.63
2020-12-03 10:00:00,52.38
2020-12-03 11:00:00,48.65
2020-12-03 12:00:00,52.62
2020-12-03 13:00:00,49.03
2020-12-03 14:00:00,52.6
2020-12-03 15:00:00,51.92
2020-12-03 16:00:00,51.72
2020-12-03 17:00:00,52.71
2020-12-03 18:00:00,51.49
2020-12-03 19:00:00,52.56
2020-12-03 20:00:00,52.42
2020-12-03 21:00:00,52.04
2020-12-03 22:00:00,51.37
2020-12-03 23:00:00,51.66
2020-12-04 00:00:00,50.39
2020-12-04 01:00:00,55.3
2020-12-04 02:00:00,48.87
2020-12-04 03:00:00,51.7
2020-12-04 04:00:00,50.43
2020-12-04 05:00:00,51.61
2020-12-04 06:00:00,52.14
2020-12-04 07:00:00,53.49
2020-12-04 08:00:00,51.41
2020-12-04 09:00:00,48.43
2020-12-04 10:00:00,49.76
2020-12-04 11:00:00,50.07
2020-12-04 12:00:00,51.71
2020-12-04 13:00:00,48.38
2020-12-04 14:00:00,50.96
2020-12-04 15:00:00,52.56
2020-12-04 16:00:00,51.55
2020-12-04 17:00:00,49.36
2020-12-04 18:00:00,51.23
2020-12-04 19:00:00,53.96
2020-12-04 20:00:00,54.12
2020-12-04 21:00:00,50.24
2020-12-04 22:00:00,50.45
2020-12-04 23:00:00,50.69
2020-12-05 00:00:00,49.32
2020-12-05 01:00:00,50.54
2020-12-05 02:00:00,49.39
2020-12-05 03:00:00,50.02
2020-12-05 04:00:00,48.75
2020-12-05 05:00:00,51.96
2020-12-05 06:00:00,49.01
2020-12-05 07:00:00,50.32
2020-12-05 08:00:00,50.35
2020-12-05 09:00:00,51.21
2020-12-05 10:00:00,50.94
2020-12-05 11:00:00,48.35
2020-12-05 12:00:00,50.35
2020-12-05 13:00:00,46.93
2020-12-05 14:00:00,46.24
2020-12-05 15:00:00,50.17
2020-12-05 16:00:00,52.58
2020-12-05 17:00:00,52.2
2020-12-05 18:00:00,48.44
2020-12-05 19:00:00,54.25
2020-12-05 20:00:00,49.53
2020-12-05 21:00:00,51.75
2020-12-05 22:00:00,49.8
2020-12-05 23:00:00,51.34
2020-12-06 00:00:00,51.13
2020-12-06 01:00:00,52.74
2020-12-06 02:00:00,50.25
2020-12-06 03:00:00,47.72
2020-12-06 04:00:00,48.7
2020-12-06 05:00:00,50.03
2020-12-06 06:00:00,53.47
2020-12-06 07:00:00,50.37
2020-12-06 08:00:00,49.44
2020-12-06 09:00:00,48.88
2020-12-06 10:00:00,49.05
2020-12-06 11:00:00,50.65
2020-12-06 12:00:00,49.78
2020-12-06 13:00:00,51.46
2020-12-06 14:00:00,52.61
2020-12-06 15:00:00,52.37
2020-12-06 16:00:00,54.41
2020-12-06 17:00:00,52.46
2020-12-06 18:00:00,48.38
2020-12-06 19:00:00,52.47
2020-12-06 20:00:00,51.44
2020-12-06 21:00:00,53.16
2020-12-06 22:00:00,51.62
2020-12-06 23:00:00,51.02
2020-12-07 00:00:00,51.01
2020-12-07 01:00:00,49.44
2020-12-07 02:00:00,51.07
2020-12-07 03:00:00,49.11
2020-12-07 04:00:00,48.51
2020-12-07 05:00:00,51.6
2020-12-07 06:00:00,52.36
2020-12-07 07:00:00,49.6
2020-12-07 08:00:00,51.11
2020-12-07 09:00:00,48.76
2020-12-07 10:00:00,48.92
2020-12-07 11:00:00,46.19
2020-12-07 12:00:00,47.18
2020-12-07 13:00:00,49.17
2020-12-07 14:00:00,50.03
2020-12-07 15:00:00,52.79
2020-12-07 16:00:00,52.46
2020-12-07 17:00:00,50.79
2020-12-07 18:00:00,50.81
2020-12-07 19:00:00,52.36
2020-12-07 20:00:00,49.8
2020-12-07 21:00:00,49.84
2020-12-07 22:00:00,50.17
2020-12-07 23:00:00,50.33
2020-12-08 00:00:00,50.22
2020-12-08 01:00:00,49.63
2020-12-08 02:00:00,52.04
2020-12-08 03:00:00,51.08
2020-12-08 04:00:00,50.99
2020-12-08 05:00:00,50.97
2020-12-08 06:00:00,49.87
2020-12-08 07:00:00,51.64
2020-12-08 08:00:00,49.92
2020-12-08 09:00:00,46.25
2020-12-08 10:00:00,51.02
2020-12-08 11:00:00,51.74
2020-12-08 12:00:00,49.69
2020-12-08 13:00:00,50.92
2020-12-08 14:00:00,46.82
2020-12-08 15:00:00,51
2020-12-08 16:00:00,53.56
2020-12-08 17:00:00,50.15
2020-12-08 18:00:00,52.99
2020-12-08 19:00:00,49.56
2020-12-08 20:00:00,51.12
2020-12-08 21:00:00,49.52
2020-12-08 22:00:00,50.38
2020-12-08 23:00:00,47.23
2020-12-09 00:00:00,49.52
2020-12-09 01:00:00,47.79
2020-12-09 02:00:00,49.29
2020-12-09 03:00:00,50.3
2020-12-09 04:00:00,49.98
2020-12-09 05:00:00,51.18
2020-12-09 06:00:00,51.01
2020-12-09 07:00:00,51.6
2020-12-09 08:00:00,48.46
2020-12-09 09:00:00,50.14
2020-12-09 10:00:00,46.5
2020-12-09 11:00:00,46.84
2020-12-09 12:00:00,27.26
2020-12-09 13:00:00,14.35
2020-12-09 14:00:00,21.73
2020-12-09 15:00:00,51.24
2020-12-09 16:00:00,51.44
2020-12-09 17:00:00,52.78
2020-12-09 18:00:00,52.73
2020-12-09 19:00:00,51.12
2020-12-09 20:00:00,50.71
2020-12-09 21:00:00,48.2
2020-12-09 22:00:00,49.7
2020-12-09 23:00:00,47.75
2020-12-10 00:00:00,46.73
2020-12-10 01:00:00,46.88
2020-12-10 02:00:00,45.68
2020-12-10 03:00:00,52.35
2020-12-10 04:00:00,47.74
2020-12-10 05:00:00,51.08
2020-12-10 06:00:00,50.58
2020-12-10 07:00:00,51.18
2020-12-10 08:00:00,46.48
2020-12-10 09:00:00,45.67
2020-12-10 10:00:00,43.32
2020-12-10 11:00:00,14.35
2020-12-10 12:00:00,14.35
2020-12-10 13:00:00,14.35
2020-12-10 14:00:00,34.97
2020-12-10 15:00:00,53.73
2020-12-10 16:00:00,54.02
2020-12-10 17:00:00,53.12
2020-12-10 18:00:00,50.47
2020-12-10 19:00:00,50.92
2020-12-10 20:00:00,51.79
2020-12-10 21:00:00,51.47
2020-12-10 22:00:00,49.41
2020-12-10 23:00:00,47.34
2020-12-11 00:00:00,47.62
2020-12-11 01:00:00,50.18
2020-12-11 02:00:00,47.79
2020-12-11 03:00:00,48.25
2020-12-11 04:00:00,48.36
2020-12-11 05:00:00,49.83
2020-12-11 06:00:00,52.39
2020-12-11 07:00:00,49.98
2020-12-11 08:00:00,47.79
2020-12-11 09:00:00,47.58
2020-12-11 10:00:00,49.21
2020-12-11 11:00:00,53.76
2020-12-11 12:00:00,54.23
2020-12-11 13:00:00,54.25
2020-12-11 14:00:00,54.78
2020-12-11 15:00:00,52.36
2020-12-11 16:00:00,52.61
2020-12-11 17:00:00,54.43
2020-12-11 18:00:00,53.2
2020-12-11 19:00:00,51.91
2020-12-11 20:00:00,52.42
2020-12-11 21:00:00,49.73
2020-12-11 22:00:00,47.74
2020-12-11 23:00:00,48.56
2020-12-12 00:00:00,51.92
2020-12-12 01:00:00,50.08
2020-12-12 02:00:00,50.07
2020-12-12 03:00:00,49.84
2020-12-12 04:00:00,50.08
2020-12-12 05:00:00,49.45
2020-12-12 06:00:00,48.07
2020-12-12 07:00:00,49.63
2020-12-12 08:00:00,48.76
2020-12-12 09:00:00,44.73
2020-12-12 10:00:00,49.95
2020-12-12 11:00:00,50.18
2020-12-12 12:00:00,58.62
2020-12-12 13:00:00,48.8
2020-12-12 14:00:00,51.67
2020-12-12 15:00:00,54.77
2020-12-12 16:00:00,52.61
2020-12-12 17:00:00,51.99
2020-12-12 18:00:00,51.98
2020-12-12 19:00:00,52.97
2020-12-12 20:00:00,52.53
2020-12-12 21:00:00,50.04
2020-12-12 22:00:00,51.3
2020-12-12 23:00:00,51.05
2020-12-13 00:00:00,50.39
2020-12-13 01:00:00,52.7
2020-12-13 02:00:00,51.73
2020-12-13 03:00:00,50.88
2020-12-13 04:00:00,49.79
2020-12-13 05:00:00,53.48
2020-12-13 06:00:00,52.67
2020-12-13 07:00:00,52.18
2020-12-13 08:00:00,48.83
2020-12-13 09:00:00,49.52
2020-12-13 10:00:00,32.57
2020-12-13 11:00:00,14.35
2020-12-13 12:00:00,14.35
2020-12-13 13:00:00,21.56
2020-12-13 14:00:00,51.18
2020-12-13 15:00:00,51.06
2020-12-13 16:00:00,51.1
2020-12-13 17:00:00,53.17
2020-12-13 18:00:00,50.38
2020-12-13 19:00:00,53.45
2020-12-13 20:00:00,52.28
2020-12-13 21:00:00,52.34
2020-12-13 22:00:00,50.26
2020-12-13 23:00:00,48.6
2020-12-14 00:00:00,47.64
2020-12-14 01:00:00,48.88
2020-12-14 02:00:00,51.43
2020-12-14 03:00:00,48.42
2020-12-14 04:00:00,47.71
2020-12-14 05:00:00,50.43
2020-12-14 06:00:00,51.64
2020-12-14 07:00:00,49.71
2020-12-14 08:00:00,50.01
2020-12-14 09:00:00,49.22
2020-12-14 10:00:00,49.93
2020-12-14 11:00:00,53.76
2020-12-14 12:00:00,47.59
2020-12-14 13:00:00,48.88
2020-12-14 14:00:00,54.01
2020-12-14 15:00:00,51.6
2020-12-14 16:00:00,51.52
2020-12-14 17:00:00,54.06
2020-12-14 18:00:00,48.58
2020-12-14 19:00:00,51.47
2020-12-14 20:00:00,51.27
2020-12-14 21:00:00,48.95
2020-12-14 22:00:00,49.81
2020-12-14 23:00:00,49.69
2020-12-15 00:00:00,51.97
2020-12-15 01:00:00,52.58
2020-12-15 02:00:00,50.43
2020-12-15 03:00:00,52.07
2020-12-15 04:00:00,49.87
2020-12-15 05:00:00,51.59
2020-12-15 06:00:00,50.88
2020-12-15 07:00:00,53.77
2020-12-15 08:00:00,50.24
2020-12-15 09:00:00,51.68
2020-12-15 10:00:00,54.61
2020-12-15 11:00:00,52.79
2020-12-15 12:00:00,55.02
2020-12-15 13:00:00,49.92
2020-12-15 14:00:00,51.08
2020-12-15 15:00:00,53.17
2020-12-15 16:00:00,52.84
2020-12-15 17:00:00,52.7
2020-12-15 18:00:00,49.41
2020-12-15 19:00:00,51.17
2020-12-15 20:00:00,51.8
2020-12-15 21:00:00,51.02
2020-12-15 22:00:00,52.59
2020-12-15 23:00:00,51.78
2020-12-16 00:00:00,53.34
2020-12-16 01:00:00,50.09
2020-12-16 02:00:00,51.47
2020-12-16 03:00:00,50.7
2020-12-16 04:00:00,51.29
2020-12-16 05:00:00,50.29
2020-12-16 06:00:00,51.82
2020-12-16 07:00:00,51.22
2020-12-16 08:00:00,48.83
2020-12-16 09:00:00,51.1
2020-12-16 10:00:00,50.89
2020-12-16 11:00:00,53.55
2020-12-16 12:00:00,50.4
2020-12-16 13:00:00,51.64
2020-12-16 14:00:00,50.17
2020-12-16 15:00:00,52.01
2020-12-16 16:00:00,51.7
2020-12-16 17:00:00,51.48
2020-12-16 18:00:00,50.93
2020-12-16 19:00:00,52.04
2020-12-16 20:00:00,51.19
2020-12-16 21:00:00,50.92
2020-12-16 22:00:00,49.26
2020-12-16 23:00:00,50.66
2020-12-17 00:00:00,50.6
2020-12-17 01:00:00,48.86
2020-12-17 02:00:00,52.4
2020-12-17 03:00:00,49.36
2020-12-17 04:00:00,49.62
2020-12-17 05:00:00,50.06
2020-12-17 06:00:00,49.42
2020-12-17 07:00:00,52.55
2020-12-17 08:00:00,49.69
2020-12-17 09:00:00,48.62
2020-12-17 10:00:00,51.7
2020-12-17 11:00:00,50.53
2020-12-17 12:00:00,50.95
2020-12-17 13:00:00,52.42
2020-12-17 14:00:00,51.12
2020-12-17 15:00:00,52.1
2020-12-17 16:00:00,53.83
2020-12-17 17:00:00,52.65
2020-12-17 18:00:00,51.25
2020-12-17 19:00:00,52.64
2020-12-17 20:00:00,49.91
2020-12-17 21:00:00,52.05
2020-12-17 22:00:00,51.67
2020-12-17 23:00:00,50.97
2020-12-18 00:00:00,49.4
2020-12-18 01:00:00,51.46
2020-12-18 02:00:00,52.13
2020-12-18 03:00:00,52.45
2020-12-18 04:00:00,51.59
2020-12-18 05:00:00,51.14
2020-12-18 06:00:00,52.83
2020-12-18 07:00:00,50.41
2020-12-18 08:00:00,49.2
2020-12-18 09:00:00,49.86
2020-12-18 10:00:00,47.91
2020-12-18 11:00:00,51.54
2020-12-18 12:00:00,49.54
2020-12-18 13:00:00,50.24
2020-12-18 14:00:00,52.28
2020-12-18 15:00:00,50.63
2020-12-18 16:00:00,49.51
2020-12-18 17:00:00,50.68
2020-12-18 18:00:00,48.69
2020-12-18 19:00:00,51.26
2020-12-18 20:00:00,50.13
2020-12-18 21:00:00,49.08
2020-12-18 22:00:00,48.41
2020-12-18 23:00:00,49.94
2020-12-19 00:00:00,50.61
2020-12-19 01:00:00,49.14
2020-12-19 02:00:00,48.72
2020-12-19 03:00:00,46.7
2020-12-19 04:00:00,51.77
2020-12-19 05:00:00,51.68
2020-12-19 06:00:00,52.25
2020-12-19 07:00:00,52.96
2020-12-19 08:00:00,48.25
2020-12-19 09:00:00,49.5
2020-12-19 10:00:00,49.45
2020-12-19 11:00:00,46.36
2020-12-19 12:00:00,49.88
2020-12-19 13:00:00,46.57
2020-12-19 14:00:00,48.1
2020-12-19 15:00:00,52.6
2020-12-19 16:00:00,55.47
2020-12-19 17:00:00,54.14
2020-12-19 18:00:00,50.98
2020-12-19 19:00:00,52.09
2020-12-19 20:00:00,48.38
2020-12-19 21:00:00,51.03
2020-12-19 22:00:00,50.79
2020-12-19 23:00:00,48.24
2020-12-20 00:00:00,50.58
2020-12-20 01:00:00,51.35
2020-12-20 02:00:00,46.86
2020-12-20 03:00:00,48.05
2020-12-20 04:00:00,47.06
2020-12-20 05:00:00,46.35
2020-12-20 06:00:00,48.95
2020-12-20 07:00:00,50.02
2020-12-20 08:00:00,46.4
2020-12-20 09:00:00,13.4
2020-12-20 10:00:00,13.4
2020-12-20 11:00:00,13.4
2020-12-20 12:00:00,13.4
2020-12-20 13:00:00,13.4
2020-12-20 14:00:00,34.22
2020-12-20 15:00:00,53.12
2020-12-20 16:00:00,50.77
2020-12-20 17:00:00,50.28
2020-12-20 18:00:00,51.22
2020-12-20 19:00:00,52.71
2020-12-20 20:00:00,51.53
2020-12-20 21:00:00,52.2
2020-12-20 22:00:00,51.39
2020-12-20 23:00:00,49.78
2020-12-21 00:00:00,52.33
2020-12-21 01:00:00,49.1
2020-12-21 02:00:00,51.65
2020-12-21 03:00:00,50.78
2020-12-21 04:00:00,49.89
2020-12-21 05:00:00,50.64
2020-12-21 06:00:00,50.9
2020-12-21 07:00:00,50.04
2020-12-21 08:00:00,50.22
2020-12-21 09:00:00,49.58
2020-12-21 10:00:00,48.86
2020-12-21 11:00:00,50.31
2020-12-21 12:00:00,48.62
2020-12-21 13:00:00,49.09
2020-12-21 14:00:00,49.82
2020-12-21 15:00:00,49.98
2020-12-21 16:00:00,52.43
2020-12-21 17:00:00,52.04
2020-12-21 18:00:00,51.16
2020-12-21 19:00:00,52.36
2020-12-21 20:00:00,51.42
2020-12-21 21:00:00,50.3
2020-12-21 22:00:00,50.96
2020-12-21 23:00:00,51.1
2020-12-22 00:00:00,49.2
2020-12-22 01:00:00,51.8
2020-12-22 02:00:00,51.08
2020-12-22 03:00:00,51.84
2020-12-22 04:00:00,52.31
2020-12-22 05:00:00,51.22
2020-12-22 06:00:00,51.94
2020-12-22 07:00:00,54.78
2020-12-22 08:00:00,49.9
2020-12-22 09:00:00,50.36
2020-12-22 10:00:00,50.31
2020-12-22 11:00:00,51.77
2020-12-22 12:00:00,49.92
2020-12-22 13:00:00,48.88
2020-12-22 14:00:00,50.09
2020-12-22 15:00:00,51.95
2020-12-22 16:00:00,53.07
2020-12-22 17:00:00,50.7
2020-12-22 18:00:00,52.26
2020-12-22 19:00:00,48.67
2020-12-22 20:00:00,50.88
2020-12-22 21:00:00,51.79
2020-12-22 22:00:00,48.95
2020-12-22 23:00:00,51.32
2020-12-23 00:00:00,52
2020-12-23 01:00:00,49.85
2020-12-23 02:00:00,51.67
2020-12-23 03:00:00,50.68
2020-12-23 04:00:00,50.94
2020-12-23 05:00:00,51.63
2020-12-23 06:00:00,51.11
2020-12-23 07:00:00,53.07
2020-12-23 08:00:00,49.18
2020-12-23 09:00:00,50.45
2020-12-23 10:00:00,49.67
2020-12-23 11:00:00,51.73
2020-12-23 12:00:00,51.32
2020-12-23 13:00:00,51.07
2020-12-23 14:00:00,51.39
2020-12-23 15:00:00,51.18
2020-12-23 16:00:00,51.23
2020-12-23 17:00:00,54.39
2020-12-23 18:00:00,48.54
2020-12-23 19:00:00,48.55
2020-12-23 20:00:00,55.71
2020-12-23 21:00:00,48.6
2020-12-23 22:00:00,50.86
2020-12-23 23:00:00,51.54
2020-12-24 00:00:00,50.12
2020-12-24 01:00:00,50.1
2020-12-24 02:00:00,52.52
2020-12-24 03:00:00,51.48
2020-12-24 04:00:00,49.71
2020-12-24 05:00:00,45.76
2020-12-24 06:00:00,51.05
2020-12-24 07:00:00,53.86
2020-12-24 08:00:00,50.05
2020-12-24 09:00:00,50.27
2020-12-24 10:00:00,47.13
2020-12-24 11:00:00,51.14
2020-12-24 12:00:00,51.85
2020-12-24 13:00:00,51.21
2020-12-24 14:00:00,52.41
2020-12-24 15:00:00,55.15
2020-12-24 16:00:00,52.66
2020-12-24 17:00:00,52.6
2020-12-24 18:00:00,51.75
2020-12-24 19:00:00,48.85
2020-12-24 20:00:00,49.29
2020-12-24 21:00:00,50.98
2020-12-24 22:00:00,49.24
2020-12-24 23:00:00,47.28
2020-12-25 00:00:00,47.45
2020-12-25 01:00:00,48.25
2020-12-25 02:00:00,47.49
2020-12-25 03:00:00,47.16
2020-12-25 04:00:00,46.29
2020-12-25 05:00:00,48.58
2020-12-25 06:00:00,52.65
2020-12-25 07:00:00,50.59
2020-12-25 08:00:00,46.77
2020-12-25 09:00:00,35.69
2020-12-25 10:00:00,35.37
2020-12-25 11:00:00,32.07
2020-12-25 12:00:00,44.62
2020-12-25 13:00:00,34.26
2020-12-25 14:00:00,30.53
2020-12-25 15:00:00,52.05
2020-12-25 16:00:00,50.24
2020-12-25 17:00:00,47.63
2020-12-25 18:00:00,48.04
2020-12-25 19:00:00,46.72
2020-12-25 20:00:00,45.92
2020-12-25 21:00:00,46.44
2020-12-25 22:00:00,47.08
2020-12-25 23:00:00,49.68
2020-12-26 00:00:00,47.62
2020-12-26 01:00:00,13.4
2020-12-26 02:00:00,13.4
2020-12-26 03:00:00,13.4
2020-12-26 04:00:00,13.4
2020-12-26 05:00:00,13.4
2020-12-26 06:00:00,13.4
2020-12-26 07:00:00,13.4
2020-12-26 08:00:00,13.4
2020-12-26 09:00:00,13.4
2020-12-26 10:00:00,13.4
2020-12-26 11:00:00,13.4
2020-12-26 12:00:00,13.4
2020-12-26 13:00:00,13.4
2020-12-26 14:00:00,13.4
2020-12-26 15:00:00,13.4
2020-12-26 16:00:00,13.4
2020-12-26 17:00:00,32.16
2020-12-26 18:00:00,48.4
2020-12-26 19:00:00,51.87
2020-12-26 20:00:00,49.22
2020-12-26 21:00:00,51.93
2020-12-26 22:00:00,50.59
2020-12-26 23:00:00,49.79
2020-12-27 00:00:00,41.2
2020-12-27 01:00:00,13.4
2020-12-27 02:00:00,13.4
2020-12-27 03:00:00,44.76
2020-12-27 04:00:00,46.12
2020-12-27 05:00:00,46.27
2020-12-27 06:00:00,47.36
2020-12-27 07:00:00,56.65
2020-12-27 08:00:00,41.66
2020-12-27 09:00:00,13.4
2020-12-27 10:00:00,13.4
2020-12-27 11:00:00,13.4
2020-12-27 12:00:00,13.4
2020-12-27 13:00:00,13.4
2020-12-27 14:00:00,13.4
2020-12-27 15:00:00,13.4
2020-12-27 16:00:00,13.4
2020-12-27 17:00:00,39.38
2020-12-27 18:00:00,52.99
2020-12-27 19:00:00,49.92
2020-12-27 20:00:00,49.63
2020-12-27 21:00:00,50.74
2020-12-27 22:00:00,49.4
2020-12-27 23:00:00,25.98
2020-12-28 00:00:00,13.4
2020-12-28 01:00:00,13.4
2020-12-28 02:00:00,13.4
2020-12-28 03:00:00,13.4
2020-12-28 04:00:00,13.4
2020-12-28 05:00:00,13.4
2020-12-28 06:00:00,13.4
2020-12-28 07:00:00,13.4
2020-12-28 08:00:00,13.4
2020-12-28 09:00:00,13.4
2020-12-28 10:00:00,13.4
2020-12-28 11:00:00,13.4
2020-12-28 12:00:00,13.4
2020-12-28 13:00:00,13.4
2020-12-28 14:00:00,13.4
2020-12-28 15:00:00,13.4
2020-12-28 16:00:00,36.37
2020-12-28 17:00:00,50.75
2020-12-28 18:00:00,50.12
2020-12-28 19:00:00,52.84
2020-12-28 20:00:00,49.51
2020-12-28 21:00:00,49.78
2020-12-28 22:00:00,48.86
2020-12-28 23:00:00,48.52
2020-12-29 00:00:00,43.88
2020-12-29 01:00:00,13.4
2020-12-29 02:00:00,13.4
2020-12-29 03:00:00,13.4
2020-12-29 04:00:00,13.4
2020-12-29 05:00:00,13.4
2020-12-29 06:00:00,13.4
2020-12-29 07:00:00,13.4
2020-12-29 08:00:00,13.4
2020-12-29 09:00:00,13.4
2020-12-29 10:00:00,41.88
2020-12-29 11:00:00,46.43
2020-12-29 12:00:00,46.95
2020-12-29 13:00:00,47.19
2020-12-29 14:00:00,49.67
2020-12-29 15:00:00,53.7
2020-12-29 16:00:00,51
2020-12-29 17:00:00,14.76
2020-12-29 18:00:00,13.4
2020-12-29 19:00:00,13.4
2020-12-29 20:00:00,13.4
2020-12-29 21:00:00,13.4
2020-12-29 22:00:00,13.4
2020-12-29 23:00:00,13.4
2020-12-30 00:00:00,13.4
2020-12-30 01:00:00,13.4
2020-12-30 02:00:00,13.4
2020-12-30 03:00:00,13.4
2020-12-30 04:00:00,13.4
2020-12-30 05:00:00,13.4
2020-12-30 06:00:00,13.4
2020-12-30 07:00:00,13.4
2020-12-30 08:00:00,13.4
2020-12-30 09:00:00,13.4
2020-12-30 10:00:00,13.4
2020-12-30 11:00:00,13.4
2020-12-30 12:00:00,13.4
2020-12-30 13:00:00,13.4
2020-12-30 14:00:00,13.4
2020-12-30 15:00:00,51.06
2020-12-30 16:00:00,49.68
2020-12-30 17:00:00,50.39
2020-12-30 18:00:00,51.08
2020-12-30 19:00:00,49.74
2020-12-30 20:00:00,52.43
2020-12-30 21:00:00,50.03
2020-12-30 22:00:00,13.4
2020-12-30 23:00:00,13.4
2020-12-31 00:00:00,13.4
2020-12-31 01:00:00,13.4
2020-12-31 02:00:00,13.4
2020-12-31 03:00:00,13.4
2020-12-31 04:00:00,13.4
2020-12-31 05:00:00,49.73
2020-12-31 06:00:00,52.51
2020-12-31 07:00:00,53.01
2020-12-31 08:00:00,54.8
2020-12-31 09:00:00,53.07
2020-12-31 10:00:00,49.89
2020-12-31 11:00:00,51.86
2020-12-31 12:00:00,48
2020-12-31 13:00:00,23.54
2020-12-31 14:00:00,13.4
2020-12-31 15:00:00,13.4
2020-12-31 16:00:00,13.4
2020-12-31 17:00:00,13.4
2020-12-31 18:00:00,13.4
2020-12-31 19:00:00,13.4
2020-12-31 20:00:00,13.4
2020-12-31 21:00:00,13.4
2020-12-31 22:00:00,13.4
2020-12-31 23:00:00,13.4
2021-01-01 00:00:00,13.4
2021-01-01 01:00:00,13.4
2021-01-01 02:00:00,13.4
2021-01-01 03:00:00,13.4
2021-01-01 04:00:00,13.4
2021-01-01 05:00:00,13.4
2021-01-01 06:00:00,13.4
2021-01-01 07:00:00,13.4
2021-01-01 08:00:00,13.4
2021-01-01 09:00:00,13.4
2021-01-01 10:00:00,13.4
2021-01-01 11:00:00,13.4
2021-01-01 12:00:00,13.4
2021-01-01 13:00:00,13.4
2021-01-01 14:00:00,13.4
2021-01-01 15:00:00,13.4
2021-01-01 16:00:00,31.18
2021-01-01 17:00:00,55.49
2021-01-01 18:00:00,49.51
2021-01-01 19:00:00,52.57
2021-01-01 20:00:00,51.97
2021-01-01 21:00:00,51.48
2021-01-01 22:00:00,52.34
2021-01-01 23:00:00,51.37
2021-01-02 00:00:00,54.07
2021-01-02 01:00:00,39.43
2021-01-02 02:00:00,13.4
2021-01-02 03:00:00,13.4
2021-01-02 04:00:00,13.4
2021-01-02 05:00:00,13.4
2021-01-02 06:00:00,13.4
2021-01-02 07:00:00,13.4
2021-01-02 08:00:00,41.87
2021-01-02 09:00:00,50.56
2021-01-02 10:00:00,49.42
2021-01-02 11:00:00,48.58
2021-01-02 12:00:00,53.39
2021-01-02 13:00:00,46.99
2021-01-02 14:00:00,51.16
2021-01-02 15:00:00,52.67
2021-01-02 16:00:00,49.77
2021-01-02 17:00:00,51.9
2021-01-02 18:00:00,50.24
2021-01-02 19:00:00,52.59
2021-01-02 20:00:00,52.47
2021-01-02 21:00:00,27.55
2021-01-02 22:00:00,13.4
2021-01-02 23:00:00,13.4
2021-01-03 00:00:00,41.48
2021-01-03 01:00:00,50.21
2021-01-03 02:00:00,50.38
2021-01-03 03:00:00,52.36
2021-01-03 04:00:00,49.38
2021-01-03 05:00:00,51.65
2021-01-03 06:00:00,50.53
2021-01-03 07:00:00,53.13
2021-01-03 08:00:00,49.85
2021-01-03 09:00:00,47.28
2021-01-03 10:00:00,46.46
2021-01-03 11:00:00,54.03
2021-01-03 12:00:00,49.21
2021-01-03 13:00:00,54.27
2021-01-03 14:00:00,49.41
2021-01-03 15:00:00,52.35
2021-01-03 16:00:00,49.16
2021-01-03 17:00:00,53.1
2021-01-03 18:00:00,51.26
2021-01-03 19:00:00,51.69
2021-01-03 20:00:00,52.47
2021-01-03 21:00:00,52.51
2021-01-03 22:00:00,52.76
2021-01-03 23:00:00,52
2021-01-04 00:00:00,50.91
2021-01-04 01:00:00,47.74
2021-01-04 02:00:00,52.46
2021-01-04 03:00:00,53.9
2021-01-04 04:00:00,50.69
2021-01-04 05:00:00,52.81
2021-01-04 06:00:00,51.44
2021-01-04 07:00:00,52.73
2021-01-04 08:00:00,54.71
2021-01-04 09:00:00,48.11
2021-01-04 10:00:00,50.93
2021-01-04 11:00:00,52.16
2021-01-04 12:00:00,52.88
2021-01-04 13:00:00,49.86
2021-01-04 14:00:00,51.03
2021-01-04 15:00:00,49.56
2021-01-04 16:00:00,50.36
2021-01-04 17:00:00,50.23
2021-01-04 18:00:00,50.48
2021-01-04 19:00:00,52.18
2021-01-04 20:00:00,49.27
2021-01-04 21:00:00,50.86
2021-01-04 22:00:00,50.45
2021-01-04 23:00:00,49.6
2021-01-05 00:00:00,50.68
2021-01-05 01:00:00,46.25
2021-01-05 02:00:00,49.33
2021-01-05 03:00:00,47.74
2021-01-05 04:00:00,40.1
2021-01-05 05:00:00,43.45
2021-01-05 06:00:00,46.63
2021-01-05 07:00:00,44.73
2021-01-05 08:00:00,37.04
2021-01-05 09:00:00,28.01
2021-01-05 10:00:00,32.44
2021-01-05 11:00:00,32.24
2021-01-05 12:00:00,35.9
2021-01-05 13:00:00,36.03
2021-01-05 14:00:00,28.09
2021-01-05 15:00:00,32.82
2021-01-05 16:00:00,44.97
2021-01-05 17:00:00,42.27
2021-01-05 18:00:00,39.13
2021-01-05 19:00:00,42.47
2021-01-05 20:00:00,35.16
2021-01-05 21:00:00,31.81
2021-01-05 22:00:00,33.17
2021-01-05 23:00:00,30.82
2021-01-06 00:00:00,30.86
2021-01-06 01:00:00,36.51
2021-01-06 02:00:00,39.64
2021-01-06 03:00:00,41.47
2021-01-06 04:00:00,32.9
2021-01-06 05:00:00,35.76
2021-01-06 06:00:00,40.52
2021-01-06 07:00:00,38.95
2021-01-06 08:00:00,52.26
2021-01-06 09:00:00,38.25
2021-01-06 10:00:00,37.88
2021-01-06 11:00:00,34.45
2021-01-06 12:00:00,37.64
2021-01-06 13:00:00,34.51
2021-01-06 14:00:00,37.37
2021-01-06 15:00:00,46.09
2021-01-06 16:00:00,45.84
2021-01-06 17:00:00,42.09
2021-01-06 18:00:00,40.06
2021-01-06 19:00:00,42.39
2021-01-06 20:00:00,38.56
2021-01-06 21:00:00,42.78
2021-01-06 22:00:00,37.02
2021-01-06 23:00:00,34.08
2021-01-07 00:00:00,39.79
2021-01-07 01:00:00,40.52
2021-01-07 02:00:00,47.19
2021-01-07 03:00:00,48.65
2021-01-07 04:00:00,42.92
2021-01-07 05:00:00,42.11
2021-01-07 06:00:00,42.18
2021-01-07 07:00:00,43.06
2021-01-07 08:00:00,39.1
2021-01-07 09:00:00,30.97
2021-01-07 10:00:00,36.76
2021-01-07 11:00:00,36.96
2021-01-07 12:00:00,40.7
2021-01-07 13:00:00,31.59
2021-01-07 14:00:00,42.97
2021-01-07 15:00:00,39.35
2021-01-07 16:00:00,41.47
2021-01-07 17:00:00,45.75
2021-01-07 18:00:00,35.21
2021-01-07 19:00:00,37.05
2021-01-07 20:00:00,42.39
2021-01-07 21:00:00,37.11
2021-01-07 22:00:00,29.39
2021-01-07 23:00:00,34.5
2021-01-08 00:00:00,39.31
2021-01-08 01:00:00,41.59
2021-01-08 02:00:00,39.3
2021-01-08 03:00:00,35.81
2021-01-08 04:00:00,37.2
2021-01-08 05:00:00,39.92
2021-01-08 06:00:00,43.23
2021-01-08 07:00:00,39.93
2021-01-08 08:00:00,43.14
2021-01-08 09:00:00,29.47
2021-01-08 10:00:00,37.38
2021-01-08 11:00:00,36.46
2021-01-08 12:00:00,46.41
2021-01-08 13:00:00,32.85
2021-01-08 14:00:00,27.16
2021-01-08 15:00:00,34.84
2021-01-08 16:00:00,38.3
2021-01-08 17:00:00,35.36
2021-01-08 18:00:00,32.38
2021-01-08 19:00:00,38.26
2021-01-08 20:00:00,35.57
2021-01-08 21:00:00,37.78
2021-01-08 22:00:00,41.51
2021-01-08 23:00:00,38.04
2021-01-09 00:00:00,38.04
2021-01-09 01:00:00,38.07
2021-01-09 02:00:00,37.45
2021-01-09 03:00:00,45.02
2021-01-09 04:00:00,35.46
2021-01-09 05:00:00,41.73
2021-01-09 06:00:00,40.42
2021-01-09 07:00:00,42.26
2021-01-09 08:00:00,35.17
2021-01-09 09:00:00,35.91
2021-01-09 10:00:00,32.46
2021-01-09 11:00:00,42.31
2021-01-09 12:00:00,32.9
2021-01-09 13:00:00,32.2
2021-01-09 14:00:00,36.13
2021-01-09 15:00:00,33.15
2021-01-09 16:00:00,32.55
2021-01-09 17:00:00,37.14
2021-01-09 18:00:00,43.27
2021-01-09 19:00:00,43.66
2021-01-09 20:00:00,36.05
2021-01-09 21:00:00,38.04
2021-01-09 22:00:00,35.28
2021-01-09 23:00:00,29.52
2021-01-10 00:00:00,36.56
2021-01-10 01:00:00,38.7
2021-01-10 02:00:00,36.12
2021-01-10 03:00:00,34.69
2021-01-10 04:00:00,32.6
2021-01-10 05:00:00,31.64
2021-01-10 06:00:00,34.11
2021-01-10 07:00:00,40.5
2021-01-10 08:00:00,37.44
2021-01-10 09:00:00,30.3
2021-01-10 10:00:00,24.53
2021-01-10 11:00:00,25.38
2021-01-10 12:00:00,36.7
2021-01-10 13:00:00,37.13
2021-01-10 14:00:00,48.7
2021-01-10 15:00:00,48.82
2021-01-10 16:00:00,41.92
2021-01-10 17:00:00,44.36
2021-01-10 18:00:00,47.61
2021-01-10 19:00:00,46.32
2021-01-10 20:00:00,46.68
2021-01-10 21:00:00,40.9
2021-01-10 22:00:00,38.03
2021-01-10 23:00:00,30.49
2021-01-11 00:00:00,42.5
2021-01-11 01:00:00,35.17
2021-01-11 02:00:00,39.34
2021-01-11 03:00:00,38.52
2021-01-11 04:00:00,32.88
2021-01-11 05:00:00,36.37
2021-01-11 06:00:00,43
2021-01-11 07:00:00,42.88
2021-01-11 08:00:00,37.52
2021-01-11 09:00:00,34.92
2021-01-11 10:00:00,34.53
2021-01-11 11:00:00,35.4
2021-01-11 12:00:00,38.69
2021-01-11 13:00:00,32.04
2021-01-11 14:00:00,42.15
2021-01-11 15:00:00,35.04
2021-01-11 16:00:00,44.35
2021-01-11 17:00:00,44.69
2021-01-11 18:00:00,45.33
2021-01-11 19:00:00,38.62
2021-01-11 20:00:00,43.17
2021-01-11 21:00:00,32.3
2021-01-11 22:00:00,37.49
2021-01-11 23:00:00,33.55
2021-01-12 00:00:00,38.83
2021-01-12 01:00:00,37.36
2021-01-12 02:00:00,36.17
2021-01-12 03:00:00,35.53
2021-01-12 04:00:00,34.63
2021-01-12 05:00:00,39.87
2021-01-12 06:00:00,38.56
2021-01-12 07:00:00,45.05
2021-01-12 08:00:00,42.72
2021-01-12 09:00:00,38.58
2021-01-12 10:00:00,38.55
2021-01-12 11:00:00,41.83
2021-01-12 12:00:00,40.36
2021-01-12 13:00:00,45.71
2021-01-12 14:00:00,42.85
2021-01-12 15:00:00,39.48
2021-01-12 16:00:00,44.53
2021-01-12 17:00:00,41.91
2021-01-12 18:00:00,39.7
2021-01-12 19:00:00,38.96
2021-01-12 20:00:00,38.62
2021-01-12 21:00:00,39.5
2021-01-12 22:00:00,38.58
2021-01-12 23:00:00,35.23
2021-01-13 00:00:00,34.29
2021-01-13 01:00:00,36.15
2021-01-13 02:00:00,40.26
2021-01-13 03:00:00,43.77
2021-01-13 04:00:00,36.56
2021-01-13 05:00:00,43.04
2021-01-13 06:00:00,39.84
2021-01-13 07:00:00,40.12
2021-01-13 08:00:00,44.18
2021-01-13 09:00:00,34.13
2021-01-13 10:00:00,29.77
2021-01-13 11:00:00,33.4
2021-01-13 12:00:00,34.71
2021-01-13 13:00:00,39.69
2021-01-13 14:00:00,38.85
2021-01-13 15:00:00,45.09
2021-01-13 16:00:00,44.35
2021-01-13 17:00:00,45.58
2021-01-13 18:00:00,41.46
2021-01-13 19:00:00,49.4
2021-01-13 20:00:00,40.17
2021-01-13 21:00:00,33.47
2021-01-13 22:00:00,33.83
2021-01-13 23:00:00,12.29
2021-01-14 00:00:00,12.29
2021-01-14 01:00:00,12.29
2021-01-14 02:00:00,12.29
2021-01-14 03:00:00,12.29
2021-01-14 04:00:00,12.29
2021-01-14 05:00:00,12.29
2021-01-14 06:00:00,12.29
2021-01-14 07:00:00,23.44
2021-01-14 08:00:00,40.61
2021-01-14 09:00:00,41.51
2021-01-14 10:00:00,40.22
2021-01-14 11:00:00,42.42
2021-01-14 12:00:00,34.79
2021-01-14 13:00:00,38.5
2021-01-14 14:00:00,41.59
2021-01-14 15:00:00,53.85
2021-01-14 16:00:00,44.65
2021-01-14 17:00:00,38.68
2021-01-14 18:00:00,41.51
2021-01-14 19:00:00,44.97
2021-01-14 20:00:00,40.47
2021-01-14 21:00:00,36.43
2021-01-14 22:00:00,37.64
2021-01-14 23:00:00,34.97
2021-01-15 00:00:00,36.87
2021-01-15 01:00:00,33.69
2021-01-15 02:00:00,42.24
2021-01-15 03:00:00,40.44
2021-01-15 04:00:00,29.25
2021-01-15 05:00:00,49.87
2021-01-15 06:00:00,42.8
2021-01-15 07:00:00,31.72
2021-01-15 08:00:00,32.58
2021-01-15 09:00:00,30.62
2021-01-15 10:00:00,45
2021-01-15 11:00:00,36.55
2021-01-15 12:00:00,39.68
2021-01-15 13:00:00,37.64
2021-01-15 14:00:00,38.29
2021-01-15 15:00:00,42.55
2021-01-15 16:00:00,36.37
2021-01-15 17:00:00,40.02
2021-01-15 18:00:00,40.52
2021-01-15 19:00:00,44.87
2021-01-15 20:00:00,41.84
2021-01-15 21:00:00,38.67
2021-01-15 22:00:00,33.42
2021-01-15 23:00:00,29.41
2021-01-16 00:00:00,34.2
2021-01-16 01:00:00,35.42
2021-01-16 02:00:00,38.46
2021-01-16 03:00:00,36.95
2021-01-16 04:00:00,32.29
2021-01-16 05:00:00,35.49
2021-01-16 06:00:00,38.46
2021-01-16 07:00:00,43
2021-01-16 08:00:00,33.9
2021-01-16 09:00:00,32.24
2021-01-16 10:00:00,41.3
2021-01-16 11:00:00,41.04
2021-01-16 12:00:00,37.04
2021-01-16 13:00:00,46.93
2021-01-16 14:00:00,31.56
2021-01-16 15:00:00,35.21
2021-01-16 16:00:00,49.34
2021-01-16 17:00:00,29.16
2021-01-16 18:00:00,34.99
2021-01-16 19:00:00,38.05
2021-01-16 20:00:00,36.99
2021-01-16 21:00:00,38.33
2021-01-16 22:00:00,36.77
2021-01-16 23:00:00,28.87
2021-01-17 00:00:00,39.52
2021-01-17 01:00:00,39.43
2021-01-17 02:00:00,39.73
2021-01-17 03:00:00,36.96
2021-01-17 04:00:00,35.55
2021-01-17 05:00:00,42.02
2021-01-17 06:00:00,35.38
2021-01-17 07:00:00,33.81
2021-01-17 08:00:00,36.41
2021-01-17 09:00:00,31.47
2021-01-17 10:00:00,29.65
2021-01-17 11:00:00,43.03
2021-01-17 12:00:00,42.28
2021-01-17 13:00:00,38.38
2021-01-17 14:00:00,39.07
2021-01-17 15:00:00,41.13
2021-01-17 16:00:00,45.31
2021-01-17 17:00:00,42.37
2021-01-17 18:00:00,34.03
2021-01-17 19:00:00,40.4
2021-01-17 20:00:00,38.65
2021-01-17 21:00:00,44.83
2021-01-17 22:00:00,37.78
2021-01-17 23:00:00,33.92
2021-01-18 00:00:00,36.29
2021-01-18 01:00:00,43.4
2021-01-18 02:00:00,38.13
2021-01-18 03:00:00,44.42
2021-01-18 04:00:00,41.83
2021-01-18 05:00:00,43.8
2021-01-18 06:00:00,45.53
2021-01-18 07:00:00,40.92
2021-01-18 08:00:00,43.87
2021-01-18 09:00:00,41.8
2021-01-18 10:00:00,36.13
2021-01-18 11:00:00,35.49
2021-01-18 12:00:00,42.39
2021-01-18 13:00:00,37.62
2021-01-18 14:00:00,43.39
2021-01-18 15:00:00,34.52
2021-01-18 16:00:00,42.31
2021-01-18 17:00:00,42.5
2021-01-18 18:00:00,37.8
2021-01-18 19:00:00,39.97
2021-01-18 20:00:00,37.18
2021-01-18 21:00:00,40.16
2021-01-18 22:00:00,35.73
2021-01-18 23:00:00,34.2
2021-01-19 00:00:00,24.91
2021-01-19 01:00:00,37.69
2021-01-19 02:00:00,40.1
2021-01-19 03:00:00,40.1
2021-01-19 04:00:00,38.31
2021-01-19 05:00:00,45.46
2021-01-19 06:00:00,44.67
2021-01-19 07:00:00,41.65
2021-01-19 08:00:00,49.93
2021-01-19 09:00:00,29.44
2021-01-19 10:00:00,36.11
2021-01-19 11:00:00,32.69
2021-01-19 12:00:00,33.95
2021-01-19 13:00:00,31.95
2021-01-19 14:00:00,35.77
2021-01-19 15:00:00,36.55
2021-01-19 16:00:00,40.96
2021-01-19 17:00:00,40.81
2021-01-19 18:00:00,38.62
2021-01-19 19:00:00,45.08
2021-01-19 20:00:00,39.07
2021-01-19 21:00:00,33.5
2021-01-19 22:00:00,34.24
2021-01-19 23:00:00,30.22
2021-01-20 00:00:00,33.23
2021-01-20 01:00:00,39.56
2021-01-20 02:00:00,43.83
2021-01-20 03:00:00,49.39
2021-01-20 04:00:00,41.31
2021-01-20 05:00:00,39.91
2021-01-20 06:00:00,34.68
2021-01-20 07:00:00,43.94
2021-01-20 08:00:00,32.12
2021-01-20 09:00:00,28.28
2021-01-20 10:00:00,40.77
2021-01-20 11:00:00,42.39
2021-01-20 12:00:00,43.02
2021-01-20 13:00:00,24.96
2021-01-20 14:00:00,34.03
2021-01-20 15:00:00,37.76
2021-01-20 16:00:00,38.93
2021-01-20 17:00:00,34.42
2021-01-20 18:00:00,36.59
2021-01-20 19:00:00,37.27
2021-01-20 20:00:00,39.21
2021-01-20 21:00:00,36.78
2021-01-20 22:00:00,34.8
2021-01-20 23:00:00,29.09
2021-01-21 00:00:00,28.85
2021-01-21 01:00:00,33.76
2021-01-21 02:00:00,47.18
2021-01-21 03:00:00,41.74
2021-01-21 04:00:00,43.63
2021-01-21 05:00:00,30.58
2021-01-21 06:00:00,35.56
2021-01-21 07:00:00,40.72
2021-01-21 08:00:00,30.15
2021-01-21 09:00:00,29.43
2021-01-21 10:00:00,39.31
2021-01-21 11:00:00,44.27
2021-01-21 12:00:00,42.88
2021-01-21 13:00:00,31.11
2021-01-21 14:00:00,38.53
2021-01-21 15:00:00,43.36
2021-01-21 16:00:00,45.55
2021-01-21 17:00:00,39.88
2021-01-21 18:00:00,36.04
2021-01-21 19:00:00,40.31
2021-01-21 20:00:00,38.05
2021-01-21 21:00:00,35.89
2021-01-21 22:00:00,34.8
2021-01-21 23:00:00,29.78
2021-01-22 00:00:00,31.2
2021-01-22 01:00:00,31.76
2021-01-22 02:00:00,31.36
2021-01-22 03:00:00,28.25
2021-01-22 04:00:00,36.25
2021-01-22 05:00:00,41.5
2021-01-22 06:00:00,32.77
2021-01-22 07:00:00,40.36
2021-01-22 08:00:00,34.83
2021-01-22 09:00:00,31.36
2021-01-22 10:00:00,29.02
2021-01-22 11:00:00,42.48
2021-01-22 12:00:00,39.69
2021-01-22 13:00:00,34.05
2021-01-22 14:00:00,37.8
2021-01-22 15:00:00,42.75
2021-01-22 16:00:00,36.45
2021-01-22 17:00:00,41.54
2021-01-22 18:00:00,33.89
2021-01-22 19:00:00,40.96
2021-01-22 20:00:00,43.37
2021-01-22 21:00:00,42.09
2021-01-22 22:00:00,33.62
2021-01-22 23:00:00,35.15
2021-01-23 00:00:00,39.17
2021-01-23 01:00:00,35.83
2021-01-23 02:00:00,33.14
2021-01-23 03:00:00,35.77
2021-01-23 04:00:00,34.3
2021-01-23 05:00:00,33.66
2021-01-23 06:00:00,31.95
2021-01-23 07:00:00,37.18
2021-01-23 08:00:00,31.16
2021-01-23 09:00:00,35.9
2021-01-23 10:00:00,34.13
2021-01-23 11:00:00,37.89
2021-01-23 12:00:00,32.61
2021-01-23 13:00:00,29.88
2021-01-23 14:00:00,28.33
2021-01-23 15:00:00,30.36
2021-01-23 16:00:00,41.12
2021-01-23 17:00:00,29.15
2021-01-23 18:00:00,35.69
2021-01-23 19:00:00,40.68
2021-01-23 20:00:00,42.31
2021-01-23 21:00:00,34.41
2021-01-23 22:00:00,36.08
2021-01-23 23:00:00,33.12
2021-01-24 00:00:00,47.91
2021-01-24 01:00:00,35.88
2021-01-24 02:00:00,43.81
2021-01-24 03:00:00,38.05
2021-01-24 04:00:00,32.37
2021-01-24 05:00:00,32.49
2021-01-24 06:00:00,34.35
2021-01-24 07:00:00,31.07
2021-01-24 08:00:00,27.3
2021-01-24 09:00:00,30.64
2021-01-24 10:00:00,34.03
2021-01-24 11:00:00,36.53
2021-01-24 12:00:00,38.04
2021-01-24 13:00:00,35.94
2021-01-24 14:00:00,27.22
2021-01-24 15:00:00,35.55
2021-01-24 16:00:00,37.95
2021-01-24 17:00:00,32.28
2021-01-24 18:00:00,32.74
2021-01-24 19:00:00,36.91
2021-01-24 20:00:00,41.56
2021-01-24 21:00:00,38.93
2021-01-24 22:00:00,35.42
2021-01-24 23:00:00,33.78
2021-01-25 00:00:00,39.74
2021-01-25 01:00:00,42.87
2021-01-25 02:00:00,36.14
2021-01-25 03:00:00,41.2
2021-01-25 04:00:00,34.59
2021-01-25 05:00:00,40.98
2021-01-25 06:00:00,40.95
2021-01-25 07:00:00,39.62
2021-01-25 08:00:00,39.77
2021-01-25 09:00:00,26.6
2021-01-25 10:00:00,30.15
2021-01-25 11:00:00,39.25
2021-01-25 12:00:00,34.66
2021-01-25 13:00:00,31.77
2021-01-25 14:00:00,40.3
2021-01-25 15:00:00,42.07
2021-01-25 16:00:00,44.09
2021-01-25 17:00:00,44.86
2021-01-25 18:00:00,44.04
2021-01-25 19:00:00,42.06
2021-01-25 20:00:00,38.37
2021-01-25 21:00:00,41.12
2021-01-25 22:00:00,32.21
2021-01-25 23:00:00,32.09
2021-01-26 00:00:00,31.58
2021-01-26 01:00:00,32
2021-01-26 02:00:00,43.98
2021-01-26 03:00:00,41.02
2021-01-26 04:00:00,35.33
2021-01-26 05:00:00,42.47
2021-01-26 06:00:00,37.14
2021-01-26 07:00:00,40.73
2021-01-26 08:00:00,38.29
2021-01-26 09:00:00,36.71
2021-01-26 10:00:00,37.14
2021-01-26 11:00:00,37.69
2021-01-26 12:00:00,34.86
2021-01-26 13:00:00,30.5
2021-01-26 14:00:00,38.26
2021-01-26 15:00:00,41.62
2021-01-26 16:00:00,37.74
2021-01-26 17:00:00,39.3
2021-01-26 18:00:00,40.73
2021-01-26 19:00:00,45.84
2021-01-26 20:00:00,46.8
2021-01-26 21:00:00,38.88
2021-01-26 22:00:00,37.35
2021-01-26 23:00:00,34.61
2021-01-27 00:00:00,35.05
2021-01-27 01:00:00,34.72
2021-01-27 02:00:00,40.36
2021-01-27 03:00:00,36.83
2021-01-27 04:00:00,34.37
2021-01-27 05:00:00,36.24
2021-01-27 06:00:00,40.34
2021-01-27 07:00:00,41.64
2021-01-27 08:00:00,29.32
2021-01-27 09:00:00,30.5
2021-01-27 10:00:00,34.44
2021-01-27 11:00:00,33.92
2021-01-27 12:00:00,35.07
2021-01-27 13:00:00,39.78
2021-01-27 14:00:00,35.94
2021-01-27 15:00:00,42.62
2021-01-27 16:00:00,38.95
2021-01-27 17:00:00,44.51
2021-01-27 18:00:00,40.29
2021-01-27 19:00:00,37.28
2021-01-27 20:00:00,35.38
2021-01-27 21:00:00,40.13
2021-01-27 22:00:00,31.09
2021-01-27 23:00:00,34.17
2021-01-28 00:00:00,39.04
2021-01-28 01:00:00,37.14
2021-01-28 02:00:00,35.49
2021-01-28 03:00:00,30
2021-01-28 04:00:00,33.82
2021-01-28 05:00:00,30.01
2021-01-28 06:00:00,40.21
2021-01-28 07:00:00,36.98
2021-01-28 08:00:00,33.15
2021-01-28 09:00:00,31.66
2021-01-28 10:00:00,29.83
2021-01-28 11:00:00,33.18
2021-01-28 12:00:00,38.88
2021-01-28 13:00:00,38.92
2021-01-28 14:00:00,37.92
2021-01-28 15:00:00,38.92
2021-01-28 16:00:00,38.59
2021-01-28 17:00:00,35.92
2021-01-28 18:00:00,32.9
2021-01-28 19:00:00,37
2021-01-28 20:00:00,36.43
2021-01-28 21:00:00,31.45
2021-01-28 22:00:00,36.58
2021-01-28 23:00:00,32.45
2021-01-29 00:00:00,30.71
2021-01-29 01:00:00,36.24
2021-01-29 02:00:00,31.9
2021-01-29 03:00:00,37.42
2021-01-29 04:00:00,31.21
2021-01-29 05:00:00,35.71
2021-01-29 06:00:00,36.05
2021-01-29 07:00:00,33.82
2021-01-29 08:00:00,31.52
2021-01-29 09:00:00,31.64
2021-01-29 10:00:00,32.69
2021-01-29 11:00:00,26.9
2021-01-29 12:00:00,31.13
2021-01-29 13:00:00,35.47
2021-01-29 14:00:00,32.52
2021-01-29 15:00:00,30.88
2021-01-29 16:00:00,42.07
2021-01-29 17:00:00,38.6
2021-01-29 18:00:00,37.04
2021-01-29 19:00:00,42.65
2021-01-29 20:00:00,40.33
2021-01-29 21:00:00,33.42
2021-01-29 22:00:00,31.14
2021-01-29 23:00:00,35.92
2021-01-30 00:00:00,27.87
2021-01-30 01:00:00,31.93
2021-01-30 02:00:00,34.09
2021-01-30 03:00:00,47.22
2021-01-30 04:00:00,37.49
2021-01-30 05:00:00,43.79
2021-01-30 06:00:00,50.45
2021-01-30 07:00:00,37.32
2021-01-30 08:00:00,33.11
2021-01-30 09:00:00,35.68
2021-01-30 10:00:00,30.14
2021-01-30 11:00:00,30.07
2021-01-30 12:00:00,31.91
2021-01-30 13:00:00,45.83
2021-01-30 14:00:00,38.31
2021-01-30 15:00:00,40.08
2021-01-30 16:00:00,41.18
2021-01-30 17:00:00,46.16
2021-01-30 18:00:00,44.78
2021-01-30 19:00:00,45.2
2021-01-30 20:00:00,44.89
2021-01-30 21:00:00,37.71
2021-01-30 22:00:00,36.13
2021-01-30 23:00:00,35.05
2021-01-31 00:00:00,35.59
2021-01-31 01:00:00,33.19
2021-01-31 02:00:00,32.38
2021-01-31 03:00:00,35.9
2021-01-31 04:00:00,38.09
2021-01-31 05:00:00,29.61
2021-01-31 06:00:00,35.89
2021-01-31 07:00:00,32.12
2021-01-31 08:00:00,31.28
2021-01-31 09:00:00,25.7
2021-01-31 10:00:00,35.99
2021-01-31 11:00:00,29.39
2021-01-31 12:00:00,29.16
2021-01-31 13:00:00,26.82
2021-01-31 14:00:00,26.83
2021-01-31 15:00:00,33.94
2021-01-31 16:00:00,40.07
2021-01-31 17:00:00,32.56
2021-01-31 18:00:00,41.47
2021-01-31 19:00:00,33.29
2021-01-31 20:00:00,35.21
2021-01-31 21:00:00,34.21
2021-01-31 22:00:00,30.93
2021-01-31 23:00:00,29.22
2021-02-01 00:00:00,34.46
2021-02-01 01:00:00,32.15
2021-02-01 02:00:00,33.44
2021-02-01 03:00:00,34.33
2021-02-01 04:00:00,24.58
2021-02-01 05:00:00,32.08
2021-02-01 06:00:00,40.68
2021-02-01 07:00:00,36.94
2021-02-01 08:00:00,31.23
2021-02-01 09:00:00,37.58
2021-02-01 10:00:00,39.49
2021-02-01 11:00:00,41.53
2021-02-01 12:00:00,35.54
2021-02-01 13:00:00,44.79
2021-02-01 14:00:00,42.36
2021-02-01 15:00:00,29.56
2021-02-01 16:00:00,37.86
2021-02-01 17:00:00,40.88
2021-02-01 18:00:00,34.75
2021-02-01 19:00:00,39.37
2021-02-01 20:00:00,34.91
2021-02-01 21:00:00,36.47
2021-02-01 22:00:00,41.14
2021-02-01 23:00:00,34
2021-02-02 00:00:00,38.77
2021-02-02 01:00:00,38.2
2021-02-02 02:00:00,31
2021-02-02 03:00:00,31.51
2021-02-02 04:00:00,28.11
2021-02-02 05:00:00,27.16
2021-02-02 06:00:00,38.69
2021-02-02 07:00:00,28.18
2021-02-02 08:00:00,30.28
2021-02-02 09:00:00,30.66
2021-02-02 10:00:00,27.91
2021-02-02 11:00:00,33.83
2021-02-02 12:00:00,29.34
2021-02-02 13:00:00,28.57
2021-02-02 14:00:00,24.94
2021-02-02 15:00:00,26.14
2021-02-02 16:00:00,38.32
2021-02-02 17:00:00,43.42
2021-02-02 18:00:00,38.28
2021-02-02 19:00:00,43.82
2021-02-02 20:00:00,41.46
2021-02-02 21:00:00,35.4
2021-02-02 22:00:00,32.82
2021-02-02 23:00:00,28.29
2021-02-03 00:00:00,27.94
2021-02-03 01:00:00,29.91
2021-02-03 02:00:00,34.79
2021-02-03 03:00:00,42.31
2021-02-03 04:00:00,35.43
2021-02-03 05:00:00,44.18
2021-02-03 06:00:00,41.72
2021-02-03 07:00:00,40.02
2021-02-03 08:00:00,31.27
2021-02-03 09:00:00,24.64
2021-02-03 10:00:00,24.28
2021-02-03 11:00:00,23.86
2021-02-03 12:00:00,36.42
2021-02-03 13:00:00,29.36
2021-02-03 14:00:00,44.87
2021-02-03 15:00:00,33.19
2021-02-03 16:00:00,42.43
2021-02-03 17:00:00,40.08
2021-02-03 18:00:00,43.08
2021-02-03 19:00:00,44.89
2021-02-03 20:00:00,44.45
2021-02-03 21:00:00,42.16
2021-02-03 22:00:00,39.04
2021-02-03 23:00:00,30.83
2021-02-04 00:00:00,30.36
2021-02-04 01:00:00,34
2021-02-04 02:00:00,29.23
2021-02-04 03:00:00,25.7
2021-02-04 04:00:00,29.23
2021-02-04 05:00:00,31.09
2021-02-04 06:00:00,43.22
2021-02-04 07:00:00,44.71
2021-02-04 08:00:00,31.57
2021-02-04 09:00:00,30.36
2021-02-04 10:00:00,32.69
2021-02-04 11:00:00,45.72
2021-02-04 12:00:00,39.07
2021-02-04 13:00:00,25.12
2021-02-04 14:00:00,28.54
2021-02-04 15:00:00,39.18
2021-02-04 16:00:00,43.41
2021-02-04 17:00:00,41.68
2021-02-04 18:00:00,39.19
2021-02-04 19:00:00,43.8
2021-02-04 20:00:00,37.31
2021-02-04 21:00:00,38.72
2021-02-04 22:00:00,19.28
2021-02-04 23:00:00,18.24
2021-02-05 00:00:00,39.16
2021-02-05 01:00:00,34.52
2021-02-05 02:00:00,30.58
2021-02-05 03:00:00,38.07
2021-02-05 04:00:00,38.79
2021-02-05 05:00:00,35.72
2021-02-05 06:00:00,38.49
2021-02-05 07:00:00,38.54
2021-02-05 08:00:00,36.69
2021-02-05 09:00:00,27.68
2021-02-05 10:00:00,31.3
2021-02-05 11:00:00,33.97
2021-02-05 12:00:00,31.55
2021-02-05 13:00:00,40.77
2021-02-05 14:00:00,44.7
2021-02-05 15:00:00,40.76
2021-02-05 16:00:00,39.33
2021-02-05 17:00:00,39
2021-02-05 18:00:00,33.27
2021-02-05 19:00:00,42.16
2021-02-05 20:00:00,34.69
2021-02-05 21:00:00,41.61
2021-02-05 22:00:00,34.78
2021-02-05 23:00:00,36.45
2021-02-06 00:00:00,36.88
2021-02-06 01:00:00,34.38
2021-02-06 02:00:00,37.55
2021-02-06 03:00:00,37.12
2021-02-06 04:00:00,30.28
2021-02-06 05:00:00,32.51
2021-02-06 06:00:00,31.05
2021-02-06 07:00:00,36.37
2021-02-06 08:00:00,34.29
2021-02-06 09:00:00,26.28
2021-02-06 10:00:00,27.14
2021-02-06 11:00:00,34.6
2021-02-06 12:00:00,38.29
2021-02-06 13:00:00,25.77
2021-02-06 14:00:00,28.47
2021-02-06 15:00:00,29.61
2021-02-06 16:00:00,31.28
2021-02-06 17:00:00,38.86
2021-02-06 18:00:00,40.51
2021-02-06 19:00:00,39.52
2021-02-06 20:00:00,41.09
2021-02-06 21:00:00,34.44
2021-02-06 22:00:00,34.2
2021-02-06 23:00:00,25.75
2021-02-07 00:00:00,31.51
2021-02-07 01:00:00,29.83
2021-02-07 02:00:00,38.53
2021-02-07 03:00:00,37.41
2021-02-07 04:00:00,28.29
2021-02-07 05:00:00,51.94
2021-02-07 06:00:00,44.08
2021-02-07 07:00:00,44.33
2021-02-07 08:00:00,29.96
2021-02-07 09:00:00,27.4
2021-02-07 10:00:00,24.44
2021-02-07 11:00:00,24.44
2021-02-07 12:00:00,26.35
2021-02-07 13:00:00,26.85
2021-02-07 14:00:00,28.38
2021-02-07 15:00:00,39.28
2021-02-07 16:00:00,48.58
2021-02-07 17:00:00,42.58
2021-02-07 18:00:00,31.56
2021-02-07 19:00:00,43.43
2021-02-07 20:00:00,43.26
2021-02-07 21:00:00,43.35
2021-02-07 22:00:00,36.79
2021-02-07 23:00:00,33.55
2021-02-08 00:00:00,40.23
2021-02-08 01:00:00,36.25
2021-02-08 02:00:00,40.06
2021-02-08 03:00:00,43.63
2021-02-08 04:00:00,33.64
2021-02-08 05:00:00,31.02
2021-02-08 06:00:00,37.9
2021-02-08 07:00:00,36.69
2021-02-08 08:00:00,39.58
2021-02-08 09:00:00,38.38
2021-02-08 10:00:00,38.15
2021-02-08 11:00:00,37.14
2021-02-08 12:00:00,36.1
2021-02-08 13:00:00,33.5
2021-02-08 14:00:00,40.49
2021-02-08 15:00:00,37.76
2021-02-08 16:00:00,43.71
2021-02-08 17:00:00,41.77
2021-02-08 18:00:00,32.89
2021-02-08 19:00:00,45.07
2021-02-08 20:00:00,47.33
2021-02-08 21:00:00,41.94
2021-02-08 22:00:00,33.48
2021-02-08 23:00:00,33.25
2021-02-09 00:00:00,34.22
2021-02-09 01:00:00,30.92
2021-02-09 02:00:00,44.69
2021-02-09 03:00:00,50.79
2021-02-09 04:00:00,43.54
2021-02-09 05:00:00,30.83
2021-02-09 06:00:00,40.88
2021-02-09 07:00:00,39.95
2021-02-09 08:00:00,32.74
2021-02-09 09:00:00,36.98
2021-02-09 10:00:00,35.92
2021-02-09 11:00:00,30.15
2021-02-09 12:00:00,32.23
2021-02-09 13:00:00,33.27
2021-02-09 14:00:00,41.15
2021-02-09 15:00:00,42.03
2021-02-09 16:00:00,39.77
2021-02-09 17:00:00,41.67
2021-02-09 18:00:00,43.37
2021-02-09 19:00:00,42.97
2021-02-09 20:00:00,38.85
2021-02-09 21:00:00,36.86
2021-02-09 22:00:00,36.91
2021-02-09 23:00:00,37.81
2021-02-10 00:00:00,39.03
2021-02-10 01:00:00,37.68
2021-02-10 02:00:00,33.75
2021-02-10 03:00:00,36.63
2021-02-10 04:00:00,34.83
2021-02-10 05:00:00,38.7
2021-02-10 06:00:00,39.26
2021-02-10 07:00:00,38.96
2021-02-10 08:00:00,34.14
2021-02-10 09:00:00,32.17
2021-02-10 10:00:00,34.43
2021-02-10 11:00:00,33.94
2021-02-10 12:00:00,33.07
2021-02-10 13:00:00,30.25
2021-02-10 14:00:00,33.43
2021-02-10 15:00:00,35.11
2021-02-10 16:00:00,39.53
2021-02-10 17:00:00,41.13
2021-02-10 18:00:00,45.93
2021-02-10 19:00:00,49.37
2021-02-10 20:00:00,45.05
2021-02-10 21:00:00,36.55
2021-02-10 22:00:00,34.65
2021-02-10 23:00:00,35.69
2021-02-11 00:00:00,40.71
2021-02-11 01:00:00,33.57
2021-02-11 02:00:00,40.91
2021-02-11 03:00:00,38.94
2021-02-11 04:00:00,31.77
2021-02-11 05:00:00,38.23
2021-02-11 06:00:00,36.82
2021-02-11 07:00:00,35.88
2021-02-11 08:00:00,33.26
2021-02-11 09:00:00,32.84
2021-02-11 10:00:00,35.33
2021-02-11 11:00:00,37.7
2021-02-11 12:00:00,35.9
2021-02-11 13:00:00,35.59
2021-02-11 14:00:00,36.12
2021-02-11 15:00:00,29.08
2021-02-11 16:00:00,37.47
2021-02-11 17:00:00,33.98
2021-02-11 18:00:00,39.29
2021-02-11 19:00:00,42.78
2021-02-11 20:00:00,40.59
2021-02-11 21:00:00,38.12
2021-02-11 22:00:00,37.97
2021-02-11 23:00:00,38.14
2021-02-12 00:00:00,49.05
2021-02-12 01:00:00,31.75
2021-02-12 02:00:00,35.89
2021-02-12 03:00:00,36.13
2021-02-12 04:00:00,35.64
2021-02-12 05:00:00,40.06
2021-02-12 06:00:00,40.63
2021-02-12 07:00:00,38.84
2021-02-12 08:00:00,31.91
2021-02-12 09:00:00,25.17
2021-02-12 10:00:00,43.27
2021-02-12 11:00:00,40.72
2021-02-12 12:00:00,35.46
2021-02-12 13:00:00,32.9
2021-02-12 14:00:00,33.05
2021-02-12 15:00:00,36.83
2021-02-12 16:00:00,39.84
2021-02-12 17:00:00,43.9
2021-02-12 18:00:00,37.31
2021-02-12 19:00:00,40.98
2021-02-12 20:00:00,39.16
2021-02-12 21:00:00,32.7
2021-02-12 22:00:00,32.69
2021-02-12 23:00:00,37.08
2021-02-13 00:00:00,32.42
2021-02-13 01:00:00,39.04
2021-02-13 02:00:00,33.48
2021-02-13 03:00:00,40.78
2021-02-13 04:00:00,38.31
2021-02-13 05:00:00,35.09
2021-02-13 06:00:00,31.85
2021-02-13 07:00:00,38.32
2021-02-13 08:00:00,28.92
2021-02-13 09:00:00,31.62
2021-02-13 10:00:00,28.67
2021-02-13 11:00:00,37.74
2021-02-13 12:00:00,32.16
2021-02-13 13:00:00,31.38
2021-02-13 14:00:00,42.01
2021-02-13 15:00:00,31.7
2021-02-13 16:00:00,41.91
2021-02-13 17:00:00,38.17
2021-02-13 18:00:00,31.97
2021-02-13 19:00:00,38.49
2021-02-13 20:00:00,37.53
2021-02-13 21:00:00,33.64
2021-02-13 22:00:00,47.2
2021-02-13 23:00:00,43.03
2021-02-14 00:00:00,44.4
2021-02-14 01:00:00,39.26
2021-02-14 02:00:00,35.66
2021-02-14 03:00:00,33.77
2021-02-14 04:00:00,38.38
2021-02-14 05:00:00,40.42
2021-02-14 06:00:00,46.92
2021-02-14 07:00:00,41.04
2021-02-14 08:00:00,31.78
2021-02-14 09:00:00,27.83
2021-02-14 10:00:00,27.81
2021-02-14 11:00:00,31.31
2021-02-14 12:00:00,37.95
2021-02-14 13:00:00,32.67
2021-02-14 14:00:00,30.55
2021-02-14 15:00:00,41.43
2021-02-14 16:00:00,44.59
2021-02-14 17:00:00,43.62
2021-02-14 18:00:00,42.48
2021-02-14 19:00:00,46.2
2021-02-14 20:00:00,34.66
2021-02-14 21:00:00,32.27
2021-02-14 22:00:00,30.37
2021-02-14 23:00:00,32.79
2021-02-15 00:00:00,34.42
2021-02-15 01:00:00,35.11
2021-02-15 02:00:00,36.46
2021-02-15 03:00:00,38.32
2021-02-15 04:00:00,43.6
2021-02-15 05:00:00,43.08
2021-02-15 06:00:00,36.09
2021-02-15 07:00:00,36.01
2021-02-15 08:00:00,26.39
2021-02-15 09:00:00,28.06
2021-02-15 10:00:00,36.06
2021-02-15 11:00:00,36.35
2021-02-15 12:00:00,41.71
2021-02-15 13:00:00,39.73
2021-02-15 14:00:00,40.18
2021-02-15 15:00:00,41.12
2021-02-15 16:00:00,45.59
2021-02-15 17:00:00,41.69
2021-02-15 18:00:00,31.68
2021-02-15 19:00:00,39.42
2021-02-15 20:00:00,33.96
2021-02-15 21:00:00,36.42
2021-02-15 22:00:00,32.46
2021-02-15 23:00:00,35.76
2021-02-16 00:00:00,38.9
2021-02-16 01:00:00,38.57
2021-02-16 02:00:00,36.65
2021-02-16 03:00:00,34.46
2021-02-16 04:00:00,37.87
2021-02-16 05:00:00,36.28
2021-02-16 06:00:00,38.84
2021-02-16 07:00:00,39.22
2021-02-16 08:00:00,46.38
2021-02-16 09:00:00,34.37
2021-02-16 10:00:00,35.47
2021-02-16 11:00:00,33.8
2021-02-16 12:00:00,36.36
2021-02-16 13:00:00,33.31
2021-02-16 14:00:00,43.57
2021-02-16 15:00:00,44.44
2021-02-16 16:00:00,39.23
2021-02-16 17:00:00,44.23
2021-02-16 18:00:00,42.03
2021-02-16 19:00:00,37.2
2021-02-16 20:00:00,39.42
2021-02-16 21:00:00,32.94
2021-02-16 22:00:00,35.28
2021-02-16 23:00:00,33.62
2021-02-17 00:00:00,36.49
2021-02-17 01:00:00,37.74
2021-02-17 02:00:00,34.68
2021-02-17 03:00:00,37.37
2021-02-17 04:00:00,34.85
2021-02-17 05:00:00,37.91
2021-02-17 06:00:00,38.71
2021-02-17 07:00:00,38.56
2021-02-17 08:00:00,43.97
2021-02-17 09:00:00,42.44
2021-02-17 10:00:00,29.13
2021-02-17 11:00:00,36.84
2021-02-17 12:00:00,33.73
2021-02-17 13:00:00,37.8
2021-02-17 14:00:00,37.62
2021-02-17 15:00:00,40.88
2021-02-17 16:00:00,37.13
2021-02-17 17:00:00,43.52
2021-02-17 18:00:00,40.71
2021-02-17 19:00:00,37.99
2021-02-17 20:00:00,38.99
2021-02-17 21:00:00,36.3
2021-02-17 22:00:00,40.29
2021-02-17 23:00:00,39.29
2021-02-18 00:00:00,41.23
2021-02-18 01:00:00,43.85
2021-02-18 02:00:00,39.08
2021-02-18 03:00:00,43.42
2021-02-18 04:00:00,45.96
2021-02-18 05:00:00,45.69
2021-02-18 06:00:00,39.95
2021-02-18 07:00:00,45.05
2021-02-18 08:00:00,37.42
2021-02-18 09:00:00,30.59
2021-02-18 10:00:00,29.35
2021-02-18 11:00:00,35.86
2021-02-18 12:00:00,29.53
2021-02-18 13:00:00,34.24
2021-02-18 14:00:00,38.54
2021-02-18 15:00:00,40.99
2021-02-18 16:00:00,47.82
2021-02-18 17:00:00,38.18
2021-02-18 18:00:00,30.75
2021-02-18 19:00:00,38.37
2021-02-18 20:00:00,42.53
2021-02-18 21:00:00,34.86
2021-02-18 22:00:00,34.03
2021-02-18 23:00:00,29.92
2021-02-19 00:00:00,32.29
2021-02-19 01:00:00,34.34
2021-02-19 02:00:00,34.31
2021-02-19 03:00:00,35.94
2021-02-19 04:00:00,35.4
2021-02-19 05:00:00,35.19
2021-02-19 06:00:00,35.57
2021-02-19 07:00:00,32.64
2021-02-19 08:00:00,35.82
2021-02-19 09:00:00,40.01
2021-02-19 10:00:00,34.77
2021-02-19 11:00:00,32.4
2021-02-19 12:00:00,52.26
2021-02-19 13:00:00,29.24
2021-02-19 14:00:00,30.34
2021-02-19 15:00:00,32.97
2021-02-19 16:00:00,29.84
2021-02-19 17:00:00,33.18
2021-02-19 18:00:00,38.61
2021-02-19 19:00:00,46.2
2021-02-19 20:00:00,37.62
2021-02-19 21:00:00,42.98
2021-02-19 22:00:00,37.08
2021-02-19 23:00:00,33.47
2021-02-20 00:00:00,37.8
2021-02-20 01:00:00,47.11
2021-02-20 02:00:00,34.56
2021-02-20 03:00:00,31.99
2021-02-20 04:00:00,32.22
2021-02-20 05:00:00,38.74
2021-02-20 06:00:00,44.98
2021-02-20 07:00:00,48.28
2021-02-20 08:00:00,39.36
2021-02-20 09:00:00,40.72
2021-02-20 10:00:00,27.36
2021-02-20 11:00:00,34.15
2021-02-20 12:00:00,42.3
2021-02-20 13:00:00,34.3
2021-02-20 14:00:00,33.74
2021-02-20 15:00:00,46.07
2021-02-20 16:00:00,34.85
2021-02-20 17:00:00,37.66
2021-02-20 18:00:00,34.72
2021-02-20 19:00:00,37.17
2021-02-20 20:00:00,33.56
2021-02-20 21:00:00,30.18
2021-02-20 22:00:00,31.17
2021-02-20 23:00:00,34.13
2021-02-21 00:00:00,35.67
2021-02-21 01:00:00,34.71
2021-02-21 02:00:00,33.52
2021-02-21 03:00:00,39.96
2021-02-21 04:00:00,31.66
2021-02-21 05:00:00,41.44
2021-02-21 06:00:00,41.73
2021-02-21 07:00:00,43.09
2021-02-21 08:00:00,31.71
2021-02-21 09:00:00,24.13
2021-02-21 10:00:00,27.34
2021-02-21 11:00:00,23.47
2021-02-21 12:00:00,30.27
2021-02-21 13:00:00,31.05
2021-02-21 14:00:00,35.8
2021-02-21 15:00:00,41.91
2021-02-21 16:00:00,40.54
2021-02-21 17:00:00,35.3
2021-02-21 18:00:00,42.34
2021-02-21 19:00:00,38.21
2021-02-21 20:00:00,46.54
2021-02-21 21:00:00,39.76
2021-02-21 22:00:00,39.29
2021-02-21 23:00:00,45.82
2021-02-22 00:00:00,44.57
2021-02-22 01:00:00,35.6
2021-02-22 02:00:00,38.31
2021-02-22 03:00:00,42.75
2021-02-22 04:00:00,41.52
2021-02-22 05:00:00,34.2
2021-02-22 06:00:00,47.15
2021-02-22 07:00:00,36.66
2021-02-22 08:00:00,9.84
2021-02-22 09:00:00,9.84
2021-02-22 10:00:00,9.84
2021-02-22 11:00:00,9.84
2021-02-22 12:00:00,9.84
2021-02-22 13:00:00,9.84
2021-02-22 14:00:00,9.84
2021-02-22 15:00:00,9.84
2021-02-22 16:00:00,9.84
2021-02-22 17:00:00,13.25
2021-02-22 18:00:00,41.13
2021-02-22 19:00:00,40.53
2021-02-22 20:00:00,44.11
2021-02-22 21:00:00,37.46
2021-02-22 22:00:00,32.92
2021-02-22 23:00:00,31.99
2021-02-23 00:00:00,45.16
2021-02-23 01:00:00,29.04
2021-02-23 02:00:00,33.19
2021-02-23 03:00:00,38.97
2021-02-23 04:00:00,32.91
2021-02-23 05:00:00,46.73
2021-02-23 06:00:00,34.82
2021-02-23 07:00:00,33.93
2021-02-23 08:00:00,31.46
2021-02-23 09:00:00,30.95
2021-02-23 10:00:00,25.93
2021-02-23 11:00:00,27.68
2021-02-23 12:00:00,38.51
2021-02-23 13:00:00,42.01
2021-02-23 14:00:00,40.87
2021-02-23 15:00:00,35.84
2021-02-23 16:00:00,33.19
2021-02-23 17:00:00,33.43
2021-02-23 18:00:00,31.89
2021-02-23 19:00:00,34.81
2021-02-23 20:00:00,39.92
2021-02-23 21:00:00,40.76
2021-02-23 22:00:00,37.29
2021-02-23 23:00:00,25.01
2021-02-24 00:00:00,33.24
2021-02-24 01:00:00,32.12
2021-02-24 02:00:00,42.18
2021-02-24 03:00:00,38.5
2021-02-24 04:00:00,37.49
2021-02-24 05:00:00,41.97
2021-02-24 06:00:00,36.63
2021-02-24 07:00:00,37.9
2021-02-24 08:00:00,32.68
2021-02-24 09:00:00,38.62
2021-02-24 10:00:00,37.76
2021-02-24 11:00:00,36.36
2021-02-24 12:00:00,41.03
2021-02-24 13:00:00,37.88
2021-02-24 14:00:00,42.35
2021-02-24 15:00:00,36.42
2021-02-24 16:00:00,35.19
2021-02-24 17:00:00,43.29
2021-02-24 18:00:00,37.84
2021-02-24 19:00:00,38.03
2021-02-24 20:00:00,39.75
2021-02-24 21:00:00,37.13
2021-02-24 22:00:00,34.99
2021-02-24 23:00:00,36.8
2021-02-25 00:00:00,33.72
2021-02-25 01:00:00,34.62
2021-02-25 02:00:00,38.54
2021-02-25 03:00:00,41.45
2021-02-25 04:00:00,35.51
2021-02-25 05:00:00,41.17
2021-02-25 06:00:00,39.94
2021-02-25 07:00:00,37.83
2021-02-25 08:00:00,40.95
2021-02-25 09:00:00,29.55
2021-02-25 10:00:00,29.68
2021-02-25 11:00:00,39.58
2021-02-25 12:00:00,34.47
2021-02-25 13:00:00,38.44
2021-02-25 14:00:00,36.77
2021-02-25 15:00:00,33.99
2021-02-25 16:00:00,42.91
2021-02-25 17:00:00,44.34
2021-02-25 18:00:00,40.2
2021-02-25 19:00:00,41.88
2021-02-25 20:00:00,40.64
2021-02-25 21:00:00,38.56
2021-02-25 22:00:00,39.02
2021-02-25 23:00:00,38.45
2021-02-26 00:00:00,40.96
2021-02-26 01:00:00,35.97
2021-02-26 02:00:00,39.32
2021-02-26 03:00:00,32.23
2021-02-26 04:00:00,37.63
2021-02-26 05:00:00,47.93
2021-02-26 06:00:00,42.82
2021-02-26 07:00:00,35.99
2021-02-26 08:00:00,34.07
2021-02-26 09:00:00,32.77
2021-02-26 10:00:00,30.34
2021-02-26 11:00:00,32.76
2021-02-26 12:00:00,30.08
2021-02-26 13:00:00,34.94
2021-02-26 14:00:00,39.48
2021-02-26 15:00:00,40.39
2021-02-26 16:00:00,37.3
2021-02-26 17:00:00,36.66
2021-02-26 18:00:00,38.24
2021-02-26 19:00:00,36.3
2021-02-26 20:00:00,36.65
2021-02-26 21:00:00,36.62
2021-02-26 22:00:00,32.26
2021-02-26 23:00:00,30.12
2021-02-27 00:00:00,28.82
2021-02-27 01:00:00,27.5
2021-02-27 02:00:00,35.25
2021-02-27 03:00:00,35.15
2021-02-27 04:00:00,39.19
2021-02-27 05:00:00,34.58
2021-02-27 06:00:00,35.35
2021-02-27 07:00:00,26.88
2021-02-27 08:00:00,27.09
2021-02-27 09:00:00,32.87
2021-02-27 10:00:00,34.97
2021-02-27 11:00:00,44.15
2021-02-27 12:00:00,49.28
2021-02-27 13:00:00,35.44
2021-02-27 14:00:00,37.35
2021-02-27 15:00:00,40.99
2021-02-27 16:00:00,44.53
2021-02-27 17:00:00,42.4
2021-02-27 18:00:00,48.37
2021-02-27 19:00:00,40.75
2021-02-27 20:00:00,36.43
2021-02-27 21:00:00,37.11
2021-02-27 22:00:00,40.05
2021-02-27 23:00:00,32.47
2021-02-28 00:00:00,35.09
2021-02-28 01:00:00,38.44
2021-02-28 02:00:00,38.17
2021-02-28 03:00:00,30.36
2021-02-28 04:00:00,37.3
2021-02-28 05:00:00,40.25
2021-02-28 06:00:00,31.8
2021-02-28 07:00:00,34.14
2021-02-28 08:00:00,29.64
2021-02-28 09:00:00,23.77
2021-02-28 10:00:00,23.58
2021-02-28 11:00:00,23.99
2021-02-28 12:00:00,27.09
2021-02-28 13:00:00,40.23
2021-02-28 14:00:00,37.96
2021-02-28 15:00:00,42.79
2021-02-28 16:00:00,48.28
2021-02-28 17:00:00,38.49
2021-02-28 18:00:00,44.52
2021-02-28 19:00:00,31.65
2021-02-28 20:00:00,35.51
2021-02-28 21:00:00,32.18
2021-02-28 22:00:00,30.74
2021-02-28 23:00:00,32.02
2021-03-01 00:00:00,35.85
2021-03-01 01:00:00,36.83
2021-03-01 02:00:00,29.6
2021-03-01 03:00:00,40.35
2021-03-01 04:00:00,39.53
2021-03-01 05:00:00,40.97
2021-03-01 06:00:00,29.32
2021-03-01 07:00:00,33.34
2021-03-01 08:00:00,34.74
2021-03-01 09:00:00,39.41
2021-03-01 10:00:00,40.06
2021-03-01 11:00:00,41.14
2021-03-01 12:00:00,28.86
2021-03-01 13:00:00,33.85
2021-03-01 14:00:00,40.6
2021-03-01 15:00:00,43.13
2021-03-01 16:00:00,42.61
2021-03-01 17:00:00,41.44
2021-03-01 18:00:00,42.02
2021-03-01 19:00:00,42.66
2021-03-01 20:00:00,40.09
2021-03-01 21:00:00,32.44
2021-03-01 22:00:00,31.99
2021-03-01 23:00:00,35.62
2021-03-02 00:00:00,33.49
2021-03-02 01:00:00,31.25
2021-03-02 02:00:00,34.21
2021-03-02 03:00:00,33.94
2021-03-02 04:00:00,33.93
2021-03-02 05:00:00,34.16
2021-03-02 06:00:00,42.34
2021-03-02 07:00:00,38.28
2021-03-02 08:00:00,31.56
2021-03-02 09:00:00,37.3
2021-03-02 10:00:00,29.39
2021-03-02 11:00:00,29.7
2021-03-02 12:00:00,37.92
2021-03-02 13:00:00,34.75
2021-03-02 14:00:00,40.87
2021-03-02 15:00:00,40.71
2021-03-02 16:00:00,41.61
2021-03-02 17:00:00,16.66
2021-03-02 18:00:00,16.84
2021-03-02 19:00:00,47.93
2021-03-02 20:00:00,45.36
2021-03-02 21:00:00,35.38
2021-03-02 22:00:00,33.41
2021-03-02 23:00:00,32.83
2021-03-03 00:00:00,28.8
2021-03-03 01:00:00,28.73
2021-03-03 02:00:00,39.73
2021-03-03 03:00:00,34.77
2021-03-03 04:00:00,29.81
2021-03-03 05:00:00,37.67
2021-03-03 06:00:00,41.32
2021-03-03 07:00:00,30.56
2021-03-03 08:00:00,27.22
2021-03-03 09:00:00,27.66
2021-03-03 10:00:00,34.44
2021-03-03 11:00:00,37.43
2021-03-03 12:00:00,37.02
2021-03-03 13:00:00,35.69
2021-03-03 14:00:00,44.66
2021-03-03 15:00:00,41.15
2021-03-03 16:00:00,42.14
2021-03-03 17:00:00,37.12
2021-03-03 18:00:00,46.87
2021-03-03 19:00:00,41.7
2021-03-03 20:00:00,38.64
2021-03-03 21:00:00,32.51
2021-03-03 22:00:00,32.82
2021-03-03 23:00:00,31.8
2021-03-04 00:00:00,35.23
2021-03-04 01:00:00,30.16
2021-03-04 02:00:00,29.33
2021-03-04 03:00:00,31.09
2021-03-04 04:00:00,31.46
2021-03-04 05:00:00,32.78
2021-03-04 06:00:00,32.09
2021-03-04 07:00:00,30.59
2021-03-04 08:00:00,34.47
2021-03-04 09:00:00,27.34
2021-03-04 10:00:00,29.42
2021-03-04 11:00:00,35.65
2021-03-04 12:00:00,34.58
2021-03-04 13:00:00,34.22
2021-03-04 14:00:00,36.55
2021-03-04 15:00:00,37.72
2021-03-04 16:00:00,39.03
2021-03-04 17:00:00,39.55
2021-03-04 18:00:00,40.22
2021-03-04 19:00:00,45.21
2021-03-04 20:00:00,43.52
2021-03-04 21:00:00,31.95
2021-03-04 22:00:00,36.37
2021-03-04 23:00:00,34.94
2021-03-05 00:00:00,37.09
2021-03-05 01:00:00,31.94
2021-03-05 02:00:00,35.71
2021-03-05 03:00:00,38.72
2021-03-05 04:00:00,28.11
2021-03-05 05:00:00,34.28
2021-03-05 06:00:00,36.79
2021-03-05 07:00:00,39.5
2021-03-05 08:00:00,38.72
2021-03-05 09:00:00,37.17
2021-03-05 10:00:00,37.05
2021-03-05 11:00:00,41.69
2021-03-05 12:00:00,33.94
2021-03-05 13:00:00,31.7
2021-03-05 14:00:00,31.66
2021-03-05 15:00:00,39.57
2021-03-05 16:00:00,41.64
2021-03-05 17:00:00,42.27
2021-03-05 18:00:00,39.93
2021-03-05 19:00:00,43.63
2021-03-05 20:00:00,36.46
2021-03-05 21:00:00,37.08
2021-03-05 22:00:00,35.36
2021-03-05 23:00:00,30.42
2021-03-06 00:00:00,42.55
2021-03-06 01:00:00,27.49
2021-03-06 02:00:00,35.12
2021-03-06 03:00:00,37.12
2021-03-06 04:00:00,36.86
2021-03-06 05:00:00,38.46
2021-03-06 06:00:00,34
2021-03-06 07:00:00,29.76
2021-03-06 08:00:00,26.36
2021-03-06 09:00:00,31.74
2021-03-06 10:00:00,38.02
2021-03-06 11:00:00,35.59
2021-03-06 12:00:00,33.6
2021-03-06 13:00:00,30.52
2021-03-06 14:00:00,37.31
2021-03-06 15:00:00,41.13
2021-03-06 16:00:00,44.06
2021-03-06 17:00:00,31.93
2021-03-06 18:00:00,29.53
2021-03-06 19:00:00,43.46
2021-03-06 20:00:00,41.84
2021-03-06 21:00:00,36.75
2021-03-06 22:00:00,32.23
2021-03-06 23:00:00,27.18
2021-03-07 00:00:00,35.46
2021-03-07 01:00:00,34.92
2021-03-07 02:00:00,32.42
2021-03-07 03:00:00,35.2
2021-03-07 04:00:00,32.7
2021-03-07 05:00:00,36.19
2021-03-07 06:00:00,32.17
2021-03-07 07:00:00,35.68
2021-03-07 08:00:00,27.51
2021-03-07 09:00:00,28.45
2021-03-07 10:00:00,23.44
2021-03-07 11:00:00,37.75
2021-03-07 12:00:00,39.88
2021-03-07 13:00:00,32.62
2021-03-07 14:00:00,27.7
2021-03-07 15:00:00,39.18
2021-03-07 16:00:00,39.31
2021-03-07 17:00:00,35.98
2021-03-07 18:00:00,29.07
2021-03-07 19:00:00,41.1
2021-03-07 20:00:00,28.63
2021-03-07 21:00:00,33.4
2021-03-07 22:00:00,29.26
2021-03-07 23:00:00,32.76
2021-03-08 00:00:00,44.51
2021-03-08 01:00:00,41.21
2021-03-08 02:00:00,43.16
2021-03-08 03:00:00,45.05
2021-03-08 04:00:00,35.54
2021-03-08 05:00:00,45.59
2021-03-08 06:00:00,41.91
2021-03-08 07:00:00,39
2021-03-08 08:00:00,32.61
2021-03-08 09:00:00,32.97
2021-03-08 10:00:00,39.42
2021-03-08 11:00:00,44.45
2021-03-08 12:00:00,38.69
2021-03-08 13:00:00,36.15
2021-03-08 14:00:00,37.78
2021-03-08 15:00:00,40.08
2021-03-08 16:00:00,37.42
2021-03-08 17:00:00,37.44
2021-03-08 18:00:00,33.75
2021-03-08 19:00:00,38.25
2021-03-08 20:00:00,39.21
2021-03-08 21:00:00,33.02
2021-03-08 22:00:00,32.24
2021-03-08 23:00:00,29.96
2021-03-09 00:00:00,34.8
2021-03-09 01:00:00,32.78
2021-03-09 02:00:00,33.18
2021-03-09 03:00:00,36.95
2021-03-09 04:00:00,33.68
2021-03-09 05:00:00,38.93
2021-03-09 06:00:00,37.91
2021-03-09 07:00:00,51.6
2021-03-09 08:00:00,52.16
2021-03-09 09:00:00,51.28
2021-03-09 10:00:00,51.62
2021-03-09 11:00:00,44.18
2021-03-09 12:00:00,25.11
2021-03-09 13:00:00,26.32
2021-03-09 14:00:00,31.82
2021-03-09 15:00:00,37.73
2021-03-09 16:00:00,38.13
2021-03-09 17:00:00,34.98
2021-03-09 18:00:00,31.89
2021-03-09 19:00:00,42.39
2021-03-09 20:00:00,36.83
2021-03-09 21:00:00,34
2021-03-09 22:00:00,33.09
2021-03-09 23:00:00,27.57
2021-03-10 00:00:00,34.25
2021-03-10 01:00:00,27.61
2021-03-10 02:00:00,28.94
2021-03-10 03:00:00,38.86
2021-03-10 04:00:00,31.79
2021-03-10 05:00:00,37.7
2021-03-10 06:00:00,49.71
2021-03-10 07:00:00,49.78
2021-03-10 08:00:00,50.14
2021-03-10 09:00:00,49.45
2021-03-10 10:00:00,35.54
2021-03-10 11:00:00,46.31
2021-03-10 12:00:00,40.2
2021-03-10 13:00:00,30.74
2021-03-10 14:00:00,26.17
2021-03-10 15:00:00,33.98
2021-03-10 16:00:00,38.56
2021-03-10 17:00:00,32.09
2021-03-10 18:00:00,38.02
2021-03-10 19:00:00,44
2021-03-10 20:00:00,44.16
2021-03-10 21:00:00,34.76
2021-03-10 22:00:00,33.08
2021-03-10 23:00:00,33.02
2021-03-11 00:00:00,38.42
2021-03-11 01:00:00,38.53
2021-03-11 02:00:00,37.76
2021-03-11 03:00:00,35.65
2021-03-11 04:00:00,28.98
2021-03-11 05:00:00,33.22
2021-03-11 06:00:00,30.04
2021-03-11 07:00:00,23.04
2021-03-11 08:00:00,26.93
2021-03-11 09:00:00,26.15
2021-03-11 10:00:00,27.82
2021-03-11 11:00:00,30.99
2021-03-11 12:00:00,38.46
2021-03-11 13:00:00,30.35
2021-03-11 14:00:00,31.71
2021-03-11 15:00:00,35.4
2021-03-11 16:00:00,38.77
2021-03-11 17:00:00,38.36
2021-03-11 18:00:00,30.79
2021-03-11 19:00:00,41.2
2021-03-11 20:00:00,40.14
2021-03-11 21:00:00,34.94
2021-03-11 22:00:00,35.87
2021-03-11 23:00:00,31.91
2021-03-12 00:00:00,49.31
2021-03-12 01:00:00,43.14
2021-03-12 02:00:00,40.94
2021-03-12 03:00:00,38.74
2021-03-12 04:00:00,38.21
2021-03-12 05:00:00,39.11
2021-03-12 06:00:00,39.77
2021-03-12 07:00:00,35.53
2021-03-12 08:00:00,32.47
2021-03-12 09:00:00,27.78
2021-03-12 10:00:00,33.39
2021-03-12 11:00:00,34.55
2021-03-12 12:00:00,35.55
2021-03-12 13:00:00,37.35
2021-03-12 14:00:00,36.08
2021-03-12 15:00:00,35.76
2021-03-12 16:00:00,37.65
2021-03-12 17:00:00,37.4
2021-03-12 18:00:00,36.15
2021-03-12 19:00:00,37.6
2021-03-12 20:00:00,38.75
2021-03-12 21:00:00,38.16
2021-03-12 22:00:00,34.87
2021-03-12 23:00:00,29.62
2021-03-13 00:00:00,37.78
2021-03-13 01:00:00,29.85
2021-03-13 02:00:00,34.01
2021-03-13 03:00:00,34.95
2021-03-13 04:00:00,31.15
2021-03-13 05:00:00,32.74
2021-03-13 06:00:00,30.06
2021-03-13 07:00:00,28.93
2021-03-13 08:00:00,29.59
2021-03-13 09:00:00,28.15
2021-03-13 10:00:00,34.61
2021-03-13 11:00:00,34.59
2021-03-13 12:00:00,31.02
2021-03-13 13:00:00,31.97
2021-03-13 14:00:00,34.31
2021-03-13 15:00:00,32.7
2021-03-13 16:00:00,34.14
2021-03-13 17:00:00,29.5
2021-03-13 18:00:00,37.12
2021-03-13 19:00:00,38.89
2021-03-13 20:00:00,39.51
2021-03-13 21:00:00,37.67
2021-03-13 22:00:00,38.01
2021-03-13 23:00:00,33.14
2021-03-14 00:00:00,39.31
2021-03-14 01:00:00,35.24
2021-03-14 02:00:00,41.85
2021-03-14 03:00:00,46.77
2021-03-14 04:00:00,32.11
2021-03-14 05:00:00,29.89
2021-03-14 06:00:00,37.47
2021-03-14 07:00:00,26.75
2021-03-14 08:00:00,26.08
2021-03-14 09:00:00,31.19
2021-03-14 10:00:00,30.72
2021-03-14 11:00:00,33.8
2021-03-14 12:00:00,34.95
2021-03-14 13:00:00,37.48
2021-03-14 14:00:00,25.7
2021-03-14 15:00:00,27.34
2021-03-14 16:00:00,35.33
2021-03-14 17:00:00,37.64
2021-03-14 18:00:00,33.13
2021-03-14 19:00:00,37.61
2021-03-14 20:00:00,37.6
2021-03-14 21:00:00,32.34
2021-03-14 22:00:00,31.91
2021-03-14 23:00:00,30.77
2021-03-15 00:00:00,33.62
2021-03-15 01:00:00,43.48
2021-03-15 02:00:00,37.9
2021-03-15 03:00:00,38.3
2021-03-15 04:00:00,33.15
2021-03-15 05:00:00,42.41
2021-03-15 06:00:00,41.21
2021-03-15 07:00:00,33.47
2021-03-15 08:00:00,29.77
2021-03-15 09:00:00,43.7
2021-03-15 10:00:00,44.5
2021-03-15 11:00:00,46.13
2021-03-15 12:00:00,38.1
2021-03-15 13:00:00,39.88
2021-03-15 14:00:00,42
2021-03-15 15:00:00,38.05
2021-03-15 16:00:00,41.25
2021-03-15 17:00:00,43.1
2021-03-15 18:00:00,39.12
2021-03-15 19:00:00,41.57
2021-03-15 20:00:00,42.11
2021-03-15 21:00:00,41.69
2021-03-15 22:00:00,42.2
2021-03-15 23:00:00,40.62
2021-03-16 00:00:00,39.82
2021-03-16 01:00:00,36.55
2021-03-16 02:00:00,39.14
2021-03-16 03:00:00,45
2021-03-16 04:00:00,37.51
2021-03-16 05:00:00,34.12
2021-03-16 06:00:00,40.38
2021-03-16 07:00:00,45.52
2021-03-16 08:00:00,39.81
2021-03-16 09:00:00,36.45
2021-03-16 10:00:00,31.78
2021-03-16 11:00:00,39.94
2021-03-16 12:00:00,43.4
2021-03-16 13:00:00,30.54
2021-03-16 14:00:00,43.04
2021-03-16 15:00:00,39.09
2021-03-16 16:00:00,36.28
2021-03-16 17:00:00,36.15
2021-03-16 18:00:00,34.39
2021-03-16 19:00:00,45.71
2021-03-16 20:00:00,38.68
2021-03-16 21:00:00,41.17
2021-03-16 22:00:00,36.33
2021-03-16 23:00:00,36.27
2021-03-17 00:00:00,36.09
2021-03-17 01:00:00,30.33
2021-03-17 02:00:00,40.14
2021-03-17 03:00:00,44.22
2021-03-17 04:00:00,30.13
2021-03-17 05:00:00,36.33
2021-03-17 06:00:00,39.29
2021-03-17 07:00:00,32.75
2021-03-17 08:00:00,34.57
2021-03-17 09:00:00,31.3
2021-03-17 10:00:00,36.83
2021-03-17 11:00:00,44.73
2021-03-17 12:00:00,34.79
2021-03-17 13:00:00,33.35
2021-03-17 14:00:00,40.19
2021-03-17 15:00:00,42.51
2021-03-17 16:00:00,37.94
2021-03-17 17:00:00,43.73
2021-03-17 18:00:00,44.89
2021-03-17 19:00:00,41.59
2021-03-17 20:00:00,36.38
2021-03-17 21:00:00,36.69
2021-03-17 22:00:00,30.7
2021-03-17 23:00:00,35.46
2021-03-18 00:00:00,34.51
2021-03-18 01:00:00,38.29
2021-03-18 02:00:00,36.89
2021-03-18 03:00:00,36.4
2021-03-18 04:00:00,33.66
2021-03-18 05:00:00,36.02
2021-03-18 06:00:00,37.54
2021-03-18 07:00:00,32.76
2021-03-18 08:00:00,29.06
2021-03-18 09:00:00,31.14
2021-03-18 10:00:00,32.53
2021-03-18 11:00:00,32.92
2021-03-18 12:00:00,41.36
2021-03-18 13:00:00,31.38
2021-03-18 14:00:00,41.1
2021-03-18 15:00:00,35.34
2021-03-18 16:00:00,43.38
2021-03-18 17:00:00,35.93
2021-03-18 18:00:00,39.07
2021-03-18 19:00:00,44.65
2021-03-18 20:00:00,41.88
2021-03-18 21:00:00,41.58
2021-03-18 22:00:00,40.28
2021-03-18 23:00:00,40.06
2021-03-19 00:00:00,42.68
2021-03-19 01:00:00,37.22
2021-03-19 02:00:00,42.43
2021-03-19 03:00:00,41.51
2021-03-19 04:00:00,31.51
2021-03-19 05:00:00,37.22
2021-03-19 06:00:00,45.17
2021-03-19 07:00:00,42.57
2021-03-19 08:00:00,35.9
2021-03-19 09:00:00,32.33
2021-03-19 10:00:00,34.47
2021-03-19 11:00:00,31.99
2021-03-19 12:00:00,39.35
2021-03-19 13:00:00,29.14
2021-03-19 14:00:00,34.06
2021-03-19 15:00:00,38.89
2021-03-19 16:00:00,42.16
2021-03-19 17:00:00,43.16
2021-03-19 18:00:00,30.76
2021-03-19 19:00:00,37.36
2021-03-19 20:00:00,33.81
2021-03-19 21:00:00,34.39
2021-03-19 22:00:00,34.18
2021-03-19 23:00:00,35.2
2021-03-20 00:00:00,39.14
2021-03-20 01:00:00,43.74
2021-03-20 02:00:00,39.11
2021-03-20 03:00:00,34.42
2021-03-20 04:00:00,39.85
2021-03-20 05:00:00,41.32
2021-03-20 06:00:00,42.67
2021-03-20 07:00:00,28.45
2021-03-20 08:00:00,27.03
2021-03-20 09:00:00,35.56
2021-03-20 10:00:00,33.45
2021-03-20 11:00:00,36.05
2021-03-20 12:00:00,38.58
2021-03-20 13:00:00,31.47
2021-03-20 14:00:00,29.92
2021-03-20 15:00:00,36.08
2021-03-20 16:00:00,37.5
2021-03-20 17:00:00,36.76
2021-03-20 18:00:00,33.18
2021-03-20 19:00:00,37.19
2021-03-20 20:00:00,35.51
2021-03-20 21:00:00,43.98
2021-03-20 22:00:00,38.15
2021-03-20 23:00:00,43.78
2021-03-21 00:00:00,40.53
2021-03-21 01:00:00,43.71
2021-03-21 02:00:00,39.49
2021-03-21 03:00:00,35.04
2021-03-21 04:00:00,36.43
2021-03-21 05:00:00,37.42
2021-03-21 06:00:00,38.33
2021-03-21 07:00:00,26.83
2021-03-21 08:00:00,29.07
2021-03-21 09:00:00,24.9
2021-03-21 10:00:00,24.35
2021-03-21 11:00:00,22.47
2021-03-21 12:00:00,38.98
2021-03-21 13:00:00,28.07
2021-03-21 14:00:00,36.47
2021-03-21 15:00:00,35.47
2021-03-21 16:00:00,33.81
2021-03-21 17:00:00,30.86
2021-03-21 18:00:00,35.17
2021-03-21 19:00:00,41.65
2021-03-21 20:00:00,35.86
2021-03-21 21:00:00,31.77
2021-03-21 22:00:00,27.87
2021-03-21 23:00:00,28.28
2021-03-22 00:00:00,36.13
2021-03-22 01:00:00,35.53
2021-03-22 02:00:00,25.63
2021-03-22 03:00:00,34.83
2021-03-22 04:00:00,39.29
2021-03-22 05:00:00,27.56
2021-03-22 06:00:00,35.32
2021-03-22 07:00:00,25.46
2021-03-22 08:00:00,27.54
2021-03-22 09:00:00,32.01
2021-03-22 10:00:00,36.76
2021-03-22 11:00:00,38.17
2021-03-22 12:00:00,38.29
2021-03-22 13:00:00,29.67
2021-03-22 14:00:00,40.79
2021-03-22 15:00:00,39.02
2021-03-22 16:00:00,38.67
2021-03-22 17:00:00,38.86
2021-03-22 18:00:00,34.94
2021-03-22 19:00:00,41.28
2021-03-22 20:00:00,38.7
2021-03-22 21:00:00,36.66
2021-03-22 22:00:00,33.93
2021-03-22 23:00:00,29.91
2021-03-23 00:00:00,35.45
2021-03-23 01:00:00,36.47
2021-03-23 02:00:00,40.71
2021-03-23 03:00:00,38.15
2021-03-23 04:00:00,35.48
2021-03-23 05:00:00,37.09
2021-03-23 06:00:00,41.32
2021-03-23 07:00:00,30.41
2021-03-23 08:00:00,35.6
2021-03-23 09:00:00,38.79
2021-03-23 10:00:00,39.62
2021-03-23 11:00:00,33.36
2021-03-23 12:00:00,27.61
2021-03-23 13:00:00,30.45
2021-03-23 14:00:00,26.35
2021-03-23 15:00:00,25.37
2021-03-23 16:00:00,30.36
2021-03-23 17:00:00,33.78
2021-03-23 18:00:00,37.62
2021-03-23 19:00:00,35.52
2021-03-23 20:00:00,36.82
2021-03-23 21:00:00,33.2
2021-03-23 22:00:00,27.1
2021-03-23 23:00:00,33.63
2021-03-24 00:00:00,43.74
2021-03-24 01:00:00,33.53
2021-03-24 02:00:00,33.35
2021-03-24 03:00:00,35.53
2021-03-24 04:00:00,30.51
2021-03-24 05:00:00,29.51
2021-03-24 06:00:00,36.06
2021-03-24 07:00:00,27.7
2021-03-24 08:00:00,24.88
2021-03-24 09:00:00,36.91
2021-03-24 10:00:00,43.61
2021-03-24 11:00:00,30.04
2021-03-24 12:00:00,21.05
2021-03-24 13:00:00,7.58
2021-03-24 14:00:00,7.58
2021-03-24 15:00:00,7.58
2021-03-24 16:00:00,7.58
2021-03-24 17:00:00,34.33
2021-03-24 18:00:00,37.45
2021-03-24 19:00:00,39.66
2021-03-24 20:00:00,33.03
2021-03-24 21:00:00,33.26
2021-03-24 22:00:00,31.88
2021-03-24 23:00:00,34.41
2021-03-25 00:00:00,39.28
2021-03-25 01:00:00,31.1
2021-03-25 02:00:00,36.23
2021-03-25 03:00:00,40.14
2021-03-25 04:00:00,31.09
2021-03-25 05:00:00,36.12
2021-03-25 06:00:00,35.86
2021-03-25 07:00:00,29.12
2021-03-25 08:00:00,29.25
2021-03-25 09:00:00,34.9
2021-03-25 10:00:00,26.18
2021-03-25 11:00:00,27.87
2021-03-25 12:00:00,27.61
2021-03-25 13:00:00,28.62
2021-03-25 14:00:00,33.99
2021-03-25 15:00:00,28.19
2021-03-25 16:00:00,34.08
2021-03-25 17:00:00,30.29
2021-03-25 18:00:00,34.72
2021-03-25 19:00:00,32.13
2021-03-25 20:00:00,30.17
2021-03-25 21:00:00,39.52
2021-03-25 22:00:00,34.95
2021-03-25 23:00:00,35
2021-03-26 00:00:00,33.9
2021-03-26 01:00:00,31.81
2021-03-26 02:00:00,36.89
2021-03-26 03:00:00,37.27
2021-03-26 04:00:00,33.87
2021-03-26 05:00:00,37.2
2021-03-26 06:00:00,35.56
2021-03-26 07:00:00,24.16
2021-03-26 08:00:00,31.82
2021-03-26 09:00:00,33.95
2021-03-26 10:00:00,34.61
2021-03-26 11:00:00,36.34
2021-03-26 12:00:00,34.96
2021-03-26 13:00:00,34.13
2021-03-26 14:00:00,32.04
2021-03-26 15:00:00,27.83
2021-03-26 16:00:00,35.69
2021-03-26 17:00:00,32.04
2021-03-26 18:00:00,38.32
2021-03-26 19:00:00,39.09
2021-03-26 20:00:00,34.71
2021-03-26 21:00:00,38.59
2021-03-26 22:00:00,32.14
2021-03-26 23:00:00,27.32
2021-03-27 00:00:00,34.7
2021-03-27 01:00:00,38.61
2021-03-27 02:00:00,36.44
2021-03-27 03:00:00,39.68
2021-03-27 04:00:00,33.21
2021-03-27 05:00:00,35.15
2021-03-27 06:00:00,29.74
2021-03-27 07:00:00,24.67
2021-03-27 08:00:00,25.61
2021-03-27 09:00:00,35.86
2021-03-27 10:00:00,36.79
2021-03-27 11:00:00,26.96
2021-03-27 12:00:00,32.56
2021-03-27 13:00:00,29.27
2021-03-27 14:00:00,32.4
2021-03-27 15:00:00,31.99
2021-03-27 16:00:00,30.33
2021-03-27 17:00:00,31.05
2021-03-27 18:00:00,38.58
2021-03-27 19:00:00,39.03
2021-03-27 20:00:00,38.87
2021-03-27 21:00:00,34.62
2021-03-27 22:00:00,34
2021-03-27 23:00:00,31
2021-03-28 00:00:00,33.76
2021-03-28 01:00:00,34.28
2021-03-28 02:00:00,37.53
2021-03-28 03:00:00,34.22
2021-03-28 04:00:00,28.95
2021-03-28 05:00:00,29.72
2021-03-28 06:00:00,32.69
2021-03-28 07:00:00,26.21
2021-03-28 08:00:00,33.22
2021-03-28 09:00:00,29.12
2021-03-28 10:00:00,26.7
2021-03-28 11:00:00,41.57
2021-03-28 12:00:00,23.77
2021-03-28 13:00:00,26.12
2021-03-28 14:00:00,34.38
2021-03-28 15:00:00,37.69
2021-03-28 16:00:00,40.06
2021-03-28 17:00:00,37.56
2021-03-28 18:00:00,28.88
2021-03-28 19:00:00,41.79
2021-03-28 20:00:00,38.9
2021-03-28 21:00:00,38.9
2021-03-28 22:00:00,39.29
2021-03-28 23:00:00,36.13
2021-03-29 00:00:00,31.6
2021-03-29 01:00:00,30.63
2021-03-29 02:00:00,32.96
2021-03-29 03:00:00,39.31
2021-03-29 04:00:00,27.94
2021-03-29 05:00:00,33.59
2021-03-29 06:00:00,28.97
2021-03-29 07:00:00,33.23
2021-03-29 08:00:00,38.57
2021-03-29 09:00:00,24.05
2021-03-29 10:00:00,36.2
2021-03-29 11:00:00,41.48
2021-03-29 12:00:00,25.37
2021-03-29 13:00:00,27.08
2021-03-29 14:00:00,26.41
2021-03-29 15:00:00,33.44
2021-03-29 16:00:00,35.75
2021-03-29 17:00:00,35.22
2021-03-29 18:00:00,34.77
2021-03-29 19:00:00,40.51
2021-03-29 20:00:00,36.55
2021-03-29 21:00:00,39.2
2021-03-29 22:00:00,37.54
2021-03-29 23:00:00,34.67
2021-03-30 00:00:00,36.89
2021-03-30 01:00:00,31.34
2021-03-30 02:00:00,31.81
2021-03-30 03:00:00,31.84
2021-03-30 04:00:00,35
2021-03-30 05:00:00,34.46
2021-03-30 06:00:00,36.49
2021-03-30 07:00:00,29.56
2021-03-30 08:00:00,25.28
2021-03-30 09:00:00,29.38
2021-03-30 10:00:00,27.98
2021-03-30 11:00:00,32.15
2021-03-30 12:00:00,35.94
2021-03-30 13:00:00,30.39
2021-03-30 14:00:00,29.87
2021-03-30 15:00:00,28.12
2021-03-30 16:00:00,34.15
2021-03-30 17:00:00,37.39
2021-03-30 18:00:00,33.14
2021-03-30 19:00:00,38.01
2021-03-30 20:00:00,33.97
2021-03-30 21:00:00,36.28
2021-03-30 22:00:00,37.61
2021-03-30 23:00:00,38.46
2021-03-31 00:00:00,40.02
2021-03-31 01:00:00,42.91
2021-03-31 02:00:00,42.24
2021-03-31 03:00:00,34.95
2021-03-31 04:00:00,37.49
2021-03-31 05:00:00,38.34
2021-03-31 06:00:00,38.22
2021-03-31 07:00:00,29.24
2021-03-31 08:00:00,37.04
2021-03-31 09:00:00,38.82
2021-03-31 10:00:00,38.65
2021-03-31 11:00:00,35.57
2021-03-31 12:00:00,41.33
2021-03-31 13:00:00,36.21
2021-03-31 14:00:00,38.11
2021-03-31 15:00:00,41.35
2021-03-31 16:00:00,36.93
2021-03-31 17:00:00,34.3
2021-03-31 18:00:00,40.7
2021-03-31 19:00:00,40.98
2021-03-31 20:00:00,33.36
2021-03-31 21:00:00,34.39
2021-03-31 22:00:00,34.96
2021-03-31 23:00:00,34.53
2021-04-01 00:00:00,35
2021-04-01 01:00:00,33.33
2021-04-01 02:00:00,39.72
2021-04-01 03:00:00,43.97
2021-04-01 04:00:00,36.59
2021-04-01 05:00:00,34.09
2021-04-01 06:00:00,32.21
2021-04-01 07:00:00,37.71
2021-04-01 08:00:00,38.36
2021-04-01 09:00:00,27.23
2021-04-01 10:00:00,30.66
2021-04-01 11:00:00,34.71
2021-04-01 12:00:00,39.86
2021-04-01 13:00:00,29.4
2021-04-01 14:00:00,37.89
2021-04-01 15:00:00,34.22
2021-04-01 16:00:00,33.84
2021-04-01 17:00:00,46.17
2021-04-01 18:00:00,32.9
2021-04-01 19:00:00,39.72
2021-04-01 20:00:00,34.5
2021-04-01 21:00:00,38.09
2021-04-01 22:00:00,34.18
2021-04-01 23:00:00,34.35
2021-04-02 00:00:00,32.33
2021-04-02 01:00:00,40.64
2021-04-02 02:00:00,30.95
2021-04-02 03:00:00,36.31
2021-04-02 04:00:00,35.68
2021-04-02 05:00:00,30.79
2021-04-02 06:00:00,31.37
2021-04-02 07:00:00,33.71
2021-04-02 08:00:00,21.88
2021-04-02 09:00:00,21.84
2021-04-02 10:00:00,24.16
2021-04-02 11:00:00,29.15
2021-04-02 12:00:00,33.44
2021-04-02 13:00:00,36.6
2021-04-02 14:00:00,7.58
2021-04-02 15:00:00,7.58
2021-04-02 16:00:00,22.72
2021-04-02 17:00:00,37.5
2021-04-02 18:00:00,36.96
2021-04-02 19:00:00,40.66
2021-04-02 20:00:00,42.9
2021-04-02 21:00:00,35.84
2021-04-02 22:00:00,35.9
2021-04-02 23:00:00,31.77
2021-04-03 00:00:00,27.88
2021-04-03 01:00:00,35.54
2021-04-03 02:00:00,36.44
2021-04-03 03:00:00,36.51
2021-04-03 04:00:00,45.24
2021-04-03 05:00:00,43.85
2021-04-03 06:00:00,47.38
2021-04-03 07:00:00,36.54
2021-04-03 08:00:00,30.78
2021-04-03 09:00:00,23.52
2021-04-03 10:00:00,34.52
2021-04-03 11:00:00,45.2
2021-04-03 12:00:00,34.81
2021-04-03 13:00:00,37.49
2021-04-03 14:00:00,38.99
2021-04-03 15:00:00,36.67
2021-04-03 16:00:00,29.63
2021-04-03 17:00:00,42.24
2021-04-03 18:00:00,34.5
2021-04-03 19:00:00,41.57
2021-04-03 20:00:00,36.73
2021-04-03 21:00:00,31.44
2021-04-03 22:00:00,31.09
2021-04-03 23:00:00,28.41
2021-04-04 00:00:00,27.59
2021-04-04 01:00:00,37.04
2021-04-04 02:00:00,34.01
2021-04-04 03:00:00,36.76
2021-04-04 04:00:00,37.42
2021-04-04 05:00:00,42.2
2021-04-04 06:00:00,34.88
2021-04-04 07:00:00,28.39
2021-04-04 08:00:00,25.08
2021-04-04 09:00:00,24.68
2021-04-04 10:00:00,22.41
2021-04-04 11:00:00,22.81
2021-04-04 12:00:00,32.87
2021-04-04 13:00:00,32.6
2021-04-04 14:00:00,35.13
2021-04-04 15:00:00,36.67
2021-04-04 16:00:00,35.49
2021-04-04 17:00:00,44.01
2021-04-04 18:00:00,33.6
2021-04-04 19:00:00,36.62
2021-04-04 20:00:00,39.17
2021-04-04 21:00:00,32.89
2021-04-04 22:00:00,37.96
2021-04-04 23:00:00,31.71
2021-04-05 00:00:00,36.53
2021-04-05 01:00:00,38.71
2021-04-05 02:00:00,36.04
2021-04-05 03:00:00,34.51
2021-04-05 04:00:00,35.19
2021-04-05 05:00:00,27.96
2021-04-05 06:00:00,37.9
2021-04-05 07:00:00,39.36
2021-04-05 08:00:00,34.37
2021-04-05 09:00:00,7.58
2021-04-05 10:00:00,7.58
2021-04-05 11:00:00,7.58
2021-04-05 12:00:00,7.58
2021-04-05 13:00:00,7.58
2021-04-05 14:00:00,7.58
2021-04-05 15:00:00,7.58
2021-04-05 16:00:00,7.58
2021-04-05 17:00:00,7.58
2021-04-05 18:00:00,7.58
2021-04-05 19:00:00,7.58
2021-04-05 20:00:00,7.58
2021-04-05 21:00:00,7.58
2021-04-05 22:00:00,7.58
2021-04-05 23:00:00,7.58
2021-04-06 00:00:00,7.58
2021-04-06 01:00:00,7.58
2021-04-06 02:00:00,7.58
2021-04-06 03:00:00,7.58
2021-04-06 04:00:00,7.58
2021-04-06 05:00:00,7.58
2021-04-06 06:00:00,7.58
2021-04-06 07:00:00,7.58
2021-04-06 08:00:00,7.58
2021-04-06 09:00:00,7.58
2021-04-06 10:00:00,7.58
2021-04-06 11:00:00,7.58
2021-04-06 12:00:00,7.58
2021-04-06 13:00:00,7.58
2021-04-06 14:00:00,7.58
2021-04-06 15:00:00,7.58
2021-04-06 16:00:00,7.58
2021-04-06 17:00:00,7.58
2021-04-06 18:00:00,7.58
2021-04-06 19:00:00,7.58
2021-04-06 20:00:00,7.58
2021-04-06 21:00:00,7.58
2021-04-06 22:00:00,7.58
2021-04-06 23:00:00,7.58
2021-04-07 00:00:00,7.58
2021-04-07 01:00:00,7.58
2021-04-07 02:00:00,7.58
2021-04-07 03:00:00,7.58
2021-04-07 04:00:00,7.58
2021-04-07 05:00:00,7.58
2021-04-07 06:00:00,7.58
2021-04-07 07:00:00,7.58
2021-04-07 08:00:00,7.58
2021-04-07 09:00:00,7.58
2021-04-07 10:00:00,7.58
2021-04-07 11:00:00,7.58
2021-04-07 12:00:00,7.58
2021-04-07 13:00:00,7.58
2021-04-07 14:00:00,7.58
2021-04-07 15:00:00,7.58
2021-04-07 16:00:00,7.58
2021-04-07 17:00:00,7.58
2021-04-07 18:00:00,7.58
2021-04-07 19:00:00,7.58
2021-04-07 20:00:00,7.58
2021-04-07 21:00:00,7.58
2021-04-07 22:00:00,7.58
2021-04-07 23:00:00,7.58
2021-04-08 00:00:00,7.58
2021-04-08 01:00:00,7.58
2021-04-08 02:00:00,7.58
2021-04-08 03:00:00,7.58
2021-04-08 04:00:00,7.58
2021-04-08 05:00:00,7.58
2021-04-08 06:00:00,7.58
2021-04-08 07:00:00,7.58
2021-04-08 08:00:00,7.58
2021-04-08 09:00:00,7.58
2021-04-08 10:00:00,7.58
2021-04-08 11:00:00,7.58
2021-04-08 12:00:00,7.58
2021-04-08 13:00:00,7.58
2021-04-08 14:00:00,7.58
2021-04-08 15:00:00,7.58
2021-04-08 16:00:00,7.58
2021-04-08 17:00:00,7.58
2021-04-08 18:00:00,7.58
2021-04-08 19:00:00,7.58
2021-04-08 20:00:00,7.58
2021-04-08 21:00:00,7.58
2021-04-08 22:00:00,7.58
2021-04-08 23:00:00,7.58
2021-04-09 00:00:00,7.58
2021-04-09 01:00:00,7.58
2021-04-09 02:00:00,7.58
2021-04-09 03:00:00,7.58
2021-04-09 04:00:00,7.58
2021-04-09 05:00:00,7.58
2021-04-09 06:00:00,7.58
2021-04-09 07:00:00,7.58
2021-04-09 08:00:00,7.58
2021-04-09 09:00:00,7.58
2021-04-09 10:00:00,7.58
2021-04-09 11:00:00,7.58
2021-04-09 12:00:00,7.58
2021-04-09 13:00:00,7.58
2021-04-09 14:00:00,7.58
2021-04-09 15:00:00,7.58
2021-04-09 16:00:00,7.58
2021-04-09 17:00:00,7.58
2021-04-09 18:00:00,7.58
2021-04-09 19:00:00,7.58
2021-04-09 20:00:00,7.58
2021-04-09 21:00:00,7.58
2021-04-09 22:00:00,7.58
2021-04-09 23:00:00,7.58
2021-04-10 00:00:00,7.58
2021-04-10 01:00:00,7.58
2021-04-10 02:00:00,7.58
2021-04-10 03:00:00,7.58
2021-04-10 04:00:00,7.58
2021-04-10 05:00:00,7.58
2021-04-10 06:00:00,7.58
2021-04-10 07:00:00,7.58
2021-04-10 08:00:00,7.58
2021-04-10 09:00:00,7.58
2021-04-10 10:00:00,7.58
2021-04-10 11:00:00,7.58
2021-04-10 12:00:00,7.58
2021-04-10 13:00:00,7.58
2021-04-10 14:00:00,7.58
2021-04-10 15:00:00,7.58
2021-04-10 16:00:00,7.58
2021-04-10 17:00:00,7.58
2021-04-10 18:00:00,7.58
2021-04-10 19:00:00,7.58
2021-04-10 20:00:00,7.58
2021-04-10 21:00:00,7.58
2021-04-10 22:00:00,7.58
2021-04-10 23:00:00,7.58
2021-04-11 00:00:00,7.58
2021-04-11 01:00:00,7.58
2021-04-11 02:00:00,7.58
2021-04-11 03:00:00,7.58
2021-04-11 04:00:00,7.58
2021-04-11 05:00:00,7.58
2021-04-11 06:00:00,7.58
2021-04-11 07:00:00,7.58
2021-04-11 08:00:00,7.58
2021-04-11 09:00:00,7.58
2021-04-11 10:00:00,7.58
2021-04-11 11:00:00,7.58
2021-04-11 12:00:00,7.58
2021-04-11 13:00:00,7.58
2021-04-11 14:00:00,7.58
2021-04-11 15:00:00,7.58
2021-04-11 16:00:00,7.58
2021-04-11 17:00:00,7.58
2021-04-11 18:00:00,7.58
2021-04-11 19:00:00,7.58
2021-04-11 20:00:00,7.58
2021-04-11 21:00:00,7.58
2021-04-11 22:00:00,7.58
2021-04-11 23:00:00,7.58
2021-04-12 00:00:00,7.58
2021-04-12 01:00:00,7.58
2021-04-12 02:00:00,7.58
2021-04-12 03:00:00,7.58
2021-04-12 04:00:00,7.58
2021-04-12 05:00:00,7.58
2021-04-12 06:00:00,7.58
2021-04-12 07:00:00,7.58
2021-04-12 08:00:00,7.58
2021-04-12 09:00:00,7.58
2021-04-12 10:00:00,7.58
2021-04-12 11:00:00,7.58
2021-04-12 12:00:00,7.58
2021-04-12 13:00:00,7.58
2021-04-12 14:00:00,7.58
2021-04-12 15:00:00,7.58
2021-04-12 16:00:00,7.58
2021-04-12 17:00:00,7.58
2021-04-12 18:00:00,7.58
2021-04-12 19:00:00,7.58
2021-04-12 20:00:00,7.58
2021-04-12 21:00:00,7.58
2021-04-12 22:00:00,7.58
2021-04-12 23:00:00,7.58
2021-04-13 00:00:00,7.58
2021-04-13 01:00:00,7.58
2021-04-13 02:00:00,7.58
2021-04-13 03:00:00,7.58
2021-04-13 04:00:00,7.58
2021-04-13 05:00:00,7.58
2021-04-13 06:00:00,7.58
2021-04-13 07:00:00,7.58
2021-04-13 08:00:00,7.58
2021-04-13 09:00:00,7.58
2021-04-13 10:00:00,7.58
2021-04-13 11:00:00,7.58
2021-04-13 12:00:00,7.58
2021-04-13 13:00:00,7.58
2021-04-13 14:00:00,7.58
2021-04-13 15:00:00,7.58
2021-04-13 16:00:00,7.58
2021-04-13 17:00:00,7.58
2021-04-13 18:00:00,7.58
2021-04-13 19:00:00,7.58
2021-04-13 20:00:00,7.58
2021-04-13 21:00:00,7.58
2021-04-13 22:00:00,7.58
2021-04-13 23:00:00,7.58
2021-04-14 00:00:00,7.58
2021-04-14 01:00:00,7.58
2021-04-14 02:00:00,7.58
2021-04-14 03:00:00,7.58
2021-04-14 04:00:00,7.58
2021-04-14 05:00:00,7.58
2021-04-14 06:00:00,7.58
2021-04-14 07:00:00,7.58
2021-04-14 08:00:00,7.58
2021-04-14 09:00:00,7.58
2021-04-14 10:00:00,7.58
2021-04-14 11:00:00,7.58
2021-04-14 12:00:00,7.58
2021-04-14 13:00:00,7.58
2021-04-14 14:00:00,7.58
2021-04-14 15:00:00,7.58
2021-04-14 16:00:00,7.58
2021-04-14 17:00:00,7.58
2021-04-14 18:00:00,7.58
2021-04-14 19:00:00,7.58
2021-04-14 20:00:00,7.58
2021-04-14 21:00:00,7.58
2021-04-14 22:00:00,7.58
2021-04-14 23:00:00,7.58
2021-04-15 00:00:00,7.58
2021-04-15 01:00:00,7.58
2021-04-15 02:00:00,7.58
2021-04-15 03:00:00,7.58
2021-04-15 04:00:00,7.58
2021-04-15 05:00:00,7.58
2021-04-15 06:00:00,7.58
2021-04-15 07:00:00,7.58
2021-04-15 08:00:00,7.58
2021-04-15 09:00:00,7.58
2021-04-15 10:00:00,7.58
2021-04-15 11:00:00,7.58
2021-04-15 12:00:00,7.58
2021-04-15 13:00:00,7.58
2021-04-15 14:00:00,7.58
2021-04-15 15:00:00,7.58
2021-04-15 16:00:00,7.58
2021-04-15 17:00:00,7.58
2021-04-15 18:00:00,7.58
2021-04-15 19:00:00,7.58
2021-04-15 20:00:00,7.58
2021-04-15 21:00:00,7.58
2021-04-15 22:00:00,7.58
2021-04-15 23:00:00,7.58
2021-04-16 00:00:00,7.58
2021-04-16 01:00:00,7.58
2021-04-16 02:00:00,7.58
2021-04-16 03:00:00,7.58
2021-04-16 04:00:00,7.58
2021-04-16 05:00:00,7.58
2021-04-16 06:00:00,7.58
2021-04-16 07:00:00,7.58
2021-04-16 08:00:00,7.58
2021-04-16 09:00:00,7.58
2021-04-16 10:00:00,7.58
2021-04-16 11:00:00,7.58
2021-04-16 12:00:00,7.58
2021-04-16 13:00:00,7.58
2021-04-16 14:00:00,7.58
2021-04-16 15:00:00,7.58
2021-04-16 16:00:00,7.58
2021-04-16 17:00:00,7.58
2021-04-16 18:00:00,7.58
2021-04-16 19:00:00,7.58
2021-04-16 20:00:00,7.58
2021-04-16 21:00:00,7.58
2021-04-16 22:00:00,7.58
2021-04-16 23:00:00,7.58
2021-04-17 00:00:00,7.58
2021-04-17 01:00:00,7.58
2021-04-17 02:00:00,7.58
2021-04-17 03:00:00,7.58
2021-04-17 04:00:00,7.58
2021-04-17 05:00:00,7.58
2021-04-17 06:00:00,7.58
2021-04-17 07:00:00,7.58
2021-04-17 08:00:00,7.58
2021-04-17 09:00:00,7.58
2021-04-17 10:00:00,7.58
2021-04-17 11:00:00,7.58
2021-04-17 12:00:00,7.58
2021-04-17 13:00:00,7.58
2021-04-17 14:00:00,7.58
2021-04-17 15:00:00,7.58
2021-04-17 16:00:00,7.58
2021-04-17 17:00:00,7.58
2021-04-17 18:00:00,7.58
2021-04-17 19:00:00,7.58
2021-04-17 20:00:00,7.58
2021-04-17 21:00:00,7.58
2021-04-17 22:00:00,7.58
2021-04-17 23:00:00,7.58
2021-04-18 00:00:00,7.58
2021-04-18 01:00:00,7.58
2021-04-18 02:00:00,7.58
2021-04-18 03:00:00,7.58
2021-04-18 04:00:00,7.58
2021-04-18 05:00:00,7.58
2021-04-18 06:00:00,7.58
2021-04-18 07:00:00,7.58
2021-04-18 08:00:00,7.58
2021-04-18 09:00:00,7.58
2021-04-18 10:00:00,7.58
2021-04-18 11:00:00,7.58
2021-04-18 12:00:00,7.58
2021-04-18 13:00:00,7.58
2021-04-18 14:00:00,7.58
2021-04-18 15:00:00,7.58
2021-04-18 16:00:00,7.58
2021-04-18 17:00:00,7.58
2021-04-18 18:00:00,7.58
2021-04-18 19:00:00,7.58
2021-04-18 20:00:00,7.58
2021-04-18 21:00:00,7.58
2021-04-18 22:00:00,7.58
2021-04-18 23:00:00,7.58
2021-04-19 00:00:00,7.58
2021-04-19 01:00:00,7.58
2021-04-19 02:00:00,7.58
2021-04-19 03:00:00,7.58
2021-04-19 04:00:00,7.58
2021-04-19 05:00:00,7.58
2021-04-19 06:00:00,7.58
2021-04-19 07:00:00,7.58
2021-04-19 08:00:00,7.58
2021-04-19 09:00:00,7.58
2021-04-19 10:00:00,7.58
2021-04-19 11:00:00,7.58
2021-04-19 12:00:00,7.58
2021-04-19 13:00:00,7.58
2021-04-19 14:00:00,7.58
2021-04-19 15:00:00,7.58
2021-04-19 16:00:00,7.58
2021-04-19 17:00:00,7.58
2021-04-19 18:00:00,7.58
2021-04-19 19:00:00,7.58
2021-04-19 20:00:00,7.58
2021-04-19 21:00:00,7.58
2021-04-19 22:00:00,7.58
2021-04-19 23:00:00,7.58
2021-04-20 00:00:00,7.58
2021-04-20 01:00:00,7.58
2021-04-20 02:00:00,7.58
2021-04-20 03:00:00,7.58
2021-04-20 04:00:00,7.58
2021-04-20 05:00:00,7.58
2021-04-20 06:00:00,7.58
2021-04-20 07:00:00,7.58
2021-04-20 08:00:00,7.58
2021-04-20 09:00:00,7.58
2021-04-20 10:00:00,7.58
2021-04-20 11:00:00,7.58
2021-04-20 12:00:00,7.58
2021-04-20 13:00:00,7.58
2021-04-20 14:00:00,7.58
2021-04-20 15:00:00,7.58
2021-04-20 16:00:00,7.58
2021-04-20 17:00:00,7.58
2021-04-20 18:00:00,7.58
2021-04-20 19:00:00,7.58
2021-04-20 20:00:00,7.58
2021-04-20 21:00:00,7.58
2021-04-20 22:00:00,7.58
2021-04-20 23:00:00,7.58
2021-04-21 00:00:00,7.58
2021-04-21 01:00:00,7.58
2021-04-21 02:00:00,7.58
2021-04-21 03:00:00,7.58
2021-04-21 04:00:00,7.58
2021-04-21 05:00:00,7.58
2021-04-21 06:00:00,7.58
2021-04-21 07:00:00,7.58
2021-04-21 08:00:00,7.58
2021-04-21 09:00:00,7.58
2021-04-21 10:00:00,7.58
2021-04-21 11:00:00,7.58
2021-04-21 12:00:00,7.58
2021-04-21 13:00:00,7.58
2021-04-21 14:00:00,7.58
2021-04-21 15:00:00,7.58
2021-04-21 16:00:00,7.58
2021-04-21 17:00:00,7.58
2021-04-21 18:00:00,7.58
2021-04-21 19:00:00,7.58
2021-04-21 20:00:00,7.58
2021-04-21 21:00:00,7.58
2021-04-21 22:00:00,7.58
2021-04-21 23:00:00,7.58
2021-04-22 00:00:00,7.58
2021-04-22 01:00:00,7.58
2021-04-22 02:00:00,7.58
2021-04-22 03:00:00,7.58
2021-04-22 04:00:00,7.58
2021-04-22 05:00:00,7.58
2021-04-22 06:00:00,7.58
2021-04-22 07:00:00,7.58
2021-04-22 08:00:00,7.58
2021-04-22 09:00:00,7.58
2021-04-22 10:00:00,7.58
2021-04-22 11:00:00,7.58
2021-04-22 12:00:00,7.58
2021-04-22 13:00:00,7.58
2021-04-22 14:00:00,7.58
2021-04-22 15:00:00,7.58
2021-04-22 16:00:00,7.58
2021-04-22 17:00:00,7.58
2021-04-22 18:00:00,7.58
2021-04-22 19:00:00,7.58
2021-04-22 20:00:00,7.58
2021-04-22 21:00:00,7.58
2021-04-22 22:00:00,7.58
2021-04-22 23:00:00,7.58
2021-04-23 00:00:00,7.58
2021-04-23 01:00:00,7.58
2021-04-23 02:00:00,7.58
2021-04-23 03:00:00,7.58
2021-04-23 04:00:00,7.58
2021-04-23 05:00:00,7.58
2021-04-23 06:00:00,7.58
2021-04-23 07:00:00,7.58
2021-04-23 08:00:00,7.58
2021-04-23 09:00:00,7.58
2021-04-23 10:00:00,7.58
2021-04-23 11:00:00,7.58
2021-04-23 12:00:00,7.58
2021-04-23 13:00:00,7.58
2021-04-23 14:00:00,7.58
2021-04-23 15:00:00,7.58
2021-04-23 16:00:00,7.58
2021-04-23 17:00:00,7.58
2021-04-23 18:00:00,7.58
2021-04-23 19:00:00,7.58
2021-04-23 20:00:00,7.58
2021-04-23 21:00:00,7.58
2021-04-23 22:00:00,7.58
2021-04-23 23:00:00,7.58
2021-04-24 00:00:00,7.58
2021-04-24 01:00:00,7.58
2021-04-24 02:00:00,7.58
2021-04-24 03:00:00,7.58
2021-04-24 04:00:00,7.58
2021-04-24 05:00:00,7.58
2021-04-24 06:00:00,7.58
2021-04-24 07:00:00,7.58
2021-04-24 08:00:00,7.58
2021-04-24 09:00:00,7.58
2021-04-24 10:00:00,7.58
2021-04-24 11:00:00,7.58
2021-04-24 12:00:00,7.58
2021-04-24 13:00:00,7.58
2021-04-24 14:00:00,7.58
2021-04-24 15:00:00,7.58
2021-04-24 16:00:00,7.58
2021-04-24 17:00:00,7.58
2021-04-24 18:00:00,7.58
2021-04-24 19:00:00,7.58
2021-04-24 20:00:00,7.58
2021-04-24 21:00:00,7.58
2021-04-24 22:00:00,7.58
2021-04-24 23:00:00,7.58
2021-04-25 00:00:00,7.58
2021-04-25 01:00:00,7.58
2021-04-25 02:00:00,7.58
2021-04-25 03:00:00,7.58
2021-04-25 04:00:00,7.58
2021-04-25 05:00:00,7.58
2021-04-25 06:00:00,7.58
2021-04-25 07:00:00,7.58
2021-04-25 08:00:00,7.58
2021-04-25 09:00:00,7.58
2021-04-25 10:00:00,7.58
2021-04-25 11:00:00,7.58
2021-04-25 12:00:00,7.58
2021-04-25 13:00:00,7.58
2021-04-25 14:00:00,7.58
2021-04-25 15:00:00,7.58
2021-04-25 16:00:00,7.58
2021-04-25 17:00:00,7.58
2021-04-25 18:00:00,7.58
2021-04-25 19:00:00,7.58
2021-04-25 20:00:00,7.58
2021-04-25 21:00:00,7.58
2021-04-25 22:00:00,7.58
2021-04-25 23:00:00,7.58
2021-04-26 00:00:00,7.58
2021-04-26 01:00:00,7.58
2021-04-26 02:00:00,7.58
2021-04-26 03:00:00,7.58
2021-04-26 04:00:00,7.58
2021-04-26 05:00:00,7.58
2021-04-26 06:00:00,7.58
2021-04-26 07:00:00,7.58
2021-04-26 08:00:00,7.58
2021-04-26 09:00:00,7.58
2021-04-26 10:00:00,7.58
2021-04-26 11:00:00,7.58
2021-04-26 12:00:00,7.58
2021-04-26 13:00:00,7.58
2021-04-26 14:00:00,7.58
2021-04-26 15:00:00,7.58
2021-04-26 16:00:00,7.58
2021-04-26 17:00:00,7.58
2021-04-26 18:00:00,7.58
2021-04-26 19:00:00,7.58
2021-04-26 20:00:00,7.58
2021-04-26 21:00:00,7.58
2021-04-26 22:00:00,7.58
2021-04-26 23:00:00,7.58
2021-04-27 00:00:00,7.58
2021-04-27 01:00:00,7.58
2021-04-27 02:00:00,7.58
2021-04-27 03:00:00,7.58
2021-04-27 04:00:00,7.58
2021-04-27 05:00:00,7.58
2021-04-27 06:00:00,7.58
2021-04-27 07:00:00,7.58
2021-04-27 08:00:00,7.58
2021-04-27 09:00:00,7.58
2021-04-27 10:00:00,7.58
2021-04-27 11:00:00,7.58
2021-04-27 12:00:00,7.58
2021-04-27 13:00:00,7.58
2021-04-27 14:00:00,7.58
2021-04-27 15:00:00,7.58
2021-04-27 16:00:00,7.58
2021-04-27 17:00:00,7.58
2021-04-27 18:00:00,7.58
2021-04-27 19:00:00,7.58
2021-04-27 20:00:00,7.58
2021-04-27 21:00:00,7.58
2021-04-27 22:00:00,7.58
2021-04-27 23:00:00,7.58
2021-04-28 00:00:00,7.58
2021-04-28 01:00:00,7.58
2021-04-28 02:00:00,7.58
2021-04-28 03:00:00,7.58
2021-04-28 04:00:00,7.58
2021-04-28 05:00:00,7.58
2021-04-28 06:00:00,7.58
2021-04-28 07:00:00,7.58
2021-04-28 08:00:00,7.58
2021-04-28 09:00:00,7.58
2021-04-28 10:00:00,7.58
2021-04-28 11:00:00,7.58
2021-04-28 12:00:00,7.58
2021-04-28 13:00:00,7.58
2021-04-28 14:00:00,7.58
2021-04-28 15:00:00,7.58
2021-04-28 16:00:00,7.58
2021-04-28 17:00:00,7.58
2021-04-28 18:00:00,7.58
2021-04-28 19:00:00,7.58
2021-04-28 20:00:00,7.58
2021-04-28 21:00:00,7.58
2021-04-28 22:00:00,7.58
2021-04-28 23:00:00,7.58
2021-04-29 00:00:00,7.58
2021-04-29 01:00:00,7.58
2021-04-29 02:00:00,7.58
2021-04-29 03:00:00,7.58
2021-04-29 04:00:00,7.58
2021-04-29 05:00:00,7.58
2021-04-29 06:00:00,7.58
2021-04-29 07:00:00,7.58
2021-04-29 08:00:00,7.58
2021-04-29 09:00:00,7.58
2021-04-29 10:00:00,7.58
2021-04-29 11:00:00,7.58
2021-04-29 12:00:00,7.58
2021-04-29 13:00:00,7.58
2021-04-29 14:00:00,7.58
2021-04-29 15:00:00,7.58
2021-04-29 16:00:00,7.58
2021-04-29 17:00:00,7.58
2021-04-29 18:00:00,7.58
2021-04-29 19:00:00,7.58
2021-04-29 20:00:00,7.58
2021-04-29 21:00:00,7.58
2021-04-29 22:00:00,7.58
2021-04-29 23:00:00,7.58
2021-04-30 00:00:00,7.58
2021-04-30 01:00:00,7.58
2021-04-30 02:00:00,7.58
2021-04-30 03:00:00,7.58
2021-04-30 04:00:00,7.58
2021-04-30 05:00:00,7.58
2021-04-30 06:00:00,7.58
2021-04-30 07:00:00,7.58
2021-04-30 08:00:00,7.58
2021-04-30 09:00:00,7.58
2021-04-30 10:00:00,7.58
2021-04-30 11:00:00,7.58
2021-04-30 12:00:00,7.58
2021-04-30 13:00:00,7.58
2021-04-30 14:00:00,7.58
2021-04-30 15:00:00,7.58
2021-04-30 16:00:00,7.58
2021-04-30 17:00:00,7.58
2021-04-30 18:00:00,7.58
2021-04-30 19:00:00,7.58
2021-04-30 20:00:00,7.58
2021-04-30 21:00:00,7.58
2021-04-30 22:00:00,7.58
2021-04-30 23:00:00,7.58
2021-05-01 00:00:00,7.58
2021-05-01 01:00:00,7.58
2021-05-01 02:00:00,7.58
2021-05-01 03:00:00,7.58
2021-05-01 04:00:00,7.58
2021-05-01 05:00:00,7.58
2021-05-01 06:00:00,7.58
2021-05-01 07:00:00,7.58
2021-05-01 08:00:00,7.58
2021-05-01 09:00:00,7.58
2021-05-01 10:00:00,7.58
2021-05-01 11:00:00,7.58
2021-05-01 12:00:00,7.58
2021-05-01 13:00:00,7.58
2021-05-01 14:00:00,7.58
2021-05-01 15:00:00,7.58
2021-05-01 16:00:00,7.58
2021-05-01 17:00:00,7.58
2021-05-01 18:00:00,7.58
2021-05-01 19:00:00,7.58
2021-05-01 20:00:00,7.58
2021-05-01 21:00:00,7.58
2021-05-01 22:00:00,7.58
2021-05-01 23:00:00,7.58
2021-05-02 00:00:00,7.58
2021-05-02 01:00:00,7.58
2021-05-02 02:00:00,7.58
2021-05-02 03:00:00,7.58
2021-05-02 04:00:00,7.58
2021-05-02 05:00:00,7.58
2021-05-02 06:00:00,7.58
2021-05-02 07:00:00,7.58
2021-05-02 08:00:00,7.58
2021-05-02 09:00:00,7.58
2021-05-02 10:00:00,7.58
2021-05-02 11:00:00,7.58
2021-05-02 12:00:00,7.58
2021-05-02 13:00:00,7.58
2021-05-02 14:00:00,7.58
2021-05-02 15:00:00,7.58
2021-05-02 16:00:00,7.58
2021-05-02 17:00:00,7.58
2021-05-02 18:00:00,7.58
2021-05-02 19:00:00,7.58
2021-05-02 20:00:00,7.58
2021-05-02 21:00:00,7.58
2021-05-02 22:00:00,7.58
2021-05-02 23:00:00,7.58
2021-05-03 00:00:00,7.58
2021-05-03 01:00:00,7.58
2021-05-03 02:00:00,7.58
2021-05-03 03:00:00,7.58
2021-05-03 04:00:00,7.58
2021-05-03 05:00:00,7.58
2021-05-03 06:00:00,7.58
2021-05-03 07:00:00,7.58
2021-05-03 08:00:00,7.58
2021-05-03 09:00:00,7.58
2021-05-03 10:00:00,7.58
2021-05-03 11:00:00,7.58
2021-05-03 12:00:00,7.58
2021-05-03 13:00:00,7.58
2021-05-03 14:00:00,7.58
2021-05-03 15:00:00,7.58
2021-05-03 16:00:00,7.58
2021-05-03 17:00:00,7.58
2021-05-03 18:00:00,7.58
2021-05-03 19:00:00,7.58
2021-05-03 20:00:00,7.58
2021-05-03 21:00:00,7.58
2021-05-03 22:00:00,7.58
2021-05-03 23:00:00,7.58
2021-05-04 00:00:00,7.58
2021-05-04 01:00:00,7.58
2021-05-04 02:00:00,7.58
2021-05-04 03:00:00,7.58
2021-05-04 04:00:00,7.58
2021-05-04 05:00:00,7.58
2021-05-04 06:00:00,7.58
2021-05-04 07:00:00,7.58
2021-05-04 08:00:00,7.58
2021-05-04 09:00:00,7.58
2021-05-04 10:00:00,7.58
2021-05-04 11:00:00,7.58
2021-05-04 12:00:00,7.58
2021-05-04 13:00:00,7.58
2021-05-04 14:00:00,7.58
2021-05-04 15:00:00,7.58
2021-05-04 16:00:00,7.58
2021-05-04 17:00:00,7.58
2021-05-04 18:00:00,7.58
2021-05-04 19:00:00,7.58
2021-05-04 20:00:00,7.58
2021-05-04 21:00:00,7.58
2021-05-04 22:00:00,7.58
2021-05-04 23:00:00,7.58
2021-05-05 00:00:00,7.58
2021-05-05 01:00:00,7.58
2021-05-05 02:00:00,7.58
2021-05-05 03:00:00,7.58
2021-05-05 04:00:00,7.58
2021-05-05 05:00:00,7.58
2021-05-05 06:00:00,7.58
2021-05-05 07:00:00,7.58
2021-05-05 08:00:00,7.58
2021-05-05 09:00:00,7.58
2021-05-05 10:00:00,7.58
2021-05-05 11:00:00,7.58
2021-05-05 12:00:00,7.58
2021-05-05 13:00:00,7.58
2021-05-05 14:00:00,7.58
2021-05-05 15:00:00,7.58
2021-05-05 16:00:00,7.58
2021-05-05 17:00:00,7.58
2021-05-05 18:00:00,7.58
2021-05-05 19:00:00,7.58
2021-05-05 20:00:00,7.58
2021-05-05 21:00:00,7.58
2021-05-05 22:00:00,7.58
2021-05-05 23:00:00,7.58
2021-05-06 00:00:00,7.58
2021-05-06 01:00:00,7.58
2021-05-06 02:00:00,7.58
2021-05-06 03:00:00,7.58
2021-05-06 04:00:00,7.58
2021-05-06 05:00:00,7.58
2021-05-06 06:00:00,7.58
2021-05-06 07:00:00,7.58
2021-05-06 08:00:00,7.58
2021-05-06 09:00:00,7.58
2021-05-06 10:00:00,7.58
2021-05-06 11:00:00,7.58
2021-05-06 12:00:00,10.23
2021-05-06 13:00:00,7.58
2021-05-06 14:00:00,7.58
2021-05-06 15:00:00,11.5
2021-05-06 16:00:00,7.58
2021-05-06 17:00:00,7.58
2021-05-06 18:00:00,30.62
2021-05-06 19:00:00,36.65
2021-05-06 20:00:00,36.54
2021-05-06 21:00:00,32.05
2021-05-06 22:00:00,33.46
2021-05-06 23:00:00,30.84
2021-05-07 00:00:00,29.12
2021-05-07 01:00:00,21.72
2021-05-07 02:00:00,30.65
2021-05-07 03:00:00,28.24
2021-05-07 04:00:00,31.69
2021-05-07 05:00:00,35.66
2021-05-07 06:00:00,30.76
2021-05-07 07:00:00,32.76
2021-05-07 08:00:00,29.25
2021-05-07 09:00:00,29.45
2021-05-07 10:00:00,25.2
2021-05-07 11:00:00,29.17
2021-05-07 12:00:00,35.18
2021-05-07 13:00:00,35.27
2021-05-07 14:00:00,36.25
2021-05-07 15:00:00,32.78
2021-05-07 16:00:00,35.49
2021-05-07 17:00:00,37.12
2021-05-07 18:00:00,26.53
2021-05-07 19:00:00,32.88
2021-05-07 20:00:00,37.81
2021-05-07 21:00:00,38.57
2021-05-07 22:00:00,35.04
2021-05-07 23:00:00,33.56
2021-05-08 00:00:00,29.99
2021-05-08 01:00:00,28.37
2021-05-08 02:00:00,27.16
2021-05-08 03:00:00,24.85
2021-05-08 04:00:00,26.13
2021-05-08 05:00:00,28.7
2021-05-08 06:00:00,27.59
2021-05-08 07:00:00,28.29
2021-05-08 08:00:00,32.09
2021-05-08 09:00:00,28.28
2021-05-08 10:00:00,24.15
2021-05-08 11:00:00,24.94
2021-05-08 12:00:00,27.26
2021-05-08 13:00:00,25.94
2021-05-08 14:00:00,35.94
2021-05-08 15:00:00,29.39
2021-05-08 16:00:00,32.44
2021-05-08 17:00:00,35.5
2021-05-08 18:00:00,28.93
2021-05-08 19:00:00,36.98
2021-05-08 20:00:00,37.93
2021-05-08 21:00:00,36.59
2021-05-08 22:00:00,36.64
2021-05-08 23:00:00,31.34
2021-05-09 00:00:00,29.52
2021-05-09 01:00:00,26.61
2021-05-09 02:00:00,27.48
2021-05-09 03:00:00,24.76
2021-05-09 04:00:00,23.17
2021-05-09 05:00:00,22.49
2021-05-09 06:00:00,27.87
2021-05-09 07:00:00,27.61
2021-05-09 08:00:00,25.83
2021-05-09 09:00:00,28.55
2021-05-09 10:00:00,30.55
2021-05-09 11:00:00,31.27
2021-05-09 12:00:00,32.79
2021-05-09 13:00:00,24.21
2021-05-09 14:00:00,25.24
2021-05-09 15:00:00,36.5
2021-05-09 16:00:00,35.48
2021-05-09 17:00:00,35.48
2021-05-09 18:00:00,31.32
2021-05-09 19:00:00,33.52
2021-05-09 20:00:00,37.05
2021-05-09 21:00:00,35.43
2021-05-09 22:00:00,38.59
2021-05-09 23:00:00,30.18
2021-05-10 00:00:00,32.86
2021-05-10 01:00:00,24.83
2021-05-10 02:00:00,30.57
2021-05-10 03:00:00,30
2021-05-10 04:00:00,33.65
2021-05-10 05:00:00,34.2
2021-05-10 06:00:00,33.68
2021-05-10 07:00:00,28.92
2021-05-10 08:00:00,28.12
2021-05-10 09:00:00,41.15
2021-05-10 10:00:00,37.26
2021-05-10 11:00:00,27.84
2021-05-10 12:00:00,26.9
2021-05-10 13:00:00,38.93
2021-05-10 14:00:00,27
2021-05-10 15:00:00,28.81
2021-05-10 16:00:00,35.21
2021-05-10 17:00:00,40
2021-05-10 18:00:00,35.8
2021-05-10 19:00:00,37.79
2021-05-10 20:00:00,40.58
2021-05-10 21:00:00,42.09
2021-05-10 22:00:00,35.68
2021-05-10 23:00:00,34.03
2021-05-11 00:00:00,29.52
2021-05-11 01:00:00,36.15
2021-05-11 02:00:00,28.64
2021-05-11 03:00:00,27.37
2021-05-11 04:00:00,29.67
2021-05-11 05:00:00,35.43
2021-05-11 06:00:00,35.93
2021-05-11 07:00:00,36.03
2021-05-11 08:00:00,27.81
2021-05-11 09:00:00,32.74
2021-05-11 10:00:00,35.84
2021-05-11 11:00:00,24.83
2021-05-11 12:00:00,30.91
2021-05-11 13:00:00,29.98
2021-05-11 14:00:00,41.06
2021-05-11 15:00:00,35.08
2021-05-11 16:00:00,38.74
2021-05-11 17:00:00,44.12
2021-05-11 18:00:00,32.91
2021-05-11 19:00:00,39.57
2021-05-11 20:00:00,35.63
2021-05-11 21:00:00,35.06
2021-05-11 22:00:00,37.17
2021-05-11 23:00:00,33.48
2021-05-12 00:00:00,31.2
2021-05-12 01:00:00,28.85
2021-05-12 02:00:00,39.32
2021-05-12 03:00:00,34.85
2021-05-12 04:00:00,34.3
2021-05-12 05:00:00,39
2021-05-12 06:00:00,37.47
2021-05-12 07:00:00,34.27
2021-05-12 08:00:00,34.84
2021-05-12 09:00:00,31.51
2021-05-12 10:00:00,34.19
2021-05-12 11:00:00,35.31
2021-05-12 12:00:00,37.44
2021-05-12 13:00:00,29.37
2021-05-12 14:00:00,37.31
2021-05-12 15:00:00,37.8
2021-05-12 16:00:00,33.08
2021-05-12 17:00:00,36.05
2021-05-12 18:00:00,35.03
2021-05-12 19:00:00,39.07
2021-05-12 20:00:00,36.86
2021-05-12 21:00:00,38.03
2021-05-12 22:00:00,37.71
2021-05-12 23:00:00,34.44
2021-05-13 00:00:00,30.69
2021-05-13 01:00:00,31.64
2021-05-13 02:00:00,34.93
2021-05-13 03:00:00,28.6
2021-05-13 04:00:00,32.2
2021-05-13 05:00:00,32.91
2021-05-13 06:00:00,26.28
2021-05-13 07:00:00,32.53
2021-05-13 08:00:00,27.72
2021-05-13 09:00:00,28.52
2021-05-13 10:00:00,32.01
2021-05-13 11:00:00,36.48
2021-05-13 12:00:00,29.83
2021-05-13 13:00:00,26.88
2021-05-13 14:00:00,35.36
2021-05-13 15:00:00,35.74
2021-05-13 16:00:00,37.9
2021-05-13 17:00:00,38.2
2021-05-13 18:00:00,33.85
2021-05-13 19:00:00,37.77
2021-05-13 20:00:00,39.72
2021-05-13 21:00:00,39.95
2021-05-13 22:00:00,34.79
2021-05-13 23:00:00,30.22
2021-05-14 00:00:00,32.15
2021-05-14 01:00:00,26.53
2021-05-14 02:00:00,29.28
2021-05-14 03:00:00,30.75
2021-05-14 04:00:00,30.73
2021-05-14 05:00:00,33.35
2021-05-14 06:00:00,30.46
2021-05-14 07:00:00,33.39
2021-05-14 08:00:00,27.69
2021-05-14 09:00:00,31.78
2021-05-14 10:00:00,34.6
2021-05-14 11:00:00,29.79
2021-05-14 12:00:00,34.29
2021-05-14 13:00:00,30.81
2021-05-14 14:00:00,36.21
2021-05-14 15:00:00,35.32
2021-05-14 16:00:00,40.26
2021-05-14 17:00:00,33.15
2021-05-14 18:00:00,32.1
2021-05-14 19:00:00,36.59
2021-05-14 20:00:00,36
2021-05-14 21:00:00,36.26
2021-05-14 22:00:00,37
2021-05-14 23:00:00,33.52
2021-05-15 00:00:00,30.56
2021-05-15 01:00:00,29.11
2021-05-15 02:00:00,32.85
2021-05-15 03:00:00,30.11
2021-05-15 04:00:00,31.35
2021-05-15 05:00:00,30.99
2021-05-15 06:00:00,28.95
2021-05-15 07:00:00,29.8
2021-05-15 08:00:00,32.84
2021-05-15 09:00:00,32.64
2021-05-15 10:00:00,29.59
2021-05-15 11:00:00,25.83
2021-05-15 12:00:00,28.6
2021-05-15 13:00:00,25.62
2021-05-15 14:00:00,24.34
2021-05-15 15:00:00,28.02
2021-05-15 16:00:00,31.08
2021-05-15 17:00:00,43.17
2021-05-15 18:00:00,35.84
2021-05-15 19:00:00,36.1
2021-05-15 20:00:00,40.03
2021-05-15 21:00:00,36.2
2021-05-15 22:00:00,34.65
2021-05-15 23:00:00,32.61
2021-05-16 00:00:00,31.73
2021-05-16 01:00:00,26.22
2021-05-16 02:00:00,31.32
2021-05-16 03:00:00,31.5
2021-05-16 04:00:00,31.25
2021-05-16 05:00:00,26.92
2021-05-16 06:00:00,26.52
2021-05-16 07:00:00,27.51
2021-05-16 08:00:00,2.84
2021-05-16 09:00:00,2.84
2021-05-16 10:00:00,2.84
2021-05-16 11:00:00,2.84
2021-05-16 12:00:00,2.84
2021-05-16 13:00:00,2.84
2021-05-16 14:00:00,2.84
2021-05-16 15:00:00,2.84
2021-05-16 16:00:00,32.67
2021-05-16 17:00:00,27.13
2021-05-16 18:00:00,27.11
2021-05-16 19:00:00,36.83
2021-05-16 20:00:00,39.71
2021-05-16 21:00:00,38.65
2021-05-16 22:00:00,33.05
2021-05-16 23:00:00,28.75
2021-05-17 00:00:00,29.12
2021-05-17 01:00:00,29.15
2021-05-17 02:00:00,31.61
2021-05-17 03:00:00,32.11
2021-05-17 04:00:00,31.07
2021-05-17 05:00:00,31.35
2021-05-17 06:00:00,30.76
2021-05-17 07:00:00,34.13
2021-05-17 08:00:00,28.91
2021-05-17 09:00:00,34.94
2021-05-17 10:00:00,31.72
2021-05-17 11:00:00,31.37
2021-05-17 12:00:00,31.34
2021-05-17 13:00:00,31.18
2021-05-17 14:00:00,29.56
2021-05-17 15:00:00,32.72
2021-05-17 16:00:00,32.61
2021-05-17 17:00:00,32.58
2021-05-17 18:00:00,32.22
2021-05-17 19:00:00,30.66
2021-05-17 20:00:00,35.74
2021-05-17 21:00:00,32.27
2021-05-17 22:00:00,30.88
2021-05-17 23:00:00,29.53
2021-05-18 00:00:00,30.47
2021-05-18 01:00:00,29.79
2021-05-18 02:00:00,30.43
2021-05-18 03:00:00,29.76
2021-05-18 04:00:00,31.73
2021-05-18 05:00:00,33.18
2021-05-18 06:00:00,31.15
2021-05-18 07:00:00,31.46
2021-05-18 08:00:00,33.37
2021-05-18 09:00:00,40.57
2021-05-18 10:00:00,35.21
2021-05-18 11:00:00,27.31
2021-05-18 12:00:00,29.05
2021-05-18 13:00:00,30.79
2021-05-18 14:00:00,35.51
2021-05-18 15:00:00,31.92
2021-05-18 16:00:00,29.57
2021-05-18 17:00:00,28.8
2021-05-18 18:00:00,21.31
2021-05-18 19:00:00,29.64
2021-05-18 20:00:00,33.49
2021-05-18 21:00:00,32.98
2021-05-18 22:00:00,31.88
2021-05-18 23:00:00,26.71
2021-05-19 00:00:00,29.63
2021-05-19 01:00:00,30.38
2021-05-19 02:00:00,30.38
2021-05-19 03:00:00,32.46
2021-05-19 04:00:00,27.86
2021-05-19 05:00:00,29.87
2021-05-19 06:00:00,30.14
2021-05-19 07:00:00,30.76
2021-05-19 08:00:00,25.87
2021-05-19 09:00:00,29.85
2021-05-19 10:00:00,22.37
2021-05-19 11:00:00,31.84
2021-05-19 12:00:00,15.18
2021-05-19 13:00:00,26.4
2021-05-19 14:00:00,27.04
2021-05-19 15:00:00,30.26
2021-05-19 16:00:00,29.7
2021-05-19 17:00:00,32.68
2021-05-19 18:00:00,27.39
2021-05-19 19:00:00,31.02
2021-05-19 20:00:00,31.15
2021-05-19 21:00:00,30.31
2021-05-19 22:00:00,30.7
2021-05-19 23:00:00,26.11
2021-05-20 00:00:00,31.47
2021-05-20 01:00:00,28.44
2021-05-20 02:00:00,30.2
2021-05-20 03:00:00,28.86
2021-05-20 04:00:00,27.62
2021-05-20 05:00:00,29.34
2021-05-20 06:00:00,26.74
2021-05-20 07:00:00,30.29
2021-05-20 08:00:00,28.39
2021-05-20 09:00:00,26.93
2021-05-20 10:00:00,31.22
2021-05-20 11:00:00,30.82
2021-05-20 12:00:00,33.22
2021-05-20 13:00:00,23.48
2021-05-20 14:00:00,27.11
2021-05-20 15:00:00,29.32
2021-05-20 16:00:00,31.01
2021-05-20 17:00:00,34.59
2021-05-20 18:00:00,28.59
2021-05-20 19:00:00,31.47
2021-05-20 20:00:00,36.83
2021-05-20 21:00:00,35.49
2021-05-20 22:00:00,33.44
2021-05-20 23:00:00,30.72
2021-05-21 00:00:00,31.81
2021-05-21 01:00:00,31.86
2021-05-21 02:00:00,27.94
2021-05-21 03:00:00,29.16
2021-05-21 04:00:00,29.87
2021-05-21 05:00:00,30.04
2021-05-21 06:00:00,30.62
2021-05-21 07:00:00,33.97
2021-05-21 08:00:00,24.39
2021-05-21 09:00:00,23.99
2021-05-21 10:00:00,24.64
2021-05-21 11:00:00,26.74
2021-05-21 12:00:00,25.43
2021-05-21 13:00:00,26.4
2021-05-21 14:00:00,31.19
2021-05-21 15:00:00,36.02
2021-05-21 16:00:00,33.51
2021-05-21 17:00:00,32
2021-05-21 18:00:00,34.01
2021-05-21 19:00:00,33.28
2021-05-21 20:00:00,37.79
2021-05-21 21:00:00,32.78
2021-05-21 22:00:00,32.93
2021-05-21 23:00:00,26.37
2021-05-22 00:00:00,24.88
2021-05-22 01:00:00,24.64
2021-05-22 02:00:00,26.22
2021-05-22 03:00:00,25.09
2021-05-22 04:00:00,22.37
2021-05-22 05:00:00,24.53
2021-05-22 06:00:00,24.22
2021-05-22 07:00:00,38.62
2021-05-22 08:00:00,30.19
2021-05-22 09:00:00,25.87
2021-05-22 10:00:00,31.21
2021-05-22 11:00:00,21.73
2021-05-22 12:00:00,23.95
2021-05-22 13:00:00,25.21
2021-05-22 14:00:00,25.31
2021-05-22 15:00:00,25.72
2021-05-22 16:00:00,26.34
2021-05-22 17:00:00,26.76
2021-05-22 18:00:00,25.48
2021-05-22 19:00:00,31.28
2021-05-22 20:00:00,31.79
2021-05-22 21:00:00,30.32
2021-05-22 22:00:00,32.55
2021-05-22 23:00:00,30.73
2021-05-23 00:00:00,25.06
2021-05-23 01:00:00,33
2021-05-23 02:00:00,29.81
2021-05-23 03:00:00,28.65
2021-05-23 04:00:00,26.32
2021-05-23 05:00:00,24.82
2021-05-23 06:00:00,28.45
2021-05-23 07:00:00,25.05
2021-05-23 08:00:00,28.71
2021-05-23 09:00:00,25.95
2021-05-23 10:00:00,20.49
2021-05-23 11:00:00,21.89
2021-05-23 12:00:00,32.5
2021-05-23 13:00:00,23.82
2021-05-23 14:00:00,27.92
2021-05-23 15:00:00,34.43
2021-05-23 16:00:00,37.74
2021-05-23 17:00:00,40.56
2021-05-23 18:00:00,34.29
2021-05-23 19:00:00,34.17
2021-05-23 20:00:00,33.84
2021-05-23 21:00:00,37.69
2021-05-23 22:00:00,32.02
2021-05-23 23:00:00,30.62
2021-05-24 00:00:00,27.96
2021-05-24 01:00:00,27.58
2021-05-24 02:00:00,23.56
2021-05-24 03:00:00,31.64
2021-05-24 04:00:00,30.28
2021-05-24 05:00:00,29.41
2021-05-24 06:00:00,31.19
2021-05-24 07:00:00,28.98
2021-05-24 08:00:00,21.86
2021-05-24 09:00:00,25.84
2021-05-24 10:00:00,30.45
2021-05-24 11:00:00,30.84
2021-05-24 12:00:00,34.01
2021-05-24 13:00:00,29.53
2021-05-24 14:00:00,33.13
2021-05-24 15:00:00,36.78
2021-05-24 16:00:00,35.38
2021-05-24 17:00:00,36.64
2021-05-24 18:00:00,35.6
2021-05-24 19:00:00,37.65
2021-05-24 20:00:00,38.26
2021-05-24 21:00:00,36.59
2021-05-24 22:00:00,35.15
2021-05-24 23:00:00,30.2
2021-05-25 00:00:00,29.05
2021-05-25 01:00:00,29.43
2021-05-25 02:00:00,31.1
2021-05-25 03:00:00,29.66
2021-05-25 04:00:00,32.63
2021-05-25 05:00:00,33.3
2021-05-25 06:00:00,28.08
2021-05-25 07:00:00,32.56
2021-05-25 08:00:00,35.04
2021-05-25 09:00:00,35.67
2021-05-25 10:00:00,28.16
2021-05-25 11:00:00,27.55
2021-05-25 12:00:00,30.95
2021-05-25 13:00:00,25.74
2021-05-25 14:00:00,40.14
2021-05-25 15:00:00,37.69
2021-05-25 16:00:00,34.75
2021-05-25 17:00:00,39.59
2021-05-25 18:00:00,29.73
2021-05-25 19:00:00,33.67
2021-05-25 20:00:00,32.26
2021-05-25 21:00:00,36.5
2021-05-25 22:00:00,34.35
2021-05-25 23:00:00,28.38
2021-05-26 00:00:00,37.36
2021-05-26 01:00:00,33.29
2021-05-26 02:00:00,34.13
2021-05-26 03:00:00,36.97
2021-05-26 04:00:00,38.22
2021-05-26 05:00:00,37.29
2021-05-26 06:00:00,28.21
2021-05-26 07:00:00,27.12
2021-05-26 08:00:00,29.94
2021-05-26 09:00:00,28.45
2021-05-26 10:00:00,27.89
2021-05-26 11:00:00,19.75
2021-05-26 12:00:00,30.51
2021-05-26 13:00:00,28.35
2021-05-26 14:00:00,38.87
2021-05-26 15:00:00,37.32
2021-05-26 16:00:00,34.94
2021-05-26 17:00:00,36.97
2021-05-26 18:00:00,31.83
2021-05-26 19:00:00,34.97
2021-05-26 20:00:00,37.18
2021-05-26 21:00:00,32.41
2021-05-26 22:00:00,35.25
2021-05-26 23:00:00,30.91
2021-05-27 00:00:00,30.12
2021-05-27 01:00:00,26.49
2021-05-27 02:00:00,31.32
2021-05-27 03:00:00,29.29
2021-05-27 04:00:00,28.87
2021-05-27 05:00:00,30.14
2021-05-27 06:00:00,24.34
2021-05-27 07:00:00,25.34
2021-05-27 08:00:00,27.83
2021-05-27 09:00:00,30.95
2021-05-27 10:00:00,25.31
2021-05-27 11:00:00,25.78
2021-05-27 12:00:00,30.38
2021-05-27 13:00:00,24.57
2021-05-27 14:00:00,34.57
2021-05-27 15:00:00,33.16
2021-05-27 16:00:00,36.53
2021-05-27 17:00:00,34.34
2021-05-27 18:00:00,31.1
2021-05-27 19:00:00,33.07
2021-05-27 20:00:00,36.08
2021-05-27 21:00:00,37.19
2021-05-27 22:00:00,34.49
2021-05-27 23:00:00,30.45
2021-05-28 00:00:00,32.81
2021-05-28 01:00:00,29.15
2021-05-28 02:00:00,26.79
2021-05-28 03:00:00,20.52
2021-05-28 04:00:00,34.72
2021-05-28 05:00:00,35.58
2021-05-28 06:00:00,22.11
2021-05-28 07:00:00,25.99
2021-05-28 08:00:00,24.41
2021-05-28 09:00:00,30.51
2021-05-28 10:00:00,35.67
2021-05-28 11:00:00,27.49
2021-05-28 12:00:00,27.8
2021-05-28 13:00:00,27.97
2021-05-28 14:00:00,32.94
2021-05-28 15:00:00,32.72
2021-05-28 16:00:00,36.74
2021-05-28 17:00:00,34.98
2021-05-28 18:00:00,32.88
2021-05-28 19:00:00,33.08
2021-05-28 20:00:00,38.08
2021-05-28 21:00:00,34.14
2021-05-28 22:00:00,31.87
2021-05-28 23:00:00,31.07
2021-05-29 00:00:00,33.92
2021-05-29 01:00:00,31.23
2021-05-29 02:00:00,27.03
2021-05-29 03:00:00,26.36
2021-05-29 04:00:00,23.86
2021-05-29 05:00:00,23.73
2021-05-29 06:00:00,27.29
2021-05-29 07:00:00,23.85
2021-05-29 08:00:00,23.2
2021-05-29 09:00:00,22.44
2021-05-29 10:00:00,32.64
2021-05-29 11:00:00,28.72
2021-05-29 12:00:00,22.34
2021-05-29 13:00:00,21.56
2021-05-29 14:00:00,23.23
2021-05-29 15:00:00,25.82
2021-05-29 16:00:00,36.34
2021-05-29 17:00:00,35.23
2021-05-29 18:00:00,26.77
2021-05-29 19:00:00,32.12
2021-05-29 20:00:00,38.8
2021-05-29 21:00:00,33.91
2021-05-29 22:00:00,31.48
2021-05-29 23:00:00,30.32
2021-05-30 00:00:00,31.75
2021-05-30 01:00:00,29.95
2021-05-30 02:00:00,27.53
2021-05-30 03:00:00,26.49
2021-05-30 04:00:00,29.09
2021-05-30 05:00:00,25.1
2021-05-30 06:00:00,26.7
2021-05-30 07:00:00,22.14
2021-05-30 08:00:00,21.55
2021-05-30 09:00:00,26.25
2021-05-30 10:00:00,24.44
2021-05-30 11:00:00,21.34
2021-05-30 12:00:00,19.56
2021-05-30 13:00:00,23.66
2021-05-30 14:00:00,23.38
2021-05-30 15:00:00,26.66
2021-05-30 16:00:00,35.24
2021-05-30 17:00:00,32.74
2021-05-30 18:00:00,27.91
2021-05-30 19:00:00,35.03
2021-05-30 20:00:00,35.44
2021-05-30 21:00:00,35.29
2021-05-30 22:00:00,33.42
2021-05-30 23:00:00,30.04
2021-05-31 00:00:00,35.34
2021-05-31 01:00:00,34.71
2021-05-31 02:00:00,26.83
2021-05-31 03:00:00,26.79
2021-05-31 04:00:00,27.34
2021-05-31 05:00:00,34.75
2021-05-31 06:00:00,25.82
2021-05-31 07:00:00,27.22
2021-05-31 08:00:00,37
2021-05-31 09:00:00,19.29
2021-05-31 10:00:00,29.83
2021-05-31 11:00:00,26.71
2021-05-31 12:00:00,32.99
2021-05-31 13:00:00,23.98
2021-05-31 14:00:00,35.64
2021-05-31 15:00:00,38.83
2021-05-31 16:00:00,33.01
2021-05-31 17:00:00,30.42
2021-05-31 18:00:00,27.54
2021-05-31 19:00:00,34.68
2021-05-31 20:00:00,32.48
2021-05-31 21:00:00,32.33
2021-05-31 22:00:00,31.75
2021-05-31 23:00:00,29.61
2021-06-01 00:00:00,30.25
2021-06-01 01:00:00,27.16
2021-06-01 02:00:00,25.07
2021-06-01 03:00:00,18.6
2021-06-01 04:00:00,20.02
2021-06-01 05:00:00,23.02
2021-06-01 06:00:00,25.14
2021-06-01 07:00:00,27.49
2021-06-01 08:00:00,25.93
2021-06-01 09:00:00,26.71
2021-06-01 10:00:00,27.72
2021-06-01 11:00:00,36.08
2021-06-01 12:00:00,31.19
2021-06-01 13:00:00,32.71
2021-06-01 14:00:00,30.03
2021-06-01 15:00:00,33.92
2021-06-01 16:00:00,24.36
2021-06-01 17:00:00,30.44
2021-06-01 18:00:00,26.01
2021-06-01 19:00:00,31.76
2021-06-01 20:00:00,32.76
2021-06-01 21:00:00,37.36
2021-06-01 22:00:00,31.16
2021-06-01 23:00:00,27.25
2021-06-02 00:00:00,32.26
2021-06-02 01:00:00,36.03
2021-06-02 02:00:00,27.44
2021-06-02 03:00:00,24.97
2021-06-02 04:00:00,28.23
2021-06-02 05:00:00,29.12
2021-06-02 06:00:00,34.67
2021-06-02 07:00:00,31.03
2021-06-02 08:00:00,25.84
2021-06-02 09:00:00,33.56
2021-06-02 10:00:00,24.97
2021-06-02 11:00:00,27.34
2021-06-02 12:00:00,31.23
2021-06-02 13:00:00,31.68
2021-06-02 14:00:00,30.18
2021-06-02 15:00:00,30.45
2021-06-02 16:00:00,33.65
2021-06-02 17:00:00,36.8
2021-06-02 18:00:00,32.08
2021-06-02 19:00:00,34.97
2021-06-02 20:00:00,38.37
2021-06-02 21:00:00,34.07
2021-06-02 22:00:00,34.71
2021-06-02 23:00:00,32.35
2021-06-03 00:00:00,23.52
2021-06-03 01:00:00,33.23
2021-06-03 02:00:00,27.45
2021-06-03 03:00:00,28.04
2021-06-03 04:00:00,27.85
2021-06-03 05:00:00,30.66
2021-06-03 06:00:00,28.15
2021-06-03 07:00:00,28.17
2021-06-03 08:00:00,37.91
2021-06-03 09:00:00,32.63
2021-06-03 10:00:00,24.99
2021-06-03 11:00:00,23.4
2021-06-03 12:00:00,26.99
2021-06-03 13:00:00,26.78
2021-06-03 14:00:00,31.25
2021-06-03 15:00:00,33.28
2021-06-03 16:00:00,31.9
2021-06-03 17:00:00,27.03
2021-06-03 18:00:00,29.3
2021-06-03 19:00:00,34.5
2021-06-03 20:00:00,32.18
2021-06-03 21:00:00,33.96
2021-06-03 22:00:00,32.37
2021-06-03 23:00:00,29.14
2021-06-04 00:00:00,29.54
2021-06-04 01:00:00,34.6
2021-06-04 02:00:00,26.43
2021-06-04 03:00:00,29.94
2021-06-04 04:00:00,25.68
2021-06-04 05:00:00,30.77
2021-06-04 06:00:00,32.24
2021-06-04 07:00:00,23.12
2021-06-04 08:00:00,29.29
2021-06-04 09:00:00,26.57
2021-06-04 10:00:00,27.42
2021-06-04 11:00:00,31.84
2021-06-04 12:00:00,30.85
2021-06-04 13:00:00,29.17
2021-06-04 14:00:00,35.51
2021-06-04 15:00:00,31.26
2021-06-04 16:00:00,33.33
2021-06-04 17:00:00,32.75
2021-06-04 18:00:00,28.03
2021-06-04 19:00:00,31.6
2021-06-04 20:00:00,32.97
2021-06-04 21:00:00,31.86
2021-06-04 22:00:00,32.59
2021-06-04 23:00:00,30.27
2021-06-05 00:00:00,29.51
2021-06-05 01:00:00,33.32
2021-06-05 02:00:00,33.11
2021-06-05 03:00:00,28.65
2021-06-05 04:00:00,31.37
2021-06-05 05:00:00,32.01
2021-06-05 06:00:00,30.59
2021-06-05 07:00:00,33.86
2021-06-05 08:00:00,29.36
2021-06-05 09:00:00,35.28
2021-06-05 10:00:00,25.94
2021-06-05 11:00:00,30.12
2021-06-05 12:00:00,28.55
2021-06-05 13:00:00,20.92
2021-06-05 14:00:00,21.18
2021-06-05 15:00:00,24.29
2021-06-05 16:00:00,33.05
2021-06-05 17:00:00,37.03
2021-06-05 18:00:00,28.53
2021-06-05 19:00:00,34.6
2021-06-05 20:00:00,37.92
2021-06-05 21:00:00,34.33
2021-06-05 22:00:00,31.58
2021-06-05 23:00:00,36.06
2021-06-06 00:00:00,28.88
2021-06-06 01:00:00,27.5
2021-06-06 02:00:00,26.49
2021-06-06 03:00:00,25.2
2021-06-06 04:00:00,29.91
2021-06-06 05:00:00,27.87
2021-06-06 06:00:00,24.65
2021-06-06 07:00:00,28.86
2021-06-06 08:00:00,25.78
2021-06-06 09:00:00,25.69
2021-06-06 10:00:00,32.61
2021-06-06 11:00:00,22.08
2021-06-06 12:00:00,19.99
2021-06-06 13:00:00,27.04
2021-06-06 14:00:00,25.61
2021-06-06 15:00:00,29.91
2021-06-06 16:00:00,29.03
2021-06-06 17:00:00,33.04
2021-06-06 18:00:00,29.99
2021-06-06 19:00:00,29.8
2021-06-06 20:00:00,35.53
2021-06-06 21:00:00,39.29
2021-06-06 22:00:00,34.15
2021-06-06 23:00:00,28.8
2021-06-07 00:00:00,27.9
2021-06-07 01:00:00,29.04
2021-06-07 02:00:00,26.11
2021-06-07 03:00:00,21.69
2021-06-07 04:00:00,25.71
2021-06-07 05:00:00,28.91
2021-06-07 06:00:00,24.93
2021-06-07 07:00:00,21.22
2021-06-07 08:00:00,24.29
2021-06-07 09:00:00,21.85
2021-06-07 10:00:00,27.03
2021-06-07 11:00:00,28.66
2021-06-07 12:00:00,32
2021-06-07 13:00:00,25.64
2021-06-07 14:00:00,27.01
2021-06-07 15:00:00,35.51
2021-06-07 16:00:00,36.05
2021-06-07 17:00:00,34.48
2021-06-07 18:00:00,31.02
2021-06-07 19:00:00,34.1
2021-06-07 20:00:00,37.04
2021-06-07 21:00:00,29.66
2021-06-07 22:00:00,30.8
2021-06-07 23:00:00,28.72
2021-06-08 00:00:00,26.61
2021-06-08 01:00:00,25.1
2021-06-08 02:00:00,21.73
2021-06-08 03:00:00,22.82
2021-06-08 04:00:00,24.56
2021-06-08 05:00:00,25.49
2021-06-08 06:00:00,27.45
2021-06-08 07:00:00,22.5
2021-06-08 08:00:00,26.62
2021-06-08 09:00:00,29.57
2021-06-08 10:00:00,22.11
2021-06-08 11:00:00,24.27
2021-06-08 12:00:00,28.6
2021-06-08 13:00:00,29.35
2021-06-08 14:00:00,28.94
2021-06-08 15:00:00,31.92
2021-06-08 16:00:00,33
2021-06-08 17:00:00,24.78
2021-06-08 18:00:00,27.99
2021-06-08 19:00:00,32.27
2021-06-08 20:00:00,30.47
2021-06-08 21:00:00,33.01
2021-06-08 22:00:00,32.81
2021-06-08 23:00:00,28.18
2021-06-09 00:00:00,26.7
2021-06-09 01:00:00,25.6
2021-06-09 02:00:00,26.89
2021-06-09 03:00:00,27.27
2021-06-09 04:00:00,29.73
2021-06-09 05:00:00,29.84
2021-06-09 06:00:00,32.64
2021-06-09 07:00:00,35.61
2021-06-09 08:00:00,29.57
2021-06-09 09:00:00,28.92
2021-06-09 10:00:00,33.9
2021-06-09 11:00:00,24.8
2021-06-09 12:00:00,24.32
2021-06-09 13:00:00,28.68
2021-06-09 14:00:00,38.53
2021-06-09 15:00:00,32.51
2021-06-09 16:00:00,30.94
2021-06-09 17:00:00,33.84
2021-06-09 18:00:00,27.11
2021-06-09 19:00:00,33.67
2021-06-09 20:00:00,34.34
2021-06-09 21:00:00,30.87
2021-06-09 22:00:00,32.02
2021-06-09 23:00:00,24.22
2021-06-10 00:00:00,22.2
2021-06-10 01:00:00,28.21
2021-06-10 02:00:00,31.03
2021-06-10 03:00:00,40.92
2021-06-10 04:00:00,33.89
2021-06-10 05:00:00,34.31
2021-06-10 06:00:00,33.12
2021-06-10 07:00:00,30.79
2021-06-10 08:00:00,22.44
2021-06-10 09:00:00,21.93
2021-06-10 10:00:00,23.57
2021-06-10 11:00:00,29.4
2021-06-10 12:00:00,36.88
2021-06-10 13:00:00,27.22
2021-06-10 14:00:00,36.35
2021-06-10 15:00:00,36.43
2021-06-10 16:00:00,30.62
2021-06-10 17:00:00,31.51
2021-06-10 18:00:00,37.31
2021-06-10 19:00:00,35.7
2021-06-10 20:00:00,38.72
2021-06-10 21:00:00,34.78
2021-06-10 22:00:00,31.28
2021-06-10 23:00:00,33.91
2021-06-11 00:00:00,32.02
2021-06-11 01:00:00,30.52
2021-06-11 02:00:00,26.09
2021-06-11 03:00:00,27.53
2021-06-11 04:00:00,26.04
2021-06-11 05:00:00,36.03
2021-06-11 06:00:00,34.05
2021-06-11 07:00:00,24.87
2021-06-11 08:00:00,37.74
2021-06-11 09:00:00,23.39
2021-06-11 10:00:00,24.94
2021-06-11 11:00:00,29.58
2021-06-11 12:00:00,28.36
2021-06-11 13:00:00,25.72
2021-06-11 14:00:00,31.6
2021-06-11 15:00:00,36.51
2021-06-11 16:00:00,32.43
2021-06-11 17:00:00,30.29
2021-06-11 18:00:00,29.56
2021-06-11 19:00:00,30.67
2021-06-11 20:00:00,35.22
2021-06-11 21:00:00,29.57
2021-06-11 22:00:00,31.58
2021-06-11 23:00:00,29.45
2021-06-12 00:00:00,28.67
2021-06-12 01:00:00,24.41
2021-06-12 02:00:00,30.2
2021-06-12 03:00:00,27.21
2021-06-12 04:00:00,27.32
2021-06-12 05:00:00,27.79
2021-06-12 06:00:00,22.98
2021-06-12 07:00:00,24.09
2021-06-12 08:00:00,30.96
2021-06-12 09:00:00,28.32
2021-06-12 10:00:00,35.74
2021-06-12 11:00:00,23.96
2021-06-12 12:00:00,26.41
2021-06-12 13:00:00,25.1
2021-06-12 14:00:00,22.99
2021-06-12 15:00:00,23.7
2021-06-12 16:00:00,27.25
2021-06-12 17:00:00,25.51
2021-06-12 18:00:00,28.43
2021-06-12 19:00:00,30.23
2021-06-12 20:00:00,33.22
2021-06-12 21:00:00,31.4
2021-06-12 22:00:00,31.12
2021-06-12 23:00:00,26.58
2021-06-13 00:00:00,24.52
2021-06-13 01:00:00,26.4
2021-06-13 02:00:00,22.3
2021-06-13 03:00:00,18.2
2021-06-13 04:00:00,18.28
2021-06-13 05:00:00,20.21
2021-06-13 06:00:00,27.9
2021-06-13 07:00:00,28.98
2021-06-13 08:00:00,29.55
2021-06-13 09:00:00,26.6
2021-06-13 10:00:00,21.34
2021-06-13 11:00:00,20.05
2021-06-13 12:00:00,21.91
2021-06-13 13:00:00,28.23
2021-06-13 14:00:00,31.26
2021-06-13 15:00:00,22.17
2021-06-13 16:00:00,29.16
2021-06-13 17:00:00,26.82
2021-06-13 18:00:00,25.13
2021-06-13 19:00:00,31.52
2021-06-13 20:00:00,30.44
2021-06-13 21:00:00,23.8
2021-06-13 22:00:00,31.11
2021-06-13 23:00:00,23.57
2021-06-14 00:00:00,21.18
2021-06-14 01:00:00,20.07
2021-06-14 02:00:00,25.96
2021-06-14 03:00:00,21.07
2021-06-14 04:00:00,21.78
2021-06-14 05:00:00,26.98
2021-06-14 06:00:00,26.25
2021-06-14 07:00:00,19.46
2021-06-14 08:00:00,35.27
2021-06-14 09:00:00,27.39
2021-06-14 10:00:00,27.62
2021-06-14 11:00:00,18.4
2021-06-14 12:00:00,19.88
2021-06-14 13:00:00,30.82
2021-06-14 14:00:00,25.86
2021-06-14 15:00:00,29.21
2021-06-14 16:00:00,39.89
2021-06-14 17:00:00,27.9
2021-06-14 18:00:00,23.97
2021-06-14 19:00:00,32.32
2021-06-14 20:00:00,36.7
2021-06-14 21:00:00,32.45
2021-06-14 22:00:00,31.45
2021-06-14 23:00:00,24.11
2021-06-15 00:00:00,27.51
2021-06-15 01:00:00,25.96
2021-06-15 02:00:00,23.91
2021-06-15 03:00:00,17.98
2021-06-15 04:00:00,18.55
2021-06-15 05:00:00,26.53
2021-06-15 06:00:00,29.84
2021-06-15 07:00:00,37.79
2021-06-15 08:00:00,31.35
2021-06-15 09:00:00,30.72
2021-06-15 10:00:00,24.75
2021-06-15 11:00:00,20.14
2021-06-15 12:00:00,29.78
2021-06-15 13:00:00,30.61
2021-06-15 14:00:00,37.51
2021-06-15 15:00:00,33.88
2021-06-15 16:00:00,30.64
2021-06-15 17:00:00,27.99
2021-06-15 18:00:00,20.92
2021-06-15 19:00:00,36.11
2021-06-15 20:00:00,34.71
2021-06-15 21:00:00,31.93
2021-06-15 22:00:00,33.56
2021-06-15 23:00:00,27.28
2021-06-16 00:00:00,21.42
2021-06-16 01:00:00,17.52
2021-06-16 02:00:00,25.84
2021-06-16 03:00:00,25.43
2021-06-16 04:00:00,31.64
2021-06-16 05:00:00,31.44
2021-06-16 06:00:00,28.64
2021-06-16 07:00:00,31.1
2021-06-16 08:00:00,34.83
2021-06-16 09:00:00,25.75
2021-06-16 10:00:00,20.44
2021-06-16 11:00:00,24.92
2021-06-16 12:00:00,27.33
2021-06-16 13:00:00,23.75
2021-06-16 14:00:00,24.91
2021-06-16 15:00:00,33.43
2021-06-16 16:00:00,29.31
2021-06-16 17:00:00,29.24
2021-06-16 18:00:00,21.6
2021-06-16 19:00:00,29.66
2021-06-16 20:00:00,32.43
2021-06-16 21:00:00,33.01
2021-06-16 22:00:00,31.43
2021-06-16 23:00:00,23.31
2021-06-17 00:00:00,23.98
2021-06-17 01:00:00,30.25
2021-06-17 02:00:00,32.25
2021-06-17 03:00:00,34.14
2021-06-17 04:00:00,34.09
2021-06-17 05:00:00,32.04
2021-06-17 06:00:00,31.27
2021-06-17 07:00:00,20.64
2021-06-17 08:00:00,23.31
2021-06-17 09:00:00,33.95
2021-06-17 10:00:00,27.93
2021-06-17 11:00:00,19.33
2021-06-17 12:00:00,20.7
2021-06-17 13:00:00,26.37
2021-06-17 14:00:00,25.57
2021-06-17 15:00:00,30.28
2021-06-17 16:00:00,30.68
2021-06-17 17:00:00,23.43
2021-06-17 18:00:00,26.01
2021-06-17 19:00:00,29.22
2021-06-17 20:00:00,31.3
2021-06-17 21:00:00,30.98
2021-06-17 22:00:00,31.38
2021-06-17 23:00:00,25.52
2021-06-18 00:00:00,26.27
2021-06-18 01:00:00,30.41
2021-06-18 02:00:00,28.46
2021-06-18 03:00:00,21.78
2021-06-18 04:00:00,23.01
2021-06-18 05:00:00,31.29
2021-06-18 06:00:00,22.87
2021-06-18 07:00:00,28.12
2021-06-18 08:00:00,21.1
2021-06-18 09:00:00,23.8
2021-06-18 10:00:00,21.45
2021-06-18 11:00:00,23.45
2021-06-18 12:00:00,22.05
2021-06-18 13:00:00,24.32
2021-06-18 14:00:00,22.17
2021-06-18 15:00:00,23.54
2021-06-18 16:00:00,26.24
2021-06-18 17:00:00,27.3
2021-06-18 18:00:00,33.38
2021-06-18 19:00:00,31.78
2021-06-18 20:00:00,32.39
2021-06-18 21:00:00,33.94
2021-06-18 22:00:00,35.28
2021-06-18 23:00:00,29.66
2021-06-19 00:00:00,26.78
2021-06-19 01:00:00,25.85
2021-06-19 02:00:00,23.21
2021-06-19 03:00:00,21.7
2021-06-19 04:00:00,20.69
2021-06-19 05:00:00,22.46
2021-06-19 06:00:00,21.79
2021-06-19 07:00:00,27.5
2021-06-19 08:00:00,23.6
2021-06-19 09:00:00,26.4
2021-06-19 10:00:00,22.48
2021-06-19 11:00:00,22.78
2021-06-19 12:00:00,20.06
2021-06-19 13:00:00,24.37
2021-06-19 14:00:00,31.67
2021-06-19 15:00:00,34.98
2021-06-19 16:00:00,25.01
2021-06-19 17:00:00,30.25
2021-06-19 18:00:00,25.2
2021-06-19 19:00:00,30.38
2021-06-19 20:00:00,31.27
2021-06-19 21:00:00,31.85
2021-06-19 22:00:00,31.17
2021-06-19 23:00:00,20.51
2021-06-20 00:00:00,22.01
2021-06-20 01:00:00,23.42
2021-06-20 02:00:00,19.5
2021-06-20 03:00:00,16.91
2021-06-20 04:00:00,17.73
2021-06-20 05:00:00,18.05
2021-06-20 06:00:00,22.22
2021-06-20 07:00:00,21.46
2021-06-20 08:00:00,21.1
2021-06-20 09:00:00,19.37
2021-06-20 10:00:00,27.18
2021-06-20 11:00:00,18.15
2021-06-20 12:00:00,27.85
2021-06-20 13:00:00,19.4
2021-06-20 14:00:00,32.08
2021-06-20 15:00:00,36.32
2021-06-20 16:00:00,28.13
2021-06-20 17:00:00,32.21
2021-06-20 18:00:00,24.33
2021-06-20 19:00:00,32.63
2021-06-20 20:00:00,32.18
2021-06-20 21:00:00,31.63
2021-06-20 22:00:00,32.12
2021-06-20 23:00:00,27.63
2021-06-21 00:00:00,26.34
2021-06-21 01:00:00,19.75
2021-06-21 02:00:00,31.44
2021-06-21 03:00:00,30.46
2021-06-21 04:00:00,25.13
2021-06-21 05:00:00,29.78
2021-06-21 06:00:00,25.26
2021-06-21 07:00:00,26.88
2021-06-21 08:00:00,21.15
2021-06-21 09:00:00,33.22
2021-06-21 10:00:00,29.22
2021-06-21 11:00:00,22.27
2021-06-21 12:00:00,21.76
2021-06-21 13:00:00,26.1
2021-06-21 14:00:00,36.54
2021-06-21 15:00:00,35.26
2021-06-21 16:00:00,34.32
2021-06-21 17:00:00,33.45
2021-06-21 18:00:00,31.41
2021-06-21 19:00:00,28.61
2021-06-21 20:00:00,33.56
2021-06-21 21:00:00,31.77
2021-06-21 22:00:00,30.65
2021-06-21 23:00:00,24.17
2021-06-22 00:00:00,36.75
2021-06-22 01:00:00,20.05
2021-06-22 02:00:00,26.71
2021-06-22 03:00:00,30.6
2021-06-22 04:00:00,39.38
2021-06-22 05:00:00,35.37
2021-06-22 06:00:00,35.42
2021-06-22 07:00:00,31.7
2021-06-22 08:00:00,19.04
2021-06-22 09:00:00,28.39
2021-06-22 10:00:00,33.61
2021-06-22 11:00:00,30.81
2021-06-22 12:00:00,31.26
2021-06-22 13:00:00,31.98
2021-06-22 14:00:00,25.34
2021-06-22 15:00:00,33.14
2021-06-22 16:00:00,31.75
2021-06-22 17:00:00,31.31
2021-06-22 18:00:00,27.09
2021-06-22 19:00:00,29.28
2021-06-22 20:00:00,33.73
2021-06-22 21:00:00,34.74
2021-06-22 22:00:00,34.09
2021-06-22 23:00:00,32.23
2021-06-23 00:00:00,27.67
2021-06-23 01:00:00,32.36
2021-06-23 02:00:00,39.08
2021-06-23 03:00:00,31.26
2021-06-23 04:00:00,29.06
2021-06-23 05:00:00,26.36
2021-06-23 06:00:00,30.88
2021-06-23 07:00:00,36.13
2021-06-23 08:00:00,33.33
2021-06-23 09:00:00,31.99
2021-06-23 10:00:00,28.13
2021-06-23 11:00:00,23.46
2021-06-23 12:00:00,25.16
2021-06-23 13:00:00,22.77
2021-06-23 14:00:00,28.02
2021-06-23 15:00:00,34.25
2021-06-23 16:00:00,26.09
2021-06-23 17:00:00,27.54
2021-06-23 18:00:00,34.64
2021-06-23 19:00:00,27.97
2021-06-23 20:00:00,28.44
2021-06-23 21:00:00,32.24
2021-06-23 22:00:00,32.92
2021-06-23 23:00:00,27.18
2021-06-24 00:00:00,23.02
2021-06-24 01:00:00,25.31
2021-06-24 02:00:00,25.92
2021-06-24 03:00:00,28.87
2021-06-24 04:00:00,34.56
2021-06-24 05:00:00,34.1
2021-06-24 06:00:00,29.71
2021-06-24 07:00:00,28.6
2021-06-24 08:00:00,2.84
2021-06-24 09:00:00,2.84
2021-06-24 10:00:00,2.84
2021-06-24 11:00:00,2.84
2021-06-24 12:00:00,2.84
2021-06-24 13:00:00,2.84
2021-06-24 14:00:00,2.84
2021-06-24 15:00:00,2.84
2021-06-24 16:00:00,2.84
2021-06-24 17:00:00,2.84
2021-06-24 18:00:00,2.84
2021-06-24 19:00:00,2.84
2021-06-24 20:00:00,4.46
2021-06-24 21:00:00,30.87
2021-06-24 22:00:00,29.22
2021-06-24 23:00:00,25.15
2021-06-25 00:00:00,28.16
2021-06-25 01:00:00,27.9
2021-06-25 02:00:00,23.91
2021-06-25 03:00:00,18.79
2021-06-25 04:00:00,19.04
2021-06-25 05:00:00,23.12
2021-06-25 06:00:00,19.18
2021-06-25 07:00:00,34.48
2021-06-25 08:00:00,30.17
2021-06-25 09:00:00,29.32
2021-06-25 10:00:00,22
2021-06-25 11:00:00,22.78
2021-06-25 12:00:00,27.56
2021-06-25 13:00:00,29.54
2021-06-25 14:00:00,31.5
2021-06-25 15:00:00,29.67
2021-06-25 16:00:00,36.26
2021-06-25 17:00:00,27.17
2021-06-25 18:00:00,34.61
2021-06-25 19:00:00,33.28
2021-06-25 20:00:00,36.23
2021-06-25 21:00:00,33.14
2021-06-25 22:00:00,31.09
2021-06-25 23:00:00,30.15
2021-06-26 00:00:00,21.99
2021-06-26 01:00:00,24.62
2021-06-26 02:00:00,25.29
2021-06-26 03:00:00,27.16
2021-06-26 04:00:00,25.69
2021-06-26 05:00:00,27.28
2021-06-26 06:00:00,27.08
2021-06-26 07:00:00,18.54
2021-06-26 08:00:00,27.74
2021-06-26 09:00:00,29.78
2021-06-26 10:00:00,22.09
2021-06-26 11:00:00,24.11
2021-06-26 12:00:00,24.1
2021-06-26 13:00:00,23.53
2021-06-26 14:00:00,26.47
2021-06-26 15:00:00,31.15
2021-06-26 16:00:00,29.53
2021-06-26 17:00:00,34.97
2021-06-26 18:00:00,26.71
2021-06-26 19:00:00,32.39
2021-06-26 20:00:00,32.65
2021-06-26 21:00:00,32.01
2021-06-26 22:00:00,33.43
2021-06-26 23:00:00,27.67
2021-06-27 00:00:00,25.8
2021-06-27 01:00:00,26.95
2021-06-27 02:00:00,27.74
2021-06-27 03:00:00,36.53
2021-06-27 04:00:00,32.07
2021-06-27 05:00:00,24.75
2021-06-27 06:00:00,27.99
2021-06-27 07:00:00,18.27
2021-06-27 08:00:00,25.7
2021-06-27 09:00:00,19.37
2021-06-27 10:00:00,22.02
2021-06-27 11:00:00,21.22
2021-06-27 12:00:00,30.17
2021-06-27 13:00:00,37.33
2021-06-27 14:00:00,29.91
2021-06-27 15:00:00,23.57
2021-06-27 16:00:00,38.37
2021-06-27 17:00:00,32.39
2021-06-27 18:00:00,31.17
2021-06-27 19:00:00,29.84
2021-06-27 20:00:00,33.62
2021-06-27 21:00:00,33.35
2021-06-27 22:00:00,36.15
2021-06-27 23:00:00,29.69
2021-06-28 00:00:00,28.93
2021-06-28 01:00:00,31.89
2021-06-28 02:00:00,26.35
2021-06-28 03:00:00,28.46
2021-06-28 04:00:00,28.76
2021-06-28 05:00:00,33.83
2021-06-28 06:00:00,34.22
2021-06-28 07:00:00,32.25
2021-06-28 08:00:00,32.07
2021-06-28 09:00:00,23.86
2021-06-28 10:00:00,19.65
2021-06-28 11:00:00,25.25
2021-06-28 12:00:00,26.63
2021-06-28 13:00:00,26.21
2021-06-28 14:00:00,32.68
2021-06-28 15:00:00,19.35
2021-06-28 16:00:00,33.03
2021-06-28 17:00:00,29.53
2021-06-28 18:00:00,25.09
2021-06-28 19:00:00,30.76
2021-06-28 20:00:00,32.55
2021-06-28 21:00:00,34.18
2021-06-28 22:00:00,32.51
2021-06-28 23:00:00,26.48
2021-06-29 00:00:00,28.49
2021-06-29 01:00:00,40.06
2021-06-29 02:00:00,33.33
2021-06-29 03:00:00,29.63
2021-06-29 04:00:00,33.24
2021-06-29 05:00:00,31.86
2021-06-29 06:00:00,35.53
2021-06-29 07:00:00,25.42
2021-06-29 08:00:00,22.36
2021-06-29 09:00:00,31.49
2021-06-29 10:00:00,35.35
2021-06-29 11:00:00,35.4
2021-06-29 12:00:00,36.84
2021-06-29 13:00:00,31.9
2021-06-29 14:00:00,33.66
2021-06-29 15:00:00,25.85
2021-06-29 16:00:00,29.92
2021-06-29 17:00:00,35.52
2021-06-29 18:00:00,35.08
2021-06-29 19:00:00,36.26
2021-06-29 20:00:00,39.01
2021-06-29 21:00:00,37.62
2021-06-29 22:00:00,37.73
2021-06-29 23:00:00,29.31
2021-06-30 00:00:00,28.82
2021-06-30 01:00:00,31.79
2021-06-30 02:00:00,38.02
2021-06-30 03:00:00,39.38
2021-06-30 04:00:00,40.03
2021-06-30 05:00:00,36.83
2021-06-30 06:00:00,38.09
2021-06-30 07:00:00,31.64
2021-06-30 08:00:00,24.71
2021-06-30 09:00:00,30.58
2021-06-30 10:00:00,30.98
2021-06-30 11:00:00,35.9
2021-06-30 12:00:00,37.52
2021-06-30 13:00:00,31.98
2021-06-30 14:00:00,37.28
2021-06-30 15:00:00,37.89
2021-06-30 16:00:00,39.13
2021-06-30 17:00:00,33.01
2021-06-30 18:00:00,27.51
2021-06-30 19:00:00,38.45
2021-06-30 20:00:00,38.43
2021-06-30 21:00:00,37.16
2021-06-30 22:00:00,36.23
2021-06-30 23:00:00,27.08
2021-07-01 00:00:00,30.24
2021-07-01 01:00:00,28.81
2021-07-01 02:00:00,25.71
2021-07-01 03:00:00,23.18
2021-07-01 04:00:00,30.86
2021-07-01 05:00:00,36.03
2021-07-01 06:00:00,31.84
2021-07-01 07:00:00,39.02
2021-07-01 08:00:00,28.09
2021-07-01 09:00:00,33.67
2021-07-01 10:00:00,33.86
2021-07-01 11:00:00,29.57
2021-07-01 12:00:00,29.41
2021-07-01 13:00:00,26.64
2021-07-01 14:00:00,33.68
2021-07-01 15:00:00,30.01
2021-07-01 16:00:00,36.22
2021-07-01 17:00:00,35.58
2021-07-01 18:00:00,38.98
2021-07-01 19:00:00,32.2
2021-07-01 20:00:00,34
2021-07-01 21:00:00,33.95
2021-07-01 22:00:00,37.64
2021-07-01 23:00:00,33.51
2021-07-02 00:00:00,31.11
2021-07-02 01:00:00,32.49
2021-07-02 02:00:00,41.78
2021-07-02 03:00:00,36.05
2021-07-02 04:00:00,36.25
2021-07-02 05:00:00,34.17
2021-07-02 06:00:00,33.03
2021-07-02 07:00:00,38.54
2021-07-02 08:00:00,29.17
2021-07-02 09:00:00,31.86
2021-07-02 10:00:00,23.08
2021-07-02 11:00:00,25.62
2021-07-02 12:00:00,31.03
2021-07-02 13:00:00,29.5
2021-07-02 14:00:00,34.68
2021-07-02 15:00:00,30.37
2021-07-02 16:00:00,31.35
2021-07-02 17:00:00,33.99
2021-07-02 18:00:00,26.82
2021-07-02 19:00:00,37.77
2021-07-02 20:00:00,40.29
2021-07-02 21:00:00,37.11
2021-07-02 22:00:00,39.03
2021-07-02 23:00:00,32.03
2021-07-03 00:00:00,26.96
2021-07-03 01:00:00,41.7
2021-07-03 02:00:00,32.24
2021-07-03 03:00:00,31.63
2021-07-03 04:00:00,40.83
2021-07-03 05:00:00,36.31
2021-07-03 06:00:00,36.23
2021-07-03 07:00:00,29.78
2021-07-03 08:00:00,26.94
2021-07-03 09:00:00,33.46
2021-07-03 10:00:00,36.64
2021-07-03 11:00:00,27.94
2021-07-03 12:00:00,30.56
2021-07-03 13:00:00,26.66
2021-07-03 14:00:00,26.22
2021-07-03 15:00:00,31.27
2021-07-03 16:00:00,39.57
2021-07-03 17:00:00,39.27
2021-07-03 18:00:00,33.98
2021-07-03 19:00:00,35.93
2021-07-03 20:00:00,43.83
2021-07-03 21:00:00,40.02
2021-07-03 22:00:00,39.72
2021-07-03 23:00:00,31.35
2021-07-04 00:00:00,30.51
2021-07-04 01:00:00,38.92
2021-07-04 02:00:00,35.07
2021-07-04 03:00:00,28.25
2021-07-04 04:00:00,33.97
2021-07-04 05:00:00,37.2
2021-07-04 06:00:00,37.99
2021-07-04 07:00:00,40.16
2021-07-04 08:00:00,40.84
2021-07-04 09:00:00,32.19
2021-07-04 10:00:00,34.86
2021-07-04 11:00:00,31.06
2021-07-04 12:00:00,24.65
2021-07-04 13:00:00,28.3
2021-07-04 14:00:00,28.65
2021-07-04 15:00:00,27.25
2021-07-04 16:00:00,35.6
2021-07-04 17:00:00,31.65
2021-07-04 18:00:00,31.92
2021-07-04 19:00:00,35.01
2021-07-04 20:00:00,37.07
2021-07-04 21:00:00,33.73
2021-07-04 22:00:00,33.99
2021-07-04 23:00:00,24.84
2021-07-05 00:00:00,25.18
2021-07-05 01:00:00,26.7
2021-07-05 02:00:00,21.26
2021-07-05 03:00:00,28.7
2021-07-05 04:00:00,36.99
2021-07-05 05:00:00,24.63
2021-07-05 06:00:00,31.88
2021-07-05 07:00:00,42.14
2021-07-05 08:00:00,10.79
2021-07-05 09:00:00,7.58
2021-07-05 10:00:00,7.58
2021-07-05 11:00:00,7.58
2021-07-05 12:00:00,7.58
2021-07-05 13:00:00,7.58
2021-07-05 14:00:00,18.45
2021-07-05 15:00:00,30.19
2021-07-05 16:00:00,26.13
2021-07-05 17:00:00,35.2
2021-07-05 18:00:00,28.22
2021-07-05 19:00:00,35.74
2021-07-05 20:00:00,35.74
2021-07-05 21:00:00,36.68
2021-07-05 22:00:00,33.33
2021-07-05 23:00:00,30.22
2021-07-06 00:00:00,7.58
2021-07-06 01:00:00,7.58
2021-07-06 02:00:00,7.58
2021-07-06 03:00:00,7.58
2021-07-06 04:00:00,7.58
2021-07-06 05:00:00,7.58
2021-07-06 06:00:00,7.58
2021-07-06 07:00:00,34.31
2021-07-06 08:00:00,23.27
2021-07-06 09:00:00,27.79
2021-07-06 10:00:00,35.53
2021-07-06 11:00:00,42.46
2021-07-06 12:00:00,36.31
2021-07-06 13:00:00,34.52
2021-07-06 14:00:00,39.64
2021-07-06 15:00:00,41.25
2021-07-06 16:00:00,40.53
2021-07-06 17:00:00,33.63
2021-07-06 18:00:00,31.41
2021-07-06 19:00:00,40.25
2021-07-06 20:00:00,44.28
2021-07-06 21:00:00,40.13
2021-07-06 22:00:00,32.24
2021-07-06 23:00:00,7.58
2021-07-07 00:00:00,9.28
2021-07-07 01:00:00,32.44
2021-07-07 02:00:00,28.65
2021-07-07 03:00:00,29.08
2021-07-07 04:00:00,7.58
2021-07-07 05:00:00,7.58
2021-07-07 06:00:00,7.58
2021-07-07 07:00:00,7.58
2021-07-07 08:00:00,7.58
2021-07-07 09:00:00,7.58
2021-07-07 10:00:00,20.8
2021-07-07 11:00:00,23.53
2021-07-07 12:00:00,29.65
2021-07-07 13:00:00,24.36
2021-07-07 14:00:00,25.41
2021-07-07 15:00:00,27.11
2021-07-07 16:00:00,30.83
2021-07-07 17:00:00,33.45
2021-07-07 18:00:00,29.78
2021-07-07 19:00:00,36.91
2021-07-07 20:00:00,39.64
2021-07-07 21:00:00,38.33
2021-07-07 22:00:00,40.36
2021-07-07 23:00:00,7.58
2021-07-08 00:00:00,7.58
2021-07-08 01:00:00,7.58
2021-07-08 02:00:00,7.58
2021-07-08 03:00:00,7.58
2021-07-08 04:00:00,7.58
2021-07-08 05:00:00,7.58
2021-07-08 06:00:00,7.58
2021-07-08 07:00:00,25.92
2021-07-08 08:00:00,28.86
2021-07-08 09:00:00,27.79
2021-07-08 10:00:00,25.69
2021-07-08 11:00:00,28.69
2021-07-08 12:00:00,29.97
2021-07-08 13:00:00,28.98
2021-07-08 14:00:00,34.87
2021-07-08 15:00:00,33.69
2021-07-08 16:00:00,42.32
2021-07-08 17:00:00,32.73
2021-07-08 18:00:00,32.81
2021-07-08 19:00:00,32.75
2021-07-08 20:00:00,40.49
2021-07-08 21:00:00,39.4
2021-07-08 22:00:00,37.37
2021-07-08 23:00:00,7.58
2021-07-09 00:00:00,7.58
2021-07-09 01:00:00,7.58
2021-07-09 02:00:00,7.58
2021-07-09 03:00:00,7.58
2021-07-09 04:00:00,7.58
2021-07-09 05:00:00,7.58
2021-07-09 06:00:00,7.58
2021-07-09 07:00:00,7.58
2021-07-09 08:00:00,31.92
2021-07-09 09:00:00,36.71
2021-07-09 10:00:00,40.47
2021-07-09 11:00:00,33.41
2021-07-09 12:00:00,36.26
2021-07-09 13:00:00,29.02
2021-07-09 14:00:00,39.32
2021-07-09 15:00:00,43.7
2021-07-09 16:00:00,34.41
2021-07-09 17:00:00,32.47
2021-07-09 18:00:00,32.19
2021-07-09 19:00:00,40.16
2021-07-09 20:00:00,37.48
2021-07-09 21:00:00,38.68
2021-07-09 22:00:00,37.45
2021-07-09 23:00:00,17.97
2021-07-10 00:00:00,7.58
2021-07-10 01:00:00,7.58
2021-07-10 02:00:00,7.58
2021-07-10 03:00:00,7.58
2021-07-10 04:00:00,7.58
2021-07-10 05:00:00,7.58
2021-07-10 06:00:00,7.58
2021-07-10 07:00:00,7.58
2021-07-10 08:00:00,30.85
2021-07-10 09:00:00,27.92
2021-07-10 10:00:00,37.61
2021-07-10 11:00:00,24.69
2021-07-10 12:00:00,26.4
2021-07-10 13:00:00,26.46
2021-07-10 14:00:00,35.31
2021-07-10 15:00:00,37.66
2021-07-10 16:00:00,36.91
2021-07-10 17:00:00,41.37
2021-07-10 18:00:00,38.25
2021-07-10 19:00:00,38.05
2021-07-10 20:00:00,39.76
2021-07-10 21:00:00,38.76
2021-07-10 22:00:00,36.51
2021-07-10 23:00:00,40.59
2021-07-11 00:00:00,9.12
2021-07-11 01:00:00,7.58
2021-07-11 02:00:00,7.58
2021-07-11 03:00:00,7.58
2021-07-11 04:00:00,7.58
2021-07-11 05:00:00,7.58
2021-07-11 06:00:00,7.58
2021-07-11 07:00:00,7.58
2021-07-11 08:00:00,24.77
2021-07-11 09:00:00,44.62
2021-07-11 10:00:00,32.37
2021-07-11 11:00:00,25.97
2021-07-11 12:00:00,27.87
2021-07-11 13:00:00,26.76
2021-07-11 14:00:00,25.19
2021-07-11 15:00:00,39.51
2021-07-11 16:00:00,35.41
2021-07-11 17:00:00,34.94
2021-07-11 18:00:00,33.69
2021-07-11 19:00:00,33.87
2021-07-11 20:00:00,39.47
2021-07-11 21:00:00,42.25
2021-07-11 22:00:00,37.56
2021-07-11 23:00:00,28.49
2021-07-12 00:00:00,7.58
2021-07-12 01:00:00,7.58
2021-07-12 02:00:00,7.58
2021-07-12 03:00:00,7.58
2021-07-12 04:00:00,7.58
2021-07-12 05:00:00,7.58
2021-07-12 06:00:00,7.58
2021-07-12 07:00:00,7.58
2021-07-12 08:00:00,7.58
2021-07-12 09:00:00,10.11
2021-07-12 10:00:00,30.52
2021-07-12 11:00:00,25.75
2021-07-12 12:00:00,32.59
2021-07-12 13:00:00,33.74
2021-07-12 14:00:00,38.18
2021-07-12 15:00:00,33.33
2021-07-12 16:00:00,36.1
2021-07-12 17:00:00,43.51
2021-07-12 18:00:00,30.29
2021-07-12 19:00:00,39.12
2021-07-12 20:00:00,39.92
2021-07-12 21:00:00,39.51
2021-07-12 22:00:00,41.14
2021-07-12 23:00:00,35.83
2021-07-13 00:00:00,41.42
2021-07-13 01:00:00,7.58
2021-07-13 02:00:00,7.58
2021-07-13 03:00:00,7.58
2021-07-13 04:00:00,7.58
2021-07-13 05:00:00,7.58
2021-07-13 06:00:00,7.58
2021-07-13 07:00:00,7.58
2021-07-13 08:00:00,26.15
2021-07-13 09:00:00,27.46
2021-07-13 10:00:00,24.74
2021-07-13 11:00:00,37.53
2021-07-13 12:00:00,45.53
2021-07-13 13:00:00,29.58
2021-07-13 14:00:00,30.87
2021-07-13 15:00:00,36.69
2021-07-13 16:00:00,36.76
2021-07-13 17:00:00,40.01
2021-07-13 18:00:00,30.34
2021-07-13 19:00:00,34.59
2021-07-13 20:00:00,37.47
2021-07-13 21:00:00,39.64
2021-07-13 22:00:00,37.82
2021-07-13 23:00:00,33.29
2021-07-14 00:00:00,30.25
2021-07-14 01:00:00,7.58
2021-07-14 02:00:00,7.58
2021-07-14 03:00:00,7.58
2021-07-14 04:00:00,7.58
2021-07-14 05:00:00,7.58
2021-07-14 06:00:00,7.58
2021-07-14 07:00:00,7.58
2021-07-14 08:00:00,10.3
2021-07-14 09:00:00,29.24
2021-07-14 10:00:00,36.83
2021-07-14 11:00:00,28.53
2021-07-14 12:00:00,31.18
2021-07-14 13:00:00,33.78
2021-07-14 14:00:00,38.07
2021-07-14 15:00:00,46.19
2021-07-14 16:00:00,39.55
2021-07-14 17:00:00,39.4
2021-07-14 18:00:00,30.16
2021-07-14 19:00:00,35.79
2021-07-14 20:00:00,38.22
2021-07-14 21:00:00,36.95
2021-07-14 22:00:00,37.94
2021-07-14 23:00:00,24.71
2021-07-15 00:00:00,7.58
2021-07-15 01:00:00,7.58
2021-07-15 02:00:00,7.58
2021-07-15 03:00:00,7.58
2021-07-15 04:00:00,7.58
2021-07-15 05:00:00,7.58
2021-07-15 06:00:00,7.58
2021-07-15 07:00:00,7.58
2021-07-15 08:00:00,7.58
2021-07-15 09:00:00,33.05
2021-07-15 10:00:00,32.97
2021-07-15 11:00:00,34.24
2021-07-15 12:00:00,41.45
2021-07-15 13:00:00,35.1
2021-07-15 14:00:00,42.19
2021-07-15 15:00:00,44.46
2021-07-15 16:00:00,43.98
2021-07-15 17:00:00,45.96
2021-07-15 18:00:00,39.15
2021-07-15 19:00:00,40.45
2021-07-15 20:00:00,46.35
2021-07-15 21:00:00,40.97
2021-07-15 22:00:00,36.43
2021-07-15 23:00:00,27.04
2021-07-16 00:00:00,30.66
2021-07-16 01:00:00,15.09
2021-07-16 02:00:00,7.58
2021-07-16 03:00:00,7.58
2021-07-16 04:00:00,7.58
2021-07-16 05:00:00,7.58
2021-07-16 06:00:00,7.58
2021-07-16 07:00:00,7.58
2021-07-16 08:00:00,7.58
2021-07-16 09:00:00,7.58
2021-07-16 10:00:00,7.58
2021-07-16 11:00:00,7.58
2021-07-16 12:00:00,7.58
2021-07-16 13:00:00,7.58
2021-07-16 14:00:00,7.58
2021-07-16 15:00:00,7.58
2021-07-16 16:00:00,7.58
2021-07-16 17:00:00,13.81
2021-07-16 18:00:00,40.08
2021-07-16 19:00:00,36.97
2021-07-16 20:00:00,42.05
2021-07-16 21:00:00,40.11
2021-07-16 22:00:00,41.57
2021-07-16 23:00:00,29.56
2021-07-17 00:00:00,36.04
2021-07-17 01:00:00,7.58
2021-07-17 02:00:00,7.58
2021-07-17 03:00:00,7.58
2021-07-17 04:00:00,7.58
2021-07-17 05:00:00,7.58
2021-07-17 06:00:00,7.58
2021-07-17 07:00:00,9.84
2021-07-17 08:00:00,28.26
2021-07-17 09:00:00,23.33
2021-07-17 10:00:00,32.8
2021-07-17 11:00:00,28.35
2021-07-17 12:00:00,30.05
2021-07-17 13:00:00,24.3
2021-07-17 14:00:00,23.15
2021-07-17 15:00:00,41.09
2021-07-17 16:00:00,34.05
2021-07-17 17:00:00,42.66
2021-07-17 18:00:00,40.17
2021-07-17 19:00:00,35.91
2021-07-17 20:00:00,35.03
2021-07-17 21:00:00,41.38
2021-07-17 22:00:00,41.05
2021-07-17 23:00:00,11.41
2021-07-18 00:00:00,7.58
2021-07-18 01:00:00,7.58
2021-07-18 02:00:00,7.58
2021-07-18 03:00:00,7.58
2021-07-18 04:00:00,7.58
2021-07-18 05:00:00,7.58
2021-07-18 06:00:00,7.58
2021-07-18 07:00:00,10.61
2021-07-18 08:00:00,23.81
2021-07-18 09:00:00,25.21
2021-07-18 10:00:00,25.76
2021-07-18 11:00:00,33.36
2021-07-18 12:00:00,37.2
2021-07-18 13:00:00,37.08
2021-07-18 14:00:00,24.73
2021-07-18 15:00:00,41.85
2021-07-18 16:00:00,32.67
2021-07-18 17:00:00,38.25
2021-07-18 18:00:00,34.16
2021-07-18 19:00:00,35.96
2021-07-18 20:00:00,37.68
2021-07-18 21:00:00,40.53
2021-07-18 22:00:00,36.49
2021-07-18 23:00:00,32.22
2021-07-19 00:00:00,29.11
2021-07-19 01:00:00,7.58
2021-07-19 02:00:00,7.58
2021-07-19 03:00:00,7.58
2021-07-19 04:00:00,7.58
2021-07-19 05:00:00,7.58
2021-07-19 06:00:00,7.58
2021-07-19 07:00:00,7.58
2021-07-19 08:00:00,10.44
2021-07-19 09:00:00,33.64
2021-07-19 10:00:00,26.5
2021-07-19 11:00:00,30.67
2021-07-19 12:00:00,39.05
2021-07-19 13:00:00,24.29
2021-07-19 14:00:00,34.97
2021-07-19 15:00:00,43.38
2021-07-19 16:00:00,37.53
2021-07-19 17:00:00,28.53
2021-07-19 18:00:00,33.78
2021-07-19 19:00:00,38.09
2021-07-19 20:00:00,43.1
2021-07-19 21:00:00,38.15
2021-07-19 22:00:00,37.74
2021-07-19 23:00:00,28.74
2021-07-20 00:00:00,9.86
2021-07-20 01:00:00,7.58
2021-07-20 02:00:00,7.58
2021-07-20 03:00:00,7.58
2021-07-20 04:00:00,7.58
2021-07-20 05:00:00,7.58
2021-07-20 06:00:00,7.58
2021-07-20 07:00:00,7.58
2021-07-20 08:00:00,7.58
2021-07-20 09:00:00,7.58
2021-07-20 10:00:00,30.41
2021-07-20 11:00:00,28.39
2021-07-20 12:00:00,31.67
2021-07-20 13:00:00,29.89
2021-07-20 14:00:00,41.02
2021-07-20 15:00:00,42.57
2021-07-20 16:00:00,35.23
2021-07-20 17:00:00,34.68
2021-07-20 18:00:00,35.71
2021-07-20 19:00:00,43.39
2021-07-20 20:00:00,40.53
2021-07-20 21:00:00,42.86
2021-07-20 22:00:00,39.7
2021-07-20 23:00:00,32.48
2021-07-21 00:00:00,7.58
2021-07-21 01:00:00,7.58
2021-07-21 02:00:00,7.58
2021-07-21 03:00:00,7.58
2021-07-21 04:00:00,7.58
2021-07-21 05:00:00,7.58
2021-07-21 06:00:00,7.58
2021-07-21 07:00:00,7.58
2021-07-21 08:00:00,7.58
2021-07-21 09:00:00,7.58
2021-07-21 10:00:00,31.15
2021-07-21 11:00:00,35.99
2021-07-21 12:00:00,28.16
2021-07-21 13:00:00,27.8
2021-07-21 14:00:00,42.37
2021-07-21 15:00:00,40.38
2021-07-21 16:00:00,36.26
2021-07-21 17:00:00,38.51
2021-07-21 18:00:00,37.57
2021-07-21 19:00:00,37.86
2021-07-21 20:00:00,39.42
2021-07-21 21:00:00,37.82
2021-07-21 22:00:00,37.53
2021-07-21 23:00:00,30.67
2021-07-22 00:00:00,7.58
2021-07-22 01:00:00,7.58
2021-07-22 02:00:00,7.58
2021-07-22 03:00:00,7.58
2021-07-22 04:00:00,7.58
2021-07-22 05:00:00,7.58
2021-07-22 06:00:00,7.58
2021-07-22 07:00:00,11.37
2021-07-22 08:00:00,32.66
2021-07-22 09:00:00,31.85
2021-07-22 10:00:00,22.97
2021-07-22 11:00:00,26.57
2021-07-22 12:00:00,25.56
2021-07-22 13:00:00,31.67
2021-07-22 14:00:00,32.04
2021-07-22 15:00:00,32.37
2021-07-22 16:00:00,37.01
2021-07-22 17:00:00,36.41
2021-07-22 18:00:00,32.03
2021-07-22 19:00:00,36.36
2021-07-22 20:00:00,38.65
2021-07-22 21:00:00,37.3
2021-07-22 22:00:00,36.68
2021-07-22 23:00:00,24.43
2021-07-23 00:00:00,7.58
2021-07-23 01:00:00,7.58
2021-07-23 02:00:00,7.58
2021-07-23 03:00:00,7.58
2021-07-23 04:00:00,7.58
2021-07-23 05:00:00,7.58
2021-07-23 06:00:00,7.58
2021-07-23 07:00:00,7.58
2021-07-23 08:00:00,7.58
2021-07-23 09:00:00,25.92
2021-07-23 10:00:00,33.39
2021-07-23 11:00:00,27.77
2021-07-23 12:00:00,25.85
2021-07-23 13:00:00,24.7
2021-07-23 14:00:00,34.52
2021-07-23 15:00:00,38.17
2021-07-23 16:00:00,39.07
2021-07-23 17:00:00,38.45
2021-07-23 18:00:00,34.51
2021-07-23 19:00:00,35.15
2021-07-23 20:00:00,40.6
2021-07-23 21:00:00,40.04
2021-07-23 22:00:00,36.38
2021-07-23 23:00:00,7.58
2021-07-24 00:00:00,7.58
2021-07-24 01:00:00,7.58
2021-07-24 02:00:00,7.58
2021-07-24 03:00:00,7.58
2021-07-24 04:00:00,7.58
2021-07-24 05:00:00,7.58
2021-07-24 06:00:00,7.58
2021-07-24 07:00:00,7.58
2021-07-24 08:00:00,7.58
2021-07-24 09:00:00,7.58
2021-07-24 10:00:00,7.58
2021-07-24 11:00:00,7.58
2021-07-24 12:00:00,7.58
2021-07-24 13:00:00,7.58
2021-07-24 14:00:00,7.58
2021-07-24 15:00:00,7.58
2021-07-24 16:00:00,11.31
2021-07-24 17:00:00,38.95
2021-07-24 18:00:00,41.72
2021-07-24 19:00:00,41.71
2021-07-24 20:00:00,39.86
2021-07-24 21:00:00,37.88
2021-07-24 22:00:00,36.33
2021-07-24 23:00:00,27.66
2021-07-25 00:00:00,7.58
2021-07-25 01:00:00,7.58
2021-07-25 02:00:00,7.58
2021-07-25 03:00:00,7.58
2021-07-25 04:00:00,7.58
2021-07-25 05:00:00,7.58
2021-07-25 06:00:00,7.58
2021-07-25 07:00:00,7.58
2021-07-25 08:00:00,7.58
2021-07-25 09:00:00,7.58
2021-07-25 10:00:00,7.58
2021-07-25 11:00:00,7.58
2021-07-25 12:00:00,7.58
2021-07-25 13:00:00,7.58
2021-07-25 14:00:00,32.21
2021-07-25 15:00:00,30.37
2021-07-25 16:00:00,26.68
2021-07-25 17:00:00,37.33
2021-07-25 18:00:00,37.67
2021-07-25 19:00:00,36.94
2021-07-25 20:00:00,44.13
2021-07-25 21:00:00,37.58
2021-07-25 22:00:00,7.58
2021-07-25 23:00:00,7.58
2021-07-26 00:00:00,7.58
2021-07-26 01:00:00,7.58
2021-07-26 02:00:00,7.58
2021-07-26 03:00:00,7.58
2021-07-26 04:00:00,7.58
2021-07-26 05:00:00,7.58
2021-07-26 06:00:00,7.58
2021-07-26 07:00:00,7.58
2021-07-26 08:00:00,7.58
2021-07-26 09:00:00,7.58
2021-07-26 10:00:00,7.58
2021-07-26 11:00:00,7.58
2021-07-26 12:00:00,9.74
2021-07-26 13:00:00,29.45
2021-07-26 14:00:00,38.47
2021-07-26 15:00:00,37.38
2021-07-26 16:00:00,35.73
2021-07-26 17:00:00,34.88
2021-07-26 18:00:00,31.95
2021-07-26 19:00:00,37.93
2021-07-26 20:00:00,36.98
2021-07-26 21:00:00,38.32
2021-07-26 22:00:00,39.55
2021-07-26 23:00:00,32.98
2021-07-27 00:00:00,7.58
2021-07-27 01:00:00,7.58
2021-07-27 02:00:00,7.58
2021-07-27 03:00:00,7.58
2021-07-27 04:00:00,7.58
2021-07-27 05:00:00,7.58
2021-07-27 06:00:00,7.58
2021-07-27 07:00:00,7.58
2021-07-27 08:00:00,7.58
2021-07-27 09:00:00,7.58
2021-07-27 10:00:00,7.58
2021-07-27 11:00:00,7.58
2021-07-27 12:00:00,23.02
2021-07-27 13:00:00,32
2021-07-27 14:00:00,37.73
2021-07-27 15:00:00,39.67
2021-07-27 16:00:00,45.82
2021-07-27 17:00:00,42.19
2021-07-27 18:00:00,36.09
2021-07-27 19:00:00,36.63
2021-07-27 20:00:00,38.45
2021-07-27 21:00:00,37.83
2021-07-27 22:00:00,33.54
2021-07-27 23:00:00,7.58
2021-07-28 00:00:00,7.58
2021-07-28 01:00:00,7.58
2021-07-28 02:00:00,7.58
2021-07-28 03:00:00,7.58
2021-07-28 04:00:00,7.58
2021-07-28 05:00:00,7.58
2021-07-28 06:00:00,7.58
2021-07-28 07:00:00,7.58
2021-07-28 08:00:00,7.58
2021-07-28 09:00:00,7.58
2021-07-28 10:00:00,7.58
2021-07-28 11:00:00,7.58
2021-07-28 12:00:00,7.58
2021-07-28 13:00:00,10.45
2021-07-28 14:00:00,39.58
2021-07-28 15:00:00,43.65
2021-07-28 16:00:00,35.46
2021-07-28 17:00:00,43.82
2021-07-28 18:00:00,34.86
2021-07-28 19:00:00,41.52
2021-07-28 20:00:00,40.03
2021-07-28 21:00:00,37.69
2021-07-28 22:00:00,36.33
2021-07-28 23:00:00,34.04
2021-07-29 00:00:00,7.58
2021-07-29 01:00:00,7.58
2021-07-29 02:00:00,7.58
2021-07-29 03:00:00,7.58
2021-07-29 04:00:00,7.58
2021-07-29 05:00:00,7.58
2021-07-29 06:00:00,7.58
2021-07-29 07:00:00,7.58
2021-07-29 08:00:00,7.58
2021-07-29 09:00:00,7.58
2021-07-29 10:00:00,7.58
2021-07-29 11:00:00,7.58
2021-07-29 12:00:00,19.91
2021-07-29 13:00:00,32.24
2021-07-29 14:00:00,34.77
2021-07-29 15:00:00,33.37
2021-07-29 16:00:00,34.93
2021-07-29 17:00:00,33.55
2021-07-29 18:00:00,32.61
2021-07-29 19:00:00,34.69
2021-07-29 20:00:00,39.06
2021-07-29 21:00:00,38.34
2021-07-29 22:00:00,38.09
2021-07-29 23:00:00,9.86
2021-07-30 00:00:00,7.58
2021-07-30 01:00:00,7.58
2021-07-30 02:00:00,7.58
2021-07-30 03:00:00,7.58
2021-07-30 04:00:00,7.58
2021-07-30 05:00:00,7.58
2021-07-30 06:00:00,7.58
2021-07-30 07:00:00,7.58
2021-07-30 08:00:00,7.58
2021-07-30 09:00:00,7.58
2021-07-30 10:00:00,7.58
2021-07-30 11:00:00,7.58
2021-07-30 12:00:00,7.58
2021-07-30 13:00:00,27.67
2021-07-30 14:00:00,35.71
2021-07-30 15:00:00,40.01
2021-07-30 16:00:00,33.01
2021-07-30 17:00:00,33.13
2021-07-30 18:00:00,38.13
2021-07-30 19:00:00,38.19
2021-07-30 20:00:00,37.97
2021-07-30 21:00:00,39
2021-07-30 22:00:00,38.37
2021-07-30 23:00:00,7.58
2021-07-31 00:00:00,7.58
2021-07-31 01:00:00,7.58
2021-07-31 02:00:00,7.58
2021-07-31 03:00:00,7.58
2021-07-31 04:00:00,7.58
2021-07-31 05:00:00,7.58
2021-07-31 06:00:00,7.58
2021-07-31 07:00:00,7.58
2021-07-31 08:00:00,7.58
2021-07-31 09:00:00,7.58
2021-07-31 10:00:00,7.58
2021-07-31 11:00:00,10.5
2021-07-31 12:00:00,36.43
2021-07-31 13:00:00,31.81
2021-07-31 14:00:00,32.01
2021-07-31 15:00:00,34.84
2021-07-31 16:00:00,40.82
2021-07-31 17:00:00,35.66
2021-07-31 18:00:00,36.25
2021-07-31 19:00:00,40.84
2021-07-31 20:00:00,41.71
2021-07-31 21:00:00,43.52
2021-07-31 22:00:00,34.86
2021-07-31 23:00:00,15.68
2021-08-01 00:00:00,7.58
2021-08-01 01:00:00,7.58
2021-08-01 02:00:00,7.58
2021-08-01 03:00:00,7.58
2021-08-01 04:00:00,7.58
2021-08-01 05:00:00,7.58
2021-08-01 06:00:00,7.58
2021-08-01 07:00:00,7.58
2021-08-01 08:00:00,7.58
2021-08-01 09:00:00,7.58
2021-08-01 10:00:00,7.58
2021-08-01 11:00:00,7.58
2021-08-01 12:00:00,7.58
2021-08-01 13:00:00,7.58
2021-08-01 14:00:00,25.74
2021-08-01 15:00:00,35.84
2021-08-01 16:00:00,35.73
2021-08-01 17:00:00,40.46
2021-08-01 18:00:00,40.88
2021-08-01 19:00:00,37.97
2021-08-01 20:00:00,38.55
2021-08-01 21:00:00,40.1
2021-08-01 22:00:00,32.77
2021-08-01 23:00:00,7.58
2021-08-02 00:00:00,7.58
2021-08-02 01:00:00,7.58
2021-08-02 02:00:00,7.58
2021-08-02 03:00:00,7.58
2021-08-02 04:00:00,7.58
2021-08-02 05:00:00,7.58
2021-08-02 06:00:00,7.58
2021-08-02 07:00:00,7.58
2021-08-02 08:00:00,7.58
2021-08-02 09:00:00,7.58
2021-08-02 10:00:00,7.58
2021-08-02 11:00:00,7.58
2021-08-02 12:00:00,25.52
2021-08-02 13:00:00,35.7
2021-08-02 14:00:00,36.61
2021-08-02 15:00:00,38.74
2021-08-02 16:00:00,34.18
2021-08-02 17:00:00,36.41
2021-08-02 18:00:00,32.39
2021-08-02 19:00:00,31.98
2021-08-02 20:00:00,37.74
2021-08-02 21:00:00,31.19
2021-08-02 22:00:00,7.58
2021-08-02 23:00:00,7.58
2021-08-03 00:00:00,7.58
2021-08-03 01:00:00,7.58
2021-08-03 02:00:00,7.58
2021-08-03 03:00:00,7.58
2021-08-03 04:00:00,7.58
2021-08-03 05:00:00,7.58
2021-08-03 06:00:00,7.58
2021-08-03 07:00:00,7.58
2021-08-03 08:00:00,29.63
2021-08-03 09:00:00,25.34
2021-08-03 10:00:00,24.99
2021-08-03 11:00:00,27.81
2021-08-03 12:00:00,26.72
2021-08-03 13:00:00,32.97
2021-08-03 14:00:00,10.24
2021-08-03 15:00:00,7.58
2021-08-03 16:00:00,7.58
2021-08-03 17:00:00,7.58
2021-08-03 18:00:00,7.58
2021-08-03 19:00:00,7.58
2021-08-03 20:00:00,7.58
2021-08-03 21:00:00,7.58
2021-08-03 22:00:00,7.58
2021-08-03 23:00:00,7.58
2021-08-04 00:00:00,7.58
2021-08-04 01:00:00,7.58
2021-08-04 02:00:00,7.58
2021-08-04 03:00:00,7.58
2021-08-04 04:00:00,7.58
2021-08-04 05:00:00,7.58
2021-08-04 06:00:00,7.58
2021-08-04 07:00:00,7.58
2021-08-04 08:00:00,7.58
2021-08-04 09:00:00,7.58
2021-08-04 10:00:00,7.58
2021-08-04 11:00:00,7.58
2021-08-04 12:00:00,7.58
2021-08-04 13:00:00,7.58
2021-08-04 14:00:00,7.58
2021-08-04 15:00:00,7.58
2021-08-04 16:00:00,7.58
2021-08-04 17:00:00,7.58
2021-08-04 18:00:00,29.2
2021-08-04 19:00:00,38.1
2021-08-04 20:00:00,37.3
2021-08-04 21:00:00,34.92
2021-08-04 22:00:00,33.29
2021-08-04 23:00:00,7.58
2021-08-05 00:00:00,7.58
2021-08-05 01:00:00,7.58
2021-08-05 02:00:00,7.58
2021-08-05 03:00:00,43.64
2021-08-05 04:00:00,44.66
2021-08-05 05:00:00,39.3
2021-08-05 06:00:00,37.53
2021-08-05 07:00:00,28.99
2021-08-05 08:00:00,28.16
2021-08-05 09:00:00,9.75
2021-08-05 10:00:00,7.58
2021-08-05 11:00:00,7.58
2021-08-05 12:00:00,7.58
2021-08-05 13:00:00,7.58
2021-08-05 14:00:00,7.58
2021-08-05 15:00:00,7.58
2021-08-05 16:00:00,7.58
2021-08-05 17:00:00,7.58
2021-08-05 18:00:00,7.58
2021-08-05 19:00:00,7.58
2021-08-05 20:00:00,7.58
2021-08-05 21:00:00,7.58
2021-08-05 22:00:00,7.58
2021-08-05 23:00:00,7.58
2021-08-06 00:00:00,7.58
2021-08-06 01:00:00,7.58
2021-08-06 02:00:00,7.58
2021-08-06 03:00:00,7.58
2021-08-06 04:00:00,7.58
2021-08-06 05:00:00,7.58
2021-08-06 06:00:00,7.58
2021-08-06 07:00:00,7.58
2021-08-06 08:00:00,7.58
2021-08-06 09:00:00,7.58
2021-08-06 10:00:00,7.58
2021-08-06 11:00:00,7.58
2021-08-06 12:00:00,7.58
2021-08-06 13:00:00,7.58
2021-08-06 14:00:00,7.58
2021-08-06 15:00:00,7.58
2021-08-06 16:00:00,7.58
2021-08-06 17:00:00,7.58
2021-08-06 18:00:00,7.58
2021-08-06 19:00:00,7.58
2021-08-06 20:00:00,7.58
2021-08-06 21:00:00,7.58
2021-08-06 22:00:00,7.58
2021-08-06 23:00:00,7.58
2021-08-07 00:00:00,7.58
2021-08-07 01:00:00,7.58
2021-08-07 02:00:00,7.58
2021-08-07 03:00:00,7.58
2021-08-07 04:00:00,7.58
2021-08-07 05:00:00,7.58
2021-08-07 06:00:00,7.58
2021-08-07 07:00:00,7.58
2021-08-07 08:00:00,7.58
2021-08-07 09:00:00,7.58
2021-08-07 10:00:00,7.58
2021-08-07 11:00:00,7.58
2021-08-07 12:00:00,7.58
2021-08-07 13:00:00,7.58
2021-08-07 14:00:00,7.58
2021-08-07 15:00:00,7.58
2021-08-07 16:00:00,7.58
2021-08-07 17:00:00,7.58
2021-08-07 18:00:00,7.58
2021-08-07 19:00:00,7.58
2021-08-07 20:00:00,7.58
2021-08-07 21:00:00,7.58
2021-08-07 22:00:00,7.58
2021-08-07 23:00:00,7.58
2021-08-08 00:00:00,7.58
2021-08-08 01:00:00,8.71
2021-08-08 02:00:00,8.71
2021-08-08 03:00:00,8.71
2021-08-08 04:00:00,8.71
2021-08-08 05:00:00,8.71
2021-08-08 06:00:00,8.71
2021-08-08 07:00:00,8.71
2021-08-08 08:00:00,8.71
2021-08-08 09:00:00,8.71
2021-08-08 10:00:00,8.71
2021-08-08 11:00:00,8.71
2021-08-08 12:00:00,8.71
2021-08-08 13:00:00,8.71
2021-08-08 14:00:00,8.71
2021-08-08 15:00:00,8.71
2021-08-08 16:00:00,8.71
2021-08-08 17:00:00,8.71
2021-08-08 18:00:00,8.71
2021-08-08 19:00:00,8.71
2021-08-08 20:00:00,8.71
2021-08-08 21:00:00,8.71
2021-08-08 22:00:00,8.71
2021-08-08 23:00:00,8.71
2021-08-09 00:00:00,8.71
2021-08-09 01:00:00,8.71
2021-08-09 02:00:00,8.71
2021-08-09 03:00:00,8.71
2021-08-09 04:00:00,8.71
2021-08-09 05:00:00,8.71
2021-08-09 06:00:00,8.71
2021-08-09 07:00:00,8.71
2021-08-09 08:00:00,8.71
2021-08-09 09:00:00,8.71
2021-08-09 10:00:00,8.71
2021-08-09 11:00:00,8.71
2021-08-09 12:00:00,8.71
2021-08-09 13:00:00,8.71
2021-08-09 14:00:00,8.71
2021-08-09 15:00:00,8.71
2021-08-09 16:00:00,8.71
2021-08-09 17:00:00,11.22
2021-08-09 18:00:00,47.07
2021-08-09 19:00:00,42.62
2021-08-09 20:00:00,41.03
2021-08-09 21:00:00,13.3
2021-08-09 22:00:00,8.71
2021-08-09 23:00:00,8.71
2021-08-10 00:00:00,8.71
2021-08-10 01:00:00,8.71
2021-08-10 02:00:00,8.71
2021-08-10 03:00:00,8.71
2021-08-10 04:00:00,8.71
2021-08-10 05:00:00,8.71
2021-08-10 06:00:00,8.71
2021-08-10 07:00:00,8.71
2021-08-10 08:00:00,8.71
2021-08-10 09:00:00,32.74
2021-08-10 10:00:00,30.62
2021-08-10 11:00:00,28.4
2021-08-10 12:00:00,8.71
2021-08-10 13:00:00,8.71
2021-08-10 14:00:00,8.71
2021-08-10 15:00:00,8.71
2021-08-10 16:00:00,8.71
2021-08-10 17:00:00,8.71
2021-08-10 18:00:00,8.71
2021-08-10 19:00:00,8.71
2021-08-10 20:00:00,8.71
2021-08-10 21:00:00,8.71
2021-08-10 22:00:00,8.71
2021-08-10 23:00:00,8.71
2021-08-11 00:00:00,8.71
2021-08-11 01:00:00,8.71
2021-08-11 02:00:00,8.71
2021-08-11 03:00:00,8.71
2021-08-11 04:00:00,8.71
2021-08-11 05:00:00,8.71
2021-08-11 06:00:00,8.71
2021-08-11 07:00:00,8.71
2021-08-11 08:00:00,8.71
2021-08-11 09:00:00,8.71
2021-08-11 10:00:00,8.71
2021-08-11 11:00:00,8.71
2021-08-11 12:00:00,8.71
2021-08-11 13:00:00,8.71
2021-08-11 14:00:00,8.71
2021-08-11 15:00:00,8.71
2021-08-11 16:00:00,8.71
2021-08-11 17:00:00,8.71
2021-08-11 18:00:00,8.71
2021-08-11 19:00:00,39.15
2021-08-11 20:00:00,34.98
2021-08-11 21:00:00,36.74
2021-08-11 22:00:00,8.71
2021-08-11 23:00:00,8.71
2021-08-12 00:00:00,8.71
2021-08-12 01:00:00,8.71
2021-08-12 02:00:00,8.71
2021-08-12 03:00:00,8.71
2021-08-12 04:00:00,8.71
2021-08-12 05:00:00,8.71
2021-08-12 06:00:00,8.71
2021-08-12 07:00:00,8.71
2021-08-12 08:00:00,8.71
2021-08-12 09:00:00,8.71
2021-08-12 10:00:00,8.71
2021-08-12 11:00:00,8.71
2021-08-12 12:00:00,8.71
2021-08-12 13:00:00,8.71
2021-08-12 14:00:00,8.71
2021-08-12 15:00:00,8.71
2021-08-12 16:00:00,8.71
2021-08-12 17:00:00,8.71
2021-08-12 18:00:00,8.71
2021-08-12 19:00:00,8.71
2021-08-12 20:00:00,38.06
2021-08-12 21:00:00,35.03
2021-08-12 22:00:00,38.84
2021-08-12 23:00:00,8.71
2021-08-13 00:00:00,8.71
2021-08-13 01:00:00,8.71
2021-08-13 02:00:00,8.71
2021-08-13 03:00:00,8.71
2021-08-13 04:00:00,8.71
2021-08-13 05:00:00,8.71
2021-08-13 06:00:00,8.71
2021-08-13 07:00:00,8.71
2021-08-13 08:00:00,8.71
2021-08-13 09:00:00,8.71
2021-08-13 10:00:00,8.71
2021-08-13 11:00:00,8.71
2021-08-13 12:00:00,8.71
2021-08-13 13:00:00,8.71
2021-08-13 14:00:00,8.71
2021-08-13 15:00:00,8.71
2021-08-13 16:00:00,8.71
2021-08-13 17:00:00,8.71
2021-08-13 18:00:00,12.43
2021-08-13 19:00:00,43.63
2021-08-13 20:00:00,39.16
2021-08-13 21:00:00,31.34
2021-08-13 22:00:00,8.71
2021-08-13 23:00:00,8.71
2021-08-14 00:00:00,8.71
2021-08-14 01:00:00,8.71
2021-08-14 02:00:00,8.71
2021-08-14 03:00:00,8.71
2021-08-14 04:00:00,8.71
2021-08-14 05:00:00,8.71
2021-08-14 06:00:00,8.71
2021-08-14 07:00:00,8.71
2021-08-14 08:00:00,8.71
2021-08-14 09:00:00,8.71
2021-08-14 10:00:00,8.71
2021-08-14 11:00:00,8.71
2021-08-14 12:00:00,8.71
2021-08-14 13:00:00,8.71
2021-08-14 14:00:00,8.71
2021-08-14 15:00:00,8.71
2021-08-14 16:00:00,8.71
2021-08-14 17:00:00,8.71
2021-08-14 18:00:00,8.71
2021-08-14 19:00:00,8.71
2021-08-14 20:00:00,8.71
2021-08-14 21:00:00,8.71
2021-08-14 22:00:00,8.71
2021-08-14 23:00:00,8.71
2021-08-15 00:00:00,8.71
2021-08-15 01:00:00,8.71
2021-08-15 02:00:00,8.71
2021-08-15 03:00:00,8.71
2021-08-15 04:00:00,8.71
2021-08-15 05:00:00,8.71
2021-08-15 06:00:00,8.71
2021-08-15 07:00:00,8.71
2021-08-15 08:00:00,8.71
2021-08-15 09:00:00,8.71
2021-08-15 10:00:00,8.71
2021-08-15 11:00:00,8.71
2021-08-15 12:00:00,8.71
2021-08-15 13:00:00,8.71
2021-08-15 14:00:00,8.71
2021-08-15 15:00:00,8.71
2021-08-15 16:00:00,8.71
2021-08-15 17:00:00,8.71
2021-08-15 18:00:00,8.71
2021-08-15 19:00:00,8.71
2021-08-15 20:00:00,8.71
2021-08-15 21:00:00,8.71
2021-08-15 22:00:00,8.71
2021-08-15 23:00:00,8.71
2021-08-16 00:00:00,8.71
2021-08-16 01:00:00,8.71
2021-08-16 02:00:00,8.71
2021-08-16 03:00:00,8.71
2021-08-16 04:00:00,8.71
2021-08-16 05:00:00,8.71
2021-08-16 06:00:00,8.71
2021-08-16 07:00:00,8.71
2021-08-16 08:00:00,8.71
2021-08-16 09:00:00,8.71
2021-08-16 10:00:00,8.71
2021-08-16 11:00:00,8.71
2021-08-16 12:00:00,8.71
2021-08-16 13:00:00,8.71
2021-08-16 14:00:00,8.71
2021-08-16 15:00:00,8.71
2021-08-16 16:00:00,8.71
2021-08-16 17:00:00,8.71
2021-08-16 18:00:00,8.71
2021-08-16 19:00:00,39.67
2021-08-16 20:00:00,43.53
2021-08-16 21:00:00,37.19
2021-08-16 22:00:00,8.71
2021-08-16 23:00:00,8.71
2021-08-17 00:00:00,8.71
2021-08-17 01:00:00,8.71
2021-08-17 02:00:00,8.71
2021-08-17 03:00:00,8.71
2021-08-17 04:00:00,8.71
2021-08-17 05:00:00,8.71
2021-08-17 06:00:00,8.71
2021-08-17 07:00:00,8.71
2021-08-17 08:00:00,8.71
2021-08-17 09:00:00,8.71
2021-08-17 10:00:00,8.71
2021-08-17 11:00:00,8.71
2021-08-17 12:00:00,8.71
2021-08-17 13:00:00,8.71
2021-08-17 14:00:00,8.71
2021-08-17 15:00:00,8.71
2021-08-17 16:00:00,8.71
2021-08-17 17:00:00,8.71
2021-08-17 18:00:00,8.71
2021-08-17 19:00:00,43.01
2021-08-17 20:00:00,39.58
2021-08-17 21:00:00,28.26
2021-08-17 22:00:00,8.71
2021-08-17 23:00:00,8.71
2021-08-18 00:00:00,8.71
2021-08-18 01:00:00,8.71
2021-08-18 02:00:00,8.71
2021-08-18 03:00:00,8.71
2021-08-18 04:00:00,8.71
2021-08-18 05:00:00,8.71
2021-08-18 06:00:00,8.71
2021-08-18 07:00:00,8.71
2021-08-18 08:00:00,8.71
2021-08-18 09:00:00,8.71
2021-08-18 10:00:00,8.71
2021-08-18 11:00:00,8.71
2021-08-18 12:00:00,8.71
2021-08-18 13:00:00,8.71
2021-08-18 14:00:00,8.71
2021-08-18 15:00:00,8.71
2021-08-18 16:00:00,8.71
2021-08-18 17:00:00,8.71
2021-08-18 18:00:00,39.39
2021-08-18 19:00:00,40.97
2021-08-18 20:00:00,39.91
2021-08-18 21:00:00,8.71
2021-08-18 22:00:00,8.71
2021-08-18 23:00:00,8.71
2021-08-19 00:00:00,8.71
2021-08-19 01:00:00,8.71
2021-08-19 02:00:00,8.71
2021-08-19 03:00:00,8.71
2021-08-19 04:00:00,8.71
2021-08-19 05:00:00,8.71
2021-08-19 06:00:00,8.71
2021-08-19 07:00:00,8.71
2021-08-19 08:00:00,8.71
2021-08-19 09:00:00,8.71
2021-08-19 10:00:00,8.71
2021-08-19 11:00:00,8.71
2021-08-19 12:00:00,8.71
2021-08-19 13:00:00,8.71
2021-08-19 14:00:00,8.71
2021-08-19 15:00:00,8.71
2021-08-19 16:00:00,8.71
2021-08-19 17:00:00,8.71
2021-08-19 18:00:00,8.71
2021-08-19 19:00:00,35.94
2021-08-19 20:00:00,36.39
2021-08-19 21:00:00,35.77
2021-08-19 22:00:00,8.71
2021-08-19 23:00:00,8.71
2021-08-20 00:00:00,8.71
2021-08-20 01:00:00,8.71
2021-08-20 02:00:00,8.71
2021-08-20 03:00:00,8.71
2021-08-20 04:00:00,8.71
2021-08-20 05:00:00,8.71
2021-08-20 06:00:00,8.71
2021-08-20 07:00:00,8.71
2021-08-20 08:00:00,8.71
2021-08-20 09:00:00,8.71
2021-08-20 10:00:00,8.71
2021-08-20 11:00:00,8.71
2021-08-20 12:00:00,8.71
2021-08-20 13:00:00,8.71
2021-08-20 14:00:00,8.71
2021-08-20 15:00:00,8.71
2021-08-20 16:00:00,8.71
2021-08-20 17:00:00,8.71
2021-08-20 18:00:00,8.71
2021-08-20 19:00:00,35.68
2021-08-20 20:00:00,33.63
2021-08-20 21:00:00,35.11
2021-08-20 22:00:00,8.71
2021-08-20 23:00:00,8.71
2021-08-21 00:00:00,8.71
2021-08-21 01:00:00,8.71
2021-08-21 02:00:00,8.71
2021-08-21 03:00:00,8.71
2021-08-21 04:00:00,8.71
2021-08-21 05:00:00,8.71
2021-08-21 06:00:00,8.71
2021-08-21 07:00:00,8.71
2021-08-21 08:00:00,8.71
2021-08-21 09:00:00,8.71
2021-08-21 10:00:00,8.71
2021-08-21 11:00:00,8.71
2021-08-21 12:00:00,8.71
2021-08-21 13:00:00,8.71
2021-08-21 14:00:00,8.71
2021-08-21 15:00:00,8.71
2021-08-21 16:00:00,8.71
2021-08-21 17:00:00,8.71
2021-08-21 18:00:00,8.71
2021-08-21 19:00:00,8.71
2021-08-21 20:00:00,8.71
2021-08-21 21:00:00,8.71
2021-08-21 22:00:00,8.71
2021-08-21 23:00:00,8.71
2021-08-22 00:00:00,8.71
2021-08-22 01:00:00,8.71
2021-08-22 02:00:00,8.71
2021-08-22 03:00:00,8.71
2021-08-22 04:00:00,8.71
2021-08-22 05:00:00,8.71
2021-08-22 06:00:00,8.71
2021-08-22 07:00:00,8.71
2021-08-22 08:00:00,8.71
2021-08-22 09:00:00,8.71
2021-08-22 10:00:00,8.71
2021-08-22 11:00:00,8.71
2021-08-22 12:00:00,8.71
2021-08-22 13:00:00,8.71
2021-08-22 14:00:00,8.71
2021-08-22 15:00:00,8.71
2021-08-22 16:00:00,8.71
2021-08-22 17:00:00,8.71
2021-08-22 18:00:00,8.71
2021-08-22 19:00:00,8.71
2021-08-22 20:00:00,8.71
2021-08-22 21:00:00,8.71
2021-08-22 22:00:00,8.71
2021-08-22 23:00:00,8.71
2021-08-23 00:00:00,8.71
2021-08-23 01:00:00,8.71
2021-08-23 02:00:00,8.71
2021-08-23 03:00:00,8.71
2021-08-23 04:00:00,8.71
2021-08-23 05:00:00,8.71
2021-08-23 06:00:00,8.71
2021-08-23 07:00:00,8.71
2021-08-23 08:00:00,8.71
2021-08-23 09:00:00,8.71
2021-08-23 10:00:00,8.71
2021-08-23 11:00:00,8.71
2021-08-23 12:00:00,8.71
2021-08-23 13:00:00,8.71
2021-08-23 14:00:00,8.71
2021-08-23 15:00:00,8.71
2021-08-23 16:00:00,8.71
2021-08-23 17:00:00,8.71
2021-08-23 18:00:00,8.71
2021-08-23 19:00:00,38.23
2021-08-23 20:00:00,33.96
2021-08-23 21:00:00,8.71
2021-08-23 22:00:00,8.71
2021-08-23 23:00:00,8.71
2021-08-24 00:00:00,8.71
2021-08-24 01:00:00,8.71
2021-08-24 02:00:00,8.71
2021-08-24 03:00:00,8.71
2021-08-24 04:00:00,8.71
2021-08-24 05:00:00,8.71
2021-08-24 06:00:00,8.71
2021-08-24 07:00:00,8.71
2021-08-24 08:00:00,8.71
2021-08-24 09:00:00,13.12
2021-08-24 10:00:00,23.77
2021-08-24 11:00:00,33.49
2021-08-24 12:00:00,36.71
2021-08-24 13:00:00,30.52
2021-08-24 14:00:00,10.59
2021-08-24 15:00:00,8.71
2021-08-24 16:00:00,8.71
2021-08-24 17:00:00,8.71
2021-08-24 18:00:00,8.71
2021-08-24 19:00:00,8.71
2021-08-24 20:00:00,8.71
2021-08-24 21:00:00,8.71
2021-08-24 22:00:00,8.71
2021-08-24 23:00:00,8.71
2021-08-25 00:00:00,8.71
2021-08-25 01:00:00,9.84
2021-08-25 02:00:00,9.84
2021-08-25 03:00:00,9.84
2021-08-25 04:00:00,9.84
2021-08-25 05:00:00,9.84
2021-08-25 06:00:00,9.84
2021-08-25 07:00:00,9.84
2021-08-25 08:00:00,9.84
2021-08-25 09:00:00,9.84
2021-08-25 10:00:00,9.84
2021-08-25 11:00:00,9.84
2021-08-25 12:00:00,43.33
2021-08-25 13:00:00,12.29
2021-08-25 14:00:00,9.84
2021-08-25 15:00:00,15.76
2021-08-25 16:00:00,9.84
2021-08-25 17:00:00,9.84
2021-08-25 18:00:00,9.84
2021-08-25 19:00:00,43.71
2021-08-25 20:00:00,23.28
2021-08-25 21:00:00,9.84
2021-08-25 22:00:00,9.84
2021-08-25 23:00:00,9.84
2021-08-26 00:00:00,9.84
2021-08-26 01:00:00,9.84
2021-08-26 02:00:00,9.84
2021-08-26 03:00:00,9.84
2021-08-26 04:00:00,9.84
2021-08-26 05:00:00,9.84
2021-08-26 06:00:00,9.84
2021-08-26 07:00:00,9.84
2021-08-26 08:00:00,9.84
2021-08-26 09:00:00,9.84
2021-08-26 10:00:00,9.84
2021-08-26 11:00:00,9.84
2021-08-26 12:00:00,9.84
2021-08-26 13:00:00,9.84
2021-08-26 14:00:00,9.84
2021-08-26 15:00:00,9.84
2021-08-26 16:00:00,9.84
2021-08-26 17:00:00,9.84
2021-08-26 18:00:00,9.84
2021-08-26 19:00:00,9.84
2021-08-26 20:00:00,9.84
2021-08-26 21:00:00,9.84
2021-08-26 22:00:00,9.84
2021-08-26 23:00:00,9.84
2021-08-27 00:00:00,9.84
2021-08-27 01:00:00,9.84
2021-08-27 02:00:00,9.84
2021-08-27 03:00:00,9.84
2021-08-27 04:00:00,9.84
2021-08-27 05:00:00,9.84
2021-08-27 06:00:00,9.84
2021-08-27 07:00:00,9.84
2021-08-27 08:00:00,9.84
2021-08-27 09:00:00,9.84
2021-08-27 10:00:00,9.84
2021-08-27 11:00:00,9.84
2021-08-27 12:00:00,9.84
2021-08-27 13:00:00,9.84
2021-08-27 14:00:00,9.84
2021-08-27 15:00:00,9.84
2021-08-27 16:00:00,9.84
2021-08-27 17:00:00,9.84
2021-08-27 18:00:00,9.84
2021-08-27 19:00:00,41.66
2021-08-27 20:00:00,41.68
2021-08-27 21:00:00,12.95
2021-08-27 22:00:00,9.84
2021-08-27 23:00:00,9.84
2021-08-28 00:00:00,9.84
2021-08-28 01:00:00,9.84
2021-08-28 02:00:00,9.84
2021-08-28 03:00:00,9.84
2021-08-28 04:00:00,9.84
2021-08-28 05:00:00,9.84
2021-08-28 06:00:00,9.84
2021-08-28 07:00:00,9.84
2021-08-28 08:00:00,9.84
2021-08-28 09:00:00,9.84
2021-08-28 10:00:00,9.84
2021-08-28 11:00:00,9.84
2021-08-28 12:00:00,9.84
2021-08-28 13:00:00,9.84
2021-08-28 14:00:00,9.84
2021-08-28 15:00:00,9.84
2021-08-28 16:00:00,9.84
2021-08-28 17:00:00,9.84
2021-08-28 18:00:00,9.84
2021-08-28 19:00:00,9.84
2021-08-28 20:00:00,9.84
2021-08-28 21:00:00,9.84
2021-08-28 22:00:00,9.84
2021-08-28 23:00:00,9.84
2021-08-29 00:00:00,9.84
2021-08-29 01:00:00,9.84
2021-08-29 02:00:00,9.84
2021-08-29 03:00:00,9.84
2021-08-29 04:00:00,9.84
2021-08-29 05:00:00,9.84
2021-08-29 06:00:00,9.84
2021-08-29 07:00:00,9.84
2021-08-29 08:00:00,9.84
2021-08-29 09:00:00,9.84
2021-08-29 10:00:00,9.84
2021-08-29 11:00:00,9.84
2021-08-29 12:00:00,9.84
2021-08-29 13:00:00,9.84
2021-08-29 14:00:00,9.84
2021-08-29 15:00:00,9.84
2021-08-29 16:00:00,9.84
2021-08-29 17:00:00,9.84
2021-08-29 18:00:00,9.84
2021-08-29 19:00:00,9.84
2021-08-29 20:00:00,9.84
2021-08-29 21:00:00,9.84
2021-08-29 22:00:00,9.84
2021-08-29 23:00:00,9.84
2021-08-30 00:00:00,9.84
2021-08-30 01:00:00,9.84
2021-08-30 02:00:00,9.84
2021-08-30 03:00:00,9.84
2021-08-30 04:00:00,9.84
2021-08-30 05:00:00,9.84
2021-08-30 06:00:00,9.84
2021-08-30 07:00:00,9.84
2021-08-30 08:00:00,9.84
2021-08-30 09:00:00,9.84
2021-08-30 10:00:00,9.84
2021-08-30 11:00:00,9.84
2021-08-30 12:00:00,9.84
2021-08-30 13:00:00,9.84
2021-08-30 14:00:00,9.84
2021-08-30 15:00:00,9.84
2021-08-30 16:00:00,9.84
2021-08-30 17:00:00,9.84
2021-08-30 18:00:00,12.46
2021-08-30 19:00:00,49.47
2021-08-30 20:00:00,35.69
2021-08-30 21:00:00,9.84
2021-08-30 22:00:00,9.84
2021-08-30 23:00:00,9.84
2021-08-31 00:00:00,9.84
2021-08-31 01:00:00,9.84
2021-08-31 02:00:00,9.84
2021-08-31 03:00:00,9.84
2021-08-31 04:00:00,9.84
2021-08-31 05:00:00,9.84
2021-08-31 06:00:00,9.84
2021-08-31 07:00:00,9.84
2021-08-31 08:00:00,9.84
2021-08-31 09:00:00,9.84
2021-08-31 10:00:00,9.84
2021-08-31 11:00:00,9.84
2021-08-31 12:00:00,9.84
2021-08-31 13:00:00,9.84
2021-08-31 14:00:00,9.84
2021-08-31 15:00:00,9.84
2021-08-31 16:00:00,9.84
2021-08-31 17:00:00,9.84
2021-08-31 18:00:00,9.84
2021-08-31 19:00:00,40.12
2021-08-31 20:00:00,39.34
2021-08-31 21:00:00,11.78
2021-08-31 22:00:00,9.84
2021-08-31 23:00:00,9.84
2021-09-01 00:00:00,9.84
2021-09-01 01:00:00,9.84
2021-09-01 02:00:00,9.84
2021-09-01 03:00:00,9.84
2021-09-01 04:00:00,9.84
2021-09-01 05:00:00,9.84
2021-09-01 06:00:00,9.84
2021-09-01 07:00:00,9.84
2021-09-01 08:00:00,9.84
2021-09-01 09:00:00,9.84
2021-09-01 10:00:00,9.84
2021-09-01 11:00:00,9.84
2021-09-01 12:00:00,9.84
2021-09-01 13:00:00,9.84
2021-09-01 14:00:00,9.84
2021-09-01 15:00:00,9.84
2021-09-01 16:00:00,9.84
2021-09-01 17:00:00,9.84
2021-09-01 18:00:00,9.84
2021-09-01 19:00:00,13.35
2021-09-01 20:00:00,41.98
2021-09-01 21:00:00,35.28
2021-09-01 22:00:00,34.56
2021-09-01 23:00:00,9.84
2021-09-02 00:00:00,9.84
2021-09-02 01:00:00,9.84
2021-09-02 02:00:00,9.84
2021-09-02 03:00:00,9.84
2021-09-02 04:00:00,9.84
2021-09-02 05:00:00,9.84
2021-09-02 06:00:00,9.84
2021-09-02 07:00:00,9.84
2021-09-02 08:00:00,9.84
2021-09-02 09:00:00,9.84
2021-09-02 10:00:00,9.84
2021-09-02 11:00:00,9.84
2021-09-02 12:00:00,9.84
2021-09-02 13:00:00,9.84
2021-09-02 14:00:00,9.84
2021-09-02 15:00:00,9.84
2021-09-02 16:00:00,9.84
2021-09-02 17:00:00,9.84
2021-09-02 18:00:00,9.84
2021-09-02 19:00:00,40.37
2021-09-02 20:00:00,39.09
2021-09-02 21:00:00,38.76
2021-09-02 22:00:00,9.84
2021-09-02 23:00:00,9.84
2021-09-03 00:00:00,9.84
2021-09-03 01:00:00,9.84
2021-09-03 02:00:00,9.84
2021-09-03 03:00:00,9.84
2021-09-03 04:00:00,9.84
2021-09-03 05:00:00,9.84
2021-09-03 06:00:00,9.84
2021-09-03 07:00:00,9.84
2021-09-03 08:00:00,9.84
2021-09-03 09:00:00,9.84
2021-09-03 10:00:00,9.84
2021-09-03 11:00:00,9.84
2021-09-03 12:00:00,9.84
2021-09-03 13:00:00,9.84
2021-09-03 14:00:00,9.84
2021-09-03 15:00:00,9.84
2021-09-03 16:00:00,9.84
2021-09-03 17:00:00,9.84
2021-09-03 18:00:00,9.84
2021-09-03 19:00:00,9.84
2021-09-03 20:00:00,9.84
2021-09-03 21:00:00,9.84
2021-09-03 22:00:00,9.84
2021-09-03 23:00:00,9.84
2021-09-04 00:00:00,9.84
2021-09-04 01:00:00,9.84
2021-09-04 02:00:00,9.84
2021-09-04 03:00:00,9.84
2021-09-04 04:00:00,9.84
2021-09-04 05:00:00,9.84
2021-09-04 06:00:00,9.84
2021-09-04 07:00:00,9.84
2021-09-04 08:00:00,9.84
2021-09-04 09:00:00,9.84
2021-09-04 10:00:00,9.84
2021-09-04 11:00:00,9.84
2021-09-04 12:00:00,9.84
2021-09-04 13:00:00,9.84
2021-09-04 14:00:00,9.84
2021-09-04 15:00:00,9.84
2021-09-04 16:00:00,9.84
2021-09-04 17:00:00,9.84
2021-09-04 18:00:00,9.84
2021-09-04 19:00:00,9.84
2021-09-04 20:00:00,9.84
2021-09-04 21:00:00,9.84
2021-09-04 22:00:00,9.84
2021-09-04 23:00:00,9.84
2021-09-05 00:00:00,9.84
2021-09-05 01:00:00,9.84
2021-09-05 02:00:00,9.84
2021-09-05 03:00:00,9.84
2021-09-05 04:00:00,9.84
2021-09-05 05:00:00,9.84
2021-09-05 06:00:00,9.84
2021-09-05 07:00:00,9.84
2021-09-05 08:00:00,9.84
2021-09-05 09:00:00,9.84
2021-09-05 10:00:00,9.84
2021-09-05 11:00:00,9.84
2021-09-05 12:00:00,9.84
2021-09-05 13:00:00,9.84
2021-09-05 14:00:00,9.84
2021-09-05 15:00:00,9.84
2021-09-05 16:00:00,9.84
2021-09-05 17:00:00,9.84
2021-09-05 18:00:00,9.84
2021-09-05 19:00:00,9.84
2021-09-05 20:00:00,9.84
2021-09-05 21:00:00,9.84
2021-09-05 22:00:00,9.84
2021-09-05 23:00:00,9.84
2021-09-06 00:00:00,9.84
2021-09-06 01:00:00,9.84
2021-09-06 02:00:00,9.84
2021-09-06 03:00:00,9.84
2021-09-06 04:00:00,9.84
2021-09-06 05:00:00,9.84
2021-09-06 06:00:00,9.84
2021-09-06 07:00:00,9.84
2021-09-06 08:00:00,9.84
2021-09-06 09:00:00,9.84
2021-09-06 10:00:00,9.84
2021-09-06 11:00:00,9.84
2021-09-06 12:00:00,9.84
2021-09-06 13:00:00,9.84
2021-09-06 14:00:00,9.84
2021-09-06 15:00:00,9.84
2021-09-06 16:00:00,9.84
2021-09-06 17:00:00,9.84
2021-09-06 18:00:00,9.84
2021-09-06 19:00:00,9.84
2021-09-06 20:00:00,9.84
2021-09-06 21:00:00,9.84
2021-09-06 22:00:00,9.84
2021-09-06 23:00:00,9.84
2021-09-07 00:00:00,9.84
2021-09-07 01:00:00,9.84
2021-09-07 02:00:00,9.84
2021-09-07 03:00:00,9.84
2021-09-07 04:00:00,9.84
2021-09-07 05:00:00,9.84
2021-09-07 06:00:00,9.84
2021-09-07 07:00:00,9.84
2021-09-07 08:00:00,9.84
2021-09-07 09:00:00,9.84
2021-09-07 10:00:00,9.84
2021-09-07 11:00:00,9.84
2021-09-07 12:00:00,9.84
2021-09-07 13:00:00,9.84
2021-09-07 14:00:00,9.84
2021-09-07 15:00:00,9.84
2021-09-07 16:00:00,9.84
2021-09-07 17:00:00,9.84
2021-09-07 18:00:00,9.84
2021-09-07 19:00:00,9.84
2021-09-07 20:00:00,9.84
2021-09-07 21:00:00,9.84
2021-09-07 22:00:00,9.84
2021-09-07 23:00:00,9.84
2021-09-08 00:00:00,9.84
2021-09-08 01:00:00,9.84
2021-09-08 02:00:00,9.84
2021-09-08 03:00:00,9.84
2021-09-08 04:00:00,9.84
2021-09-08 05:00:00,9.84
2021-09-08 06:00:00,9.84
2021-09-08 07:00:00,9.84
2021-09-08 08:00:00,9.84
2021-09-08 09:00:00,9.84
2021-09-08 10:00:00,9.84
2021-09-08 11:00:00,9.84
2021-09-08 12:00:00,9.84
2021-09-08 13:00:00,9.84
2021-09-08 14:00:00,9.84
2021-09-08 15:00:00,9.84
2021-09-08 16:00:00,9.84
2021-09-08 17:00:00,9.84
2021-09-08 18:00:00,9.84
2021-09-08 19:00:00,9.84
2021-09-08 20:00:00,9.84
2021-09-08 21:00:00,9.84
2021-09-08 22:00:00,9.84
2021-09-08 23:00:00,9.84
2021-09-09 00:00:00,9.84
2021-09-09 01:00:00,9.84
2021-09-09 02:00:00,9.84
2021-09-09 03:00:00,9.84
2021-09-09 04:00:00,9.84
2021-09-09 05:00:00,9.84
2021-09-09 06:00:00,9.84
2021-09-09 07:00:00,9.84
2021-09-09 08:00:00,9.84
2021-09-09 09:00:00,9.84
2021-09-09 10:00:00,9.84
2021-09-09 11:00:00,9.84
2021-09-09 12:00:00,9.84
2021-09-09 13:00:00,9.84
2021-09-09 14:00:00,9.84
2021-09-09 15:00:00,9.84
2021-09-09 16:00:00,9.84
2021-09-09 17:00:00,9.84
2021-09-09 18:00:00,9.84
2021-09-09 19:00:00,9.84
2021-09-09 20:00:00,9.84
2021-09-09 21:00:00,9.84
2021-09-09 22:00:00,9.84
2021-09-09 23:00:00,9.84
2021-09-10 00:00:00,9.84
2021-09-10 01:00:00,11.28
2021-09-10 02:00:00,11.28
2021-09-10 03:00:00,11.28
2021-09-10 04:00:00,11.28
2021-09-10 05:00:00,11.28
2021-09-10 06:00:00,11.28
2021-09-10 07:00:00,11.28
2021-09-10 08:00:00,11.28
2021-09-10 09:00:00,11.28
2021-09-10 10:00:00,11.28
2021-09-10 11:00:00,11.28
2021-09-10 12:00:00,11.28
2021-09-10 13:00:00,11.28
2021-09-10 14:00:00,11.28
2021-09-10 15:00:00,11.28
2021-09-10 16:00:00,11.28
2021-09-10 17:00:00,11.28
2021-09-10 18:00:00,11.28
2021-09-10 19:00:00,11.28
2021-09-10 20:00:00,11.28
2021-09-10 21:00:00,11.28
2021-09-10 22:00:00,11.28
2021-09-10 23:00:00,11.28
2021-09-11 00:00:00,11.28
2021-09-11 01:00:00,12.29
2021-09-11 02:00:00,12.29
2021-09-11 03:00:00,12.29
2021-09-11 04:00:00,12.29
2021-09-11 05:00:00,12.29
2021-09-11 06:00:00,12.29
2021-09-11 07:00:00,12.29
2021-09-11 08:00:00,12.29
2021-09-11 09:00:00,12.29
2021-09-11 10:00:00,12.29
2021-09-11 11:00:00,12.29
2021-09-11 12:00:00,12.29
2021-09-11 13:00:00,12.29
2021-09-11 14:00:00,12.29
2021-09-11 15:00:00,12.29
2021-09-11 16:00:00,12.29
2021-09-11 17:00:00,12.29
2021-09-11 18:00:00,12.29
2021-09-11 19:00:00,12.29
2021-09-11 20:00:00,12.29
2021-09-11 21:00:00,12.29
2021-09-11 22:00:00,12.29
2021-09-11 23:00:00,12.29
2021-09-12 00:00:00,12.29
2021-09-12 01:00:00,12.29
2021-09-12 02:00:00,12.29
2021-09-12 03:00:00,12.29
2021-09-12 04:00:00,12.29
2021-09-12 05:00:00,12.29
2021-09-12 06:00:00,12.29
2021-09-12 07:00:00,12.29
2021-09-12 08:00:00,12.29
2021-09-12 09:00:00,12.29
2021-09-12 10:00:00,12.29
2021-09-12 11:00:00,12.29
2021-09-12 12:00:00,12.29
2021-09-12 13:00:00,12.29
2021-09-12 14:00:00,12.29
2021-09-12 15:00:00,12.29
2021-09-12 16:00:00,12.29
2021-09-12 17:00:00,12.29
2021-09-12 18:00:00,12.29
2021-09-12 19:00:00,12.29
2021-09-12 20:00:00,12.29
2021-09-12 21:00:00,12.29
2021-09-12 22:00:00,12.29
2021-09-12 23:00:00,12.29
2021-09-13 00:00:00,12.29
2021-09-13 01:00:00,12.29
2021-09-13 02:00:00,12.29
2021-09-13 03:00:00,12.29
2021-09-13 04:00:00,12.29
2021-09-13 05:00:00,12.29
2021-09-13 06:00:00,12.29
2021-09-13 07:00:00,12.29
2021-09-13 08:00:00,12.29
2021-09-13 09:00:00,12.29
2021-09-13 10:00:00,12.29
2021-09-13 11:00:00,12.29
2021-09-13 12:00:00,12.29
2021-09-13 13:00:00,12.29
2021-09-13 14:00:00,12.29
2021-09-13 15:00:00,12.29
2021-09-13 16:00:00,12.29
2021-09-13 17:00:00,12.29
2021-09-13 18:00:00,12.29
2021-09-13 19:00:00,12.29
2021-09-13 20:00:00,12.29
2021-09-13 21:00:00,12.29
2021-09-13 22:00:00,12.29
2021-09-13 23:00:00,12.29
2021-09-14 00:00:00,12.29
2021-09-14 01:00:00,12.29
2021-09-14 02:00:00,12.29
2021-09-14 03:00:00,12.29
2021-09-14 04:00:00,12.29
2021-09-14 05:00:00,12.29
2021-09-14 06:00:00,12.29
2021-09-14 07:00:00,12.29
2021-09-14 08:00:00,12.29
2021-09-14 09:00:00,12.29
2021-09-14 10:00:00,12.29
2021-09-14 11:00:00,12.29
2021-09-14 12:00:00,12.29
2021-09-14 13:00:00,12.29
2021-09-14 14:00:00,12.29
2021-09-14 15:00:00,12.29
2021-09-14 16:00:00,12.29
2021-09-14 17:00:00,12.29
2021-09-14 18:00:00,12.29
2021-09-14 19:00:00,12.29
2021-09-14 20:00:00,12.29
2021-09-14 21:00:00,12.29
2021-09-14 22:00:00,12.29
2021-09-14 23:00:00,12.29
2021-09-15 00:00:00,12.29
2021-09-15 01:00:00,12.29
2021-09-15 02:00:00,12.29
2021-09-15 03:00:00,12.29
2021-09-15 04:00:00,12.29
2021-09-15 05:00:00,12.29
2021-09-15 06:00:00,12.29
2021-09-15 07:00:00,12.29
2021-09-15 08:00:00,12.29
2021-09-15 09:00:00,12.29
2021-09-15 10:00:00,12.29
2021-09-15 11:00:00,12.29
2021-09-15 12:00:00,12.29
2021-09-15 13:00:00,12.29
2021-09-15 14:00:00,12.29
2021-09-15 15:00:00,12.29
2021-09-15 16:00:00,12.29
2021-09-15 17:00:00,12.29
2021-09-15 18:00:00,12.29
2021-09-15 19:00:00,12.29
2021-09-15 20:00:00,12.29
2021-09-15 21:00:00,12.29
2021-09-15 22:00:00,12.29
2021-09-15 23:00:00,12.29
2021-09-16 00:00:00,12.29
2021-09-16 01:00:00,12.29
2021-09-16 02:00:00,12.29
2021-09-16 03:00:00,12.29
2021-09-16 04:00:00,12.29
2021-09-16 05:00:00,12.29
2021-09-16 06:00:00,12.29
2021-09-16 07:00:00,12.29
2021-09-16 08:00:00,12.29
2021-09-16 09:00:00,12.29
2021-09-16 10:00:00,12.29
2021-09-16 11:00:00,12.29
2021-09-16 12:00:00,12.29
2021-09-16 13:00:00,12.29
2021-09-16 14:00:00,12.29
2021-09-16 15:00:00,12.29
2021-09-16 16:00:00,12.29
2021-09-16 17:00:00,12.29
2021-09-16 18:00:00,12.29
2021-09-16 19:00:00,12.29
2021-09-16 20:00:00,12.29
2021-09-16 21:00:00,12.29
2021-09-16 22:00:00,12.29
2021-09-16 23:00:00,12.29
2021-09-17 00:00:00,12.29
2021-09-17 01:00:00,12.29
2021-09-17 02:00:00,12.29
2021-09-17 03:00:00,12.29
2021-09-17 04:00:00,12.29
2021-09-17 05:00:00,12.29
2021-09-17 06:00:00,12.29
2021-09-17 07:00:00,12.29
2021-09-17 08:00:00,12.29
2021-09-17 09:00:00,12.29
2021-09-17 10:00:00,12.29
2021-09-17 11:00:00,12.29
2021-09-17 12:00:00,12.29
2021-09-17 13:00:00,12.29
2021-09-17 14:00:00,12.29
2021-09-17 15:00:00,12.29
2021-09-17 16:00:00,12.29
2021-09-17 17:00:00,12.29
2021-09-17 18:00:00,12.29
2021-09-17 19:00:00,12.29
2021-09-17 20:00:00,12.29
2021-09-17 21:00:00,12.29
2021-09-17 22:00:00,12.29
2021-09-17 23:00:00,12.29
2021-09-18 00:00:00,12.29
2021-09-18 01:00:00,12.29
2021-09-18 02:00:00,12.29
2021-09-18 03:00:00,12.29
2021-09-18 04:00:00,12.29
2021-09-18 05:00:00,12.29
2021-09-18 06:00:00,12.29
2021-09-18 07:00:00,12.29
2021-09-18 08:00:00,12.29
2021-09-18 09:00:00,12.29
2021-09-18 10:00:00,12.29
2021-09-18 11:00:00,12.29
2021-09-18 12:00:00,12.29
2021-09-18 13:00:00,12.29
2021-09-18 14:00:00,12.29
2021-09-18 15:00:00,12.29
2021-09-18 16:00:00,12.29
2021-09-18 17:00:00,12.29
2021-09-18 18:00:00,12.29
2021-09-18 19:00:00,12.29
2021-09-18 20:00:00,12.29
2021-09-18 21:00:00,12.29
2021-09-18 22:00:00,12.29
2021-09-18 23:00:00,12.29
2021-09-19 00:00:00,12.29
2021-09-19 01:00:00,12.29
2021-09-19 02:00:00,12.29
2021-09-19 03:00:00,12.29
2021-09-19 04:00:00,12.29
2021-09-19 05:00:00,12.29
2021-09-19 06:00:00,12.29
2021-09-19 07:00:00,12.29
2021-09-19 08:00:00,12.29
2021-09-19 09:00:00,12.29
2021-09-19 10:00:00,12.29
2021-09-19 11:00:00,12.29
2021-09-19 12:00:00,28.19
2021-09-19 13:00:00,12.29
2021-09-19 14:00:00,12.29
2021-09-19 15:00:00,12.29
2021-09-19 16:00:00,12.29
2021-09-19 17:00:00,12.29
2021-09-19 18:00:00,12.29
2021-09-19 19:00:00,12.29
2021-09-19 20:00:00,12.29
2021-09-19 21:00:00,12.29
2021-09-19 22:00:00,12.29
2021-09-19 23:00:00,12.29
2021-09-20 00:00:00,12.29
2021-09-20 01:00:00,12.29
2021-09-20 02:00:00,12.29
2021-09-20 03:00:00,12.29
2021-09-20 04:00:00,12.29
2021-09-20 05:00:00,12.29
2021-09-20 06:00:00,12.29
2021-09-20 07:00:00,12.29
2021-09-20 08:00:00,12.29
2021-09-20 09:00:00,12.29
2021-09-20 10:00:00,12.29
2021-09-20 11:00:00,12.29
2021-09-20 12:00:00,12.29
2021-09-20 13:00:00,12.29
2021-09-20 14:00:00,12.29
2021-09-20 15:00:00,12.29
2021-09-20 16:00:00,12.29
2021-09-20 17:00:00,12.29
2021-09-20 18:00:00,12.29
2021-09-20 19:00:00,12.29
2021-09-20 20:00:00,12.29
2021-09-20 21:00:00,12.29
2021-09-20 22:00:00,12.29
2021-09-20 23:00:00,12.29
2021-09-21 00:00:00,12.29
2021-09-21 01:00:00,12.29
2021-09-21 02:00:00,12.29
2021-09-21 03:00:00,12.29
2021-09-21 04:00:00,12.29
2021-09-21 05:00:00,12.29
2021-09-21 06:00:00,12.29
2021-09-21 07:00:00,12.29
2021-09-21 08:00:00,12.29
2021-09-21 09:00:00,12.29
2021-09-21 10:00:00,12.29
2021-09-21 11:00:00,12.29
2021-09-21 12:00:00,12.29
2021-09-21 13:00:00,12.29
2021-09-21 14:00:00,12.29
2021-09-21 15:00:00,12.29
2021-09-21 16:00:00,12.29
2021-09-21 17:00:00,12.29
2021-09-21 18:00:00,12.29
2021-09-21 19:00:00,12.29
2021-09-21 20:00:00,12.29
2021-09-21 21:00:00,12.29
2021-09-21 22:00:00,12.29
2021-09-21 23:00:00,12.29
2021-09-22 00:00:00,12.29
2021-09-22 01:00:00,12.29
2021-09-22 02:00:00,12.29
2021-09-22 03:00:00,12.29
2021-09-22 04:00:00,12.29
2021-09-22 05:00:00,12.29
2021-09-22 06:00:00,12.29
2021-09-22 07:00:00,12.29
2021-09-22 08:00:00,12.29
2021-09-22 09:00:00,12.29
2021-09-22 10:00:00,12.29
2021-09-22 11:00:00,12.29
2021-09-22 12:00:00,12.29
2021-09-22 13:00:00,12.29
2021-09-22 14:00:00,12.29
2021-09-22 15:00:00,12.29
2021-09-22 16:00:00,12.29
2021-09-22 17:00:00,12.29
2021-09-22 18:00:00,12.29
2021-09-22 19:00:00,12.29
2021-09-22 20:00:00,12.29
2021-09-22 21:00:00,12.29
2021-09-22 22:00:00,12.29
2021-09-22 23:00:00,12.29
2021-09-23 00:00:00,12.29
2021-09-23 01:00:00,12.29
2021-09-23 02:00:00,12.29
2021-09-23 03:00:00,12.29
2021-09-23 04:00:00,12.29
2021-09-23 05:00:00,12.29
2021-09-23 06:00:00,12.29
2021-09-23 07:00:00,12.29
2021-09-23 08:00:00,12.29
2021-09-23 09:00:00,12.29
2021-09-23 10:00:00,12.29
2021-09-23 11:00:00,12.29
2021-09-23 12:00:00,12.29
2021-09-23 13:00:00,12.29
2021-09-23 14:00:00,12.29
2021-09-23 15:00:00,12.29
2021-09-23 16:00:00,12.29
2021-09-23 17:00:00,12.29
2021-09-23 18:00:00,12.29
2021-09-23 19:00:00,12.29
2021-09-23 20:00:00,12.29
2021-09-23 21:00:00,12.29
2021-09-23 22:00:00,12.29
2021-09-23 23:00:00,12.29
2021-09-24 00:00:00,12.29
2021-09-24 01:00:00,12.29
2021-09-24 02:00:00,12.29
2021-09-24 03:00:00,12.29
2021-09-24 04:00:00,12.29
2021-09-24 05:00:00,12.29
2021-09-24 06:00:00,12.29
2021-09-24 07:00:00,12.29
2021-09-24 08:00:00,12.29
2021-09-24 09:00:00,12.29
2021-09-24 10:00:00,12.29
2021-09-24 11:00:00,12.29
2021-09-24 12:00:00,12.29
2021-09-24 13:00:00,12.29
2021-09-24 14:00:00,12.29
2021-09-24 15:00:00,12.29
2021-09-24 16:00:00,12.29
2021-09-24 17:00:00,12.29
2021-09-24 18:00:00,12.29
2021-09-24 19:00:00,12.29
2021-09-24 20:00:00,12.29
2021-09-24 21:00:00,12.29
2021-09-24 22:00:00,12.29
2021-09-24 23:00:00,12.29
2021-09-25 00:00:00,12.29
2021-09-25 01:00:00,12.29
2021-09-25 02:00:00,12.29
2021-09-25 03:00:00,12.29
2021-09-25 04:00:00,12.29
2021-09-25 05:00:00,12.29
2021-09-25 06:00:00,12.29
2021-09-25 07:00:00,12.29
2021-09-25 08:00:00,12.29
2021-09-25 09:00:00,12.29
2021-09-25 10:00:00,12.29
2021-09-25 11:00:00,12.29
2021-09-25 12:00:00,12.29
2021-09-25 13:00:00,12.29
2021-09-25 14:00:00,12.29
2021-09-25 15:00:00,12.29
2021-09-25 16:00:00,12.29
2021-09-25 17:00:00,12.29
2021-09-25 18:00:00,12.29
2021-09-25 19:00:00,12.29
2021-09-25 20:00:00,12.29
2021-09-25 21:00:00,12.29
2021-09-25 22:00:00,12.29
2021-09-25 23:00:00,12.29
2021-09-26 00:00:00,12.29
2021-09-26 01:00:00,12.29
2021-09-26 02:00:00,12.29
2021-09-26 03:00:00,12.29
2021-09-26 04:00:00,12.29
2021-09-26 05:00:00,12.29
2021-09-26 06:00:00,12.29
2021-09-26 07:00:00,12.29
2021-09-26 08:00:00,12.29
2021-09-26 09:00:00,12.29
2021-09-26 10:00:00,12.29
2021-09-26 11:00:00,12.29
2021-09-26 12:00:00,12.29
2021-09-26 13:00:00,12.29
2021-09-26 14:00:00,12.29
2021-09-26 15:00:00,12.29
2021-09-26 16:00:00,12.29
2021-09-26 17:00:00,12.29
2021-09-26 18:00:00,12.29
2021-09-26 19:00:00,12.29
2021-09-26 20:00:00,12.29
2021-09-26 21:00:00,12.29
2021-09-26 22:00:00,12.29
2021-09-26 23:00:00,12.29
2021-09-27 00:00:00,12.29
2021-09-27 01:00:00,12.29
2021-09-27 02:00:00,12.29
2021-09-27 03:00:00,12.29
2021-09-27 04:00:00,12.29
2021-09-27 05:00:00,12.29
2021-09-27 06:00:00,12.29
2021-09-27 07:00:00,12.29
2021-09-27 08:00:00,12.29
2021-09-27 09:00:00,12.29
2021-09-27 10:00:00,12.29
2021-09-27 11:00:00,12.29
2021-09-27 12:00:00,12.29
2021-09-27 13:00:00,12.29
2021-09-27 14:00:00,12.29
2021-09-27 15:00:00,12.29
2021-09-27 16:00:00,12.29
2021-09-27 17:00:00,12.29
2021-09-27 18:00:00,12.29
2021-09-27 19:00:00,12.29
2021-09-27 20:00:00,12.29
2021-09-27 21:00:00,12.29
2021-09-27 22:00:00,12.29
2021-09-27 23:00:00,12.29
2021-09-28 00:00:00,12.29
2021-09-28 01:00:00,12.29
2021-09-28 02:00:00,12.29
2021-09-28 03:00:00,12.29
2021-09-28 04:00:00,12.29
2021-09-28 05:00:00,12.29
2021-09-28 06:00:00,12.29
2021-09-28 07:00:00,12.29
2021-09-28 08:00:00,12.29
2021-09-28 09:00:00,12.29
2021-09-28 10:00:00,12.29
2021-09-28 11:00:00,12.29
2021-09-28 12:00:00,12.29
2021-09-28 13:00:00,12.29
2021-09-28 14:00:00,12.29
2021-09-28 15:00:00,12.29
2021-09-28 16:00:00,12.29
2021-09-28 17:00:00,12.29
2021-09-28 18:00:00,12.29
2021-09-28 19:00:00,12.29
2021-09-28 20:00:00,12.29
2021-09-28 21:00:00,12.29
2021-09-28 22:00:00,12.29
2021-09-28 23:00:00,12.29
2021-09-29 00:00:00,12.29
2021-09-29 01:00:00,12.29
2021-09-29 02:00:00,12.29
2021-09-29 03:00:00,12.29
2021-09-29 04:00:00,12.29
2021-09-29 05:00:00,12.29
2021-09-29 06:00:00,12.29
2021-09-29 07:00:00,12.29
2021-09-29 08:00:00,12.29
2021-09-29 09:00:00,12.29
2021-09-29 10:00:00,12.29
2021-09-29 11:00:00,12.29
2021-09-29 12:00:00,12.29
2021-09-29 13:00:00,12.29
2021-09-29 14:00:00,12.29
2021-09-29 15:00:00,12.29
2021-09-29 16:00:00,12.29
2021-09-29 17:00:00,12.29
2021-09-29 18:00:00,12.29
2021-09-29 19:00:00,12.29
2021-09-29 20:00:00,12.29
2021-09-29 21:00:00,12.29
2021-09-29 22:00:00,12.29
2021-09-29 23:00:00,12.29
2021-09-30 00:00:00,12.29
2021-09-30 01:00:00,12.29
2021-09-30 02:00:00,12.29
2021-09-30 03:00:00,12.29
2021-09-30 04:00:00,12.29
2021-09-30 05:00:00,12.29
2021-09-30 06:00:00,12.29
2021-09-30 07:00:00,12.29
2021-09-30 08:00:00,12.29
2021-09-30 09:00:00,12.29
2021-09-30 10:00:00,12.29
2021-09-30 11:00:00,12.29
2021-09-30 12:00:00,12.29
2021-09-30 13:00:00,12.29
2021-09-30 14:00:00,12.29
2021-09-30 15:00:00,12.29
2021-09-30 16:00:00,12.29
2021-09-30 17:00:00,12.29
2021-09-30 18:00:00,12.29
2021-09-30 19:00:00,12.29
2021-09-30 20:00:00,12.29
2021-09-30 21:00:00,12.29
2021-09-30 22:00:00,12.29
2021-09-30 23:00:00,12.29
2021-10-01 00:00:00,12.29
2021-10-01 01:00:00,12.29
2021-10-01 02:00:00,12.29
2021-10-01 03:00:00,12.29
2021-10-01 04:00:00,12.29
2021-10-01 05:00:00,12.29
2021-10-01 06:00:00,12.29
2021-10-01 07:00:00,12.29
2021-10-01 08:00:00,12.29
2021-10-01 09:00:00,12.29
2021-10-01 10:00:00,12.29
2021-10-01 11:00:00,12.29
2021-10-01 12:00:00,12.29
2021-10-01 13:00:00,12.29
2021-10-01 14:00:00,12.29
2021-10-01 15:00:00,12.29
2021-10-01 16:00:00,12.29
2021-10-01 17:00:00,12.29
2021-10-01 18:00:00,12.29
2021-10-01 19:00:00,12.29
2021-10-01 20:00:00,12.29
2021-10-01 21:00:00,12.29
2021-10-01 22:00:00,12.29
2021-10-01 23:00:00,12.29
2021-10-02 00:00:00,12.29
2021-10-02 01:00:00,12.29
2021-10-02 02:00:00,12.29
2021-10-02 03:00:00,12.29
2021-10-02 04:00:00,12.29
2021-10-02 05:00:00,12.29
2021-10-02 06:00:00,12.29
2021-10-02 07:00:00,12.29
2021-10-02 08:00:00,12.29
2021-10-02 09:00:00,12.29
2021-10-02 10:00:00,12.29
2021-10-02 11:00:00,12.29
2021-10-02 12:00:00,12.29
2021-10-02 13:00:00,12.29
2021-10-02 14:00:00,12.29
2021-10-02 15:00:00,12.29
2021-10-02 16:00:00,12.29
2021-10-02 17:00:00,12.29
2021-10-02 18:00:00,12.29
2021-10-02 19:00:00,12.29
2021-10-02 20:00:00,12.29
2021-10-02 21:00:00,12.29
2021-10-02 22:00:00,12.29
2021-10-02 23:00:00,12.29
2021-10-03 00:00:00,12.29
2021-10-03 01:00:00,12.29
2021-10-03 02:00:00,12.29
2021-10-03 03:00:00,12.29
2021-10-03 04:00:00,12.29
2021-10-03 05:00:00,12.29
2021-10-03 06:00:00,12.29
2021-10-03 07:00:00,12.29
2021-10-03 08:00:00,12.29
2021-10-03 09:00:00,12.29
2021-10-03 10:00:00,12.29
2021-10-03 11:00:00,12.29
2021-10-03 12:00:00,12.29
2021-10-03 13:00:00,12.29
2021-10-03 14:00:00,12.29
2021-10-03 15:00:00,12.29
2021-10-03 16:00:00,12.29
2021-10-03 17:00:00,12.29
2021-10-03 18:00:00,12.29
2021-10-03 19:00:00,12.29
2021-10-03 20:00:00,12.29
2021-10-03 21:00:00,12.29
2021-10-03 22:00:00,12.29
2021-10-03 23:00:00,12.29
2021-10-04 00:00:00,12.29
2021-10-04 01:00:00,12.29
2021-10-04 02:00:00,12.29
2021-10-04 03:00:00,12.29
2021-10-04 04:00:00,12.29
2021-10-04 05:00:00,12.29
2021-10-04 06:00:00,12.29
2021-10-04 07:00:00,12.29
2021-10-04 08:00:00,12.29
2021-10-04 09:00:00,12.29
2021-10-04 10:00:00,12.29
2021-10-04 11:00:00,12.29
2021-10-04 12:00:00,12.29
2021-10-04 13:00:00,12.29
2021-10-04 14:00:00,12.29
2021-10-04 15:00:00,12.29
2021-10-04 16:00:00,12.29
2021-10-04 17:00:00,12.29
2021-10-04 18:00:00,12.29
2021-10-04 19:00:00,12.29
2021-10-04 20:00:00,12.29
2021-10-04 21:00:00,12.29
2021-10-04 22:00:00,12.29
2021-10-04 23:00:00,12.29
2021-10-05 00:00:00,12.29
2021-10-05 01:00:00,12.29
2021-10-05 02:00:00,12.29
2021-10-05 03:00:00,12.29
2021-10-05 04:00:00,12.29
2021-10-05 05:00:00,12.29
2021-10-05 06:00:00,12.29
2021-10-05 07:00:00,12.29
2021-10-05 08:00:00,12.29
2021-10-05 09:00:00,12.29
2021-10-05 10:00:00,12.29
2021-10-05 11:00:00,12.29
2021-10-05 12:00:00,12.29
2021-10-05 13:00:00,12.29
2021-10-05 14:00:00,12.29
2021-10-05 15:00:00,12.29
2021-10-05 16:00:00,12.29
2021-10-05 17:00:00,12.29
2021-10-05 18:00:00,12.29
2021-10-05 19:00:00,12.29
2021-10-05 20:00:00,12.29
2021-10-05 21:00:00,12.29
2021-10-05 22:00:00,12.29
2021-10-05 23:00:00,12.29
2021-10-06 00:00:00,12.29
2021-10-06 01:00:00,12.29
2021-10-06 02:00:00,12.29
2021-10-06 03:00:00,12.29
2021-10-06 04:00:00,12.29
2021-10-06 05:00:00,12.29
2021-10-06 06:00:00,12.29
2021-10-06 07:00:00,12.29
2021-10-06 08:00:00,12.29
2021-10-06 09:00:00,12.29
2021-10-06 10:00:00,12.29
2021-10-06 11:00:00,12.29
2021-10-06 12:00:00,12.29
2021-10-06 13:00:00,12.29
2021-10-06 14:00:00,12.29
2021-10-06 15:00:00,12.29
2021-10-06 16:00:00,12.29
2021-10-06 17:00:00,12.29
2021-10-06 18:00:00,12.29
2021-10-06 19:00:00,12.29
2021-10-06 20:00:00,12.29
2021-10-06 21:00:00,12.29
2021-10-06 22:00:00,12.29
2021-10-06 23:00:00,12.29
2021-10-07 00:00:00,12.29
2021-10-07 01:00:00,12.29
2021-10-07 02:00:00,12.29
2021-10-07 03:00:00,12.29
2021-10-07 04:00:00,12.29
2021-10-07 05:00:00,12.29
2021-10-07 06:00:00,12.29
2021-10-07 07:00:00,12.29
2021-10-07 08:00:00,12.29
2021-10-07 09:00:00,12.29
2021-10-07 10:00:00,12.29
2021-10-07 11:00:00,12.29
2021-10-07 12:00:00,12.29
2021-10-07 13:00:00,12.29
2021-10-07 14:00:00,12.29
2021-10-07 15:00:00,12.29
2021-10-07 16:00:00,12.29
2021-10-07 17:00:00,12.29
2021-10-07 18:00:00,12.29
2021-10-07 19:00:00,12.29
2021-10-07 20:00:00,12.29
2021-10-07 21:00:00,12.29
2021-10-07 22:00:00,12.29
2021-10-07 23:00:00,12.29
2021-10-08 00:00:00,12.29
2021-10-08 01:00:00,12.29
2021-10-08 02:00:00,12.29
2021-10-08 03:00:00,12.29
2021-10-08 04:00:00,12.29
2021-10-08 05:00:00,12.29
2021-10-08 06:00:00,12.29
2021-10-08 07:00:00,12.29
2021-10-08 08:00:00,12.29
2021-10-08 09:00:00,12.29
2021-10-08 10:00:00,12.29
2021-10-08 11:00:00,12.29
2021-10-08 12:00:00,12.29
2021-10-08 13:00:00,12.29
2021-10-08 14:00:00,12.29
2021-10-08 15:00:00,12.29
2021-10-08 16:00:00,12.29
2021-10-08 17:00:00,12.29
2021-10-08 18:00:00,12.29
2021-10-08 19:00:00,12.29
2021-10-08 20:00:00,12.29
2021-10-08 21:00:00,12.29
2021-10-08 22:00:00,12.29
2021-10-08 23:00:00,12.29
2021-10-09 00:00:00,12.29
2021-10-09 01:00:00,12.29
2021-10-09 02:00:00,12.29
2021-10-09 03:00:00,12.29
2021-10-09 04:00:00,12.29
2021-10-09 05:00:00,12.29
2021-10-09 06:00:00,12.29
2021-10-09 07:00:00,12.29
2021-10-09 08:00:00,12.29
2021-10-09 09:00:00,12.29
2021-10-09 10:00:00,12.29
2021-10-09 11:00:00,12.29
2021-10-09 12:00:00,12.29
2021-10-09 13:00:00,12.29
2021-10-09 14:00:00,12.29
2021-10-09 15:00:00,12.29
2021-10-09 16:00:00,12.29
2021-10-09 17:00:00,12.29
2021-10-09 18:00:00,12.29
2021-10-09 19:00:00,12.29
2021-10-09 20:00:00,12.29
2021-10-09 21:00:00,12.29
2021-10-09 22:00:00,12.29
2021-10-09 23:00:00,12.29
2021-10-10 00:00:00,12.29
2021-10-10 01:00:00,12.29
2021-10-10 02:00:00,12.29
2021-10-10 03:00:00,12.29
2021-10-10 04:00:00,12.29
2021-10-10 05:00:00,12.29
2021-10-10 06:00:00,12.29
2021-10-10 07:00:00,12.29
2021-10-10 08:00:00,12.29
2021-10-10 09:00:00,12.29
2021-10-10 10:00:00,12.29
2021-10-10 11:00:00,12.29
2021-10-10 12:00:00,12.29
2021-10-10 13:00:00,12.29
2021-10-10 14:00:00,12.29
2021-10-10 15:00:00,12.29
2021-10-10 16:00:00,12.29
2021-10-10 17:00:00,12.29
2021-10-10 18:00:00,12.29
2021-10-10 19:00:00,12.29
2021-10-10 20:00:00,12.29
2021-10-10 21:00:00,12.29
2021-10-10 22:00:00,12.29
2021-10-10 23:00:00,12.29
2021-10-11 00:00:00,12.29
2021-10-11 01:00:00,12.29
2021-10-11 02:00:00,12.29
2021-10-11 03:00:00,12.29
2021-10-11 04:00:00,12.29
2021-10-11 05:00:00,12.29
2021-10-11 06:00:00,12.29
2021-10-11 07:00:00,12.29
2021-10-11 08:00:00,12.29
2021-10-11 09:00:00,12.29
2021-10-11 10:00:00,12.29
2021-10-11 11:00:00,12.29
2021-10-11 12:00:00,12.29
2021-10-11 13:00:00,12.29
2021-10-11 14:00:00,12.29
2021-10-11 15:00:00,12.29
2021-10-11 16:00:00,12.29
2021-10-11 17:00:00,12.29
2021-10-11 18:00:00,12.29
2021-10-11 19:00:00,43.28
2021-10-11 20:00:00,12.29
2021-10-11 21:00:00,12.29
2021-10-11 22:00:00,12.29
2021-10-11 23:00:00,12.29
2021-10-12 00:00:00,12.29
2021-10-12 01:00:00,12.29
2021-10-12 02:00:00,12.29
2021-10-12 03:00:00,12.29
2021-10-12 04:00:00,12.29
2021-10-12 05:00:00,12.29
2021-10-12 06:00:00,12.29
2021-10-12 07:00:00,12.29
2021-10-12 08:00:00,12.29
2021-10-12 09:00:00,12.29
2021-10-12 10:00:00,12.29
2021-10-12 11:00:00,12.29
2021-10-12 12:00:00,12.29
2021-10-12 13:00:00,12.29
2021-10-12 14:00:00,12.29
2021-10-12 15:00:00,12.29
2021-10-12 16:00:00,12.29
2021-10-12 17:00:00,12.29
2021-10-12 18:00:00,12.29
2021-10-12 19:00:00,12.29
2021-10-12 20:00:00,12.29
2021-10-12 21:00:00,12.29
2021-10-12 22:00:00,12.29
2021-10-12 23:00:00,12.29
2021-10-13 00:00:00,12.29
2021-10-13 01:00:00,12.29
2021-10-13 02:00:00,12.29
2021-10-13 03:00:00,12.29
2021-10-13 04:00:00,12.29
2021-10-13 05:00:00,12.29
2021-10-13 06:00:00,12.29
2021-10-13 07:00:00,12.29
2021-10-13 08:00:00,12.29
2021-10-13 09:00:00,12.29
2021-10-13 10:00:00,12.29
2021-10-13 11:00:00,12.29
2021-10-13 12:00:00,12.29
2021-10-13 13:00:00,12.29
2021-10-13 14:00:00,12.29
2021-10-13 15:00:00,12.29
2021-10-13 16:00:00,12.29
2021-10-13 17:00:00,12.29
2021-10-13 18:00:00,12.29
2021-10-13 19:00:00,45.3
2021-10-13 20:00:00,12.29
2021-10-13 21:00:00,12.29
2021-10-13 22:00:00,12.29
2021-10-13 23:00:00,12.29
2021-10-14 00:00:00,12.29
2021-10-14 01:00:00,12.29
2021-10-14 02:00:00,12.29
2021-10-14 03:00:00,12.29
2021-10-14 04:00:00,12.29
2021-10-14 05:00:00,12.29
2021-10-14 06:00:00,12.29
2021-10-14 07:00:00,12.29
2021-10-14 08:00:00,12.29
2021-10-14 09:00:00,12.29
2021-10-14 10:00:00,12.29
2021-10-14 11:00:00,12.29
2021-10-14 12:00:00,12.29
2021-10-14 13:00:00,12.29
2021-10-14 14:00:00,12.29
2021-10-14 15:00:00,12.29
2021-10-14 16:00:00,12.29
2021-10-14 17:00:00,12.29
2021-10-14 18:00:00,12.29
2021-10-14 19:00:00,12.29
2021-10-14 20:00:00,12.29
2021-10-14 21:00:00,12.29
2021-10-14 22:00:00,12.29
2021-10-14 23:00:00,12.29
2021-10-15 00:00:00,12.29
2021-10-15 01:00:00,12.29
2021-10-15 02:00:00,12.29
2021-10-15 03:00:00,12.29
2021-10-15 04:00:00,12.29
2021-10-15 05:00:00,12.29
2021-10-15 06:00:00,12.29
2021-10-15 07:00:00,12.29
2021-10-15 08:00:00,12.29
2021-10-15 09:00:00,12.29
2021-10-15 10:00:00,12.29
2021-10-15 11:00:00,12.29
2021-10-15 12:00:00,12.29
2021-10-15 13:00:00,12.29
2021-10-15 14:00:00,12.29
2021-10-15 15:00:00,12.29
2021-10-15 16:00:00,12.29
2021-10-15 17:00:00,12.29
2021-10-15 18:00:00,12.29
2021-10-15 19:00:00,12.29
2021-10-15 20:00:00,12.29
2021-10-15 21:00:00,12.29
2021-10-15 22:00:00,15.29
2021-10-15 23:00:00,36.9
2021-10-16 00:00:00,36.02
2021-10-16 01:00:00,12.29
2021-10-16 02:00:00,12.29
2021-10-16 03:00:00,12.29
2021-10-16 04:00:00,12.29
2021-10-16 05:00:00,12.29
2021-10-16 06:00:00,12.29
2021-10-16 07:00:00,12.29
2021-10-16 08:00:00,12.29
2021-10-16 09:00:00,12.29
2021-10-16 10:00:00,12.29
2021-10-16 11:00:00,12.29
2021-10-16 12:00:00,12.29
2021-10-16 13:00:00,12.29
2021-10-16 14:00:00,12.29
2021-10-16 15:00:00,12.29
2021-10-16 16:00:00,12.29
2021-10-16 17:00:00,12.29
2021-10-16 18:00:00,12.29
2021-10-16 19:00:00,12.29
2021-10-16 20:00:00,12.29
2021-10-16 21:00:00,12.29
2021-10-16 22:00:00,12.29
2021-10-16 23:00:00,12.29
2021-10-17 00:00:00,12.29
2021-10-17 01:00:00,12.29
2021-10-17 02:00:00,12.29
2021-10-17 03:00:00,12.29
2021-10-17 04:00:00,12.29
2021-10-17 05:00:00,12.29
2021-10-17 06:00:00,12.29
2021-10-17 07:00:00,12.29
2021-10-17 08:00:00,12.29
2021-10-17 09:00:00,12.29
2021-10-17 10:00:00,12.29
2021-10-17 11:00:00,12.29
2021-10-17 12:00:00,12.29
2021-10-17 13:00:00,12.29
2021-10-17 14:00:00,12.29
2021-10-17 15:00:00,12.29
2021-10-17 16:00:00,12.29
2021-10-17 17:00:00,12.29
2021-10-17 18:00:00,12.29
2021-10-17 19:00:00,12.29
2021-10-17 20:00:00,12.29
2021-10-17 21:00:00,12.29
2021-10-17 22:00:00,12.29
2021-10-17 23:00:00,12.29
2021-10-18 00:00:00,12.29
2021-10-18 01:00:00,12.29
2021-10-18 02:00:00,12.29
2021-10-18 03:00:00,12.29
2021-10-18 04:00:00,12.29
2021-10-18 05:00:00,12.29
2021-10-18 06:00:00,12.29
2021-10-18 07:00:00,12.29
2021-10-18 08:00:00,12.29
2021-10-18 09:00:00,12.29
2021-10-18 10:00:00,12.29
2021-10-18 11:00:00,12.29
2021-10-18 12:00:00,12.29
2021-10-18 13:00:00,12.29
2021-10-18 14:00:00,12.29
2021-10-18 15:00:00,12.29
2021-10-18 16:00:00,12.29
2021-10-18 17:00:00,12.29
2021-10-18 18:00:00,16.66
2021-10-18 19:00:00,44.27
2021-10-18 20:00:00,39.73
2021-10-18 21:00:00,12.29
2021-10-18 22:00:00,12.29
2021-10-18 23:00:00,12.29
2021-10-19 00:00:00,12.29
2021-10-19 01:00:00,12.29
2021-10-19 02:00:00,12.29
2021-10-19 03:00:00,12.29
2021-10-19 04:00:00,12.29
2021-10-19 05:00:00,12.29
2021-10-19 06:00:00,12.29
2021-10-19 07:00:00,12.29
2021-10-19 08:00:00,12.29
2021-10-19 09:00:00,12.29
2021-10-19 10:00:00,12.29
2021-10-19 11:00:00,12.29
2021-10-19 12:00:00,12.29
2021-10-19 13:00:00,12.29
2021-10-19 14:00:00,12.29
2021-10-19 15:00:00,12.29
2021-10-19 16:00:00,12.29
2021-10-19 17:00:00,12.29
2021-10-19 18:00:00,18.45
2021-10-19 19:00:00,40.77
2021-10-19 20:00:00,38.81
2021-10-19 21:00:00,12.29
2021-10-19 22:00:00,12.29
2021-10-19 23:00:00,12.29
2021-10-20 00:00:00,12.29
2021-10-20 01:00:00,12.29
2021-10-20 02:00:00,12.29
2021-10-20 03:00:00,12.29
2021-10-20 04:00:00,12.29
2021-10-20 05:00:00,12.29
2021-10-20 06:00:00,12.29
2021-10-20 07:00:00,12.29
2021-10-20 08:00:00,12.29
2021-10-20 09:00:00,12.29
2021-10-20 10:00:00,12.29
2021-10-20 11:00:00,12.29
2021-10-20 12:00:00,19.9
2021-10-20 13:00:00,12.29
2021-10-20 14:00:00,12.29
2021-10-20 15:00:00,12.29
2021-10-20 16:00:00,12.29
2021-10-20 17:00:00,12.29
2021-10-20 18:00:00,12.29
2021-10-20 19:00:00,37.29
2021-10-20 20:00:00,37.56
2021-10-20 21:00:00,12.29
2021-10-20 22:00:00,12.29
2021-10-20 23:00:00,12.29
2021-10-21 00:00:00,12.29
2021-10-21 01:00:00,12.29
2021-10-21 02:00:00,12.29
2021-10-21 03:00:00,12.29
2021-10-21 04:00:00,12.29
2021-10-21 05:00:00,12.29
2021-10-21 06:00:00,12.29
2021-10-21 07:00:00,12.29
2021-10-21 08:00:00,12.29
2021-10-21 09:00:00,12.29
2021-10-21 10:00:00,12.29
2021-10-21 11:00:00,12.29
2021-10-21 12:00:00,12.29
2021-10-21 13:00:00,12.29
2021-10-21 14:00:00,12.29
2021-10-21 15:00:00,12.29
2021-10-21 16:00:00,12.29
2021-10-21 17:00:00,12.29
2021-10-21 18:00:00,12.29
2021-10-21 19:00:00,44.36
2021-10-21 20:00:00,12.29
2021-10-21 21:00:00,12.29
2021-10-21 22:00:00,12.29
2021-10-21 23:00:00,12.29
2021-10-22 00:00:00,12.29
2021-10-22 01:00:00,12.29
2021-10-22 02:00:00,12.29
2021-10-22 03:00:00,12.29
2021-10-22 04:00:00,12.29
2021-10-22 05:00:00,12.29
2021-10-22 06:00:00,12.29
2021-10-22 07:00:00,12.29
2021-10-22 08:00:00,12.29
2021-10-22 09:00:00,12.29
2021-10-22 10:00:00,12.29
2021-10-22 11:00:00,12.29
2021-10-22 12:00:00,12.29
2021-10-22 13:00:00,12.29
2021-10-22 14:00:00,12.29
2021-10-22 15:00:00,12.29
2021-10-22 16:00:00,12.29
2021-10-22 17:00:00,12.29
2021-10-22 18:00:00,12.29
2021-10-22 19:00:00,12.29
2021-10-22 20:00:00,12.29
2021-10-22 21:00:00,12.29
2021-10-22 22:00:00,12.29
2021-10-22 23:00:00,12.29
2021-10-23 00:00:00,12.29
2021-10-23 01:00:00,12.29
2021-10-23 02:00:00,12.29
2021-10-23 03:00:00,12.29
2021-10-23 04:00:00,12.29
2021-10-23 05:00:00,12.29
2021-10-23 06:00:00,12.29
2021-10-23 07:00:00,12.29
2021-10-23 08:00:00,12.29
2021-10-23 09:00:00,12.29
2021-10-23 10:00:00,12.29
2021-10-23 11:00:00,12.29
2021-10-23 12:00:00,12.29
2021-10-23 13:00:00,12.29
2021-10-23 14:00:00,12.29
2021-10-23 15:00:00,12.29
2021-10-23 16:00:00,12.29
2021-10-23 17:00:00,12.29
2021-10-23 18:00:00,12.29
2021-10-23 19:00:00,12.29
2021-10-23 20:00:00,12.29
2021-10-23 21:00:00,12.29
2021-10-23 22:00:00,12.29
2021-10-23 23:00:00,12.29
2021-10-24 00:00:00,12.29
2021-10-24 01:00:00,12.29
2021-10-24 02:00:00,12.29
2021-10-24 03:00:00,12.29
2021-10-24 04:00:00,12.29
2021-10-24 05:00:00,12.29
2021-10-24 06:00:00,12.29
2021-10-24 07:00:00,12.29
2021-10-24 08:00:00,12.29
2021-10-24 09:00:00,12.29
2021-10-24 10:00:00,12.29
2021-10-24 11:00:00,12.29
2021-10-24 12:00:00,12.29
2021-10-24 13:00:00,12.29
2021-10-24 14:00:00,12.29
2021-10-24 15:00:00,12.29
2021-10-24 16:00:00,12.29
2021-10-24 17:00:00,12.29
2021-10-24 18:00:00,12.29
2021-10-24 19:00:00,12.29
2021-10-24 20:00:00,12.29
2021-10-24 21:00:00,12.29
2021-10-24 22:00:00,12.29
2021-10-24 23:00:00,12.29
2021-10-25 00:00:00,12.29
2021-10-25 01:00:00,13.4
2021-10-25 02:00:00,13.4
2021-10-25 03:00:00,13.4
2021-10-25 04:00:00,13.4
2021-10-25 05:00:00,13.4
2021-10-25 06:00:00,13.4
2021-10-25 07:00:00,13.4
2021-10-25 08:00:00,13.4
2021-10-25 09:00:00,13.4
2021-10-25 10:00:00,13.4
2021-10-25 11:00:00,13.4
2021-10-25 12:00:00,13.4
2021-10-25 13:00:00,13.4
2021-10-25 14:00:00,13.4
2021-10-25 15:00:00,13.4
2021-10-25 16:00:00,13.4
2021-10-25 17:00:00,13.4
2021-10-25 18:00:00,13.4
2021-10-25 19:00:00,31.36
2021-10-25 20:00:00,31.47
2021-10-25 21:00:00,13.4
2021-10-25 22:00:00,13.4
2021-10-25 23:00:00,13.4
2021-10-26 00:00:00,13.4
2021-10-26 01:00:00,13.4
2021-10-26 02:00:00,13.4
2021-10-26 03:00:00,13.4
2021-10-26 04:00:00,13.4
2021-10-26 05:00:00,13.4
2021-10-26 06:00:00,13.4
2021-10-26 07:00:00,13.4
2021-10-26 08:00:00,13.4
2021-10-26 09:00:00,13.4
2021-10-26 10:00:00,13.4
2021-10-26 11:00:00,13.4
2021-10-26 12:00:00,13.4
2021-10-26 13:00:00,13.4
2021-10-26 14:00:00,13.4
2021-10-26 15:00:00,13.4
2021-10-26 16:00:00,13.4
2021-10-26 17:00:00,13.4
2021-10-26 18:00:00,17.75
2021-10-26 19:00:00,48.26
2021-10-26 20:00:00,42.71
2021-10-26 21:00:00,13.4
2021-10-26 22:00:00,13.4
2021-10-26 23:00:00,13.4
2021-10-27 00:00:00,13.4
2021-10-27 01:00:00,13.4
2021-10-27 02:00:00,13.4
2021-10-27 03:00:00,13.4
2021-10-27 04:00:00,13.4
2021-10-27 05:00:00,13.4
2021-10-27 06:00:00,13.4
2021-10-27 07:00:00,13.4
2021-10-27 08:00:00,13.4
2021-10-27 09:00:00,13.4
2021-10-27 10:00:00,13.4
2021-10-27 11:00:00,13.4
2021-10-27 12:00:00,13.4
2021-10-27 13:00:00,13.4
2021-10-27 14:00:00,13.4
2021-10-27 15:00:00,13.4
2021-10-27 16:00:00,13.4
2021-10-27 17:00:00,13.4
2021-10-27 18:00:00,17.34
2021-10-27 19:00:00,48.18
2021-10-27 20:00:00,43.84
2021-10-27 21:00:00,13.4
2021-10-27 22:00:00,13.4
2021-10-27 23:00:00,13.4
2021-10-28 00:00:00,13.4
2021-10-28 01:00:00,13.4
2021-10-28 02:00:00,13.4
2021-10-28 03:00:00,13.4
2021-10-28 04:00:00,13.4
2021-10-28 05:00:00,13.4
2021-10-28 06:00:00,13.4
2021-10-28 07:00:00,13.4
2021-10-28 08:00:00,13.4
2021-10-28 09:00:00,13.4
2021-10-28 10:00:00,13.4
2021-10-28 11:00:00,13.4
2021-10-28 12:00:00,13.4
2021-10-28 13:00:00,13.4
2021-10-28 14:00:00,13.4
2021-10-28 15:00:00,13.4
2021-10-28 16:00:00,13.4
2021-10-28 17:00:00,13.4
2021-10-28 18:00:00,16.57
2021-10-28 19:00:00,44.63
2021-10-28 20:00:00,42.03
2021-10-28 21:00:00,13.4
2021-10-28 22:00:00,13.4
2021-10-28 23:00:00,13.4
2021-10-29 00:00:00,13.4
2021-10-29 01:00:00,13.4
2021-10-29 02:00:00,13.4
2021-10-29 03:00:00,13.4
2021-10-29 04:00:00,13.4
2021-10-29 05:00:00,13.4
2021-10-29 06:00:00,13.4
2021-10-29 07:00:00,13.4
2021-10-29 08:00:00,13.4
2021-10-29 09:00:00,13.4
2021-10-29 10:00:00,13.4
2021-10-29 11:00:00,13.4
2021-10-29 12:00:00,13.4
2021-10-29 13:00:00,13.4
2021-10-29 14:00:00,13.4
2021-10-29 15:00:00,13.4
2021-10-29 16:00:00,13.4
2021-10-29 17:00:00,13.4
2021-10-29 18:00:00,17.77
2021-10-29 19:00:00,46.46
2021-10-29 20:00:00,44.4
2021-10-29 21:00:00,13.4
2021-10-29 22:00:00,13.4
2021-10-29 23:00:00,13.4
2021-10-30 00:00:00,13.4
2021-10-30 01:00:00,13.4
2021-10-30 02:00:00,13.4
2021-10-30 03:00:00,13.4
2021-10-30 04:00:00,13.4
2021-10-30 05:00:00,13.4
2021-10-30 06:00:00,13.4
2021-10-30 07:00:00,13.4
2021-10-30 08:00:00,13.4
2021-10-30 09:00:00,13.4
2021-10-30 10:00:00,13.4
2021-10-30 11:00:00,13.4
2021-10-30 12:00:00,13.4
2021-10-30 13:00:00,13.4
2021-10-30 14:00:00,13.4
2021-10-30 15:00:00,13.4
2021-10-30 16:00:00,13.4
2021-10-30 17:00:00,13.4
2021-10-30 18:00:00,13.4
2021-10-30 19:00:00,13.4
2021-10-30 20:00:00,13.4
2021-10-30 21:00:00,13.4
2021-10-30 22:00:00,13.4
2021-10-30 23:00:00,13.4
2021-10-31 00:00:00,13.4
2021-10-31 01:00:00,13.4
2021-10-31 02:00:00,13.4
2021-10-31 03:00:00,13.4
2021-10-31 04:00:00,13.4
2021-10-31 05:00:00,13.4
2021-10-31 06:00:00,13.4
2021-10-31 07:00:00,13.4
2021-10-31 08:00:00,13.4
2021-10-31 09:00:00,13.4
2021-10-31 10:00:00,13.4
2021-10-31 11:00:00,13.4
2021-10-31 12:00:00,13.4
2021-10-31 13:00:00,13.4
2021-10-31 14:00:00,13.4
2021-10-31 15:00:00,13.4
2021-10-31 16:00:00,13.4
2021-10-31 17:00:00,13.4
2021-10-31 18:00:00,13.4
2021-10-31 19:00:00,13.4
2021-10-31 20:00:00,13.4
2021-10-31 21:00:00,13.4
2021-10-31 22:00:00,13.4
2021-10-31 23:00:00,13.4
2021-11-01 00:00:00,13.4
2021-11-01 01:00:00,13.4
2021-11-01 02:00:00,13.4
2021-11-01 03:00:00,13.4
2021-11-01 04:00:00,13.4
2021-11-01 05:00:00,13.4
2021-11-01 06:00:00,13.4
2021-11-01 07:00:00,13.4
2021-11-01 08:00:00,13.4
2021-11-01 09:00:00,13.4
2021-11-01 10:00:00,13.4
2021-11-01 11:00:00,13.4
2021-11-01 12:00:00,13.4
2021-11-01 13:00:00,13.4
2021-11-01 14:00:00,13.4
2021-11-01 15:00:00,13.4
2021-11-01 16:00:00,13.4
2021-11-01 17:00:00,13.4
2021-11-01 18:00:00,13.4
2021-11-01 19:00:00,13.4
2021-11-01 20:00:00,13.4
2021-11-01 21:00:00,13.4
2021-11-01 22:00:00,13.4
2021-11-01 23:00:00,13.4
2021-11-02 00:00:00,13.4
2021-11-02 01:00:00,12.29
2021-11-02 02:00:00,12.29
2021-11-02 03:00:00,12.29
2021-11-02 04:00:00,12.29
2021-11-02 05:00:00,12.29
2021-11-02 06:00:00,12.29
2021-11-02 07:00:00,12.29
2021-11-02 08:00:00,12.29
2021-11-02 09:00:00,12.29
2021-11-02 10:00:00,12.29
2021-11-02 11:00:00,12.29
2021-11-02 12:00:00,12.29
2021-11-02 13:00:00,12.29
2021-11-02 14:00:00,12.29
2021-11-02 15:00:00,12.29
2021-11-02 16:00:00,12.29
2021-11-02 17:00:00,12.29
2021-11-02 18:00:00,12.29
2021-11-02 19:00:00,12.29
2021-11-02 20:00:00,12.29
2021-11-02 21:00:00,12.29
2021-11-02 22:00:00,12.29
2021-11-02 23:00:00,12.29
2021-11-03 00:00:00,12.29
2021-11-03 01:00:00,12.29
2021-11-03 02:00:00,12.29
2021-11-03 03:00:00,12.29
2021-11-03 04:00:00,12.29
2021-11-03 05:00:00,12.29
2021-11-03 06:00:00,12.29
2021-11-03 07:00:00,12.29
2021-11-03 08:00:00,12.29
2021-11-03 09:00:00,12.29
2021-11-03 10:00:00,12.29
2021-11-03 11:00:00,12.29
2021-11-03 12:00:00,12.29
2021-11-03 13:00:00,12.29
2021-11-03 14:00:00,12.29
2021-11-03 15:00:00,12.29
2021-11-03 16:00:00,12.29
2021-11-03 17:00:00,12.29
2021-11-03 18:00:00,45.18
2021-11-03 19:00:00,41.65
2021-11-03 20:00:00,44.71
2021-11-03 21:00:00,47.18
2021-11-03 22:00:00,12.29
2021-11-03 23:00:00,12.29
2021-11-04 00:00:00,12.29
2021-11-04 01:00:00,12.29
2021-11-04 02:00:00,12.29
2021-11-04 03:00:00,12.29
2021-11-04 04:00:00,12.29
2021-11-04 05:00:00,12.29
2021-11-04 06:00:00,12.29
2021-11-04 07:00:00,12.29
2021-11-04 08:00:00,12.29
2021-11-04 09:00:00,12.29
2021-11-04 10:00:00,12.29
2021-11-04 11:00:00,12.29
2021-11-04 12:00:00,12.29
2021-11-04 13:00:00,12.29
2021-11-04 14:00:00,12.29
2021-11-04 15:00:00,12.29
2021-11-04 16:00:00,12.29
2021-11-04 17:00:00,18.3
2021-11-04 18:00:00,47.41
2021-11-04 19:00:00,51.93
2021-11-04 20:00:00,44.41
2021-11-04 21:00:00,43.41
2021-11-04 22:00:00,12.29
2021-11-04 23:00:00,12.29
2021-11-05 00:00:00,12.29
2021-11-05 01:00:00,12.29
2021-11-05 02:00:00,12.29
2021-11-05 03:00:00,12.29
2021-11-05 04:00:00,12.29
2021-11-05 05:00:00,12.29
2021-11-05 06:00:00,12.29
2021-11-05 07:00:00,12.29
2021-11-05 08:00:00,12.29
2021-11-05 09:00:00,12.29
2021-11-05 10:00:00,12.29
2021-11-05 11:00:00,12.29
2021-11-05 12:00:00,12.29
2021-11-05 13:00:00,12.29
2021-11-05 14:00:00,12.29
2021-11-05 15:00:00,12.29
2021-11-05 16:00:00,12.29
2021-11-05 17:00:00,12.29
2021-11-05 18:00:00,12.29
2021-11-05 19:00:00,36.02
2021-11-05 20:00:00,46.68
2021-11-05 21:00:00,41.88
2021-11-05 22:00:00,12.29
2021-11-05 23:00:00,12.29
2021-11-06 00:00:00,15.05
2021-11-06 01:00:00,37.06
2021-11-06 02:00:00,44.15
2021-11-06 03:00:00,36.54
2021-11-06 04:00:00,41.8
2021-11-06 05:00:00,12.29
2021-11-06 06:00:00,12.29
2021-11-06 07:00:00,12.29
2021-11-06 08:00:00,12.29
2021-11-06 09:00:00,12.29
2021-11-06 10:00:00,12.29
2021-11-06 11:00:00,12.29
2021-11-06 12:00:00,12.29
2021-11-06 13:00:00,12.29
2021-11-06 14:00:00,12.29
2021-11-06 15:00:00,12.29
2021-11-06 16:00:00,12.29
2021-11-06 17:00:00,12.29
2021-11-06 18:00:00,12.29
2021-11-06 19:00:00,12.29
2021-11-06 20:00:00,12.29
2021-11-06 21:00:00,12.29
2021-11-06 22:00:00,12.29
2021-11-06 23:00:00,12.29
2021-11-07 00:00:00,12.29
2021-11-07 01:00:00,12.29
2021-11-07 02:00:00,12.29
2021-11-07 03:00:00,12.29
2021-11-07 04:00:00,12.29
2021-11-07 05:00:00,12.29
2021-11-07 06:00:00,12.29
2021-11-07 07:00:00,12.29
2021-11-07 08:00:00,12.29
2021-11-07 09:00:00,12.29
2021-11-07 10:00:00,12.29
2021-11-07 11:00:00,12.29
2021-11-07 12:00:00,12.29
2021-11-07 13:00:00,12.29
2021-11-07 14:00:00,12.29
2021-11-07 15:00:00,12.29
2021-11-07 16:00:00,12.29
2021-11-07 17:00:00,12.29
2021-11-07 18:00:00,12.29
2021-11-07 19:00:00,12.29
2021-11-07 20:00:00,12.29
2021-11-07 21:00:00,12.29
2021-11-07 22:00:00,12.29
2021-11-07 23:00:00,12.29
2021-11-08 00:00:00,12.29
2021-11-08 01:00:00,12.29
2021-11-08 02:00:00,12.29
2021-11-08 03:00:00,12.29
2021-11-08 04:00:00,12.29
2021-11-08 05:00:00,12.29
2021-11-08 06:00:00,12.29
2021-11-08 07:00:00,12.29
2021-11-08 08:00:00,12.29
2021-11-08 09:00:00,12.29
2021-11-08 10:00:00,12.29
2021-11-08 11:00:00,12.29
2021-11-08 12:00:00,12.29
2021-11-08 13:00:00,12.29
2021-11-08 14:00:00,12.29
2021-11-08 15:00:00,12.29
2021-11-08 16:00:00,12.29
2021-11-08 17:00:00,12.29
2021-11-08 18:00:00,40.77
2021-11-08 19:00:00,45.79
2021-11-08 20:00:00,43.93
2021-11-08 21:00:00,12.29
2021-11-08 22:00:00,12.29
2021-11-08 23:00:00,12.29
2021-11-09 00:00:00,12.29
2021-11-09 01:00:00,12.29
2021-11-09 02:00:00,12.29
2021-11-09 03:00:00,12.29
2021-11-09 04:00:00,12.29
2021-11-09 05:00:00,12.29
2021-11-09 06:00:00,12.29
2021-11-09 07:00:00,12.29
2021-11-09 08:00:00,12.29
2021-11-09 09:00:00,12.29
2021-11-09 10:00:00,12.29
2021-11-09 11:00:00,12.29
2021-11-09 12:00:00,12.29
2021-11-09 13:00:00,12.29
2021-11-09 14:00:00,12.29
2021-11-09 15:00:00,12.29
2021-11-09 16:00:00,12.29
2021-11-09 17:00:00,12.29
2021-11-09 18:00:00,42.2
2021-11-09 19:00:00,47.28
2021-11-09 20:00:00,45.1
2021-11-09 21:00:00,40.93
2021-11-09 22:00:00,42.04
2021-11-09 23:00:00,12.29
2021-11-10 00:00:00,12.29
2021-11-10 01:00:00,12.29
2021-11-10 02:00:00,12.29
2021-11-10 03:00:00,12.29
2021-11-10 04:00:00,12.29
2021-11-10 05:00:00,12.29
2021-11-10 06:00:00,12.29
2021-11-10 07:00:00,12.29
2021-11-10 08:00:00,12.29
2021-11-10 09:00:00,12.29
2021-11-10 10:00:00,12.29
2021-11-10 11:00:00,12.29
2021-11-10 12:00:00,15.63
2021-11-10 13:00:00,26.21
2021-11-10 14:00:00,14.25
2021-11-10 15:00:00,12.29
2021-11-10 16:00:00,12.29
2021-11-10 17:00:00,12.29
2021-11-10 18:00:00,39.96
2021-11-10 19:00:00,45.38
2021-11-10 20:00:00,48.13
2021-11-10 21:00:00,47.54
2021-11-10 22:00:00,13.87
2021-11-10 23:00:00,12.29
2021-11-11 00:00:00,12.29
2021-11-11 01:00:00,12.29
2021-11-11 02:00:00,12.29
2021-11-11 03:00:00,12.29
2021-11-11 04:00:00,12.29
2021-11-11 05:00:00,12.29
2021-11-11 06:00:00,12.29
2021-11-11 07:00:00,12.29
2021-11-11 08:00:00,12.29
2021-11-11 09:00:00,12.29
2021-11-11 10:00:00,12.29
2021-11-11 11:00:00,12.29
2021-11-11 12:00:00,12.29
2021-11-11 13:00:00,12.29
2021-11-11 14:00:00,12.29
2021-11-11 15:00:00,12.29
2021-11-11 16:00:00,12.29
2021-11-11 17:00:00,25.69
2021-11-11 18:00:00,48.27
2021-11-11 19:00:00,47.01
2021-11-11 20:00:00,45.94
2021-11-11 21:00:00,45.58
2021-11-11 22:00:00,23.73
2021-11-11 23:00:00,12.29
2021-11-12 00:00:00,12.29
2021-11-12 01:00:00,12.29
2021-11-12 02:00:00,12.29
2021-11-12 03:00:00,12.29
2021-11-12 04:00:00,12.29
2021-11-12 05:00:00,12.29
2021-11-12 06:00:00,12.29
2021-11-12 07:00:00,12.29
2021-11-12 08:00:00,12.29
2021-11-12 09:00:00,12.29
2021-11-12 10:00:00,12.29
2021-11-12 11:00:00,12.29
2021-11-12 12:00:00,12.29
2021-11-12 13:00:00,12.29
2021-11-12 14:00:00,12.29
2021-11-12 15:00:00,12.29
2021-11-12 16:00:00,12.29
2021-11-12 17:00:00,42.54
2021-11-12 18:00:00,42.78
2021-11-12 19:00:00,44.23
2021-11-12 20:00:00,41.24
2021-11-12 21:00:00,42.4
2021-11-12 22:00:00,35.16
2021-11-12 23:00:00,12.29
2021-11-13 00:00:00,12.29
2021-11-13 01:00:00,12.29
2021-11-13 02:00:00,12.29
2021-11-13 03:00:00,34.21
2021-11-13 04:00:00,33.95
2021-11-13 05:00:00,34.48
2021-11-13 06:00:00,34.44
2021-11-13 07:00:00,34.71
2021-11-13 08:00:00,28.49
2021-11-13 09:00:00,33.7
2021-11-13 10:00:00,12.29
2021-11-13 11:00:00,12.29
2021-11-13 12:00:00,12.29
2021-11-13 13:00:00,12.29
2021-11-13 14:00:00,12.29
2021-11-13 15:00:00,12.29
2021-11-13 16:00:00,12.29
2021-11-13 17:00:00,12.29
2021-11-13 18:00:00,12.29
2021-11-13 19:00:00,12.29
2021-11-13 20:00:00,12.29
2021-11-13 21:00:00,12.29
2021-11-13 22:00:00,12.29
2021-11-13 23:00:00,12.29
2021-11-14 00:00:00,15.77
2021-11-14 01:00:00,36.57
2021-11-14 02:00:00,34.41
2021-11-14 03:00:00,32.7
2021-11-14 04:00:00,26.4
2021-11-14 05:00:00,26.88
2021-11-14 06:00:00,45.12
2021-11-14 07:00:00,39.74
2021-11-14 08:00:00,28.72
2021-11-14 09:00:00,12.29
2021-11-14 10:00:00,12.29
2021-11-14 11:00:00,12.29
2021-11-14 12:00:00,12.29
2021-11-14 13:00:00,12.29
2021-11-14 14:00:00,12.29
2021-11-14 15:00:00,12.29
2021-11-14 16:00:00,12.29
2021-11-14 17:00:00,12.29
2021-11-14 18:00:00,12.29
2021-11-14 19:00:00,12.29
2021-11-14 20:00:00,12.29
2021-11-14 21:00:00,12.29
2021-11-14 22:00:00,12.29
2021-11-14 23:00:00,12.29
2021-11-15 00:00:00,12.29
2021-11-15 01:00:00,12.29
2021-11-15 02:00:00,12.29
2021-11-15 03:00:00,12.29
2021-11-15 04:00:00,12.29
2021-11-15 05:00:00,12.29
2021-11-15 06:00:00,12.29
2021-11-15 07:00:00,12.29
2021-11-15 08:00:00,12.29
2021-11-15 09:00:00,12.29
2021-11-15 10:00:00,13.47
2021-11-15 11:00:00,32.4
2021-11-15 12:00:00,43.46
2021-11-15 13:00:00,43.32
2021-11-15 14:00:00,48.25
2021-11-15 15:00:00,39.38
2021-11-15 16:00:00,46.28
2021-11-15 17:00:00,42.32
2021-11-15 18:00:00,33.83
2021-11-15 19:00:00,42.17
2021-11-15 20:00:00,41.63
2021-11-15 21:00:00,36.64
2021-11-15 22:00:00,12.29
2021-11-15 23:00:00,12.29
2021-11-16 00:00:00,12.29
2021-11-16 01:00:00,12.29
2021-11-16 02:00:00,12.29
2021-11-16 03:00:00,12.29
2021-11-16 04:00:00,12.29
2021-11-16 05:00:00,12.29
2021-11-16 06:00:00,12.29
2021-11-16 07:00:00,12.29
2021-11-16 08:00:00,12.29
2021-11-16 09:00:00,14.68
2021-11-16 10:00:00,35.27
2021-11-16 11:00:00,26.56
2021-11-16 12:00:00,36.12
2021-11-16 13:00:00,36.16
2021-11-16 14:00:00,38.41
2021-11-16 15:00:00,36.25
2021-11-16 16:00:00,37.49
2021-11-16 17:00:00,42.92
2021-11-16 18:00:00,51.18
2021-11-16 19:00:00,46.79
2021-11-16 20:00:00,44.61
2021-11-16 21:00:00,25.3
2021-11-16 22:00:00,12.29
2021-11-16 23:00:00,12.29
2021-11-17 00:00:00,12.29
2021-11-17 01:00:00,15.34
2021-11-17 02:00:00,36.5
2021-11-17 03:00:00,36.14
2021-11-17 04:00:00,41.21
2021-11-17 05:00:00,36.91
2021-11-17 06:00:00,36.04
2021-11-17 07:00:00,12.29
2021-11-17 08:00:00,12.29
2021-11-17 09:00:00,12.29
2021-11-17 10:00:00,12.29
2021-11-17 11:00:00,12.29
2021-11-17 12:00:00,12.29
2021-11-17 13:00:00,12.29
2021-11-17 14:00:00,12.29
2021-11-17 15:00:00,12.29
2021-11-17 16:00:00,12.29
2021-11-17 17:00:00,16.88
2021-11-17 18:00:00,42.42
2021-11-17 19:00:00,45.28
2021-11-17 20:00:00,41.45
2021-11-17 21:00:00,43.2
2021-11-17 22:00:00,44.41
2021-11-17 23:00:00,40.09
2021-11-18 00:00:00,14.47
2021-11-18 01:00:00,12.29
2021-11-18 02:00:00,12.29
2021-11-18 03:00:00,12.29
2021-11-18 04:00:00,12.29
2021-11-18 05:00:00,12.29
2021-11-18 06:00:00,12.29
2021-11-18 07:00:00,12.29
2021-11-18 08:00:00,15.65
2021-11-18 09:00:00,30.41
2021-11-18 10:00:00,34.55
2021-11-18 11:00:00,31.01
2021-11-18 12:00:00,37.78
2021-11-18 13:00:00,34.18
2021-11-18 14:00:00,43.21
2021-11-18 15:00:00,42.61
2021-11-18 16:00:00,39.52
2021-11-18 17:00:00,38
2021-11-18 18:00:00,33.63
2021-11-18 19:00:00,45.78
2021-11-18 20:00:00,40.23
2021-11-18 21:00:00,12.29
2021-11-18 22:00:00,12.29
2021-11-18 23:00:00,12.29
2021-11-19 00:00:00,12.29
2021-11-19 01:00:00,12.29
2021-11-19 02:00:00,12.29
2021-11-19 03:00:00,12.29
2021-11-19 04:00:00,12.29
2021-11-19 05:00:00,12.29
2021-11-19 06:00:00,12.29
2021-11-19 07:00:00,12.29
2021-11-19 08:00:00,21.25
2021-11-19 09:00:00,36.3
2021-11-19 10:00:00,29.77
2021-11-19 11:00:00,33.57
2021-11-19 12:00:00,35.07
2021-11-19 13:00:00,33.98
2021-11-19 14:00:00,35.32
2021-11-19 15:00:00,36.6
2021-11-19 16:00:00,41.38
2021-11-19 17:00:00,45.21
2021-11-19 18:00:00,40.98
2021-11-19 19:00:00,40.24
2021-11-19 20:00:00,30.08
2021-11-19 21:00:00,12.29
2021-11-19 22:00:00,12.29
2021-11-19 23:00:00,12.29
2021-11-20 00:00:00,12.29
2021-11-20 01:00:00,12.29
2021-11-20 02:00:00,15.66
2021-11-20 03:00:00,57.79
2021-11-20 04:00:00,57.09
2021-11-20 05:00:00,57.5
2021-11-20 06:00:00,57.58
2021-11-20 07:00:00,51.92
2021-11-20 08:00:00,55.04
2021-11-20 09:00:00,57.18
2021-11-20 10:00:00,41.56
2021-11-20 11:00:00,34.51
2021-11-20 12:00:00,31.28
2021-11-20 13:00:00,30.66
2021-11-20 14:00:00,35.91
2021-11-20 15:00:00,41.53
2021-11-20 16:00:00,36.42
2021-11-20 17:00:00,37.63
2021-11-20 18:00:00,43.11
2021-11-20 19:00:00,45.43
2021-11-20 20:00:00,39.62
2021-11-20 21:00:00,24.39
2021-11-20 22:00:00,12.29
2021-11-20 23:00:00,12.29
2021-11-21 00:00:00,12.29
2021-11-21 01:00:00,12.29
2021-11-21 02:00:00,12.29
2021-11-21 03:00:00,15.65
2021-11-21 04:00:00,34.93
2021-11-21 05:00:00,32.57
2021-11-21 06:00:00,31.32
2021-11-21 07:00:00,37.53
2021-11-21 08:00:00,29.85
2021-11-21 09:00:00,30.96
2021-11-21 10:00:00,28.05
2021-11-21 11:00:00,37.48
2021-11-21 12:00:00,46.51
2021-11-21 13:00:00,49.87
2021-11-21 14:00:00,15.28
2021-11-21 15:00:00,12.29
2021-11-21 16:00:00,12.29
2021-11-21 17:00:00,12.29
2021-11-21 18:00:00,12.29
2021-11-21 19:00:00,12.29
2021-11-21 20:00:00,12.29
2021-11-21 21:00:00,12.29
2021-11-21 22:00:00,12.29
2021-11-21 23:00:00,12.29
2021-11-22 00:00:00,12.29
2021-11-22 01:00:00,12.29
2021-11-22 02:00:00,12.29
2021-11-22 03:00:00,12.29
2021-11-22 04:00:00,12.29
2021-11-22 05:00:00,12.29
2021-11-22 06:00:00,12.29
2021-11-22 07:00:00,12.29
2021-11-22 08:00:00,15.36
2021-11-22 09:00:00,40.21
2021-11-22 10:00:00,35.46
2021-11-22 11:00:00,29.16
2021-11-22 12:00:00,39.32
2021-11-22 13:00:00,36.05
2021-11-22 14:00:00,33.81
2021-11-22 15:00:00,46.74
2021-11-22 16:00:00,44.48
2021-11-22 17:00:00,41.66
2021-11-22 18:00:00,36.55
2021-11-22 19:00:00,47.39
2021-11-22 20:00:00,12.29
2021-11-22 21:00:00,12.29
2021-11-22 22:00:00,12.29
2021-11-22 23:00:00,12.29
2021-11-23 00:00:00,12.29
2021-11-23 01:00:00,12.29
2021-11-23 02:00:00,12.29
2021-11-23 03:00:00,12.29
2021-11-23 04:00:00,12.29
2021-11-23 05:00:00,12.29
2021-11-23 06:00:00,12.29
2021-11-23 07:00:00,12.29
2021-11-23 08:00:00,12.29
2021-11-23 09:00:00,12.29
2021-11-23 10:00:00,29.77
2021-11-23 11:00:00,38.52
2021-11-23 12:00:00,35.93
2021-11-23 13:00:00,38.43
2021-11-23 14:00:00,45.8
2021-11-23 15:00:00,44.1
2021-11-23 16:00:00,46.17
2021-11-23 17:00:00,34.55
2021-11-23 18:00:00,39.33
2021-11-23 19:00:00,42.72
2021-11-23 20:00:00,36.41
2021-11-23 21:00:00,35.28
2021-11-23 22:00:00,39.78
2021-11-23 23:00:00,12.29
2021-11-24 00:00:00,12.29
2021-11-24 01:00:00,12.29
2021-11-24 02:00:00,12.29
2021-11-24 03:00:00,12.29
2021-11-24 04:00:00,12.29
2021-11-24 05:00:00,12.29
2021-11-24 06:00:00,12.29
2021-11-24 07:00:00,15.56
2021-11-24 08:00:00,38.66
2021-11-24 09:00:00,29.31
2021-11-24 10:00:00,28.54
2021-11-24 11:00:00,26.32
2021-11-24 12:00:00,40.88
2021-11-24 13:00:00,37.46
2021-11-24 14:00:00,31.47
2021-11-24 15:00:00,42.29
2021-11-24 16:00:00,49.14
2021-11-24 17:00:00,46.59
2021-11-24 18:00:00,46.6
2021-11-24 19:00:00,51.09
2021-11-24 20:00:00,22.73
2021-11-24 21:00:00,12.29
2021-11-24 22:00:00,12.29
2021-11-24 23:00:00,12.29
2021-11-25 00:00:00,12.29
2021-11-25 01:00:00,12.29
2021-11-25 02:00:00,12.29
2021-11-25 03:00:00,12.29
2021-11-25 04:00:00,12.29
2021-11-25 05:00:00,12.29
2021-11-25 06:00:00,12.29
2021-11-25 07:00:00,12.29
2021-11-25 08:00:00,12.29
2021-11-25 09:00:00,12.29
2021-11-25 10:00:00,34.39
2021-11-25 11:00:00,25.93
2021-11-25 12:00:00,31.84
2021-11-25 13:00:00,30.65
2021-11-25 14:00:00,38.43
2021-11-25 15:00:00,41.75
2021-11-25 16:00:00,47.5
2021-11-25 17:00:00,43.8
2021-11-25 18:00:00,39.85
2021-11-25 19:00:00,45.49
2021-11-25 20:00:00,43.3
2021-11-25 21:00:00,12.29
2021-11-25 22:00:00,12.29
2021-11-25 23:00:00,12.29
2021-11-26 00:00:00,12.29
2021-11-26 01:00:00,12.29
2021-11-26 02:00:00,12.29
2021-11-26 03:00:00,12.29
2021-11-26 04:00:00,12.29
2021-11-26 05:00:00,12.29
2021-11-26 06:00:00,12.29
2021-11-26 07:00:00,12.29
2021-11-26 08:00:00,12.29
2021-11-26 09:00:00,20.98
2021-11-26 10:00:00,38.51
2021-11-26 11:00:00,33.29
2021-11-26 12:00:00,41.44
2021-11-26 13:00:00,41.06
2021-11-26 14:00:00,42.41
2021-11-26 15:00:00,45.47
2021-11-26 16:00:00,41.46
2021-11-26 17:00:00,43.77
2021-11-26 18:00:00,41.7
2021-11-26 19:00:00,40.32
2021-11-26 20:00:00,42
2021-11-26 21:00:00,46.06
2021-11-26 22:00:00,42.78
2021-11-26 23:00:00,13.68
2021-11-27 00:00:00,12.29
2021-11-27 01:00:00,12.29
2021-11-27 02:00:00,12.29
2021-11-27 03:00:00,12.29
2021-11-27 04:00:00,12.29
2021-11-27 05:00:00,15.78
2021-11-27 06:00:00,44.71
2021-11-27 07:00:00,35.89
2021-11-27 08:00:00,43.19
2021-11-27 09:00:00,26.92
2021-11-27 10:00:00,31.45
2021-11-27 11:00:00,36.26
2021-11-27 12:00:00,37.76
2021-11-27 13:00:00,43.79
2021-11-27 14:00:00,36.85
2021-11-27 15:00:00,34.28
2021-11-27 16:00:00,37.29
2021-11-27 17:00:00,42.24
2021-11-27 18:00:00,39.92
2021-11-27 19:00:00,42.61
2021-11-27 20:00:00,30.43
2021-11-27 21:00:00,12.29
2021-11-27 22:00:00,12.29
2021-11-27 23:00:00,12.29
2021-11-28 00:00:00,12.29
2021-11-28 01:00:00,12.29
2021-11-28 02:00:00,12.29
2021-11-28 03:00:00,12.29
2021-11-28 04:00:00,12.29
2021-11-28 05:00:00,12.29
2021-11-28 06:00:00,12.29
2021-11-28 07:00:00,12.29
2021-11-28 08:00:00,12.29
2021-11-28 09:00:00,12.29
2021-11-28 10:00:00,12.29
2021-11-28 11:00:00,12.29
2021-11-28 12:00:00,16.65
2021-11-28 13:00:00,39.11
2021-11-28 14:00:00,43.06
2021-11-28 15:00:00,43.78
2021-11-28 16:00:00,41.71
2021-11-28 17:00:00,36.19
2021-11-28 18:00:00,37.51
2021-11-28 19:00:00,50.42
2021-11-28 20:00:00,50.83
2021-11-28 21:00:00,42.88
2021-11-28 22:00:00,39.86
2021-11-28 23:00:00,34.65
2021-11-29 00:00:00,51.22
2021-11-29 01:00:00,42.73
2021-11-29 02:00:00,45.35
2021-11-29 03:00:00,34.29
2021-11-29 04:00:00,36.68
2021-11-29 05:00:00,35.56
2021-11-29 06:00:00,45.77
2021-11-29 07:00:00,43.37
2021-11-29 08:00:00,36.06
2021-11-29 09:00:00,41.29
2021-11-29 10:00:00,42.72
2021-11-29 11:00:00,40.34
2021-11-29 12:00:00,45.85
2021-11-29 13:00:00,44.2
2021-11-29 14:00:00,48.53
2021-11-29 15:00:00,39.07
2021-11-29 16:00:00,12.29
2021-11-29 17:00:00,12.29
2021-11-29 18:00:00,12.29
2021-11-29 19:00:00,12.29
2021-11-29 20:00:00,12.29
2021-11-29 21:00:00,12.29
2021-11-29 22:00:00,12.29
2021-11-29 23:00:00,12.29
2021-11-30 00:00:00,12.29
2021-11-30 01:00:00,12.29
2021-11-30 02:00:00,12.29
2021-11-30 03:00:00,12.29
2021-11-30 04:00:00,12.29
2021-11-30 05:00:00,12.29
2021-11-30 06:00:00,16.45
2021-11-30 07:00:00,43.24
2021-11-30 08:00:00,30.7
2021-11-30 09:00:00,30.82
2021-11-30 10:00:00,28.42
2021-11-30 11:00:00,27.3
2021-11-30 12:00:00,39.21
2021-11-30 13:00:00,38.23
2021-11-30 14:00:00,44.43
2021-11-30 15:00:00,47.11
2021-11-30 16:00:00,46.24
2021-11-30 17:00:00,44.74
2021-11-30 18:00:00,42.71
2021-11-30 19:00:00,14.07
2021-11-30 20:00:00,12.29
2021-11-30 21:00:00,12.29
2021-11-30 22:00:00,12.29
2021-11-30 23:00:00,12.29
2021-12-01 00:00:00,12.29
2021-12-01 01:00:00,11.28
2021-12-01 02:00:00,11.28
2021-12-01 03:00:00,11.28
2021-12-01 04:00:00,11.28
2021-12-01 05:00:00,11.28
2021-12-01 06:00:00,41.31
2021-12-01 07:00:00,34.26
2021-12-01 08:00:00,27.61
2021-12-01 09:00:00,27.31
2021-12-01 10:00:00,30.13
2021-12-01 11:00:00,29.09
2021-12-01 12:00:00,44.12
2021-12-01 13:00:00,35.7
2021-12-01 14:00:00,43.81
2021-12-01 15:00:00,44.76
2021-12-01 16:00:00,46.78
2021-12-01 17:00:00,17.14
2021-12-01 18:00:00,11.28
2021-12-01 19:00:00,11.28
2021-12-01 20:00:00,11.28
2021-12-01 21:00:00,11.28
2021-12-01 22:00:00,11.28
2021-12-01 23:00:00,11.28
2021-12-02 00:00:00,11.28
2021-12-02 01:00:00,11.28
2021-12-02 02:00:00,11.28
2021-12-02 03:00:00,14.68
2021-12-02 04:00:00,35.03
2021-12-02 05:00:00,27.96
2021-12-02 06:00:00,11.28
2021-12-02 07:00:00,11.28
2021-12-02 08:00:00,11.28
2021-12-02 09:00:00,11.28
2021-12-02 10:00:00,11.28
2021-12-02 11:00:00,11.28
2021-12-02 12:00:00,11.28
2021-12-02 13:00:00,11.28
2021-12-02 14:00:00,26.44
2021-12-02 15:00:00,46.16
2021-12-02 16:00:00,35.09
2021-12-02 17:00:00,44.9
2021-12-02 18:00:00,33.55
2021-12-02 19:00:00,37.34
2021-12-02 20:00:00,35.68
2021-12-02 21:00:00,37.33
2021-12-02 22:00:00,40.18
2021-12-02 23:00:00,33.99
2021-12-03 00:00:00,13
2021-12-03 01:00:00,11.28
2021-12-03 02:00:00,11.28
2021-12-03 03:00:00,11.28
2021-12-03 04:00:00,11.28
2021-12-03 05:00:00,11.28
2021-12-03 06:00:00,14.2
2021-12-03 07:00:00,37.45
2021-12-03 08:00:00,29.59
2021-12-03 09:00:00,11.28
2021-12-03 10:00:00,11.28
2021-12-03 11:00:00,11.28
2021-12-03 12:00:00,11.28
2021-12-03 13:00:00,11.28
2021-12-03 14:00:00,17.79
2021-12-03 15:00:00,40.14
2021-12-03 16:00:00,44.92
2021-12-03 17:00:00,43.83
2021-12-03 18:00:00,34.71
2021-12-03 19:00:00,44.25
2021-12-03 20:00:00,33.18
2021-12-03 21:00:00,41.36
2021-12-03 22:00:00,38.2
2021-12-03 23:00:00,11.28
2021-12-04 00:00:00,11.28
2021-12-04 01:00:00,11.28
2021-12-04 02:00:00,11.28
2021-12-04 03:00:00,11.28
2021-12-04 04:00:00,11.28
2021-12-04 05:00:00,11.28
2021-12-04 06:00:00,11.28
2021-12-04 07:00:00,11.28
2021-12-04 08:00:00,11.28
2021-12-04 09:00:00,11.28
2021-12-04 10:00:00,11.28
2021-12-04 11:00:00,39.81
2021-12-04 12:00:00,43.42
2021-12-04 13:00:00,41.07
2021-12-04 14:00:00,16.88
2021-12-04 15:00:00,11.28
2021-12-04 16:00:00,13.65
2021-12-04 17:00:00,42.08
2021-12-04 18:00:00,41.97
2021-12-04 19:00:00,42.34
2021-12-04 20:00:00,35.44
2021-12-04 21:00:00,34.55
2021-12-04 22:00:00,36.78
2021-12-04 23:00:00,32.98
2021-12-05 00:00:00,33.53
2021-12-05 01:00:00,31.25
2021-12-05 02:00:00,34.19
2021-12-05 03:00:00,27.84
2021-12-05 04:00:00,29.78
2021-12-05 05:00:00,29.94
2021-12-05 06:00:00,37.14
2021-12-05 07:00:00,28.12
2021-12-05 08:00:00,29.83
2021-12-05 09:00:00,24.61
2021-12-05 10:00:00,26.22
2021-12-05 11:00:00,47.93
2021-12-05 12:00:00,39.59
2021-12-05 13:00:00,43.71
2021-12-05 14:00:00,47
2021-12-05 15:00:00,41.51
2021-12-05 16:00:00,43.09
2021-12-05 17:00:00,42.42
2021-12-05 18:00:00,44.07
2021-12-05 19:00:00,41.45
2021-12-05 20:00:00,33.03
2021-12-05 21:00:00,38.66
2021-12-05 22:00:00,30.17
2021-12-05 23:00:00,31.51
2021-12-06 00:00:00,31.51
2021-12-06 01:00:00,11.28
2021-12-06 02:00:00,11.28
2021-12-06 03:00:00,11.28
2021-12-06 04:00:00,11.28
2021-12-06 05:00:00,11.28
2021-12-06 06:00:00,11.28
2021-12-06 07:00:00,11.28
2021-12-06 08:00:00,11.28
2021-12-06 09:00:00,11.28
2021-12-06 10:00:00,11.28
2021-12-06 11:00:00,11.28
2021-12-06 12:00:00,11.28
2021-12-06 13:00:00,11.28
2021-12-06 14:00:00,11.28
2021-12-06 15:00:00,20.89
2021-12-06 16:00:00,48.39
2021-12-06 17:00:00,40.43
2021-12-06 18:00:00,38.14
2021-12-06 19:00:00,40.9
2021-12-06 20:00:00,41.02
2021-12-06 21:00:00,40.59
2021-12-06 22:00:00,39.31
2021-12-06 23:00:00,36.02
2021-12-07 00:00:00,37.85
2021-12-07 01:00:00,11.28
2021-12-07 02:00:00,11.28
2021-12-07 03:00:00,11.28
2021-12-07 04:00:00,11.28
2021-12-07 05:00:00,11.28
2021-12-07 06:00:00,11.28
2021-12-07 07:00:00,11.28
2021-12-07 08:00:00,11.28
2021-12-07 09:00:00,11.28
2021-12-07 10:00:00,11.28
2021-12-07 11:00:00,11.28
2021-12-07 12:00:00,11.28
2021-12-07 13:00:00,11.28
2021-12-07 14:00:00,15.82
2021-12-07 15:00:00,45.02
2021-12-07 16:00:00,40.23
2021-12-07 17:00:00,33.42
2021-12-07 18:00:00,35.55
2021-12-07 19:00:00,43.07
2021-12-07 20:00:00,38.42
2021-12-07 21:00:00,38.09
2021-12-07 22:00:00,33.68
2021-12-07 23:00:00,27.29
2021-12-08 00:00:00,11.28
2021-12-08 01:00:00,11.28
2021-12-08 02:00:00,11.28
2021-12-08 03:00:00,11.28
2021-12-08 04:00:00,11.28
2021-12-08 05:00:00,11.28
2021-12-08 06:00:00,11.28
2021-12-08 07:00:00,11.28
2021-12-08 08:00:00,11.28
2021-12-08 09:00:00,11.28
2021-12-08 10:00:00,11.28
2021-12-08 11:00:00,11.28
2021-12-08 12:00:00,11.28
2021-12-08 13:00:00,11.28
2021-12-08 14:00:00,15.36
2021-12-08 15:00:00,40.47
2021-12-08 16:00:00,36.71
2021-12-08 17:00:00,40.69
2021-12-08 18:00:00,39.96
2021-12-08 19:00:00,36.97
2021-12-08 20:00:00,44.39
2021-12-08 21:00:00,41.65
2021-12-08 22:00:00,34.21
2021-12-08 23:00:00,29.75
2021-12-09 00:00:00,35.43
2021-12-09 01:00:00,11.28
2021-12-09 02:00:00,11.28
2021-12-09 03:00:00,11.28
2021-12-09 04:00:00,11.28
2021-12-09 05:00:00,11.28
2021-12-09 06:00:00,11.28
2021-12-09 07:00:00,11.28
2021-12-09 08:00:00,11.28
2021-12-09 09:00:00,11.28
2021-12-09 10:00:00,11.28
2021-12-09 11:00:00,11.28
2021-12-09 12:00:00,11.28
2021-12-09 13:00:00,11.28
2021-12-09 14:00:00,11.28
2021-12-09 15:00:00,11.28
2021-12-09 16:00:00,42.24
2021-12-09 17:00:00,47.68
2021-12-09 18:00:00,36.98
2021-12-09 19:00:00,43.23
2021-12-09 20:00:00,40.41
2021-12-09 21:00:00,41.92
2021-12-09 22:00:00,37.49
2021-12-09 23:00:00,31.31
2021-12-10 00:00:00,30.62
2021-12-10 01:00:00,11.28
2021-12-10 02:00:00,11.28
2021-12-10 03:00:00,11.28
2021-12-10 04:00:00,11.28
2021-12-10 05:00:00,11.28
2021-12-10 06:00:00,11.28
2021-12-10 07:00:00,11.28
2021-12-10 08:00:00,11.28
2021-12-10 09:00:00,11.28
2021-12-10 10:00:00,11.28
2021-12-10 11:00:00,11.28
2021-12-10 12:00:00,11.28
2021-12-10 13:00:00,11.28
2021-12-10 14:00:00,11.28
2021-12-10 15:00:00,11.28
2021-12-10 16:00:00,39.21
2021-12-10 17:00:00,39.73
2021-12-10 18:00:00,36.93
2021-12-10 19:00:00,41.72
2021-12-10 20:00:00,40.32
2021-12-10 21:00:00,39.37
2021-12-10 22:00:00,38.89
2021-12-10 23:00:00,35.46
2021-12-11 00:00:00,35.39
2021-12-11 01:00:00,11.28
2021-12-11 02:00:00,11.28
2021-12-11 03:00:00,11.28
2021-12-11 04:00:00,11.28
2021-12-11 05:00:00,11.28
2021-12-11 06:00:00,11.28
2021-12-11 07:00:00,11.28
2021-12-11 08:00:00,11.28
2021-12-11 09:00:00,11.28
2021-12-11 10:00:00,11.28
2021-12-11 11:00:00,11.28
2021-12-11 12:00:00,11.28
2021-12-11 13:00:00,11.28
2021-12-11 14:00:00,11.28
2021-12-11 15:00:00,38.26
2021-12-11 16:00:00,34.93
2021-12-11 17:00:00,47.28
2021-12-11 18:00:00,43.02
2021-12-11 19:00:00,40.62
2021-12-11 20:00:00,41.09
2021-12-11 21:00:00,44.1
2021-12-11 22:00:00,39.57
2021-12-11 23:00:00,35.45
2021-12-12 00:00:00,35.01
2021-12-12 01:00:00,37.7
2021-12-12 02:00:00,40.37
2021-12-12 03:00:00,40.29
2021-12-12 04:00:00,36.88
2021-12-12 05:00:00,32.17
2021-12-12 06:00:00,13.62
2021-12-12 07:00:00,11.28
2021-12-12 08:00:00,11.28
2021-12-12 09:00:00,11.28
2021-12-12 10:00:00,11.28
2021-12-12 11:00:00,11.28
2021-12-12 12:00:00,11.28
2021-12-12 13:00:00,11.28
2021-12-12 14:00:00,11.28
2021-12-12 15:00:00,11.28
2021-12-12 16:00:00,11.28
2021-12-12 17:00:00,11.28
2021-12-12 18:00:00,14.24
2021-12-12 19:00:00,42.35
2021-12-12 20:00:00,43.4
2021-12-12 21:00:00,40.33
2021-12-12 22:00:00,39.36
2021-12-12 23:00:00,34.31
2021-12-13 00:00:00,11.28
2021-12-13 01:00:00,11.28
2021-12-13 02:00:00,11.28
2021-12-13 03:00:00,11.28
2021-12-13 04:00:00,11.28
2021-12-13 05:00:00,11.28
2021-12-13 06:00:00,11.28
2021-12-13 07:00:00,11.28
2021-12-13 08:00:00,11.28
2021-12-13 09:00:00,11.28
2021-12-13 10:00:00,11.28
2021-12-13 11:00:00,11.28
2021-12-13 12:00:00,11.28
2021-12-13 13:00:00,13.31
2021-12-13 14:00:00,41.34
2021-12-13 15:00:00,39.38
2021-12-13 16:00:00,41.14
2021-12-13 17:00:00,43.38
2021-12-13 18:00:00,44.61
2021-12-13 19:00:00,49.51
2021-12-13 20:00:00,43.46
2021-12-13 21:00:00,42.26
2021-12-13 22:00:00,37.69
2021-12-13 23:00:00,37.95
2021-12-14 00:00:00,36.8
2021-12-14 01:00:00,41.17
2021-12-14 02:00:00,42.9
2021-12-14 03:00:00,38.54
2021-12-14 04:00:00,39.76
2021-12-14 05:00:00,38.47
2021-12-14 06:00:00,44.62
2021-12-14 07:00:00,45.71
2021-12-14 08:00:00,36.75
2021-12-14 09:00:00,11.28
2021-12-14 10:00:00,11.28
2021-12-14 11:00:00,11.28
2021-12-14 12:00:00,11.28
2021-12-14 13:00:00,11.28
2021-12-14 14:00:00,11.28
2021-12-14 15:00:00,11.28
2021-12-14 16:00:00,11.28
2021-12-14 17:00:00,14.9
2021-12-14 18:00:00,11.28
2021-12-14 19:00:00,11.28
2021-12-14 20:00:00,11.28
2021-12-14 21:00:00,11.28
2021-12-14 22:00:00,11.28
2021-12-14 23:00:00,11.28
2021-12-15 00:00:00,11.28
2021-12-15 01:00:00,11.28
2021-12-15 02:00:00,11.28
2021-12-15 03:00:00,11.28
2021-12-15 04:00:00,11.28
2021-12-15 05:00:00,11.28
2021-12-15 06:00:00,11.28
2021-12-15 07:00:00,11.28
2021-12-15 08:00:00,11.28
2021-12-15 09:00:00,11.28
2021-12-15 10:00:00,11.28
2021-12-15 11:00:00,11.28
2021-12-15 12:00:00,11.28
2021-12-15 13:00:00,38.78
2021-12-15 14:00:00,39.02
2021-12-15 15:00:00,39.48
2021-12-15 16:00:00,44.81
2021-12-15 17:00:00,42.66
2021-12-15 18:00:00,34.24
2021-12-15 19:00:00,43.26
2021-12-15 20:00:00,42.06
2021-12-15 21:00:00,40.03
2021-12-15 22:00:00,32.92
2021-12-15 23:00:00,29.75
2021-12-16 00:00:00,36.79
2021-12-16 01:00:00,42.95
2021-12-16 02:00:00,36.87
2021-12-16 03:00:00,11.28
2021-12-16 04:00:00,11.28
2021-12-16 05:00:00,11.28
2021-12-16 06:00:00,11.28
2021-12-16 07:00:00,11.28
2021-12-16 08:00:00,11.28
2021-12-16 09:00:00,13.45
2021-12-16 10:00:00,43.55
2021-12-16 11:00:00,36.4
2021-12-16 12:00:00,40.94
2021-12-16 13:00:00,44.42
2021-12-16 14:00:00,38.24
2021-12-16 15:00:00,35.55
2021-12-16 16:00:00,44.24
2021-12-16 17:00:00,37.83
2021-12-16 18:00:00,11.28
2021-12-16 19:00:00,11.28
2021-12-16 20:00:00,11.28
2021-12-16 21:00:00,11.28
2021-12-16 22:00:00,11.28
2021-12-16 23:00:00,11.28
2021-12-17 00:00:00,11.28
2021-12-17 01:00:00,11.28
2021-12-17 02:00:00,11.28
2021-12-17 03:00:00,11.28
2021-12-17 04:00:00,11.28
2021-12-17 05:00:00,11.28
2021-12-17 06:00:00,11.28
2021-12-17 07:00:00,11.28
2021-12-17 08:00:00,11.28
2021-12-17 09:00:00,11.28
2021-12-17 10:00:00,11.28
2021-12-17 11:00:00,11.28
2021-12-17 12:00:00,11.28
2021-12-17 13:00:00,11.28
2021-12-17 14:00:00,33.74
2021-12-17 15:00:00,36.46
2021-12-17 16:00:00,36.74
2021-12-17 17:00:00,35.56
2021-12-17 18:00:00,40.34
2021-12-17 19:00:00,50.1
2021-12-17 20:00:00,44.86
2021-12-17 21:00:00,49.38
2021-12-17 22:00:00,46.17
2021-12-17 23:00:00,43.83
2021-12-18 00:00:00,45.4
2021-12-18 01:00:00,40.29
2021-12-18 02:00:00,38.26
2021-12-18 03:00:00,11.28
2021-12-18 04:00:00,11.28
2021-12-18 05:00:00,11.28
2021-12-18 06:00:00,11.28
2021-12-18 07:00:00,11.28
2021-12-18 08:00:00,11.28
2021-12-18 09:00:00,11.28
2021-12-18 10:00:00,11.28
2021-12-18 11:00:00,11.28
2021-12-18 12:00:00,11.28
2021-12-18 13:00:00,11.28
2021-12-18 14:00:00,11.28
2021-12-18 15:00:00,16.1
2021-12-18 16:00:00,42.61
2021-12-18 17:00:00,44.31
2021-12-18 18:00:00,41.69
2021-12-18 19:00:00,51.23
2021-12-18 20:00:00,43.77
2021-12-18 21:00:00,44.34
2021-12-18 22:00:00,38.51
2021-12-18 23:00:00,36.76
2021-12-19 00:00:00,13.18
2021-12-19 01:00:00,11.28
2021-12-19 02:00:00,11.28
2021-12-19 03:00:00,38.39
2021-12-19 04:00:00,41.95
2021-12-19 05:00:00,40.34
2021-12-19 06:00:00,47.02
2021-12-19 07:00:00,42.29
2021-12-19 08:00:00,40.8
2021-12-19 09:00:00,30.18
2021-12-19 10:00:00,27.91
2021-12-19 11:00:00,42.55
2021-12-19 12:00:00,39.32
2021-12-19 13:00:00,30.37
2021-12-19 14:00:00,36.67
2021-12-19 15:00:00,35.04
2021-12-19 16:00:00,41.94
2021-12-19 17:00:00,11.28
2021-12-19 18:00:00,11.28
2021-12-19 19:00:00,11.28
2021-12-19 20:00:00,11.28
2021-12-19 21:00:00,11.28
2021-12-19 22:00:00,11.28
2021-12-19 23:00:00,11.28
2021-12-20 00:00:00,11.28
2021-12-20 01:00:00,11.28
2021-12-20 02:00:00,11.28
2021-12-20 03:00:00,11.28
2021-12-20 04:00:00,11.28
2021-12-20 05:00:00,11.28
2021-12-20 06:00:00,11.28
2021-12-20 07:00:00,11.28
2021-12-20 08:00:00,11.28
2021-12-20 09:00:00,11.28
2021-12-20 10:00:00,11.28
2021-12-20 11:00:00,13.34
2021-12-20 12:00:00,39.46
2021-12-20 13:00:00,36.68
2021-12-20 14:00:00,46.84
2021-12-20 15:00:00,39.08
2021-12-20 16:00:00,45.5
2021-12-20 17:00:00,42.59
2021-12-20 18:00:00,42.64
2021-12-20 19:00:00,42.14
2021-12-20 20:00:00,40.31
2021-12-20 21:00:00,40.31
2021-12-20 22:00:00,14.93
2021-12-20 23:00:00,11.28
2021-12-21 00:00:00,11.28
2021-12-21 01:00:00,11.28
2021-12-21 02:00:00,11.28
2021-12-21 03:00:00,11.28
2021-12-21 04:00:00,11.28
2021-12-21 05:00:00,11.28
2021-12-21 06:00:00,11.28
2021-12-21 07:00:00,11.28
2021-12-21 08:00:00,11.28
2021-12-21 09:00:00,11.28
2021-12-21 10:00:00,11.28
2021-12-21 11:00:00,11.28
2021-12-21 12:00:00,29.1
2021-12-21 13:00:00,37.64
2021-12-21 14:00:00,37.37
2021-12-21 15:00:00,41.82
2021-12-21 16:00:00,47.15
2021-12-21 17:00:00,46.09
2021-12-21 18:00:00,40.15
2021-12-21 19:00:00,44.59
2021-12-21 20:00:00,40.92
2021-12-21 21:00:00,14.02
2021-12-21 22:00:00,11.28
2021-12-21 23:00:00,11.28
2021-12-22 00:00:00,11.28
2021-12-22 01:00:00,11.28
2021-12-22 02:00:00,11.28
2021-12-22 03:00:00,11.28
2021-12-22 04:00:00,11.28
2021-12-22 05:00:00,11.28
2021-12-22 06:00:00,11.28
2021-12-22 07:00:00,11.28
2021-12-22 08:00:00,11.28
2021-12-22 09:00:00,11.28
2021-12-22 10:00:00,33.5
2021-12-22 11:00:00,33.79
2021-12-22 12:00:00,31.88
2021-12-22 13:00:00,36.02
2021-12-22 14:00:00,45.44
2021-12-22 15:00:00,39.32
2021-12-22 16:00:00,32.1
2021-12-22 17:00:00,39.05
2021-12-22 18:00:00,33.02
2021-12-22 19:00:00,43.28
2021-12-22 20:00:00,11.28
2021-12-22 21:00:00,11.28
2021-12-22 22:00:00,11.28
2021-12-22 23:00:00,11.28
2021-12-23 00:00:00,11.28
2021-12-23 01:00:00,11.28
2021-12-23 02:00:00,11.28
2021-12-23 03:00:00,11.28
2021-12-23 04:00:00,11.28
2021-12-23 05:00:00,11.28
2021-12-23 06:00:00,11.28
2021-12-23 07:00:00,11.28
2021-12-23 08:00:00,11.28
2021-12-23 09:00:00,11.28
2021-12-23 10:00:00,11.28
2021-12-23 11:00:00,11.28
2021-12-23 12:00:00,11.28
2021-12-23 13:00:00,11.28
2021-12-23 14:00:00,11.28
2021-12-23 15:00:00,11.28
2021-12-23 16:00:00,13.9
2021-12-23 17:00:00,45.49
2021-12-23 18:00:00,39.52
2021-12-23 19:00:00,43.62
2021-12-23 20:00:00,38.63
2021-12-23 21:00:00,37.81
2021-12-23 22:00:00,35.98
2021-12-23 23:00:00,36.81
2021-12-24 00:00:00,32.96
2021-12-24 01:00:00,36.05
2021-12-24 02:00:00,35.19
2021-12-24 03:00:00,11.28
2021-12-24 04:00:00,11.28
2021-12-24 05:00:00,11.28
2021-12-24 06:00:00,11.28
2021-12-24 07:00:00,11.28
2021-12-24 08:00:00,11.28
2021-12-24 09:00:00,11.28
2021-12-24 10:00:00,11.28
2021-12-24 11:00:00,11.28
2021-12-24 12:00:00,11.28
2021-12-24 13:00:00,11.28
2021-12-24 14:00:00,11.28
2021-12-24 15:00:00,11.28
2021-12-24 16:00:00,11.28
2021-12-24 17:00:00,11.28
2021-12-24 18:00:00,15.08
2021-12-24 19:00:00,33.99
2021-12-24 20:00:00,38.65
2021-12-24 21:00:00,36.18
2021-12-24 22:00:00,35.09
2021-12-24 23:00:00,38.18
2021-12-25 00:00:00,37.84
2021-12-25 01:00:00,11.28
2021-12-25 02:00:00,11.28
2021-12-25 03:00:00,11.28
2021-12-25 04:00:00,11.28
2021-12-25 05:00:00,11.28
2021-12-25 06:00:00,11.28
2021-12-25 07:00:00,11.28
2021-12-25 08:00:00,29.88
2021-12-25 09:00:00,34.72
2021-12-25 10:00:00,24.25
2021-12-25 11:00:00,24.07
2021-12-25 12:00:00,32.57
2021-12-25 13:00:00,28.51
2021-12-25 14:00:00,32.24
2021-12-25 15:00:00,46.71
2021-12-25 16:00:00,44.43
2021-12-25 17:00:00,37.07
2021-12-25 18:00:00,11.28
2021-12-25 19:00:00,11.28
2021-12-25 20:00:00,11.28
2021-12-25 21:00:00,11.28
2021-12-25 22:00:00,11.28
2021-12-25 23:00:00,11.28
2021-12-26 00:00:00,11.28
2021-12-26 01:00:00,11.28
2021-12-26 02:00:00,11.28
2021-12-26 03:00:00,17.05
2021-12-26 04:00:00,49.37
2021-12-26 05:00:00,45.57
2021-12-26 06:00:00,16.68
2021-12-26 07:00:00,11.28
2021-12-26 08:00:00,11.28
2021-12-26 09:00:00,18.92
2021-12-26 10:00:00,41.52
2021-12-26 11:00:00,25.82
2021-12-26 12:00:00,11.28
2021-12-26 13:00:00,11.28
2021-12-26 14:00:00,11.28
2021-12-26 15:00:00,11.28
2021-12-26 16:00:00,11.28
2021-12-26 17:00:00,34.64
2021-12-26 18:00:00,39.87
2021-12-26 19:00:00,38.04
2021-12-26 20:00:00,32.93
2021-12-26 21:00:00,33.9
2021-12-26 22:00:00,33.92
2021-12-26 23:00:00,36.28
2021-12-27 00:00:00,11.28
2021-12-27 01:00:00,11.28
2021-12-27 02:00:00,11.28
2021-12-27 03:00:00,11.28
2021-12-27 04:00:00,11.28
2021-12-27 05:00:00,11.28
2021-12-27 06:00:00,11.28
2021-12-27 07:00:00,11.28
2021-12-27 08:00:00,11.28
2021-12-27 09:00:00,11.28
2021-12-27 10:00:00,11.28
2021-12-27 11:00:00,11.28
2021-12-27 12:00:00,42.57
2021-12-27 13:00:00,43.96
2021-12-27 14:00:00,43.58
2021-12-27 15:00:00,46.29
2021-12-27 16:00:00,32.77
2021-12-27 17:00:00,38.45
2021-12-27 18:00:00,34.55
2021-12-27 19:00:00,48.17
2021-12-27 20:00:00,42.76
2021-12-27 21:00:00,11.28
2021-12-27 22:00:00,11.28
2021-12-27 23:00:00,11.28
2021-12-28 00:00:00,11.28
2021-12-28 01:00:00,11.28
2021-12-28 02:00:00,11.28
2021-12-28 03:00:00,11.28
2021-12-28 04:00:00,11.28
2021-12-28 05:00:00,11.28
2021-12-28 06:00:00,11.28
2021-12-28 07:00:00,11.28
2021-12-28 08:00:00,11.28
2021-12-28 09:00:00,11.28
2021-12-28 10:00:00,40.26
2021-12-28 11:00:00,36.61
2021-12-28 12:00:00,49.36
2021-12-28 13:00:00,42.26
2021-12-28 14:00:00,38.72
2021-12-28 15:00:00,38.7
2021-12-28 16:00:00,33.1
2021-12-28 17:00:00,43.69
2021-12-28 18:00:00,39.04
2021-12-28 19:00:00,29.33
2021-12-28 20:00:00,11.28
2021-12-28 21:00:00,11.28
2021-12-28 22:00:00,11.28
2021-12-28 23:00:00,11.28
2021-12-29 00:00:00,11.28
2021-12-29 01:00:00,11.28
2021-12-29 02:00:00,11.28
2021-12-29 03:00:00,11.28
2021-12-29 04:00:00,11.28
2021-12-29 05:00:00,11.28
2021-12-29 06:00:00,11.28
2021-12-29 07:00:00,11.28
2021-12-29 08:00:00,11.28
2021-12-29 09:00:00,11.28
2021-12-29 10:00:00,11.28
2021-12-29 11:00:00,11.28
2021-12-29 12:00:00,11.28
2021-12-29 13:00:00,11.28
2021-12-29 14:00:00,11.28
2021-12-29 15:00:00,14.58
2021-12-29 16:00:00,34.5
2021-12-29 17:00:00,39.91
2021-12-29 18:00:00,42.47
2021-12-29 19:00:00,45.67
2021-12-29 20:00:00,42.15
2021-12-29 21:00:00,40.21
2021-12-29 22:00:00,38.57
2021-12-29 23:00:00,34.91
2021-12-30 00:00:00,32.65
2021-12-30 01:00:00,35.29
2021-12-30 02:00:00,15.99
2021-12-30 03:00:00,11.28
2021-12-30 04:00:00,11.28
2021-12-30 05:00:00,11.28
2021-12-30 06:00:00,11.28
2021-12-30 07:00:00,11.28
2021-12-30 08:00:00,11.28
2021-12-30 09:00:00,11.28
2021-12-30 10:00:00,11.28
2021-12-30 11:00:00,11.28
2021-12-30 12:00:00,13.9
2021-12-30 13:00:00,40.22
2021-12-30 14:00:00,39.47
2021-12-30 15:00:00,33.43
2021-12-30 16:00:00,34.33
2021-12-30 17:00:00,38.31
2021-12-30 18:00:00,32.48
2021-12-30 19:00:00,46.93
2021-12-30 20:00:00,42.25
2021-12-30 21:00:00,38.49
2021-12-30 22:00:00,11.28
2021-12-30 23:00:00,11.28
2021-12-31 00:00:00,11.28
2021-12-31 01:00:00,11.28
2021-12-31 02:00:00,11.28
2021-12-31 03:00:00,11.28
2021-12-31 04:00:00,11.28
2021-12-31 05:00:00,11.28
2021-12-31 06:00:00,11.28
2021-12-31 07:00:00,11.28
2021-12-31 08:00:00,11.28
2021-12-31 09:00:00,11.28
2021-12-31 10:00:00,11.28
2021-12-31 11:00:00,28.22
2021-12-31 12:00:00,29.5
2021-12-31 13:00:00,31.16
2021-12-31 14:00:00,37.33
2021-12-31 15:00:00,33.79
2021-12-31 16:00:00,37.07
2021-12-31 17:00:00,47.44
2021-12-31 18:00:00,41.3
2021-12-31 19:00:00,46.56
2021-12-31 20:00:00,35.99
2021-12-31 21:00:00,36.42
2021-12-31 22:00:00,36.27
2021-12-31 23:00:00,34.2
2022-01-01 00:00:00,36.19
2022-01-01 01:00:00,11.28
2022-01-01 02:00:00,11.28
2022-01-01 03:00:00,11.28
2022-01-01 04:00:00,11.28
2022-01-01 05:00:00,11.28
2022-01-01 06:00:00,11.28
2022-01-01 07:00:00,11.28
2022-01-01 08:00:00,11.28
2022-01-01 09:00:00,23.75
2022-01-01 10:00:00,26.46
2022-01-01 11:00:00,26
2022-01-01 12:00:00,27.51
2022-01-01 13:00:00,37.23
2022-01-01 14:00:00,33.29
2022-01-01 15:00:00,35.36
2022-01-01 16:00:00,50.35
2022-01-01 17:00:00,40.46
2022-01-01 18:00:00,31.77
2022-01-01 19:00:00,43.06
2022-01-01 20:00:00,36.64
2022-01-01 21:00:00,11.28
2022-01-01 22:00:00,11.28
2022-01-01 23:00:00,11.28
2022-01-02 00:00:00,11.28
2022-01-02 01:00:00,11.28
2022-01-02 02:00:00,11.28
2022-01-02 03:00:00,11.28
2022-01-02 04:00:00,11.28
2022-01-02 05:00:00,11.28
2022-01-02 06:00:00,11.28
2022-01-02 07:00:00,14.8
2022-01-02 08:00:00,41.72
2022-01-02 09:00:00,29.18
2022-01-02 10:00:00,32.19
2022-01-02 11:00:00,39.04
2022-01-02 12:00:00,45.24
2022-01-02 13:00:00,26.08
2022-01-02 14:00:00,41.01
2022-01-02 15:00:00,46.06
2022-01-02 16:00:00,37.24
2022-01-02 17:00:00,40.65
2022-01-02 18:00:00,43.18
2022-01-02 19:00:00,39.34
2022-01-02 20:00:00,11.28
2022-01-02 21:00:00,11.28
2022-01-02 22:00:00,11.28
2022-01-02 23:00:00,11.28
2022-01-03 00:00:00,14.75
2022-01-03 01:00:00,39.31
2022-01-03 02:00:00,35.98
2022-01-03 03:00:00,28.22
2022-01-03 04:00:00,11.28
2022-01-03 05:00:00,11.28
2022-01-03 06:00:00,11.28
2022-01-03 07:00:00,11.28
2022-01-03 08:00:00,11.28
2022-01-03 09:00:00,11.28
2022-01-03 10:00:00,11.28
2022-01-03 11:00:00,11.28
2022-01-03 12:00:00,11.28
2022-01-03 13:00:00,11.28
2022-01-03 14:00:00,11.28
2022-01-03 15:00:00,11.28
2022-01-03 16:00:00,11.28
2022-01-03 17:00:00,11.28
2022-01-03 18:00:00,15.11
2022-01-03 19:00:00,44.28
2022-01-03 20:00:00,43.73
2022-01-03 21:00:00,38.63
2022-01-03 22:00:00,35.45
2022-01-03 23:00:00,35.28
2022-01-04 00:00:00,32.9
2022-01-04 01:00:00,35.75
2022-01-04 02:00:00,42.22
2022-01-04 03:00:00,11.28
2022-01-04 04:00:00,11.28
2022-01-04 05:00:00,11.28
2022-01-04 06:00:00,11.28
2022-01-04 07:00:00,11.28
2022-01-04 08:00:00,11.28
2022-01-04 09:00:00,11.28
2022-01-04 10:00:00,38.44
2022-01-04 11:00:00,38.13
2022-01-04 12:00:00,38.55
2022-01-04 13:00:00,38.39
2022-01-04 14:00:00,40.16
2022-01-04 15:00:00,35.98
2022-01-04 16:00:00,17.89
2022-01-04 17:00:00,11.28
2022-01-04 18:00:00,11.28
2022-01-04 19:00:00,11.28
2022-01-04 20:00:00,11.28
2022-01-04 21:00:00,11.28
2022-01-04 22:00:00,11.28
2022-01-04 23:00:00,11.28
2022-01-05 00:00:00,11.28
2022-01-05 01:00:00,11.28
2022-01-05 02:00:00,11.28
2022-01-05 03:00:00,14.22
2022-01-05 04:00:00,34.12
2022-01-05 05:00:00,44.7
2022-01-05 06:00:00,34.57
2022-01-05 07:00:00,40.7
2022-01-05 08:00:00,28.01
2022-01-05 09:00:00,36.43
2022-01-05 10:00:00,35.73
2022-01-05 11:00:00,37.83
2022-01-05 12:00:00,43.78
2022-01-05 13:00:00,33.11
2022-01-05 14:00:00,13.39
2022-01-05 15:00:00,11.28
2022-01-05 16:00:00,11.28
2022-01-05 17:00:00,11.28
2022-01-05 18:00:00,11.28
2022-01-05 19:00:00,11.28
2022-01-05 20:00:00,11.28
2022-01-05 21:00:00,11.28
2022-01-05 22:00:00,11.28
2022-01-05 23:00:00,11.28
2022-01-06 00:00:00,11.28
2022-01-06 01:00:00,11.28
2022-01-06 02:00:00,11.28
2022-01-06 03:00:00,11.28
2022-01-06 04:00:00,11.28
2022-01-06 05:00:00,11.28
2022-01-06 06:00:00,11.28
2022-01-06 07:00:00,11.28
2022-01-06 08:00:00,11.28
2022-01-06 09:00:00,11.28
2022-01-06 10:00:00,11.28
2022-01-06 11:00:00,11.28
2022-01-06 12:00:00,11.28
2022-01-06 13:00:00,14.46
2022-01-06 14:00:00,35.08
2022-01-06 15:00:00,42.37
2022-01-06 16:00:00,37.46
2022-01-06 17:00:00,48.28
2022-01-06 18:00:00,42.31
2022-01-06 19:00:00,52.49
2022-01-06 20:00:00,49.99
2022-01-06 21:00:00,38.67
2022-01-06 22:00:00,11.28
2022-01-06 23:00:00,11.28
2022-01-07 00:00:00,11.28
2022-01-07 01:00:00,11.28
2022-01-07 02:00:00,11.28
2022-01-07 03:00:00,11.28
2022-01-07 04:00:00,11.28
2022-01-07 05:00:00,11.28
2022-01-07 06:00:00,11.28
2022-01-07 07:00:00,39.16
2022-01-07 08:00:00,35.45
2022-01-07 09:00:00,38
2022-01-07 10:00:00,43.71
2022-01-07 11:00:00,37.08
2022-01-07 12:00:00,35.13
2022-01-07 13:00:00,32.24
2022-01-07 14:00:00,39.72
2022-01-07 15:00:00,40.21
2022-01-07 16:00:00,12.77
2022-01-07 17:00:00,11.28
2022-01-07 18:00:00,11.28
2022-01-07 19:00:00,11.28
2022-01-07 20:00:00,11.28
2022-01-07 21:00:00,11.28
2022-01-07 22:00:00,11.28
2022-01-07 23:00:00,11.28
2022-01-08 00:00:00,11.28
2022-01-08 01:00:00,11.28
2022-01-08 02:00:00,11.28
2022-01-08 03:00:00,11.28
2022-01-08 04:00:00,11.28
2022-01-08 05:00:00,11.28
2022-01-08 06:00:00,11.28
2022-01-08 07:00:00,11.28
2022-01-08 08:00:00,11.28
2022-01-08 09:00:00,15.51
2022-01-08 10:00:00,39.79
2022-01-08 11:00:00,33.34
2022-01-08 12:00:00,31.13
2022-01-08 13:00:00,34.54
2022-01-08 14:00:00,38.38
2022-01-08 15:00:00,30.43
2022-01-08 16:00:00,28.06
2022-01-08 17:00:00,39.96
2022-01-08 18:00:00,11.28
2022-01-08 19:00:00,11.28
2022-01-08 20:00:00,11.28
2022-01-08 21:00:00,11.28
2022-01-08 22:00:00,11.28
2022-01-08 23:00:00,11.28
2022-01-09 00:00:00,11.28
2022-01-09 01:00:00,11.28
2022-01-09 02:00:00,11.28
2022-01-09 03:00:00,11.28
2022-01-09 04:00:00,11.28
2022-01-09 05:00:00,11.28
2022-01-09 06:00:00,11.28
2022-01-09 07:00:00,11.28
2022-01-09 08:00:00,16.67
2022-01-09 09:00:00,29.25
2022-01-09 10:00:00,26.33
2022-01-09 11:00:00,28.77
2022-01-09 12:00:00,24.46
2022-01-09 13:00:00,35.12
2022-01-09 14:00:00,43.3
2022-01-09 15:00:00,37.91
2022-01-09 16:00:00,33.03
2022-01-09 17:00:00,43.81
2022-01-09 18:00:00,16.75
2022-01-09 19:00:00,9.84
2022-01-09 20:00:00,9.84
2022-01-09 21:00:00,9.84
2022-01-09 22:00:00,9.84
2022-01-09 23:00:00,9.84
2022-01-10 00:00:00,9.84
2022-01-10 01:00:00,9.84
2022-01-10 02:00:00,9.84
2022-01-10 03:00:00,9.84
2022-01-10 04:00:00,9.84
2022-01-10 05:00:00,9.84
2022-01-10 06:00:00,9.84
2022-01-10 07:00:00,9.84
2022-01-10 08:00:00,9.84
2022-01-10 09:00:00,9.84
2022-01-10 10:00:00,9.84
2022-01-10 11:00:00,9.84
2022-01-10 12:00:00,9.84
2022-01-10 13:00:00,9.84
2022-01-10 14:00:00,12.11
2022-01-10 15:00:00,39.4
2022-01-10 16:00:00,36.74
2022-01-10 17:00:00,40.78
2022-01-10 18:00:00,37.68
2022-01-10 19:00:00,40.57
2022-01-10 20:00:00,39.88
2022-01-10 21:00:00,40.88
2022-01-10 22:00:00,38.68
2022-01-10 23:00:00,9.84
2022-01-11 00:00:00,9.84
2022-01-11 01:00:00,9.84
2022-01-11 02:00:00,9.84
2022-01-11 03:00:00,9.84
2022-01-11 04:00:00,9.84
2022-01-11 05:00:00,9.84
2022-01-11 06:00:00,9.84
2022-01-11 07:00:00,9.84
2022-01-11 08:00:00,9.84
2022-01-11 09:00:00,9.84
2022-01-11 10:00:00,9.84
2022-01-11 11:00:00,9.84
2022-01-11 12:00:00,9.84
2022-01-11 13:00:00,37.46
2022-01-11 14:00:00,36.59
2022-01-11 15:00:00,34.21
2022-01-11 16:00:00,35.44
2022-01-11 17:00:00,32.29
2022-01-11 18:00:00,32.42
2022-01-11 19:00:00,38.83
2022-01-11 20:00:00,40.75
2022-01-11 21:00:00,9.84
2022-01-11 22:00:00,9.84
2022-01-11 23:00:00,9.84
2022-01-12 00:00:00,9.84
2022-01-12 01:00:00,9.84
2022-01-12 02:00:00,9.84
2022-01-12 03:00:00,9.84
2022-01-12 04:00:00,9.84
2022-01-12 05:00:00,9.84
2022-01-12 06:00:00,9.84
2022-01-12 07:00:00,14.55
2022-01-12 08:00:00,28.63
2022-01-12 09:00:00,33.94
2022-01-12 10:00:00,35.69
2022-01-12 11:00:00,42.14
2022-01-12 12:00:00,46.3
2022-01-12 13:00:00,43.42
2022-01-12 14:00:00,43.84
2022-01-12 15:00:00,9.84
2022-01-12 16:00:00,9.84
2022-01-12 17:00:00,9.84
2022-01-12 18:00:00,9.84
2022-01-12 19:00:00,9.84
2022-01-12 20:00:00,9.84
2022-01-12 21:00:00,9.84
2022-01-12 22:00:00,9.84
2022-01-12 23:00:00,9.84
2022-01-13 00:00:00,9.84
2022-01-13 01:00:00,9.84
2022-01-13 02:00:00,9.84
2022-01-13 03:00:00,9.84
2022-01-13 04:00:00,9.84
2022-01-13 05:00:00,9.84
2022-01-13 06:00:00,9.84
2022-01-13 07:00:00,9.84
2022-01-13 08:00:00,26.74
2022-01-13 09:00:00,31.11
2022-01-13 10:00:00,26.7
2022-01-13 11:00:00,36.15
2022-01-13 12:00:00,37.59
2022-01-13 13:00:00,33.47
2022-01-13 14:00:00,39.84
2022-01-13 15:00:00,11.27
2022-01-13 16:00:00,9.84
2022-01-13 17:00:00,9.84
2022-01-13 18:00:00,9.84
2022-01-13 19:00:00,9.84
2022-01-13 20:00:00,9.84
2022-01-13 21:00:00,9.84
2022-01-13 22:00:00,9.84
2022-01-13 23:00:00,9.84
2022-01-14 00:00:00,9.84
2022-01-14 01:00:00,9.84
2022-01-14 02:00:00,9.84
2022-01-14 03:00:00,9.84
2022-01-14 04:00:00,9.84
2022-01-14 05:00:00,9.84
2022-01-14 06:00:00,9.84
2022-01-14 07:00:00,15.02
2022-01-14 08:00:00,29.84
2022-01-14 09:00:00,27.15
2022-01-14 10:00:00,23.41
2022-01-14 11:00:00,34.97
2022-01-14 12:00:00,33.41
2022-01-14 13:00:00,32.54
2022-01-14 14:00:00,30.92
2022-01-14 15:00:00,11.52
2022-01-14 16:00:00,9.84
2022-01-14 17:00:00,9.84
2022-01-14 18:00:00,9.84
2022-01-14 19:00:00,9.84
2022-01-14 20:00:00,9.84
2022-01-14 21:00:00,9.84
2022-01-14 22:00:00,9.84
2022-01-14 23:00:00,9.84
2022-01-15 00:00:00,9.84
2022-01-15 01:00:00,9.84
2022-01-15 02:00:00,9.84
2022-01-15 03:00:00,9.84
2022-01-15 04:00:00,9.84
2022-01-15 05:00:00,9.84
2022-01-15 06:00:00,9.84
2022-01-15 07:00:00,9.84
2022-01-15 08:00:00,33
2022-01-15 09:00:00,28.42
2022-01-15 10:00:00,34.89
2022-01-15 11:00:00,43.59
2022-01-15 12:00:00,27.95
2022-01-15 13:00:00,24.38
2022-01-15 14:00:00,32.78
2022-01-15 15:00:00,12.49
2022-01-15 16:00:00,9.84
2022-01-15 17:00:00,9.84
2022-01-15 18:00:00,9.84
2022-01-15 19:00:00,9.84
2022-01-15 20:00:00,9.84
2022-01-15 21:00:00,9.84
2022-01-15 22:00:00,9.84
2022-01-15 23:00:00,9.84
2022-01-16 00:00:00,9.84
2022-01-16 01:00:00,9.84
2022-01-16 02:00:00,9.84
2022-01-16 03:00:00,9.84
2022-01-16 04:00:00,9.84
2022-01-16 05:00:00,9.84
2022-01-16 06:00:00,9.84
2022-01-16 07:00:00,9.84
2022-01-16 08:00:00,9.84
2022-01-16 09:00:00,18.8
2022-01-16 10:00:00,27.7
2022-01-16 11:00:00,23.01
2022-01-16 12:00:00,32.22
2022-01-16 13:00:00,28.22
2022-01-16 14:00:00,35.92
2022-01-16 15:00:00,42.8
2022-01-16 16:00:00,46.87
2022-01-16 17:00:00,40.52
2022-01-16 18:00:00,39.54
2022-01-16 19:00:00,42.66
2022-01-16 20:00:00,37.51
2022-01-16 21:00:00,11.49
2022-01-16 22:00:00,9.84
2022-01-16 23:00:00,9.84
2022-01-17 00:00:00,12.48
2022-01-17 01:00:00,29.81
2022-01-17 02:00:00,32.21
2022-01-17 03:00:00,34.7
2022-01-17 04:00:00,33.72
2022-01-17 05:00:00,32.89
2022-01-17 06:00:00,34.62
2022-01-17 07:00:00,38.86
2022-01-17 08:00:00,36.28
2022-01-17 09:00:00,9.84
2022-01-17 10:00:00,9.84
2022-01-17 11:00:00,9.84
2022-01-17 12:00:00,9.84
2022-01-17 13:00:00,9.84
2022-01-17 14:00:00,9.84
2022-01-17 15:00:00,9.84
2022-01-17 16:00:00,9.84
2022-01-17 17:00:00,9.84
2022-01-17 18:00:00,9.84
2022-01-17 19:00:00,9.84
2022-01-17 20:00:00,9.84
2022-01-17 21:00:00,9.84
2022-01-17 22:00:00,9.84
2022-01-17 23:00:00,9.84
2022-01-18 00:00:00,9.84
2022-01-18 01:00:00,9.84
2022-01-18 02:00:00,9.84
2022-01-18 03:00:00,9.84
2022-01-18 04:00:00,9.84
2022-01-18 05:00:00,9.84
2022-01-18 06:00:00,9.84
2022-01-18 07:00:00,12.27
2022-01-18 08:00:00,23.84
2022-01-18 09:00:00,25.68
2022-01-18 10:00:00,27.17
2022-01-18 11:00:00,26.03
2022-01-18 12:00:00,24.47
2022-01-18 13:00:00,31.73
2022-01-18 14:00:00,31.7
2022-01-18 15:00:00,36.8
2022-01-18 16:00:00,14.15
2022-01-18 17:00:00,9.84
2022-01-18 18:00:00,9.84
2022-01-18 19:00:00,9.84
2022-01-18 20:00:00,9.84
2022-01-18 21:00:00,9.84
2022-01-18 22:00:00,9.84
2022-01-18 23:00:00,9.84
2022-01-19 00:00:00,9.84
2022-01-19 01:00:00,9.84
2022-01-19 02:00:00,9.84
2022-01-19 03:00:00,9.84
2022-01-19 04:00:00,9.84
2022-01-19 05:00:00,9.84
2022-01-19 06:00:00,9.84
2022-01-19 07:00:00,9.84
2022-01-19 08:00:00,9.84
2022-01-19 09:00:00,26.84
2022-01-19 10:00:00,34.84
2022-01-19 11:00:00,38.93
2022-01-19 12:00:00,30.58
2022-01-19 13:00:00,28.89
2022-01-19 14:00:00,36.68
2022-01-19 15:00:00,42.23
2022-01-19 16:00:00,43.21
2022-01-19 17:00:00,42.43
2022-01-19 18:00:00,9.84
2022-01-19 19:00:00,9.84
2022-01-19 20:00:00,9.84
2022-01-19 21:00:00,9.84
2022-01-19 22:00:00,9.84
2022-01-19 23:00:00,9.84
2022-01-20 00:00:00,13.04
2022-01-20 01:00:00,42.18
2022-01-20 02:00:00,36.05
2022-01-20 03:00:00,41.19
2022-01-20 04:00:00,40.93
2022-01-20 05:00:00,36.15
2022-01-20 06:00:00,36.34
2022-01-20 07:00:00,40.97
2022-01-20 08:00:00,29.87
2022-01-20 09:00:00,9.84
2022-01-20 10:00:00,9.84
2022-01-20 11:00:00,9.84
2022-01-20 12:00:00,9.84
2022-01-20 13:00:00,9.84
2022-01-20 14:00:00,9.84
2022-01-20 15:00:00,9.84
2022-01-20 16:00:00,14.66
2022-01-20 17:00:00,9.84
2022-01-20 18:00:00,9.84
2022-01-20 19:00:00,9.84
2022-01-20 20:00:00,9.84
2022-01-20 21:00:00,9.84
2022-01-20 22:00:00,9.84
2022-01-20 23:00:00,9.84
2022-01-21 00:00:00,9.84
2022-01-21 01:00:00,9.84
2022-01-21 02:00:00,9.84
2022-01-21 03:00:00,9.84
2022-01-21 04:00:00,12.63
2022-01-21 05:00:00,40.67
2022-01-21 06:00:00,40.44
2022-01-21 07:00:00,49.37
2022-01-21 08:00:00,34.4
2022-01-21 09:00:00,37.42
2022-01-21 10:00:00,29.98
2022-01-21 11:00:00,31.91
2022-01-21 12:00:00,33.95
2022-01-21 13:00:00,9.84
2022-01-21 14:00:00,9.84
2022-01-21 15:00:00,9.84
2022-01-21 16:00:00,9.84
2022-01-21 17:00:00,9.84
2022-01-21 18:00:00,9.84
2022-01-21 19:00:00,9.84
2022-01-21 20:00:00,9.84
2022-01-21 21:00:00,9.84
2022-01-21 22:00:00,9.84
2022-01-21 23:00:00,9.84
2022-01-22 00:00:00,9.84
2022-01-22 01:00:00,9.84
2022-01-22 02:00:00,9.84
2022-01-22 03:00:00,9.84
2022-01-22 04:00:00,9.84
2022-01-22 05:00:00,9.84
2022-01-22 06:00:00,9.84
2022-01-22 07:00:00,9.84
2022-01-22 08:00:00,9.84
2022-01-22 09:00:00,9.84
2022-01-22 10:00:00,9.84
2022-01-22 11:00:00,9.84
2022-01-22 12:00:00,9.84
2022-01-22 13:00:00,9.84
2022-01-22 14:00:00,9.84
2022-01-22 15:00:00,9.84
2022-01-22 16:00:00,9.84
2022-01-22 17:00:00,38.3
2022-01-22 18:00:00,37.59
2022-01-22 19:00:00,42.92
2022-01-22 20:00:00,36.24
2022-01-22 21:00:00,30.99
2022-01-22 22:00:00,37.39
2022-01-22 23:00:00,29.87
2022-01-23 00:00:00,31.6
2022-01-23 01:00:00,37.15
2022-01-23 02:00:00,33.33
2022-01-23 03:00:00,29.72
2022-01-23 04:00:00,35.01
2022-01-23 05:00:00,26.77
2022-01-23 06:00:00,40.43
2022-01-23 07:00:00,34.28
2022-01-23 08:00:00,16.48
2022-01-23 09:00:00,9.84
2022-01-23 10:00:00,9.84
2022-01-23 11:00:00,9.84
2022-01-23 12:00:00,9.84
2022-01-23 13:00:00,30.64
2022-01-23 14:00:00,30.21
2022-01-23 15:00:00,28.55
2022-01-23 16:00:00,9.84
2022-01-23 17:00:00,9.84
2022-01-23 18:00:00,9.84
2022-01-23 19:00:00,9.84
2022-01-23 20:00:00,9.84
2022-01-23 21:00:00,9.84
2022-01-23 22:00:00,9.84
2022-01-23 23:00:00,9.84
